Message ID, CreationTime [μs]  , ReceiveTime [μs] , TimeDifference [μs]
0, 6000000, 6004012, 4012
1, 6000010, 6004072, 4062
2, 6000020, 6004085, 4065
3, 6000030, 6004098, 4068
4, 6000040, 6004112, 4072
5, 6000050, 6004125, 4075
6, 6000060, 6004138, 4078
7, 6000070, 6004151, 4081
8, 6000080, 6004164, 4084
9, 6000090, 6004177, 4087
10, 6000100, 6004190, 4090
11, 6000110, 6004203, 4093
12, 6000120, 6004216, 4096
13, 6000130, 6004229, 4099
14, 6000140, 6004242, 4102
15, 6000150, 6004255, 4105
16, 6000160, 6004269, 4109
17, 6000170, 6004282, 4112
18, 6000180, 6004295, 4115
19, 6000190, 6004308, 4118
20, 6000200, 6004321, 4121
21, 6000210, 6004334, 4124
22, 6000220, 6004347, 4127
23, 6000230, 6004360, 4130
24, 6000240, 6004374, 4134
25, 6000250, 6004387, 4137
26, 6000260, 6004400, 4140
27, 6000270, 6004413, 4143
28, 6000280, 6004426, 4146
29, 6000290, 6004439, 4149
30, 6000300, 6004452, 4152
31, 6000310, 6004465, 4155
32, 6000320, 6004478, 4158
33, 6000330, 6004492, 4162
34, 6000340, 6004505, 4165
35, 6000350, 6004518, 4168
36, 6000360, 6004531, 4171
37, 6000370, 6004544, 4174
38, 6000380, 6004557, 4177
39, 6000390, 6004570, 4180
40, 6000400, 6004583, 4183
41, 6000410, 6004597, 4187
42, 6000420, 6004610, 4190
43, 6000430, 6004623, 4193
44, 6000440, 6004636, 4196
45, 6000450, 6004649, 4199
46, 6000460, 6004662, 4202
47, 6000470, 6004675, 4205
48, 6000480, 6004688, 4208
49, 6000490, 6004702, 4212
50, 6000500, 6004728, 4228
51, 6000510, 6004741, 4231
52, 6000520, 6004754, 4234
53, 6000530, 6004767, 4237
54, 6000540, 6004781, 4241
55, 6000550, 6004794, 4244
56, 6000560, 6004807, 4247
57, 6000570, 6004820, 4250
58, 6000580, 6004833, 4253
59, 6000590, 6004846, 4256
60, 6000600, 6004859, 4259
61, 6000610, 6004872, 4262
62, 6000620, 6004886, 4266
63, 6000630, 6004899, 4269
64, 6000640, 6004912, 4272
65, 6000650, 6004925, 4275
66, 6000660, 6004938, 4278
67, 6000670, 6004951, 4281
68, 6000680, 6004964, 4284
69, 6000690, 6004977, 4287
70, 6000700, 6004990, 4290
71, 6000710, 6005004, 4294
72, 6000720, 6005017, 4297
73, 6000730, 6005030, 4300
74, 6000740, 6005043, 4303
75, 6000750, 6005056, 4306
76, 6000760, 6005069, 4309
77, 6000770, 6005082, 4312
78, 6000780, 6005095, 4315
79, 6000790, 6005109, 4319
80, 6000800, 6005122, 4322
81, 6000810, 6005135, 4325
82, 6000820, 6005148, 4328
83, 6000830, 6005161, 4331
84, 6000840, 6005174, 4334
85, 6000850, 6005187, 4337
86, 6000860, 6005200, 4340
87, 6000870, 6005214, 4344
88, 6000880, 6005227, 4347
89, 6000890, 6005240, 4350
90, 6000900, 6005253, 4353
91, 6000910, 6005266, 4356
92, 6000920, 6005279, 4359
93, 6000930, 6005292, 4362
94, 6000940, 6005305, 4365
95, 6000950, 6005318, 4368
96, 6000960, 6005332, 4372
97, 6000970, 6005345, 4375
98, 6000980, 6005358, 4378
99, 6000990, 6005371, 4381
100, 6001000, 6005398, 4398
101, 6001010, 6005411, 4401
102, 6001020, 6005424, 4404
103, 6001030, 6005437, 4407
104, 6001040, 6005450, 4410
105, 6001050, 6005464, 4414
106, 6001060, 6005477, 4417
107, 6001070, 6005490, 4420
108, 6001080, 6005503, 4423
109, 6001090, 6005516, 4426
110, 6001100, 6005530, 4430
111, 6001110, 6005543, 4433
112, 6001120, 6005556, 4436
113, 6001130, 6005569, 4439
114, 6001140, 6005582, 4442
115, 6001150, 6005596, 4446
116, 6001160, 6005609, 4449
117, 6001170, 6005622, 4452
118, 6001180, 6005635, 4455
119, 6001190, 6005648, 4458
120, 6001200, 6005662, 4462
121, 6001210, 6005675, 4465
122, 6001220, 6005688, 4468
123, 6001230, 6005701, 4471
124, 6001240, 6005714, 4474
125, 6001250, 6005728, 4478
126, 6001260, 6005741, 4481
127, 6001270, 6005754, 4484
128, 6001280, 6005767, 4487
129, 6001290, 6005780, 4490
130, 6001300, 6005794, 4494
131, 6001310, 6005807, 4497
132, 6001320, 6005820, 4500
133, 6001330, 6005833, 4503
134, 6001340, 6005846, 4506
135, 6001350, 6005860, 4510
136, 6001360, 6005873, 4513
137, 6001370, 6005886, 4516
138, 6001380, 6005899, 4519
139, 6001390, 6005912, 4522
140, 6001400, 6005926, 4526
141, 6001410, 6005939, 4529
142, 6001420, 6005952, 4532
143, 6001430, 6005965, 4535
144, 6001440, 6005978, 4538
145, 6001450, 6005992, 4542
146, 6001460, 6006005, 4545
147, 6001470, 6006018, 4548
148, 6001480, 6006031, 4551
149, 6001490, 6006044, 4554
150, 6001500, 6006071, 4571
151, 6001510, 6006084, 4574
152, 6001520, 6006097, 4577
153, 6001530, 6006111, 4581
154, 6001540, 6006124, 4584
155, 6001550, 6006137, 4587
156, 6001560, 6006150, 4590
157, 6001570, 6006163, 4593
158, 6001580, 6006177, 4597
159, 6001590, 6006190, 4600
160, 6001600, 6006203, 4603
161, 6001610, 6006216, 4606
162, 6001620, 6006229, 4609
163, 6001630, 6006243, 4613
164, 6001640, 6006256, 4616
165, 6001650, 6006269, 4619
166, 6001660, 6006282, 4622
167, 6001670, 6006295, 4625
168, 6001680, 6006309, 4629
169, 6001690, 6006322, 4632
170, 6001700, 6006335, 4635
171, 6001710, 6006348, 4638
172, 6001720, 6006361, 4641
173, 6001730, 6006375, 4645
174, 6001740, 6006388, 4648
175, 6001750, 6006401, 4651
176, 6001760, 6006414, 4654
177, 6001770, 6006427, 4657
178, 6001780, 6006441, 4661
179, 6001790, 6010012, 8222
180, 6001800, 6010025, 8225
181, 6001810, 6010038, 8228
182, 6001820, 6010051, 8231
183, 6001830, 6010065, 8235
184, 6001840, 6010078, 8238
185, 6001850, 6010091, 8241
186, 6001860, 6010104, 8244
187, 6001870, 6010117, 8247
188, 6001880, 6010131, 8251
189, 6001890, 6010144, 8254
190, 6001900, 6010157, 8257
191, 6001910, 6010170, 8260
192, 6001920, 6010183, 8263
193, 6001930, 6010197, 8267
194, 6001940, 6010210, 8270
195, 6001950, 6010223, 8273
196, 6001960, 6010236, 8276
197, 6001970, 6010249, 8279
198, 6001980, 6010263, 8283
199, 6001990, 6010276, 8286
200, 6002000, 6010302, 8302
201, 6002010, 6010316, 8306
202, 6002020, 6010329, 8309
203, 6002030, 6010342, 8312
204, 6002040, 6010355, 8315
205, 6002050, 6010368, 8318
206, 6002060, 6010382, 8322
207, 6002070, 6010395, 8325
208, 6002080, 6010408, 8328
209, 6002090, 6010421, 8331
210, 6002100, 6010434, 8334
211, 6002110, 6010448, 8338
212, 6002120, 6010461, 8341
213, 6002130, 6010474, 8344
214, 6002140, 6010487, 8347
215, 6002150, 6010500, 8350
216, 6002160, 6010514, 8354
217, 6002170, 6010527, 8357
218, 6002180, 6010540, 8360
219, 6002190, 6010553, 8363
220, 6002200, 6010566, 8366
221, 6002210, 6010580, 8370
222, 6002220, 6010593, 8373
223, 6002230, 6010606, 8376
224, 6002240, 6010619, 8379
225, 6002250, 6010632, 8382
226, 6002260, 6010646, 8386
227, 6002270, 6010659, 8389
228, 6002280, 6010672, 8392
229, 6002290, 6010685, 8395
230, 6002300, 6010698, 8398
231, 6002310, 6010712, 8402
232, 6002320, 6010725, 8405
233, 6002330, 6010738, 8408
234, 6002340, 6010751, 8411
235, 6002350, 6010764, 8414
236, 6002360, 6010778, 8418
237, 6002370, 6010791, 8421
238, 6002380, 6010804, 8424
239, 6002390, 6010817, 8427
240, 6002400, 6010830, 8430
241, 6002410, 6010844, 8434
242, 6002420, 6010857, 8437
243, 6002430, 6010870, 8440
244, 6002440, 6010883, 8443
245, 6002450, 6010896, 8446
246, 6002460, 6010910, 8450
247, 6002470, 6010923, 8453
248, 6002480, 6010936, 8456
249, 6002490, 6010949, 8459
250, 6002500, 6010976, 8476
251, 6002510, 6010989, 8479
252, 6002520, 6011002, 8482
253, 6002530, 6011016, 8486
254, 6002540, 6011029, 8489
255, 6002550, 6011042, 8492
256, 6002560, 6011055, 8495
257, 6002570, 6011068, 8498
258, 6002580, 6011082, 8502
259, 6002590, 6011095, 8505
260, 6002600, 6011108, 8508
261, 6002610, 6011121, 8511
262, 6002620, 6011134, 8514
263, 6002630, 6011148, 8518
264, 6002640, 6011161, 8521
265, 6002650, 6011174, 8524
266, 6002660, 6011187, 8527
267, 6002670, 6011200, 8530
268, 6002680, 6011214, 8534
269, 6002690, 6011227, 8537
270, 6002700, 6011240, 8540
271, 6002710, 6011253, 8543
272, 6002720, 6011266, 8546
273, 6002730, 6011280, 8550
274, 6002740, 6011293, 8553
275, 6002750, 6011306, 8556
276, 6002760, 6011319, 8559
277, 6002770, 6011332, 8562
278, 6002780, 6011346, 8566
279, 6002790, 6011359, 8569
280, 6002800, 6011372, 8572
281, 6002810, 6011385, 8575
282, 6002820, 6011398, 8578
283, 6002830, 6011412, 8582
284, 6002840, 6011425, 8585
285, 6002850, 6011438, 8588
286, 6002860, 6011451, 8591
287, 6002870, 6011464, 8594
288, 6002880, 6011478, 8598
289, 6002890, 6011491, 8601
290, 6002900, 6011504, 8604
291, 6002910, 6011517, 8607
292, 6002920, 6011530, 8610
293, 6002930, 6011544, 8614
294, 6002940, 6011557, 8617
295, 6002950, 6011570, 8620
296, 6002960, 6011583, 8623
297, 6002970, 6011596, 8626
298, 6002980, 6011610, 8630
299, 6002990, 6011623, 8633
300, 6003000, 6011649, 8649
301, 6003010, 6011663, 8653
302, 6003020, 6011676, 8656
303, 6003030, 6011689, 8659
304, 6003040, 6011702, 8662
305, 6003050, 6011715, 8665
306, 6003060, 6011729, 8669
307, 6003070, 6011742, 8672
308, 6003080, 6011755, 8675
309, 6003090, 6011768, 8678
310, 6003100, 6011781, 8681
311, 6003110, 6011795, 8685
312, 6003120, 6011808, 8688
313, 6003130, 6011821, 8691
314, 6003140, 6011834, 8694
315, 6003150, 6011847, 8697
316, 6003160, 6011861, 8701
317, 6003170, 6011874, 8704
318, 6003180, 6011887, 8707
319, 6003190, 6011900, 8710
320, 6003200, 6011913, 8713
321, 6003210, 6011927, 8717
322, 6003220, 6011940, 8720
323, 6003230, 6011953, 8723
324, 6003240, 6011966, 8726
325, 6003250, 6011979, 8729
326, 6003260, 6011993, 8733
327, 6003270, 6012006, 8736
328, 6003280, 6012019, 8739
329, 6003290, 6012032, 8742
330, 6003300, 6012045, 8745
331, 6003310, 6012059, 8749
332, 6003320, 6012072, 8752
333, 6003330, 6012085, 8755
334, 6003340, 6012098, 8758
335, 6003350, 6012111, 8761
336, 6003360, 6012125, 8765
337, 6003370, 6012138, 8768
338, 6003380, 6012151, 8771
339, 6003390, 6012164, 8774
340, 6003400, 6012177, 8777
341, 6003410, 6012191, 8781
342, 6003420, 6012204, 8784
343, 6003430, 6012217, 8787
344, 6003440, 6012230, 8790
345, 6003450, 6012243, 8793
346, 6003460, 6012257, 8797
347, 6003470, 6012270, 8800
348, 6003480, 6012283, 8803
349, 6003490, 6012296, 8806
350, 6003500, 6012323, 8823
351, 6003510, 6012336, 8826
352, 6003520, 6012349, 8829
353, 6003530, 6012362, 8832
354, 6003540, 6012376, 8836
355, 6003550, 6012389, 8839
356, 6003560, 6012402, 8842
357, 6003570, 6012415, 8845
358, 6003580, 6012428, 8848
359, 6003590, 6012442, 8852
360, 6003600, 6016012, 12412
361, 6003610, 6016025, 12415
362, 6003620, 6016038, 12418
363, 6003630, 6016051, 12421
364, 6003640, 6016065, 12425
365, 6003650, 6016078, 12428
366, 6003660, 6016091, 12431
367, 6003670, 6016104, 12434
368, 6003680, 6016117, 12437
369, 6003690, 6016131, 12441
370, 6003700, 6016144, 12444
371, 6003710, 6016157, 12447
372, 6003720, 6016170, 12450
373, 6003730, 6016183, 12453
374, 6003740, 6016197, 12457
375, 6003750, 6016210, 12460
376, 6003760, 6016223, 12463
377, 6003770, 6016236, 12466
378, 6003780, 6016249, 12469
379, 6003790, 6016263, 12473
380, 6003800, 6016276, 12476
381, 6003810, 6016289, 12479
382, 6003820, 6016302, 12482
383, 6003830, 6016315, 12485
384, 6003840, 6016329, 12489
385, 6003850, 6016342, 12492
386, 6003860, 6016355, 12495
387, 6003870, 6016368, 12498
388, 6003880, 6016381, 12501
389, 6003890, 6016395, 12505
390, 6003900, 6016408, 12508
391, 6003910, 6016421, 12511
392, 6003920, 6016434, 12514
393, 6003930, 6016447, 12517
394, 6003940, 6016461, 12521
395, 6003950, 6016474, 12524
396, 6003960, 6016487, 12527
397, 6003970, 6016500, 12530
398, 6003980, 6016513, 12533
399, 6003990, 6016527, 12537
400, 6004000, 6016553, 12553
401, 6004010, 6016566, 12556
402, 6004020, 6016580, 12560
403, 6004030, 6016593, 12563
404, 6004040, 6016606, 12566
405, 6004050, 6016619, 12569
406, 6004060, 6016632, 12572
407, 6004070, 6016646, 12576
408, 6004080, 6016659, 12579
409, 6004090, 6016672, 12582
410, 6004100, 6016685, 12585
411, 6004110, 6016698, 12588
412, 6004120, 6016712, 12592
413, 6004130, 6016725, 12595
414, 6004140, 6016738, 12598
415, 6004150, 6016751, 12601
416, 6004160, 6016764, 12604
417, 6004170, 6016778, 12608
418, 6004180, 6016791, 12611
419, 6004190, 6016804, 12614
420, 6004200, 6016817, 12617
421, 6004210, 6016830, 12620
422, 6004220, 6016844, 12624
423, 6004230, 6016857, 12627
424, 6004240, 6016870, 12630
425, 6004250, 6016883, 12633
426, 6004260, 6016896, 12636
427, 6004270, 6016910, 12640
428, 6004280, 6016923, 12643
429, 6004290, 6016936, 12646
430, 6004300, 6016949, 12649
431, 6004310, 6016962, 12652
432, 6004320, 6016976, 12656
433, 6004330, 6016989, 12659
434, 6004340, 6017002, 12662
435, 6004350, 6017015, 12665
436, 6004360, 6017028, 12668
437, 6004370, 6017042, 12672
438, 6004380, 6017055, 12675
439, 6004390, 6017068, 12678
440, 6004400, 6017081, 12681
441, 6004410, 6017094, 12684
442, 6004420, 6017108, 12688
443, 6004430, 6017121, 12691
444, 6004440, 6017134, 12694
445, 6004450, 6017147, 12697
446, 6004460, 6017160, 12700
447, 6004470, 6017174, 12704
448, 6004480, 6017187, 12707
449, 6004490, 6017200, 12710
450, 6004500, 6017227, 12727
451, 6004510, 6017240, 12730
452, 6004520, 6017253, 12733
453, 6004530, 6017266, 12736
454, 6004540, 6017280, 12740
455, 6004550, 6017293, 12743
456, 6004560, 6017306, 12746
457, 6004570, 6017319, 12749
458, 6004580, 6017332, 12752
459, 6004590, 6017346, 12756
460, 6004600, 6017359, 12759
461, 6004610, 6017372, 12762
462, 6004620, 6017385, 12765
463, 6004630, 6017398, 12768
464, 6004640, 6017412, 12772
465, 6004650, 6017425, 12775
466, 6004660, 6017438, 12778
467, 6004670, 6017451, 12781
468, 6004680, 6017464, 12784
469, 6004690, 6017478, 12788
470, 6004700, 6017491, 12791
471, 6004710, 6017504, 12794
472, 6004720, 6017517, 12797
473, 6004730, 6017530, 12800
474, 6004740, 6017544, 12804
475, 6004750, 6017557, 12807
476, 6004760, 6017570, 12810
477, 6004770, 6017583, 12813
478, 6004780, 6017596, 12816
479, 6004790, 6017610, 12820
480, 6004800, 6017623, 12823
481, 6004810, 6017636, 12826
482, 6004820, 6017649, 12829
483, 6004830, 6017662, 12832
484, 6004840, 6017676, 12836
485, 6004850, 6017689, 12839
486, 6004860, 6017702, 12842
487, 6004870, 6017715, 12845
488, 6004880, 6017728, 12848
489, 6004890, 6017742, 12852
490, 6004900, 6017755, 12855
491, 6004910, 6017768, 12858
492, 6004920, 6017781, 12861
493, 6004930, 6017794, 12864
494, 6004940, 6017808, 12868
495, 6004950, 6017821, 12871
496, 6004960, 6017834, 12874
497, 6004970, 6017847, 12877
498, 6004980, 6017860, 12880
499, 6004990, 6017874, 12884
500, 6005000, 6017900, 12900
501, 6005010, 6017913, 12903
502, 6005020, 6017927, 12907
503, 6005030, 6017940, 12910
504, 6005040, 6017953, 12913
505, 6005050, 6017966, 12916
506, 6005060, 6017979, 12919
507, 6005070, 6017993, 12923
508, 6005080, 6018006, 12926
509, 6005090, 6018019, 12929
510, 6005100, 6018032, 12932
511, 6005110, 6018045, 12935
512, 6005120, 6018059, 12939
513, 6005130, 6018072, 12942
514, 6005140, 6018085, 12945
515, 6005150, 6018098, 12948
516, 6005160, 6018111, 12951
517, 6005170, 6018125, 12955
518, 6005180, 6018138, 12958
519, 6005190, 6018151, 12961
520, 6005200, 6018164, 12964
521, 6005210, 6018177, 12967
522, 6005220, 6018191, 12971
523, 6005230, 6018204, 12974
524, 6005240, 6018217, 12977
525, 6005250, 6018230, 12980
526, 6005260, 6018243, 12983
527, 6005270, 6018257, 12987
528, 6005280, 6018270, 12990
529, 6005290, 6018283, 12993
530, 6005300, 6018296, 12996
531, 6005310, 6018309, 12999
532, 6005320, 6018323, 13003
533, 6005330, 6018336, 13006
534, 6005340, 6018349, 13009
535, 6005350, 6018362, 13012
536, 6005360, 6018375, 13015
537, 6005370, 6018389, 13019
538, 6005380, 6018402, 13022
539, 6005390, 6018415, 13025
540, 6005400, 6018428, 13028
541, 6005410, 6018441, 13031
542, 6005420, 6022012, 16592
543, 6005430, 6022025, 16595
544, 6005440, 6022038, 16598
545, 6005450, 6022051, 16601
546, 6005460, 6022065, 16605
547, 6005470, 6022078, 16608
548, 6005480, 6022091, 16611
549, 6005490, 6022104, 16614
550, 6005500, 6022131, 16631
551, 6005510, 6022144, 16634
552, 6005520, 6022157, 16637
553, 6005530, 6022170, 16640
554, 6005540, 6022184, 16644
555, 6005550, 6022197, 16647
556, 6005560, 6022210, 16650
557, 6005570, 6022223, 16653
558, 6005580, 6022236, 16656
559, 6005590, 6022250, 16660
560, 6005600, 6022263, 16663
561, 6005610, 6022276, 16666
562, 6005620, 6022289, 16669
563, 6005630, 6022302, 16672
564, 6005640, 6022316, 16676
565, 6005650, 6022329, 16679
566, 6005660, 6022342, 16682
567, 6005670, 6022355, 16685
568, 6005680, 6022368, 16688
569, 6005690, 6022382, 16692
570, 6005700, 6022395, 16695
571, 6005710, 6022408, 16698
572, 6005720, 6022421, 16701
573, 6005730, 6022434, 16704
574, 6005740, 6022448, 16708
575, 6005750, 6022461, 16711
576, 6005760, 6022474, 16714
577, 6005770, 6022487, 16717
578, 6005780, 6022500, 16720
579, 6005790, 6022514, 16724
580, 6005800, 6022527, 16727
581, 6005810, 6022540, 16730
582, 6005820, 6022553, 16733
583, 6005830, 6022566, 16736
584, 6005840, 6022580, 16740
585, 6005850, 6022593, 16743
586, 6005860, 6022606, 16746
587, 6005870, 6022619, 16749
588, 6005880, 6022632, 16752
589, 6005890, 6022646, 16756
590, 6005900, 6022659, 16759
591, 6005910, 6022672, 16762
592, 6005920, 6022685, 16765
593, 6005930, 6022698, 16768
594, 6005940, 6022712, 16772
595, 6005950, 6022725, 16775
596, 6005960, 6022738, 16778
597, 6005970, 6022751, 16781
598, 6005980, 6022764, 16784
599, 6005990, 6022778, 16788
600, 6006000, 6022804, 16804
601, 6006010, 6022818, 16808
602, 6006020, 6022831, 16811
603, 6006030, 6022844, 16814
604, 6006040, 6022857, 16817
605, 6006050, 6022870, 16820
606, 6006060, 6022884, 16824
607, 6006070, 6022897, 16827
608, 6006080, 6022910, 16830
609, 6006090, 6022923, 16833
610, 6006100, 6022936, 16836
611, 6006110, 6022950, 16840
612, 6006120, 6022963, 16843
613, 6006130, 6022976, 16846
614, 6006140, 6022989, 16849
615, 6006150, 6023002, 16852
616, 6006160, 6023016, 16856
617, 6006170, 6023029, 16859
618, 6006180, 6023042, 16862
619, 6006190, 6023055, 16865
620, 6006200, 6023068, 16868
621, 6006210, 6023082, 16872
622, 6006220, 6023095, 16875
623, 6006230, 6023108, 16878
624, 6006240, 6023121, 16881
625, 6006250, 6023134, 16884
626, 6006260, 6023148, 16888
627, 6006270, 6023161, 16891
628, 6006280, 6023174, 16894
629, 6006290, 6023187, 16897
630, 6006300, 6023200, 16900
631, 6006310, 6023214, 16904
632, 6006320, 6023227, 16907
633, 6006330, 6023240, 16910
634, 6006340, 6023253, 16913
635, 6006350, 6023266, 16916
636, 6006360, 6023280, 16920
637, 6006370, 6023293, 16923
638, 6006380, 6023306, 16926
639, 6006390, 6023319, 16929
640, 6006400, 6023332, 16932
641, 6006410, 6023346, 16936
642, 6006420, 6023359, 16939
643, 6006430, 6023372, 16942
644, 6006440, 6023385, 16945
645, 6006450, 6023398, 16948
646, 6006460, 6023412, 16952
647, 6006470, 6023425, 16955
648, 6006480, 6023438, 16958
649, 6006490, 6023451, 16961
650, 6006500, 6023478, 16978
651, 6006510, 6023491, 16981
652, 6006520, 6023504, 16984
653, 6006530, 6023517, 16987
654, 6006540, 6023531, 16991
655, 6006550, 6023544, 16994
656, 6006560, 6023557, 16997
657, 6006570, 6023570, 17000
658, 6006580, 6023583, 17003
659, 6006590, 6023597, 17007
660, 6006600, 6023610, 17010
661, 6006610, 6023623, 17013
662, 6006620, 6023636, 17016
663, 6006630, 6023649, 17019
664, 6006640, 6023663, 17023
665, 6006650, 6023676, 17026
666, 6006660, 6023689, 17029
667, 6006670, 6023702, 17032
668, 6006680, 6023715, 17035
669, 6006690, 6023729, 17039
670, 6006700, 6023742, 17042
671, 6006710, 6023755, 17045
672, 6006720, 6023768, 17048
673, 6006730, 6023781, 17051
674, 6006740, 6023795, 17055
675, 6006750, 6023808, 17058
676, 6006760, 6023821, 17061
677, 6006770, 6023834, 17064
678, 6006780, 6023847, 17067
679, 6006790, 6023861, 17071
680, 6006800, 6023874, 17074
681, 6006810, 6023887, 17077
682, 6006820, 6023900, 17080
683, 6006830, 6023913, 17083
684, 6006840, 6023927, 17087
685, 6006850, 6023940, 17090
686, 6006860, 6023953, 17093
687, 6006870, 6023966, 17096
688, 6006880, 6023979, 17099
689, 6006890, 6023993, 17103
690, 6006900, 6024006, 17106
691, 6006910, 6024019, 17109
692, 6006920, 6024032, 17112
693, 6006930, 6024045, 17115
694, 6006940, 6024059, 17119
695, 6006950, 6024072, 17122
696, 6006960, 6024085, 17125
697, 6006970, 6024098, 17128
698, 6006980, 6024111, 17131
699, 6006990, 6024125, 17135
700, 6007000, 6024151, 17151
701, 6007010, 6024164, 17154
702, 6007020, 6024178, 17158
703, 6007030, 6024191, 17161
704, 6007040, 6024204, 17164
705, 6007050, 6024217, 17167
706, 6007060, 6024230, 17170
707, 6007070, 6024244, 17174
708, 6007080, 6024257, 17177
709, 6007090, 6024270, 17180
710, 6007100, 6024283, 17183
711, 6007110, 6024296, 17186
712, 6007120, 6024310, 17190
713, 6007130, 6024323, 17193
714, 6007140, 6024336, 17196
715, 6007150, 6024349, 17199
716, 6007160, 6024362, 17202
717, 6007170, 6024376, 17206
718, 6007180, 6024389, 17209
719, 6007190, 6024402, 17212
720, 6007200, 6024415, 17215
721, 6007210, 6024428, 17218
722, 6007220, 6024442, 17222
723, 6007230, 6028012, 20782
724, 6007240, 6028025, 20785
725, 6007250, 6028038, 20788
726, 6007260, 6028051, 20791
727, 6007270, 6028065, 20795
728, 6007280, 6028078, 20798
729, 6007290, 6028091, 20801
730, 6007300, 6028104, 20804
731, 6007310, 6028117, 20807
732, 6007320, 6028131, 20811
733, 6007330, 6028144, 20814
734, 6007340, 6028157, 20817
735, 6007350, 6028170, 20820
736, 6007360, 6028183, 20823
737, 6007370, 6028197, 20827
738, 6007380, 6028210, 20830
739, 6007390, 6028223, 20833
740, 6007400, 6028236, 20836
741, 6007410, 6028249, 20839
742, 6007420, 6028263, 20843
743, 6007430, 6028276, 20846
744, 6007440, 6028289, 20849
745, 6007450, 6028302, 20852
746, 6007460, 6028315, 20855
747, 6007470, 6028329, 20859
748, 6007480, 6028342, 20862
749, 6007490, 6028355, 20865
750, 6007500, 6028382, 20882
751, 6007510, 6028395, 20885
752, 6007520, 6028408, 20888
753, 6007530, 6028421, 20891
754, 6007540, 6028434, 20894
755, 6007550, 6028448, 20898
756, 6007560, 6028461, 20901
757, 6007570, 6028474, 20904
758, 6007580, 6028487, 20907
759, 6007590, 6028500, 20910
760, 6007600, 6028514, 20914
761, 6007610, 6028527, 20917
762, 6007620, 6028540, 20920
763, 6007630, 6028553, 20923
764, 6007640, 6028566, 20926
765, 6007650, 6028580, 20930
766, 6007660, 6028593, 20933
767, 6007670, 6028606, 20936
768, 6007680, 6028619, 20939
769, 6007690, 6028632, 20942
770, 6007700, 6028646, 20946
771, 6007710, 6028659, 20949
772, 6007720, 6028672, 20952
773, 6007730, 6028685, 20955
774, 6007740, 6028698, 20958
775, 6007750, 6028712, 20962
776, 6007760, 6028725, 20965
777, 6007770, 6028738, 20968
778, 6007780, 6028751, 20971
779, 6007790, 6028764, 20974
780, 6007800, 6028778, 20978
781, 6007810, 6028791, 20981
782, 6007820, 6028804, 20984
783, 6007830, 6028817, 20987
784, 6007840, 6028830, 20990
785, 6007850, 6028844, 20994
786, 6007860, 6028857, 20997
787, 6007870, 6028870, 21000
788, 6007880, 6028883, 21003
789, 6007890, 6028896, 21006
790, 6007900, 6028910, 21010
791, 6007910, 6028923, 21013
792, 6007920, 6028936, 21016
793, 6007930, 6028949, 21019
794, 6007940, 6028962, 21022
795, 6007950, 6028976, 21026
796, 6007960, 6028989, 21029
797, 6007970, 6029002, 21032
798, 6007980, 6029015, 21035
799, 6007990, 6029028, 21038
800, 6008000, 6029055, 21055
801, 6008010, 6029068, 21058
802, 6008020, 6029082, 21062
803, 6008030, 6029095, 21065
804, 6008040, 6029108, 21068
805, 6008050, 6029121, 21071
806, 6008060, 6029134, 21074
807, 6008070, 6029148, 21078
808, 6008080, 6029161, 21081
809, 6008090, 6029174, 21084
810, 6008100, 6029187, 21087
811, 6008110, 6029200, 21090
812, 6008120, 6029214, 21094
813, 6008130, 6029227, 21097
814, 6008140, 6029240, 21100
815, 6008150, 6029253, 21103
816, 6008160, 6029266, 21106
817, 6008170, 6029280, 21110
818, 6008180, 6029293, 21113
819, 6008190, 6029306, 21116
820, 6008200, 6029319, 21119
821, 6008210, 6029332, 21122
822, 6008220, 6029346, 21126
823, 6008230, 6029359, 21129
824, 6008240, 6029372, 21132
825, 6008250, 6029385, 21135
826, 6008260, 6029398, 21138
827, 6008270, 6029412, 21142
828, 6008280, 6029425, 21145
829, 6008290, 6029438, 21148
830, 6008300, 6029451, 21151
831, 6008310, 6029464, 21154
832, 6008320, 6029478, 21158
833, 6008330, 6029491, 21161
834, 6008340, 6029504, 21164
835, 6008350, 6029517, 21167
836, 6008360, 6029530, 21170
837, 6008370, 6029544, 21174
838, 6008380, 6029557, 21177
839, 6008390, 6029570, 21180
840, 6008400, 6029583, 21183
841, 6008410, 6029596, 21186
842, 6008420, 6029610, 21190
843, 6008430, 6029623, 21193
844, 6008440, 6029636, 21196
845, 6008450, 6029649, 21199
846, 6008460, 6029662, 21202
847, 6008470, 6029676, 21206
848, 6008480, 6029689, 21209
849, 6008490, 6029702, 21212
850, 6008500, 6029729, 21229
851, 6008510, 6029742, 21232
852, 6008520, 6029755, 21235
853, 6008530, 6029768, 21238
854, 6008540, 6029781, 21241
855, 6008550, 6029795, 21245
856, 6008560, 6029808, 21248
857, 6008570, 6029821, 21251
858, 6008580, 6029834, 21254
859, 6008590, 6029847, 21257
860, 6008600, 6029861, 21261
861, 6008610, 6029874, 21264
862, 6008620, 6029887, 21267
863, 6008630, 6029900, 21270
864, 6008640, 6029913, 21273
865, 6008650, 6029927, 21277
866, 6008660, 6029940, 21280
867, 6008670, 6029953, 21283
868, 6008680, 6029966, 21286
869, 6008690, 6029979, 21289
870, 6008700, 6029993, 21293
871, 6008710, 6030006, 21296
872, 6008720, 6030019, 21299
873, 6008730, 6030032, 21302
874, 6008740, 6030045, 21305
875, 6008750, 6030059, 21309
876, 6008760, 6030072, 21312
877, 6008770, 6030085, 21315
878, 6008780, 6030098, 21318
879, 6008790, 6030111, 21321
880, 6008800, 6030125, 21325
881, 6008810, 6030138, 21328
882, 6008820, 6030151, 21331
883, 6008830, 6030164, 21334
884, 6008840, 6030177, 21337
885, 6008850, 6030191, 21341
886, 6008860, 6030204, 21344
887, 6008870, 6030217, 21347
888, 6008880, 6030230, 21350
889, 6008890, 6030243, 21353
890, 6008900, 6030257, 21357
891, 6008910, 6030270, 21360
892, 6008920, 6030283, 21363
893, 6008930, 6030296, 21366
894, 6008940, 6030309, 21369
895, 6008950, 6030323, 21373
896, 6008960, 6030336, 21376
897, 6008970, 6030349, 21379
898, 6008980, 6030362, 21382
899, 6008990, 6030375, 21385
900, 6009000, 6030402, 21402
901, 6009010, 6030415, 21405
902, 6009020, 6030428, 21408
903, 6009030, 6030442, 21412
904, 6009040, 6034012, 24972
905, 6009050, 6034025, 24975
906, 6009060, 6034038, 24978
907, 6009070, 6034051, 24981
908, 6009080, 6034065, 24985
909, 6009090, 6034078, 24988
910, 6009100, 6034091, 24991
911, 6009110, 6034104, 24994
912, 6009120, 6034117, 24997
913, 6009130, 6034131, 25001
914, 6009140, 6034144, 25004
915, 6009150, 6034157, 25007
916, 6009160, 6034170, 25010
917, 6009170, 6034183, 25013
918, 6009180, 6034197, 25017
919, 6009190, 6034210, 25020
920, 6009200, 6034223, 25023
921, 6009210, 6034236, 25026
922, 6009220, 6034249, 25029
923, 6009230, 6034263, 25033
924, 6009240, 6034276, 25036
925, 6009250, 6034289, 25039
926, 6009260, 6034302, 25042
927, 6009270, 6034315, 25045
928, 6009280, 6034329, 25049
929, 6009290, 6034342, 25052
930, 6009300, 6034355, 25055
931, 6009310, 6034368, 25058
932, 6009320, 6034381, 25061
933, 6009330, 6034395, 25065
934, 6009340, 6034408, 25068
935, 6009350, 6034421, 25071
936, 6009360, 6034434, 25074
937, 6009370, 6034447, 25077
938, 6009380, 6034461, 25081
939, 6009390, 6034474, 25084
940, 6009400, 6034487, 25087
941, 6009410, 6034500, 25090
942, 6009420, 6034513, 25093
943, 6009430, 6034527, 25097
944, 6009440, 6034540, 25100
945, 6009450, 6034553, 25103
946, 6009460, 6034566, 25106
947, 6009470, 6034579, 25109
948, 6009480, 6034593, 25113
949, 6009490, 6034606, 25116
950, 6009500, 6034632, 25132
951, 6009510, 6034646, 25136
952, 6009520, 6034659, 25139
953, 6009530, 6034672, 25142
954, 6009540, 6034685, 25145
955, 6009550, 6034698, 25148
956, 6009560, 6034712, 25152
957, 6009570, 6034725, 25155
958, 6009580, 6034738, 25158
959, 6009590, 6034751, 25161
960, 6009600, 6034764, 25164
961, 6009610, 6034778, 25168
962, 6009620, 6034791, 25171
1002, 6010020, 6034817, 24797
1003, 6010030, 6034831, 24801
1004, 6010040, 6034844, 24804
1005, 6010050, 6034857, 24807
1006, 6010060, 6034871, 24811
1007, 6010070, 6034884, 24814
1008, 6010080, 6034897, 24817
1009, 6010090, 6034910, 24820
1010, 6010100, 6034924, 24824
1011, 6010110, 6034937, 24827
1012, 6010120, 6034950, 24830
1013, 6010130, 6034964, 24834
1015, 6010150, 6034977, 24827
1016, 6010160, 6034990, 24830
1017, 6010170, 6035003, 24833
1018, 6010180, 6035017, 24837
1019, 6010190, 6035030, 24840
1020, 6010200, 6035043, 24843
1021, 6010210, 6035056, 24846
1022, 6010220, 6035070, 24850
1023, 6010230, 6035083, 24853
1024, 6010240, 6035096, 24856
1025, 6010250, 6035110, 24860
1026, 6010260, 6035123, 24863
1028, 6010280, 6035136, 24856
1029, 6010290, 6035149, 24859
1030, 6010300, 6035163, 24863
1031, 6010310, 6035176, 24866
1032, 6010320, 6035189, 24869
1033, 6010330, 6035203, 24873
1034, 6010340, 6035216, 24876
1035, 6010350, 6035229, 24879
1036, 6010360, 6035242, 24882
1037, 6010370, 6035256, 24886
1038, 6010380, 6035269, 24889
1039, 6010390, 6035282, 24892
1040, 6010400, 6035296, 24896
1042, 6010420, 6035309, 24889
1043, 6010430, 6035322, 24892
1044, 6010440, 6035335, 24895
1045, 6010450, 6035349, 24899
1046, 6010460, 6035362, 24902
1047, 6010470, 6035375, 24905
1048, 6010480, 6035388, 24908
1049, 6010490, 6035402, 24912
1051, 6010510, 6035428, 24918
1052, 6010520, 6035442, 24922
1053, 6010530, 6035455, 24925
1055, 6010550, 6035468, 24918
1056, 6010560, 6035482, 24922
1057, 6010570, 6035495, 24925
1058, 6010580, 6035508, 24928
1059, 6010590, 6035521, 24931
1060, 6010600, 6035535, 24935
1061, 6010610, 6035548, 24938
1062, 6010620, 6035561, 24941
1063, 6010630, 6035575, 24945
1064, 6010640, 6035588, 24948
1065, 6010650, 6035601, 24951
1066, 6010660, 6035614, 24954
1067, 6010670, 6035628, 24958
1069, 6010690, 6035641, 24951
1070, 6010700, 6035654, 24954
1071, 6010710, 6035668, 24958
1072, 6010720, 6035681, 24961
1073, 6010730, 6035694, 24964
1074, 6010740, 6035707, 24967
1075, 6010750, 6035721, 24971
1076, 6010760, 6035734, 24974
1077, 6010770, 6035747, 24977
1078, 6010780, 6035760, 24980
1079, 6010790, 6035774, 24984
1080, 6010800, 6035787, 24987
1082, 6010820, 6035800, 24980
1083, 6010830, 6035814, 24984
1084, 6010840, 6035827, 24987
1085, 6010850, 6035840, 24990
1086, 6010860, 6035853, 24993
1087, 6010870, 6035867, 24997
1088, 6010880, 6035880, 25000
1089, 6010890, 6035893, 25003
1090, 6010900, 6035907, 25007
1091, 6010910, 6035920, 25010
1092, 6010920, 6035933, 25013
1093, 6010930, 6035946, 25016
1094, 6010940, 6035960, 25020
1096, 6010960, 6035973, 25013
1097, 6010970, 6035986, 25016
1098, 6010980, 6036000, 25020
1099, 6010990, 6036013, 25023
1101, 6011010, 6036040, 25030
1102, 6011020, 6036053, 25033
1103, 6011030, 6036066, 25036
1104, 6011040, 6036079, 25039
1105, 6011050, 6036093, 25043
1106, 6011060, 6036106, 25046
1107, 6011070, 6036119, 25049
1109, 6011090, 6036132, 25042
1110, 6011100, 6036146, 25046
1111, 6011110, 6036159, 25049
1112, 6011120, 6036172, 25052
1113, 6011130, 6036186, 25056
1114, 6011140, 6036199, 25059
1115, 6011150, 6036212, 25062
1116, 6011160, 6036225, 25065
1117, 6011170, 6036239, 25069
1118, 6011180, 6036252, 25072
1119, 6011190, 6036265, 25075
1120, 6011200, 6036279, 25079
1121, 6011210, 6036292, 25082
1123, 6011230, 6036305, 25075
1124, 6011240, 6036318, 25078
1125, 6011250, 6036332, 25082
1126, 6011260, 6036345, 25085
1127, 6011270, 6036358, 25088
1128, 6011280, 6036372, 25092
1129, 6011290, 6036385, 25095
1130, 6011300, 6036398, 25098
1131, 6011310, 6036411, 25101
1132, 6011320, 6036425, 25105
1133, 6011330, 6036438, 25108
1134, 6011340, 6040012, 28672
1136, 6011360, 6040025, 28665
1137, 6011370, 6040038, 28668
1138, 6011380, 6040052, 28672
1139, 6011390, 6040065, 28675
1140, 6011400, 6040078, 28678
1141, 6011410, 6040092, 28682
1142, 6011420, 6040105, 28685
1143, 6011430, 6040118, 28688
1144, 6011440, 6040131, 28691
1145, 6011450, 6040145, 28695
1146, 6011460, 6040158, 28698
1147, 6011470, 6040171, 28701
1149, 6011490, 6040185, 28695
1151, 6011510, 6040211, 28701
1152, 6011520, 6040225, 28705
1153, 6011530, 6040238, 28708
1154, 6011540, 6040251, 28711
1155, 6011550, 6040264, 28714
1156, 6011560, 6040278, 28718
1157, 6011570, 6040291, 28721
1158, 6011580, 6040304, 28724
1159, 6011590, 6040318, 28728
1160, 6011600, 6040331, 28731
1161, 6011610, 6040344, 28734
1163, 6011630, 6040357, 28727
1164, 6011640, 6040371, 28731
1165, 6011650, 6040384, 28734
1166, 6011660, 6040397, 28737
1167, 6011670, 6040410, 28740
1168, 6011680, 6040424, 28744
1169, 6011690, 6040437, 28747
1170, 6011700, 6040450, 28750
1171, 6011710, 6040464, 28754
1172, 6011720, 6040477, 28757
1173, 6011730, 6040490, 28760
1174, 6011740, 6040503, 28763
1176, 6011760, 6040517, 28757
1177, 6011770, 6040530, 28760
1178, 6011780, 6040543, 28763
1179, 6011790, 6040557, 28767
1180, 6011800, 6040570, 28770
1181, 6011810, 6040583, 28773
1182, 6011820, 6040596, 28776
1183, 6011830, 6040610, 28780
1184, 6011840, 6040623, 28783
1185, 6011850, 6040636, 28786
1186, 6011860, 6040650, 28790
1187, 6011870, 6040663, 28793
1188, 6011880, 6040676, 28796
1190, 6011900, 6040689, 28789
1191, 6011910, 6040703, 28793
1192, 6011920, 6040716, 28796
1193, 6011930, 6040729, 28799
1194, 6011940, 6040742, 28802
1195, 6011950, 6040756, 28806
1196, 6011960, 6040769, 28809
1197, 6011970, 6040782, 28812
1198, 6011980, 6040796, 28816
1199, 6011990, 6040809, 28819
1602, 6016020, 6040836, 24816
1603, 6016030, 6040849, 24819
1604, 6016040, 6040862, 24822
1605, 6016050, 6040875, 24825
1606, 6016060, 6040889, 24829
1607, 6016070, 6040902, 24832
1608, 6016080, 6040915, 24835
1609, 6016090, 6040929, 24839
1610, 6016100, 6040942, 24842
1611, 6016110, 6040955, 24845
1612, 6016120, 6040968, 24848
1613, 6016130, 6040982, 24852
1615, 6016150, 6040995, 24845
1616, 6016160, 6041008, 24848
1617, 6016170, 6041022, 24852
1618, 6016180, 6041035, 24855
1619, 6016190, 6041048, 24858
1620, 6016200, 6041061, 24861
1621, 6016210, 6041075, 24865
1622, 6016220, 6041088, 24868
1623, 6016230, 6041101, 24871
1624, 6016240, 6041114, 24874
1625, 6016250, 6041128, 24878
1626, 6016260, 6041141, 24881
1627, 6016270, 6041154, 24884
1629, 6016290, 6041168, 24878
1630, 6016300, 6041181, 24881
1631, 6016310, 6041194, 24884
1632, 6016320, 6041207, 24887
1633, 6016330, 6041221, 24891
1634, 6016340, 6041234, 24894
1635, 6016350, 6041247, 24897
1636, 6016360, 6041261, 24901
1637, 6016370, 6041274, 24904
1638, 6016380, 6041287, 24907
1639, 6016390, 6041300, 24910
1640, 6016400, 6041314, 24914
1642, 6016420, 6041327, 24907
1643, 6016430, 6041340, 24910
1644, 6016440, 6041354, 24914
1645, 6016450, 6041367, 24917
1646, 6016460, 6041380, 24920
1647, 6016470, 6041393, 24923
1648, 6016480, 6041407, 24927
1649, 6016490, 6041420, 24930
1651, 6016510, 6041447, 24937
1652, 6016520, 6041460, 24940
1653, 6016530, 6041473, 24943
1655, 6016550, 6041486, 24936
1656, 6016560, 6041500, 24940
1657, 6016570, 6041513, 24943
1658, 6016580, 6041526, 24946
1659, 6016590, 6041540, 24950
1660, 6016600, 6041553, 24953
1661, 6016610, 6041566, 24956
1662, 6016620, 6041579, 24959
1663, 6016630, 6041593, 24963
1664, 6016640, 6041606, 24966
1665, 6016650, 6041619, 24969
1666, 6016660, 6041633, 24973
1667, 6016670, 6041646, 24976
1669, 6016690, 6041659, 24969
1670, 6016700, 6041672, 24972
1671, 6016710, 6041686, 24976
1672, 6016720, 6041699, 24979
1673, 6016730, 6041712, 24982
1674, 6016740, 6041726, 24986
1675, 6016750, 6041739, 24989
1676, 6016760, 6041752, 24992
1677, 6016770, 6041765, 24995
1678, 6016780, 6041779, 24999
1679, 6016790, 6041792, 25002
1680, 6016800, 6041805, 25005
1682, 6016820, 6041818, 24998
1683, 6016830, 6041832, 25002
1684, 6016840, 6041845, 25005
1685, 6016850, 6041858, 25008
1686, 6016860, 6041872, 25012
1687, 6016870, 6041885, 25015
1688, 6016880, 6041898, 25018
1689, 6016890, 6041911, 25021
1690, 6016900, 6041925, 25025
1691, 6016910, 6041938, 25028
1692, 6016920, 6041951, 25031
1693, 6016930, 6041965, 25035
1694, 6016940, 6041978, 25038
1696, 6016960, 6041991, 25031
1697, 6016970, 6042004, 25034
1698, 6016980, 6042018, 25038
1699, 6016990, 6042031, 25041
1701, 6017010, 6042058, 25048
1702, 6017020, 6042071, 25051
1703, 6017030, 6042084, 25054
1704, 6017040, 6042098, 25058
1705, 6017050, 6042111, 25061
1706, 6017060, 6042124, 25064
1707, 6017070, 6042137, 25067
1709, 6017090, 6042151, 25061
1710, 6017100, 6042164, 25064
1711, 6017110, 6042177, 25067
1712, 6017120, 6042190, 25070
1713, 6017130, 6042204, 25074
1714, 6017140, 6042217, 25077
1715, 6017150, 6042230, 25080
1716, 6017160, 6042244, 25084
1717, 6017170, 6042257, 25087
1718, 6017180, 6042270, 25090
1719, 6017190, 6042283, 25093
1720, 6017200, 6042297, 25097
1721, 6017210, 6042310, 25100
1723, 6017230, 6042323, 25093
1724, 6017240, 6042337, 25097
1725, 6017250, 6042350, 25100
1726, 6017260, 6042363, 25103
1727, 6017270, 6042376, 25106
1728, 6017280, 6042390, 25110
1729, 6017290, 6042403, 25113
1730, 6017300, 6042416, 25116
1731, 6017310, 6042430, 25120
1732, 6017320, 6046012, 28692
1733, 6017330, 6046025, 28695
1734, 6017340, 6046038, 28698
1736, 6017360, 6046052, 28692
1737, 6017370, 6046065, 28695
1738, 6017380, 6046078, 28698
1739, 6017390, 6046092, 28702
1740, 6017400, 6046105, 28705
1741, 6017410, 6046118, 28708
1742, 6017420, 6046131, 28711
1743, 6017430, 6046145, 28715
1744, 6017440, 6046158, 28718
1745, 6017450, 6046171, 28721
1746, 6017460, 6046185, 28725
1747, 6017470, 6046198, 28728
1748, 6017480, 6046211, 28731
1751, 6017510, 6046238, 28728
1752, 6017520, 6046251, 28731
1753, 6017530, 6046264, 28734
1754, 6017540, 6046278, 28738
1755, 6017550, 6046291, 28741
1756, 6017560, 6046304, 28744
1757, 6017570, 6046318, 28748
1758, 6017580, 6046331, 28751
1759, 6017590, 6046344, 28754
1760, 6017600, 6046357, 28757
1761, 6017610, 6046371, 28761
1763, 6017630, 6046384, 28754
1764, 6017640, 6046397, 28757
1765, 6017650, 6046410, 28760
1766, 6017660, 6046424, 28764
1767, 6017670, 6046437, 28767
1768, 6017680, 6046450, 28770
1769, 6017690, 6046464, 28774
1770, 6017700, 6046477, 28777
1771, 6017710, 6046490, 28780
1772, 6017720, 6046503, 28783
1773, 6017730, 6046517, 28787
1774, 6017740, 6046530, 28790
1776, 6017760, 6046543, 28783
1777, 6017770, 6046557, 28787
1778, 6017780, 6046570, 28790
1779, 6017790, 6046583, 28793
1780, 6017800, 6046596, 28796
1781, 6017810, 6046610, 28800
1782, 6017820, 6046623, 28803
1783, 6017830, 6046636, 28806
1784, 6017840, 6046650, 28810
1785, 6017850, 6046663, 28813
1786, 6017860, 6046676, 28816
1787, 6017870, 6046689, 28819
1788, 6017880, 6046703, 28823
1790, 6017900, 6046716, 28816
1791, 6017910, 6046729, 28819
1792, 6017920, 6046742, 28822
1793, 6017930, 6046756, 28826
1794, 6017940, 6046769, 28829
1795, 6017950, 6046782, 28832
1796, 6017960, 6046796, 28836
1797, 6017970, 6046809, 28839
1798, 6017980, 6046822, 28842
1799, 6017990, 6046835, 28845
2202, 6022020, 6046862, 24842
2203, 6022030, 6046875, 24845
2204, 6022040, 6046889, 24849
2205, 6022050, 6046902, 24852
2206, 6022060, 6046915, 24855
2207, 6022070, 6046929, 24859
2208, 6022080, 6046942, 24862
2209, 6022090, 6046955, 24865
2210, 6022100, 6046968, 24868
2211, 6022110, 6046982, 24872
2212, 6022120, 6046995, 24875
2213, 6022130, 6047008, 24878
2215, 6022150, 6047022, 24872
2216, 6022160, 6047035, 24875
2217, 6022170, 6047048, 24878
2218, 6022180, 6047061, 24881
2219, 6022190, 6047075, 24885
2220, 6022200, 6047088, 24888
2221, 6022210, 6047101, 24891
2222, 6022220, 6047114, 24894
2223, 6022230, 6047128, 24898
2224, 6022240, 6047141, 24901
2225, 6022250, 6047154, 24904
2226, 6022260, 6047168, 24908
2228, 6022280, 6047181, 24901
2229, 6022290, 6047194, 24904
2230, 6022300, 6047207, 24907
2231, 6022310, 6047221, 24911
2232, 6022320, 6047234, 24914
2233, 6022330, 6047247, 24917
2234, 6022340, 6047261, 24921
2235, 6022350, 6047274, 24924
2236, 6022360, 6047287, 24927
2237, 6022370, 6047300, 24930
2238, 6022380, 6047314, 24934
2239, 6022390, 6047327, 24937
2240, 6022400, 6047340, 24940
2242, 6022420, 6047354, 24934
2243, 6022430, 6047367, 24937
2244, 6022440, 6047380, 24940
2245, 6022450, 6047393, 24943
2246, 6022460, 6047407, 24947
2247, 6022470, 6047420, 24950
2248, 6022480, 6047433, 24953
2249, 6022490, 6047446, 24956
2251, 6022510, 6047473, 24963
2252, 6022520, 6047486, 24966
2253, 6022530, 6047500, 24970
2255, 6022550, 6047513, 24963
2256, 6022560, 6047526, 24966
2257, 6022570, 6047540, 24970
2258, 6022580, 6047553, 24973
2259, 6022590, 6047566, 24976
2260, 6022600, 6047579, 24979
2261, 6022610, 6047593, 24983
2262, 6022620, 6047606, 24986
2263, 6022630, 6047619, 24989
2264, 6022640, 6047633, 24993
2265, 6022650, 6047646, 24996
2266, 6022660, 6047659, 24999
2267, 6022670, 6047672, 25002
2269, 6022690, 6047686, 24996
2270, 6022700, 6047699, 24999
2271, 6022710, 6047712, 25002
2272, 6022720, 6047726, 25006
2273, 6022730, 6047739, 25009
2274, 6022740, 6047752, 25012
2275, 6022750, 6047765, 25015
2276, 6022760, 6047779, 25019
2277, 6022770, 6047792, 25022
2278, 6022780, 6047805, 25025
2279, 6022790, 6047818, 25028
2280, 6022800, 6047832, 25032
2282, 6022820, 6047845, 25025
2283, 6022830, 6047858, 25028
2284, 6022840, 6047872, 25032
2285, 6022850, 6047885, 25035
2286, 6022860, 6047898, 25038
2287, 6022870, 6047911, 25041
2288, 6022880, 6047925, 25045
2289, 6022890, 6047938, 25048
2290, 6022900, 6047951, 25051
2291, 6022910, 6047965, 25055
2292, 6022920, 6047978, 25058
2293, 6022930, 6047991, 25061
2294, 6022940, 6048004, 25064
2296, 6022960, 6048018, 25058
2297, 6022970, 6048031, 25061
2298, 6022980, 6048044, 25064
2299, 6022990, 6048058, 25068
2301, 6023010, 6048084, 25074
2302, 6023020, 6048098, 25078
2303, 6023030, 6048111, 25081
2304, 6023040, 6048124, 25084
2305, 6023050, 6048137, 25087
2306, 6023060, 6048151, 25091
2307, 6023070, 6048164, 25094
2309, 6023090, 6048177, 25087
2310, 6023100, 6048190, 25090
2311, 6023110, 6048204, 25094
2312, 6023120, 6048217, 25097
2313, 6023130, 6048230, 25100
2314, 6023140, 6048244, 25104
2315, 6023150, 6048257, 25107
2316, 6023160, 6048270, 25110
2317, 6023170, 6048283, 25113
2318, 6023180, 6048297, 25117
2319, 6023190, 6048310, 25120
2320, 6023200, 6048323, 25123
2322, 6023220, 6048337, 25117
2323, 6023230, 6048350, 25120
2324, 6023240, 6048363, 25123
2325, 6023250, 6048376, 25126
2326, 6023260, 6048390, 25130
2327, 6023270, 6048403, 25133
2328, 6023280, 6048416, 25136
2329, 6023290, 6048430, 25140
2330, 6023300, 6052012, 28712
2331, 6023310, 6052025, 28715
2332, 6023320, 6052038, 28718
2333, 6023330, 6052052, 28722
2334, 6023340, 6052065, 28725
2336, 6023360, 6052078, 28718
2337, 6023370, 6052092, 28722
2338, 6023380, 6052105, 28725
2339, 6023390, 6052118, 28728
2340, 6023400, 6052131, 28731
2341, 6023410, 6052145, 28735
2342, 6023420, 6052158, 28738
2343, 6023430, 6052171, 28741
2344, 6023440, 6052185, 28745
2345, 6023450, 6052198, 28748
2346, 6023460, 6052211, 28751
2347, 6023470, 6052224, 28754
2349, 6023490, 6052238, 28748
2351, 6023510, 6052264, 28754
2352, 6023520, 6052278, 28758
2353, 6023530, 6052291, 28761
2354, 6023540, 6052304, 28764
2355, 6023550, 6052318, 28768
2356, 6023560, 6052331, 28771
2357, 6023570, 6052344, 28774
2358, 6023580, 6052357, 28777
2359, 6023590, 6052371, 28781
2360, 6023600, 6052384, 28784
2361, 6023610, 6052397, 28787
2363, 6023630, 6052410, 28780
2364, 6023640, 6052424, 28784
2365, 6023650, 6052437, 28787
2366, 6023660, 6052450, 28790
2367, 6023670, 6052464, 28794
2368, 6023680, 6052477, 28797
2369, 6023690, 6052490, 28800
2370, 6023700, 6052503, 28803
2371, 6023710, 6052517, 28807
2372, 6023720, 6052530, 28810
2373, 6023730, 6052543, 28813
2374, 6023740, 6052557, 28817
2376, 6023760, 6052570, 28810
2377, 6023770, 6052583, 28813
2378, 6023780, 6052596, 28816
2379, 6023790, 6052610, 28820
2380, 6023800, 6052623, 28823
2381, 6023810, 6052636, 28826
2382, 6023820, 6052650, 28830
2383, 6023830, 6052663, 28833
2384, 6023840, 6052676, 28836
2385, 6023850, 6052689, 28839
2386, 6023860, 6052703, 28843
2387, 6023870, 6052716, 28846
2389, 6023890, 6052729, 28839
2390, 6023900, 6052742, 28842
2391, 6023910, 6052756, 28846
2392, 6023920, 6052769, 28849
2393, 6023930, 6052782, 28852
2394, 6023940, 6052796, 28856
2395, 6023950, 6052809, 28859
2396, 6023960, 6052822, 28862
2397, 6023970, 6052835, 28865
2398, 6023980, 6052849, 28869
2399, 6023990, 6052862, 28872
2802, 6028020, 6052889, 24869
2803, 6028030, 6052902, 24872
2804, 6028040, 6052915, 24875
2805, 6028050, 6052929, 24879
2806, 6028060, 6052942, 24882
2807, 6028070, 6052955, 24885
2808, 6028080, 6052968, 24888
2809, 6028090, 6052982, 24892
2810, 6028100, 6052995, 24895
2811, 6028110, 6053008, 24898
2812, 6028120, 6053022, 24902
2813, 6028130, 6053035, 24905
2815, 6028150, 6053048, 24898
2816, 6028160, 6053061, 24901
2817, 6028170, 6053075, 24905
2818, 6028180, 6053088, 24908
2819, 6028190, 6053101, 24911
2820, 6028200, 6053114, 24914
2821, 6028210, 6053128, 24918
2822, 6028220, 6053141, 24921
2823, 6028230, 6053154, 24924
2824, 6028240, 6053168, 24928
2825, 6028250, 6053181, 24931
2826, 6028260, 6053194, 24934
2827, 6028270, 6053207, 24937
2829, 6028290, 6053221, 24931
2830, 6028300, 6053234, 24934
2831, 6028310, 6053247, 24937
2832, 6028320, 6053261, 24941
2833, 6028330, 6053274, 24944
2834, 6028340, 6053287, 24947
2835, 6028350, 6053300, 24950
2836, 6028360, 6053314, 24954
2837, 6028370, 6053327, 24957
2838, 6028380, 6053340, 24960
2839, 6028390, 6053354, 24964
2840, 6028400, 6053367, 24967
2842, 6028420, 6053380, 24960
2843, 6028430, 6053393, 24963
2844, 6028440, 6053407, 24967
2845, 6028450, 6053420, 24970
2846, 6028460, 6053433, 24973
2847, 6028470, 6053446, 24976
2848, 6028480, 6053460, 24980
2849, 6028490, 6053473, 24983
2851, 6028510, 6053500, 24990
2852, 6028520, 6053513, 24993
2853, 6028530, 6053526, 24996
2855, 6028550, 6053540, 24990
2856, 6028560, 6053553, 24993
2857, 6028570, 6053566, 24996
2858, 6028580, 6053579, 24999
2859, 6028590, 6053593, 25003
2860, 6028600, 6053606, 25006
2861, 6028610, 6053619, 25009
2862, 6028620, 6053633, 25013
2863, 6028630, 6053646, 25016
2864, 6028640, 6053659, 25019
2865, 6028650, 6053672, 25022
2866, 6028660, 6053686, 25026
2867, 6028670, 6053699, 25029
2869, 6028690, 6053712, 25022
2870, 6028700, 6053726, 25026
2871, 6028710, 6053739, 25029
2872, 6028720, 6053752, 25032
2873, 6028730, 6053765, 25035
2874, 6028740, 6053779, 25039
2875, 6028750, 6053792, 25042
2876, 6028760, 6053805, 25045
2877, 6028770, 6053818, 25048
2878, 6028780, 6053832, 25052
2879, 6028790, 6053845, 25055
2880, 6028800, 6053858, 25058
2882, 6028820, 6053872, 25052
2883, 6028830, 6053885, 25055
2884, 6028840, 6053898, 25058
2885, 6028850, 6053911, 25061
2886, 6028860, 6053925, 25065
2887, 6028870, 6053938, 25068
2888, 6028880, 6053951, 25071
2889, 6028890, 6053965, 25075
2890, 6028900, 6053978, 25078
2891, 6028910, 6053991, 25081
2892, 6028920, 6054004, 25084
2893, 6028930, 6054018, 25088
2894, 6028940, 6054031, 25091
2896, 6028960, 6054044, 25084
2897, 6028970, 6054058, 25088
2898, 6028980, 6054071, 25091
2899, 6028990, 6054084, 25094
2901, 6029010, 6054111, 25101
2902, 6029020, 6054124, 25104
2903, 6029030, 6054137, 25107
2904, 6029040, 6054151, 25111
2905, 6029050, 6054164, 25114
2906, 6029060, 6054177, 25117
2907, 6029070, 6054190, 25120
2909, 6029090, 6054204, 25114
2910, 6029100, 6054217, 25117
2911, 6029110, 6054230, 25120
2912, 6029120, 6054244, 25124
2913, 6029130, 6054257, 25127
2914, 6029140, 6054270, 25130
2915, 6029150, 6054283, 25133
2916, 6029160, 6054297, 25137
2917, 6029170, 6054310, 25140
2918, 6029180, 6054323, 25143
2919, 6029190, 6054337, 25147
2920, 6029200, 6054350, 25150
2921, 6029210, 6054363, 25153
2923, 6029230, 6054376, 25146
2924, 6029240, 6054390, 25150
2925, 6029250, 6054403, 25153
2926, 6029260, 6054416, 25156
2927, 6029270, 6054430, 25160
2928, 6029280, 6058012, 28732
2929, 6029290, 6058025, 28735
2930, 6029300, 6058038, 28738
2931, 6029310, 6058052, 28742
2932, 6029320, 6058065, 28745
2933, 6029330, 6058078, 28748
2934, 6029340, 6058092, 28752
2936, 6029360, 6058105, 28745
2937, 6029370, 6058118, 28748
2938, 6029380, 6058131, 28751
2939, 6029390, 6058145, 28755
2940, 6029400, 6058158, 28758
2941, 6029410, 6058171, 28761
2942, 6029420, 6058185, 28765
2943, 6029430, 6058198, 28768
2944, 6029440, 6058211, 28771
2945, 6029450, 6058224, 28774
2946, 6029460, 6058238, 28778
2947, 6029470, 6058251, 28781
2949, 6029490, 6058264, 28774
2951, 6029510, 6058291, 28781
2952, 6029520, 6058304, 28784
2953, 6029530, 6058318, 28788
2954, 6029540, 6058331, 28791
2955, 6029550, 6058344, 28794
2956, 6029560, 6058357, 28797
2957, 6029570, 6058371, 28801
2958, 6029580, 6058384, 28804
2959, 6029590, 6058397, 28807
2960, 6029600, 6058410, 28810
2961, 6029610, 6058424, 28814
2963, 6029630, 6058437, 28807
2964, 6029640, 6058450, 28810
2965, 6029650, 6058464, 28814
2966, 6029660, 6058477, 28817
2967, 6029670, 6058490, 28820
2968, 6029680, 6058503, 28823
2969, 6029690, 6058517, 28827
2970, 6029700, 6058530, 28830
2971, 6029710, 6058543, 28833
2972, 6029720, 6058557, 28837
2973, 6029730, 6058570, 28840
2974, 6029740, 6058583, 28843
2976, 6029760, 6058596, 28836
2977, 6029770, 6058610, 28840
2978, 6029780, 6058623, 28843
2979, 6029790, 6058636, 28846
2980, 6029800, 6058650, 28850
2981, 6029810, 6058663, 28853
2982, 6029820, 6058676, 28856
2983, 6029830, 6058689, 28859
2984, 6029840, 6058703, 28863
2985, 6029850, 6058716, 28866
2986, 6029860, 6058729, 28869
2987, 6029870, 6058742, 28872
2988, 6029880, 6058756, 28876
2990, 6029900, 6058769, 28869
2991, 6029910, 6058782, 28872
2992, 6029920, 6058796, 28876
2993, 6029930, 6058809, 28879
2994, 6029940, 6058822, 28882
2995, 6029950, 6058835, 28885
2996, 6029960, 6058849, 28889
2997, 6029970, 6058862, 28892
2998, 6029980, 6058875, 28895
2999, 6029990, 6058889, 28899
3402, 6034020, 6058915, 24895
3403, 6034030, 6058929, 24899
3404, 6034040, 6058942, 24902
3405, 6034050, 6058955, 24905
3406, 6034060, 6058968, 24908
3407, 6034070, 6058982, 24912
3408, 6034080, 6058995, 24915
3409, 6034090, 6059008, 24918
3410, 6034100, 6059022, 24922
3411, 6034110, 6059035, 24925
3412, 6034120, 6059048, 24928
3413, 6034130, 6059061, 24931
3415, 6034150, 6059075, 24925
3416, 6034160, 6059088, 24928
3417, 6034170, 6059101, 24931
3418, 6034180, 6059114, 24934
3419, 6034190, 6059128, 24938
3420, 6034200, 6059141, 24941
3421, 6034210, 6059154, 24944
3422, 6034220, 6059168, 24948
3423, 6034230, 6059181, 24951
3424, 6034240, 6059194, 24954
3425, 6034250, 6059207, 24957
3426, 6034260, 6059221, 24961
3427, 6034270, 6059234, 24964
3429, 6034290, 6059247, 24957
3430, 6034300, 6059261, 24961
3431, 6034310, 6059274, 24964
3432, 6034320, 6059287, 24967
3433, 6034330, 6059300, 24970
3434, 6034340, 6059314, 24974
3435, 6034350, 6059327, 24977
3436, 6034360, 6059340, 24980
3437, 6034370, 6059354, 24984
3438, 6034380, 6059367, 24987
3439, 6034390, 6059380, 24990
3440, 6034400, 6059393, 24993
3442, 6034420, 6059407, 24987
3443, 6034430, 6059420, 24990
3444, 6034440, 6059433, 24993
3445, 6034450, 6059446, 24996
3446, 6034460, 6059460, 25000
3447, 6034470, 6059473, 25003
3448, 6034480, 6059486, 25006
3449, 6034490, 6059500, 25010
3451, 6034510, 6059526, 25016
3452, 6034520, 6059540, 25020
3453, 6034530, 6059553, 25023
3455, 6034550, 6059566, 25016
3456, 6034560, 6059579, 25019
3457, 6034570, 6059593, 25023
3458, 6034580, 6059606, 25026
3459, 6034590, 6059619, 25029
3460, 6034600, 6059633, 25033
3461, 6034610, 6059646, 25036
3462, 6034620, 6059659, 25039
3463, 6034630, 6059672, 25042
3464, 6034640, 6059686, 25046
3465, 6034650, 6059699, 25049
3466, 6034660, 6059712, 25052
3467, 6034670, 6059726, 25056
3469, 6034690, 6059739, 25049
3470, 6034700, 6059752, 25052
3471, 6034710, 6059765, 25055
3472, 6034720, 6059779, 25059
3473, 6034730, 6059792, 25062
3474, 6034740, 6059805, 25065
3475, 6034750, 6059818, 25068
3476, 6034760, 6059832, 25072
3477, 6034770, 6059845, 25075
3478, 6034780, 6059858, 25078
3479, 6034790, 6059872, 25082
3481, 6034810, 6059885, 25075
3482, 6034820, 6059898, 25078
3483, 6034830, 6059911, 25081
3484, 6034840, 6059925, 25085
3485, 6034850, 6059938, 25088
3486, 6034860, 6059951, 25091
3487, 6034870, 6059965, 25095
3488, 6034880, 6059978, 25098
3489, 6034890, 6059991, 25101
3490, 6034900, 6060004, 25104
3491, 6034910, 6060018, 25108
3493, 6034930, 6060031, 25101
3494, 6034940, 6060044, 25104
3495, 6034950, 6060058, 25108
3496, 6034960, 6060071, 25111
3497, 6034970, 6060084, 25114
3498, 6034980, 6060097, 25117
3499, 6034990, 6060111, 25121
3501, 6035010, 6060137, 25127
3502, 6035020, 6060151, 25131
3503, 6035030, 6060164, 25134
3504, 6035040, 6060177, 25137
3506, 6035060, 6060190, 25130
3507, 6035070, 6060204, 25134
3508, 6035080, 6060217, 25137
3509, 6035090, 6060230, 25140
3510, 6035100, 6060244, 25144
3511, 6035110, 6060257, 25147
3512, 6035120, 6060270, 25150
3513, 6035130, 6060283, 25153
3514, 6035140, 6060297, 25157
3515, 6035150, 6060310, 25160
3516, 6035160, 6060323, 25163
3518, 6035180, 6060337, 25157
3519, 6035190, 6060350, 25160
3520, 6035200, 6060363, 25163
3521, 6035210, 6060376, 25166
3522, 6035220, 6060390, 25170
3523, 6035230, 6060403, 25173
3524, 6035240, 6060416, 25176
3525, 6035250, 6060430, 25180
3526, 6035260, 6064012, 28752
3527, 6035270, 6064025, 28755
3528, 6035280, 6064038, 28758
3530, 6035300, 6064052, 28752
3531, 6035310, 6064065, 28755
3532, 6035320, 6064078, 28758
3533, 6035330, 6064092, 28762
3534, 6035340, 6064105, 28765
3535, 6035350, 6064118, 28768
3536, 6035360, 6064131, 28771
3537, 6035370, 6064145, 28775
3538, 6035380, 6064158, 28778
3539, 6035390, 6064171, 28781
3540, 6035400, 6064185, 28785
3541, 6035410, 6064198, 28788
3543, 6035430, 6064211, 28781
3544, 6035440, 6064224, 28784
3545, 6035450, 6064238, 28788
3546, 6035460, 6064251, 28791
3547, 6035470, 6064264, 28794
3548, 6035480, 6064278, 28798
3549, 6035490, 6064291, 28801
3551, 6035510, 6064318, 28808
3552, 6035520, 6064331, 28811
3553, 6035530, 6064344, 28814
3555, 6035550, 6064357, 28807
3556, 6035560, 6064371, 28811
3557, 6035570, 6064384, 28814
3558, 6035580, 6064397, 28817
3559, 6035590, 6064410, 28820
3560, 6035600, 6064424, 28824
3561, 6035610, 6064437, 28827
3562, 6035620, 6064450, 28830
3563, 6035630, 6064464, 28834
3564, 6035640, 6064477, 28837
3565, 6035650, 6064490, 28840
3567, 6035670, 6064503, 28833
3568, 6035680, 6064517, 28837
3569, 6035690, 6064530, 28840
3570, 6035700, 6064543, 28843
3571, 6035710, 6064557, 28847
3572, 6035720, 6064570, 28850
3573, 6035730, 6064583, 28853
3574, 6035740, 6064596, 28856
3575, 6035750, 6064610, 28860
3576, 6035760, 6064623, 28863
3577, 6035770, 6064636, 28866
3578, 6035780, 6064650, 28870
3580, 6035800, 6064663, 28863
3581, 6035810, 6064676, 28866
3582, 6035820, 6064689, 28869
3583, 6035830, 6064703, 28873
3584, 6035840, 6064716, 28876
3585, 6035850, 6064729, 28879
3586, 6035860, 6064742, 28882
3587, 6035870, 6064756, 28886
3588, 6035880, 6064769, 28889
3589, 6035890, 6064782, 28892
3590, 6035900, 6064796, 28896
3592, 6035920, 6064809, 28889
3593, 6035930, 6064822, 28892
3594, 6035940, 6064835, 28895
3595, 6035950, 6064849, 28899
3596, 6035960, 6064862, 28902
3597, 6035970, 6064875, 28905
3598, 6035980, 6064889, 28909
3599, 6035990, 6064902, 28912
4002, 6040020, 6064928, 24908
4003, 6040030, 6064942, 24912
4004, 6040040, 6064955, 24915
4005, 6040050, 6064968, 24918
4006, 6040060, 6064982, 24922
4007, 6040070, 6064995, 24925
4008, 6040080, 6065008, 24928
4009, 6040090, 6065021, 24931
4010, 6040100, 6065035, 24935
4011, 6040110, 6065048, 24938
4012, 6040120, 6065061, 24941
4014, 6040140, 6065074, 24934
4015, 6040150, 6065088, 24938
4016, 6040160, 6065101, 24941
4017, 6040170, 6065114, 24944
4018, 6040180, 6065128, 24948
4019, 6040190, 6065141, 24951
4020, 6040200, 6065154, 24954
4021, 6040210, 6065167, 24957
4022, 6040220, 6065181, 24961
4023, 6040230, 6065194, 24964
4024, 6040240, 6065207, 24967
4026, 6040260, 6065221, 24961
4027, 6040270, 6065234, 24964
4028, 6040280, 6065247, 24967
4029, 6040290, 6065260, 24970
4030, 6040300, 6065274, 24974
4031, 6040310, 6065287, 24977
4032, 6040320, 6065300, 24980
4033, 6040330, 6065314, 24984
4034, 6040340, 6065327, 24987
4035, 6040350, 6065340, 24990
4036, 6040360, 6065353, 24993
4037, 6040370, 6065367, 24997
4039, 6040390, 6065380, 24990
4040, 6040400, 6065393, 24993
4041, 6040410, 6065406, 24996
4042, 6040420, 6065420, 25000
4043, 6040430, 6065433, 25003
4044, 6040440, 6065446, 25006
4045, 6040450, 6065460, 25010
4046, 6040460, 6065473, 25013
4047, 6040470, 6065486, 25016
4048, 6040480, 6065499, 25019
4049, 6040490, 6065513, 25023
4051, 6040510, 6065526, 25016
4052, 6040520, 6065539, 25019
4053, 6040530, 6065553, 25023
4054, 6040540, 6065566, 25026
4055, 6040550, 6065579, 25029
4056, 6040560, 6065592, 25032
4057, 6040570, 6065606, 25036
4058, 6040580, 6065619, 25039
4059, 6040590, 6065632, 25042
4060, 6040600, 6065646, 25046
4061, 6040610, 6065659, 25049
4063, 6040630, 6065672, 25042
4064, 6040640, 6065685, 25045
4065, 6040650, 6065699, 25049
4066, 6040660, 6065712, 25052
4067, 6040670, 6065725, 25055
4068, 6040680, 6065738, 25058
4069, 6040690, 6065752, 25062
4070, 6040700, 6065765, 25065
4071, 6040710, 6065778, 25068
4072, 6040720, 6065792, 25072
4073, 6040730, 6065805, 25075
4075, 6040750, 6065818, 25068
4076, 6040760, 6065831, 25071
4077, 6040770, 6065845, 25075
4078, 6040780, 6065858, 25078
4079, 6040790, 6065871, 25081
4080, 6040800, 6065885, 25085
4081, 6040810, 6065898, 25088
4082, 6040820, 6065911, 25091
4083, 6040830, 6065924, 25094
4084, 6040840, 6065938, 25098
4085, 6040850, 6065951, 25101
4086, 6040860, 6065964, 25104
4088, 6040880, 6065978, 25098
4089, 6040890, 6065991, 25101
4090, 6040900, 6066004, 25104
4091, 6040910, 6066017, 25107
4092, 6040920, 6066031, 25111
4093, 6040930, 6066044, 25114
4094, 6040940, 6066057, 25117
4095, 6040950, 6066070, 25120
4096, 6040960, 6066084, 25124
4097, 6040970, 6066097, 25127
4098, 6040980, 6066110, 25130
4101, 6041010, 6066137, 25127
4102, 6041020, 6066150, 25130
4103, 6041030, 6066164, 25134
4104, 6041040, 6066177, 25137
4105, 6041050, 6066190, 25140
4106, 6041060, 6066203, 25143
4107, 6041070, 6066217, 25147
4108, 6041080, 6066230, 25150
4109, 6041090, 6066243, 25153
4110, 6041100, 6066257, 25157
4111, 6041110, 6066270, 25160
4113, 6041130, 6066283, 25153
4114, 6041140, 6066296, 25156
4115, 6041150, 6066310, 25160
4116, 6041160, 6066323, 25163
4117, 6041170, 6066336, 25166
4118, 6041180, 6066350, 25170
4119, 6041190, 6066363, 25173
4120, 6041200, 6066376, 25176
4121, 6041210, 6066389, 25179
4122, 6041220, 6066403, 25183
4123, 6041230, 6066416, 25186
4125, 6041250, 6066429, 25179
4126, 6041260, 6070012, 28752
4127, 6041270, 6070025, 28755
4128, 6041280, 6070038, 28758
4129, 6041290, 6070052, 28762
4130, 6041300, 6070065, 28765
4131, 6041310, 6070078, 28768
4132, 6041320, 6070092, 28772
4133, 6041330, 6070105, 28775
4134, 6041340, 6070118, 28778
4135, 6041350, 6070131, 28781
4137, 6041370, 6070145, 28775
4138, 6041380, 6070158, 28778
4139, 6041390, 6070171, 28781
4140, 6041400, 6070185, 28785
4141, 6041410, 6070198, 28788
4142, 6041420, 6070211, 28791
4143, 6041430, 6070224, 28794
4144, 6041440, 6070238, 28798
4145, 6041450, 6070251, 28801
4146, 6041460, 6070264, 28804
4147, 6041470, 6070278, 28808
4149, 6041490, 6070291, 28801
4151, 6041510, 6070318, 28808
4152, 6041520, 6070331, 28811
4153, 6041530, 6070344, 28814
4154, 6041540, 6070357, 28817
4155, 6041550, 6070371, 28821
4156, 6041560, 6070384, 28824
4157, 6041570, 6070397, 28827
4158, 6041580, 6070410, 28830
4159, 6041590, 6070424, 28834
4160, 6041600, 6070437, 28837
4162, 6041620, 6070450, 28830
4163, 6041630, 6070464, 28834
4164, 6041640, 6070477, 28837
4165, 6041650, 6070490, 28840
4166, 6041660, 6070503, 28843
4167, 6041670, 6070517, 28847
4168, 6041680, 6070530, 28850
4169, 6041690, 6070543, 28853
4170, 6041700, 6070557, 28857
4171, 6041710, 6070570, 28860
4172, 6041720, 6070583, 28863
4174, 6041740, 6070596, 28856
4175, 6041750, 6070610, 28860
4176, 6041760, 6070623, 28863
4177, 6041770, 6070636, 28866
4178, 6041780, 6070650, 28870
4179, 6041790, 6070663, 28873
4180, 6041800, 6070676, 28876
4181, 6041810, 6070689, 28879
4182, 6041820, 6070703, 28883
4183, 6041830, 6070716, 28886
4184, 6041840, 6070729, 28889
4186, 6041860, 6070742, 28882
4187, 6041870, 6070756, 28886
4188, 6041880, 6070769, 28889
4189, 6041890, 6070782, 28892
4190, 6041900, 6070796, 28896
4191, 6041910, 6070809, 28899
4192, 6041920, 6070822, 28902
4193, 6041930, 6070835, 28905
4194, 6041940, 6070849, 28909
4195, 6041950, 6070862, 28912
4196, 6041960, 6070875, 28915
4197, 6041970, 6070889, 28919
4199, 6041990, 6070902, 28912
4602, 6046020, 6070929, 24909
4603, 6046030, 6070942, 24912
4604, 6046040, 6070955, 24915
4605, 6046050, 6070968, 24918
4606, 6046060, 6070982, 24922
4607, 6046070, 6070995, 24925
4608, 6046080, 6071008, 24928
4609, 6046090, 6071022, 24932
4610, 6046100, 6071035, 24935
4611, 6046110, 6071048, 24938
4612, 6046120, 6071061, 24941
4614, 6046140, 6071075, 24935
4615, 6046150, 6071088, 24938
4616, 6046160, 6071101, 24941
4617, 6046170, 6071114, 24944
4618, 6046180, 6071128, 24948
4619, 6046190, 6071141, 24951
4620, 6046200, 6071154, 24954
4621, 6046210, 6071168, 24958
4622, 6046220, 6071181, 24961
4623, 6046230, 6071194, 24964
4624, 6046240, 6071207, 24967
4626, 6046260, 6071221, 24961
4627, 6046270, 6071234, 24964
4628, 6046280, 6071247, 24967
4629, 6046290, 6071261, 24971
4630, 6046300, 6071274, 24974
4631, 6046310, 6071287, 24977
4632, 6046320, 6071300, 24980
4633, 6046330, 6071314, 24984
4634, 6046340, 6071327, 24987
4635, 6046350, 6071340, 24990
4636, 6046360, 6071354, 24994
4637, 6046370, 6071367, 24997
4639, 6046390, 6071380, 24990
4640, 6046400, 6071393, 24993
4641, 6046410, 6071407, 24997
4642, 6046420, 6071420, 25000
4643, 6046430, 6071433, 25003
4644, 6046440, 6071446, 25006
4645, 6046450, 6071460, 25010
4646, 6046460, 6071473, 25013
4647, 6046470, 6071486, 25016
4648, 6046480, 6071500, 25020
4649, 6046490, 6071513, 25023
4651, 6046510, 6071526, 25016
4652, 6046520, 6071539, 25019
4653, 6046530, 6071553, 25023
4654, 6046540, 6071566, 25026
4655, 6046550, 6071579, 25029
4656, 6046560, 6071593, 25033
4657, 6046570, 6071606, 25036
4658, 6046580, 6071619, 25039
4659, 6046590, 6071632, 25042
4660, 6046600, 6071646, 25046
4661, 6046610, 6071659, 25049
4663, 6046630, 6071672, 25042
4664, 6046640, 6071686, 25046
4665, 6046650, 6071699, 25049
4666, 6046660, 6071712, 25052
4667, 6046670, 6071725, 25055
4668, 6046680, 6071739, 25059
4669, 6046690, 6071752, 25062
4670, 6046700, 6071765, 25065
4671, 6046710, 6071778, 25068
4672, 6046720, 6071792, 25072
4673, 6046730, 6071805, 25075
4675, 6046750, 6071818, 25068
4676, 6046760, 6071832, 25072
4677, 6046770, 6071845, 25075
4678, 6046780, 6071858, 25078
4679, 6046790, 6071871, 25081
4680, 6046800, 6071885, 25085
4681, 6046810, 6071898, 25088
4682, 6046820, 6071911, 25091
4683, 6046830, 6071925, 25095
4684, 6046840, 6071938, 25098
4685, 6046850, 6071951, 25101
4686, 6046860, 6071964, 25104
4688, 6046880, 6071978, 25098
4689, 6046890, 6071991, 25101
4690, 6046900, 6072004, 25104
4691, 6046910, 6072018, 25108
4692, 6046920, 6072031, 25111
4693, 6046930, 6072044, 25114
4694, 6046940, 6072057, 25117
4695, 6046950, 6072071, 25121
4696, 6046960, 6072084, 25124
4697, 6046970, 6072097, 25127
4698, 6046980, 6072110, 25130
4701, 6047010, 6072137, 25127
4702, 6047020, 6072150, 25130
4703, 6047030, 6072164, 25134
4704, 6047040, 6072177, 25137
4705, 6047050, 6072190, 25140
4706, 6047060, 6072204, 25144
4707, 6047070, 6072217, 25147
4708, 6047080, 6072230, 25150
4709, 6047090, 6072243, 25153
4710, 6047100, 6072257, 25157
4711, 6047110, 6072270, 25160
4713, 6047130, 6072283, 25153
4714, 6047140, 6072297, 25157
4715, 6047150, 6072310, 25160
4716, 6047160, 6072323, 25163
4717, 6047170, 6072336, 25166
4718, 6047180, 6072350, 25170
4719, 6047190, 6072363, 25173
4720, 6047200, 6072376, 25176
4721, 6047210, 6072390, 25180
4722, 6047220, 6072403, 25183
4723, 6047230, 6072416, 25186
4725, 6047250, 6072429, 25179
4726, 6047260, 6076012, 28752
4727, 6047270, 6076025, 28755
4728, 6047280, 6076038, 28758
4729, 6047290, 6076052, 28762
4730, 6047300, 6076065, 28765
4731, 6047310, 6076078, 28768
4732, 6047320, 6076092, 28772
4733, 6047330, 6076105, 28775
4734, 6047340, 6076118, 28778
4735, 6047350, 6076131, 28781
4737, 6047370, 6076145, 28775
4738, 6047380, 6076158, 28778
4739, 6047390, 6076171, 28781
4740, 6047400, 6076185, 28785
4741, 6047410, 6076198, 28788
4742, 6047420, 6076211, 28791
4743, 6047430, 6076224, 28794
4744, 6047440, 6076238, 28798
4745, 6047450, 6076251, 28801
4746, 6047460, 6076264, 28804
4747, 6047470, 6076278, 28808
4749, 6047490, 6076291, 28801
4751, 6047510, 6076318, 28808
4752, 6047520, 6076331, 28811
4753, 6047530, 6076344, 28814
4754, 6047540, 6076357, 28817
4755, 6047550, 6076371, 28821
4756, 6047560, 6076384, 28824
4757, 6047570, 6076397, 28827
4758, 6047580, 6076410, 28830
4759, 6047590, 6076424, 28834
4760, 6047600, 6076437, 28837
4762, 6047620, 6076450, 28830
4763, 6047630, 6076464, 28834
4764, 6047640, 6076477, 28837
4765, 6047650, 6076490, 28840
4766, 6047660, 6076503, 28843
4767, 6047670, 6076517, 28847
4768, 6047680, 6076530, 28850
4769, 6047690, 6076543, 28853
4770, 6047700, 6076557, 28857
4771, 6047710, 6076570, 28860
4772, 6047720, 6076583, 28863
4774, 6047740, 6076596, 28856
4775, 6047750, 6076610, 28860
4776, 6047760, 6076623, 28863
4777, 6047770, 6076636, 28866
4778, 6047780, 6076650, 28870
4779, 6047790, 6076663, 28873
4780, 6047800, 6076676, 28876
4781, 6047810, 6076689, 28879
4782, 6047820, 6076703, 28883
4783, 6047830, 6076716, 28886
4784, 6047840, 6076729, 28889
4786, 6047860, 6076742, 28882
4787, 6047870, 6076756, 28886
4788, 6047880, 6076769, 28889
4789, 6047890, 6076782, 28892
4790, 6047900, 6076796, 28896
4791, 6047910, 6076809, 28899
4792, 6047920, 6076822, 28902
4793, 6047930, 6076835, 28905
4794, 6047940, 6076849, 28909
4795, 6047950, 6076862, 28912
4796, 6047960, 6076875, 28915
4797, 6047970, 6076889, 28919
4799, 6047990, 6076902, 28912
5202, 6052020, 6076929, 24909
5203, 6052030, 6076942, 24912
5204, 6052040, 6076955, 24915
5205, 6052050, 6076968, 24918
5206, 6052060, 6076982, 24922
5207, 6052070, 6076995, 24925
5208, 6052080, 6077008, 24928
5209, 6052090, 6077022, 24932
5210, 6052100, 6077035, 24935
5211, 6052110, 6077048, 24938
5212, 6052120, 6077061, 24941
5214, 6052140, 6077075, 24935
5215, 6052150, 6077088, 24938
5216, 6052160, 6077101, 24941
5217, 6052170, 6077114, 24944
5218, 6052180, 6077128, 24948
5219, 6052190, 6077141, 24951
5220, 6052200, 6077154, 24954
5221, 6052210, 6077168, 24958
5222, 6052220, 6077181, 24961
5223, 6052230, 6077194, 24964
5224, 6052240, 6077207, 24967
5226, 6052260, 6077221, 24961
5227, 6052270, 6077234, 24964
5228, 6052280, 6077247, 24967
5229, 6052290, 6077261, 24971
5230, 6052300, 6077274, 24974
5231, 6052310, 6077287, 24977
5232, 6052320, 6077300, 24980
5233, 6052330, 6077314, 24984
5234, 6052340, 6077327, 24987
5235, 6052350, 6077340, 24990
5236, 6052360, 6077354, 24994
5237, 6052370, 6077367, 24997
5239, 6052390, 6077380, 24990
5240, 6052400, 6077393, 24993
5241, 6052410, 6077407, 24997
5242, 6052420, 6077420, 25000
5243, 6052430, 6077433, 25003
5244, 6052440, 6077446, 25006
5245, 6052450, 6077460, 25010
5246, 6052460, 6077473, 25013
5247, 6052470, 6077486, 25016
5248, 6052480, 6077500, 25020
5249, 6052490, 6077513, 25023
5251, 6052510, 6077526, 25016
5252, 6052520, 6077539, 25019
5253, 6052530, 6077553, 25023
5254, 6052540, 6077566, 25026
5255, 6052550, 6077579, 25029
5256, 6052560, 6077593, 25033
5257, 6052570, 6077606, 25036
5258, 6052580, 6077619, 25039
5259, 6052590, 6077632, 25042
5260, 6052600, 6077646, 25046
5261, 6052610, 6077659, 25049
5263, 6052630, 6077672, 25042
5264, 6052640, 6077686, 25046
5265, 6052650, 6077699, 25049
5266, 6052660, 6077712, 25052
5267, 6052670, 6077725, 25055
5268, 6052680, 6077739, 25059
5269, 6052690, 6077752, 25062
5270, 6052700, 6077765, 25065
5271, 6052710, 6077778, 25068
5272, 6052720, 6077792, 25072
5273, 6052730, 6077805, 25075
5275, 6052750, 6077818, 25068
5276, 6052760, 6077832, 25072
5277, 6052770, 6077845, 25075
5278, 6052780, 6077858, 25078
5279, 6052790, 6077871, 25081
5280, 6052800, 6077885, 25085
5281, 6052810, 6077898, 25088
5282, 6052820, 6077911, 25091
5283, 6052830, 6077925, 25095
5284, 6052840, 6077938, 25098
5285, 6052850, 6077951, 25101
5286, 6052860, 6077964, 25104
5288, 6052880, 6077978, 25098
5289, 6052890, 6077991, 25101
5290, 6052900, 6078004, 25104
5291, 6052910, 6078018, 25108
5292, 6052920, 6078031, 25111
5293, 6052930, 6078044, 25114
5294, 6052940, 6078057, 25117
5295, 6052950, 6078071, 25121
5296, 6052960, 6078084, 25124
5297, 6052970, 6078097, 25127
5298, 6052980, 6078110, 25130
5301, 6053010, 6078137, 25127
5302, 6053020, 6078150, 25130
5303, 6053030, 6078164, 25134
5304, 6053040, 6078177, 25137
5305, 6053050, 6078190, 25140
5306, 6053060, 6078204, 25144
5307, 6053070, 6078217, 25147
5308, 6053080, 6078230, 25150
5309, 6053090, 6078243, 25153
5310, 6053100, 6078257, 25157
5311, 6053110, 6078270, 25160
5313, 6053130, 6078283, 25153
5314, 6053140, 6078297, 25157
5315, 6053150, 6078310, 25160
5316, 6053160, 6078323, 25163
5317, 6053170, 6078336, 25166
5318, 6053180, 6078350, 25170
5319, 6053190, 6078363, 25173
5320, 6053200, 6078376, 25176
5321, 6053210, 6078390, 25180
5322, 6053220, 6078403, 25183
5323, 6053230, 6078416, 25186
5325, 6053250, 6078429, 25179
5326, 6053260, 6082012, 28752
5327, 6053270, 6082025, 28755
5328, 6053280, 6082038, 28758
5329, 6053290, 6082052, 28762
5330, 6053300, 6082065, 28765
5331, 6053310, 6082078, 28768
5332, 6053320, 6082092, 28772
5333, 6053330, 6082105, 28775
5334, 6053340, 6082118, 28778
5335, 6053350, 6082131, 28781
5337, 6053370, 6082145, 28775
5338, 6053380, 6082158, 28778
5339, 6053390, 6082171, 28781
5340, 6053400, 6082185, 28785
5341, 6053410, 6082198, 28788
5342, 6053420, 6082211, 28791
5343, 6053430, 6082224, 28794
5344, 6053440, 6082238, 28798
5345, 6053450, 6082251, 28801
5346, 6053460, 6082264, 28804
5347, 6053470, 6082278, 28808
5349, 6053490, 6082291, 28801
5351, 6053510, 6082318, 28808
5352, 6053520, 6082331, 28811
5353, 6053530, 6082344, 28814
5354, 6053540, 6082357, 28817
5355, 6053550, 6082371, 28821
5356, 6053560, 6082384, 28824
5357, 6053570, 6082397, 28827
5358, 6053580, 6082410, 28830
5359, 6053590, 6082424, 28834
5360, 6053600, 6082437, 28837
5362, 6053620, 6082450, 28830
5363, 6053630, 6082464, 28834
5364, 6053640, 6082477, 28837
5365, 6053650, 6082490, 28840
5366, 6053660, 6082503, 28843
5367, 6053670, 6082517, 28847
5368, 6053680, 6082530, 28850
5369, 6053690, 6082543, 28853
5370, 6053700, 6082557, 28857
5371, 6053710, 6082570, 28860
5372, 6053720, 6082583, 28863
5374, 6053740, 6082596, 28856
5375, 6053750, 6082610, 28860
5376, 6053760, 6082623, 28863
5377, 6053770, 6082636, 28866
5378, 6053780, 6082650, 28870
5379, 6053790, 6082663, 28873
5380, 6053800, 6082676, 28876
5381, 6053810, 6082689, 28879
5382, 6053820, 6082703, 28883
5383, 6053830, 6082716, 28886
5384, 6053840, 6082729, 28889
5386, 6053860, 6082742, 28882
5387, 6053870, 6082756, 28886
5388, 6053880, 6082769, 28889
5389, 6053890, 6082782, 28892
5390, 6053900, 6082796, 28896
5391, 6053910, 6082809, 28899
5392, 6053920, 6082822, 28902
5393, 6053930, 6082835, 28905
5394, 6053940, 6082849, 28909
5395, 6053950, 6082862, 28912
5396, 6053960, 6082875, 28915
5397, 6053970, 6082889, 28919
5399, 6053990, 6082902, 28912
5802, 6058020, 6082929, 24909
5803, 6058030, 6082942, 24912
5804, 6058040, 6082955, 24915
5805, 6058050, 6082968, 24918
5806, 6058060, 6082982, 24922
5807, 6058070, 6082995, 24925
5808, 6058080, 6083008, 24928
5809, 6058090, 6083022, 24932
5810, 6058100, 6083035, 24935
5811, 6058110, 6083048, 24938
5812, 6058120, 6083061, 24941
5814, 6058140, 6083075, 24935
5815, 6058150, 6083088, 24938
5816, 6058160, 6083101, 24941
5817, 6058170, 6083114, 24944
5818, 6058180, 6083128, 24948
5819, 6058190, 6083141, 24951
5820, 6058200, 6083154, 24954
5821, 6058210, 6083168, 24958
5822, 6058220, 6083181, 24961
5823, 6058230, 6083194, 24964
5824, 6058240, 6083207, 24967
5826, 6058260, 6083221, 24961
5827, 6058270, 6083234, 24964
5828, 6058280, 6083247, 24967
5829, 6058290, 6083261, 24971
5830, 6058300, 6083274, 24974
5831, 6058310, 6083287, 24977
5832, 6058320, 6083300, 24980
5833, 6058330, 6083314, 24984
5834, 6058340, 6083327, 24987
5835, 6058350, 6083340, 24990
5836, 6058360, 6083354, 24994
5837, 6058370, 6083367, 24997
5839, 6058390, 6083380, 24990
5840, 6058400, 6083393, 24993
5841, 6058410, 6083407, 24997
5842, 6058420, 6083420, 25000
5843, 6058430, 6083433, 25003
5844, 6058440, 6083446, 25006
5845, 6058450, 6083460, 25010
5846, 6058460, 6083473, 25013
5847, 6058470, 6083486, 25016
5848, 6058480, 6083500, 25020
5849, 6058490, 6083513, 25023
5851, 6058510, 6083526, 25016
5852, 6058520, 6083539, 25019
5853, 6058530, 6083553, 25023
5854, 6058540, 6083566, 25026
5855, 6058550, 6083579, 25029
5856, 6058560, 6083593, 25033
5857, 6058570, 6083606, 25036
5858, 6058580, 6083619, 25039
5859, 6058590, 6083632, 25042
5860, 6058600, 6083646, 25046
5861, 6058610, 6083659, 25049
5863, 6058630, 6083672, 25042
5864, 6058640, 6083686, 25046
5865, 6058650, 6083699, 25049
5866, 6058660, 6083712, 25052
5867, 6058670, 6083725, 25055
5868, 6058680, 6083739, 25059
5869, 6058690, 6083752, 25062
5870, 6058700, 6083765, 25065
5871, 6058710, 6083778, 25068
5872, 6058720, 6083792, 25072
5873, 6058730, 6083805, 25075
5875, 6058750, 6083818, 25068
5876, 6058760, 6083832, 25072
5877, 6058770, 6083845, 25075
5878, 6058780, 6083858, 25078
5879, 6058790, 6083871, 25081
5880, 6058800, 6083885, 25085
5881, 6058810, 6083898, 25088
5882, 6058820, 6083911, 25091
5883, 6058830, 6083925, 25095
5884, 6058840, 6083938, 25098
5885, 6058850, 6083951, 25101
5886, 6058860, 6083964, 25104
5888, 6058880, 6083978, 25098
5889, 6058890, 6083991, 25101
5890, 6058900, 6084004, 25104
5891, 6058910, 6084018, 25108
5892, 6058920, 6084031, 25111
5893, 6058930, 6084044, 25114
5894, 6058940, 6084057, 25117
5895, 6058950, 6084071, 25121
5896, 6058960, 6084084, 25124
5897, 6058970, 6084097, 25127
5898, 6058980, 6084110, 25130
5901, 6059010, 6084137, 25127
5902, 6059020, 6084150, 25130
5903, 6059030, 6084164, 25134
5904, 6059040, 6084177, 25137
5905, 6059050, 6084190, 25140
5906, 6059060, 6084204, 25144
5907, 6059070, 6084217, 25147
5908, 6059080, 6084230, 25150
5909, 6059090, 6084243, 25153
5910, 6059100, 6084257, 25157
5911, 6059110, 6084270, 25160
5913, 6059130, 6084283, 25153
5914, 6059140, 6084297, 25157
5915, 6059150, 6084310, 25160
5916, 6059160, 6084323, 25163
5917, 6059170, 6084336, 25166
5918, 6059180, 6084350, 25170
5919, 6059190, 6084363, 25173
5920, 6059200, 6084376, 25176
5921, 6059210, 6084390, 25180
5922, 6059220, 6084403, 25183
5923, 6059230, 6084416, 25186
5925, 6059250, 6084429, 25179
5926, 6059260, 6088012, 28752
5927, 6059270, 6088025, 28755
5928, 6059280, 6088038, 28758
5929, 6059290, 6088052, 28762
5930, 6059300, 6088065, 28765
5931, 6059310, 6088078, 28768
5932, 6059320, 6088092, 28772
5933, 6059330, 6088105, 28775
5934, 6059340, 6088118, 28778
5935, 6059350, 6088131, 28781
5937, 6059370, 6088145, 28775
5938, 6059380, 6088158, 28778
5939, 6059390, 6088171, 28781
5940, 6059400, 6088185, 28785
5941, 6059410, 6088198, 28788
5942, 6059420, 6088211, 28791
5943, 6059430, 6088224, 28794
5944, 6059440, 6088238, 28798
5945, 6059450, 6088251, 28801
5946, 6059460, 6088264, 28804
5947, 6059470, 6088278, 28808
5949, 6059490, 6088291, 28801
5951, 6059510, 6088318, 28808
5952, 6059520, 6088331, 28811
5953, 6059530, 6088344, 28814
5954, 6059540, 6088357, 28817
5955, 6059550, 6088371, 28821
5956, 6059560, 6088384, 28824
5957, 6059570, 6088397, 28827
5958, 6059580, 6088410, 28830
5959, 6059590, 6088424, 28834
5960, 6059600, 6088437, 28837
5962, 6059620, 6088450, 28830
5963, 6059630, 6088464, 28834
5964, 6059640, 6088477, 28837
5965, 6059650, 6088490, 28840
5966, 6059660, 6088503, 28843
5967, 6059670, 6088517, 28847
5968, 6059680, 6088530, 28850
5969, 6059690, 6088543, 28853
5970, 6059700, 6088557, 28857
5971, 6059710, 6088570, 28860
5972, 6059720, 6088583, 28863
5974, 6059740, 6088596, 28856
5975, 6059750, 6088610, 28860
5976, 6059760, 6088623, 28863
5977, 6059770, 6088636, 28866
5978, 6059780, 6088650, 28870
5979, 6059790, 6088663, 28873
5980, 6059800, 6088676, 28876
5981, 6059810, 6088689, 28879
5982, 6059820, 6088703, 28883
5983, 6059830, 6088716, 28886
5984, 6059840, 6088729, 28889
5986, 6059860, 6088742, 28882
5987, 6059870, 6088756, 28886
5988, 6059880, 6088769, 28889
5989, 6059890, 6088782, 28892
5990, 6059900, 6088796, 28896
5991, 6059910, 6088809, 28899
5992, 6059920, 6088822, 28902
5993, 6059930, 6088835, 28905
5994, 6059940, 6088849, 28909
5995, 6059950, 6088862, 28912
5996, 6059960, 6088875, 28915
5997, 6059970, 6088889, 28919
5999, 6059990, 6088902, 28912
6402, 6064020, 6088929, 24909
6403, 6064030, 6088942, 24912
6404, 6064040, 6088955, 24915
6405, 6064050, 6088968, 24918
6406, 6064060, 6088982, 24922
6407, 6064070, 6088995, 24925
6408, 6064080, 6089008, 24928
6409, 6064090, 6089022, 24932
6410, 6064100, 6089035, 24935
6411, 6064110, 6089048, 24938
6412, 6064120, 6089061, 24941
6414, 6064140, 6089075, 24935
6415, 6064150, 6089088, 24938
6416, 6064160, 6089101, 24941
6417, 6064170, 6089114, 24944
6418, 6064180, 6089128, 24948
6419, 6064190, 6089141, 24951
6420, 6064200, 6089154, 24954
6421, 6064210, 6089168, 24958
6422, 6064220, 6089181, 24961
6423, 6064230, 6089194, 24964
6424, 6064240, 6089207, 24967
6426, 6064260, 6089221, 24961
6427, 6064270, 6089234, 24964
6428, 6064280, 6089247, 24967
6429, 6064290, 6089261, 24971
6430, 6064300, 6089274, 24974
6431, 6064310, 6089287, 24977
6432, 6064320, 6089300, 24980
6433, 6064330, 6089314, 24984
6434, 6064340, 6089327, 24987
6435, 6064350, 6089340, 24990
6436, 6064360, 6089354, 24994
6437, 6064370, 6089367, 24997
6439, 6064390, 6089380, 24990
6440, 6064400, 6089393, 24993
6441, 6064410, 6089407, 24997
6442, 6064420, 6089420, 25000
6443, 6064430, 6089433, 25003
6444, 6064440, 6089446, 25006
6445, 6064450, 6089460, 25010
6446, 6064460, 6089473, 25013
6447, 6064470, 6089486, 25016
6448, 6064480, 6089500, 25020
6449, 6064490, 6089513, 25023
6451, 6064510, 6089526, 25016
6452, 6064520, 6089539, 25019
6453, 6064530, 6089553, 25023
6454, 6064540, 6089566, 25026
6455, 6064550, 6089579, 25029
6456, 6064560, 6089593, 25033
6457, 6064570, 6089606, 25036
6458, 6064580, 6089619, 25039
6459, 6064590, 6089632, 25042
6460, 6064600, 6089646, 25046
6461, 6064610, 6089659, 25049
6463, 6064630, 6089672, 25042
6464, 6064640, 6089686, 25046
6465, 6064650, 6089699, 25049
6466, 6064660, 6089712, 25052
6467, 6064670, 6089725, 25055
6468, 6064680, 6089739, 25059
6469, 6064690, 6089752, 25062
6470, 6064700, 6089765, 25065
6471, 6064710, 6089778, 25068
6472, 6064720, 6089792, 25072
6473, 6064730, 6089805, 25075
6474, 6064740, 6089818, 25078
6476, 6064760, 6089832, 25072
6477, 6064770, 6089845, 25075
6478, 6064780, 6089858, 25078
6479, 6064790, 6089871, 25081
6480, 6064800, 6089885, 25085
6481, 6064810, 6089898, 25088
6482, 6064820, 6089911, 25091
6483, 6064830, 6089925, 25095
6484, 6064840, 6089938, 25098
6485, 6064850, 6089951, 25101
6486, 6064860, 6089964, 25104
6488, 6064880, 6089978, 25098
6489, 6064890, 6089991, 25101
6490, 6064900, 6090004, 25104
6491, 6064910, 6090018, 25108
6492, 6064920, 6090031, 25111
6493, 6064930, 6090044, 25114
6494, 6064940, 6090057, 25117
6495, 6064950, 6090071, 25121
6496, 6064960, 6090084, 25124
6497, 6064970, 6090097, 25127
6498, 6064980, 6090110, 25130
6501, 6065010, 6090137, 25127
6502, 6065020, 6090150, 25130
6503, 6065030, 6090164, 25134
6504, 6065040, 6090177, 25137
6505, 6065050, 6090190, 25140
6506, 6065060, 6090204, 25144
6507, 6065070, 6090217, 25147
6508, 6065080, 6090230, 25150
6509, 6065090, 6090243, 25153
6510, 6065100, 6090257, 25157
6511, 6065110, 6090270, 25160
6513, 6065130, 6090283, 25153
6514, 6065140, 6090297, 25157
6515, 6065150, 6090310, 25160
6516, 6065160, 6090323, 25163
6517, 6065170, 6090336, 25166
6518, 6065180, 6090350, 25170
6519, 6065190, 6090363, 25173
6520, 6065200, 6090376, 25176
6521, 6065210, 6090390, 25180
6522, 6065220, 6090403, 25183
6523, 6065230, 6090416, 25186
6525, 6065250, 6090429, 25179
6526, 6065260, 6094012, 28752
6527, 6065270, 6094025, 28755
6528, 6065280, 6094038, 28758
6529, 6065290, 6094052, 28762
6530, 6065300, 6094065, 28765
6531, 6065310, 6094078, 28768
6532, 6065320, 6094092, 28772
6533, 6065330, 6094105, 28775
6534, 6065340, 6094118, 28778
6535, 6065350, 6094131, 28781
6537, 6065370, 6094145, 28775
6538, 6065380, 6094158, 28778
6539, 6065390, 6094171, 28781
6540, 6065400, 6094185, 28785
6541, 6065410, 6094198, 28788
6542, 6065420, 6094211, 28791
6543, 6065430, 6094224, 28794
6544, 6065440, 6094238, 28798
6545, 6065450, 6094251, 28801
6546, 6065460, 6094264, 28804
6547, 6065470, 6094278, 28808
6548, 6065480, 6094291, 28811
6551, 6065510, 6094318, 28808
6552, 6065520, 6094331, 28811
6553, 6065530, 6094344, 28814
6554, 6065540, 6094357, 28817
6555, 6065550, 6094371, 28821
6556, 6065560, 6094384, 28824
6557, 6065570, 6094397, 28827
6558, 6065580, 6094410, 28830
6559, 6065590, 6094424, 28834
6560, 6065600, 6094437, 28837
6562, 6065620, 6094450, 28830
6563, 6065630, 6094464, 28834
6564, 6065640, 6094477, 28837
6565, 6065650, 6094490, 28840
6566, 6065660, 6094503, 28843
6567, 6065670, 6094517, 28847
6568, 6065680, 6094530, 28850
6569, 6065690, 6094543, 28853
6570, 6065700, 6094557, 28857
6571, 6065710, 6094570, 28860
6572, 6065720, 6094583, 28863
6573, 6065730, 6094596, 28866
6575, 6065750, 6094610, 28860
6576, 6065760, 6094623, 28863
6577, 6065770, 6094636, 28866
6578, 6065780, 6094650, 28870
6579, 6065790, 6094663, 28873
6580, 6065800, 6094676, 28876
6581, 6065810, 6094689, 28879
6582, 6065820, 6094703, 28883
6583, 6065830, 6094716, 28886
6584, 6065840, 6094729, 28889
6585, 6065850, 6094742, 28892
6587, 6065870, 6094756, 28886
6588, 6065880, 6094769, 28889
6589, 6065890, 6094782, 28892
6590, 6065900, 6094796, 28896
6591, 6065910, 6094809, 28899
6592, 6065920, 6094822, 28902
6593, 6065930, 6094835, 28905
6594, 6065940, 6094849, 28909
6595, 6065950, 6094862, 28912
6596, 6065960, 6094875, 28915
6597, 6065970, 6094889, 28919
6599, 6065990, 6094902, 28912
7002, 6070020, 6094928, 24908
7003, 6070030, 6094942, 24912
7004, 6070040, 6094955, 24915
7005, 6070050, 6094968, 24918
7006, 6070060, 6094982, 24922
7007, 6070070, 6094995, 24925
7008, 6070080, 6095008, 24928
7009, 6070090, 6095021, 24931
7010, 6070100, 6095035, 24935
7011, 6070110, 6095048, 24938
7012, 6070120, 6095061, 24941
7014, 6070140, 6095074, 24934
7015, 6070150, 6095088, 24938
7016, 6070160, 6095101, 24941
7017, 6070170, 6095114, 24944
7018, 6070180, 6095128, 24948
7019, 6070190, 6095141, 24951
7020, 6070200, 6095154, 24954
7021, 6070210, 6095167, 24957
7022, 6070220, 6095181, 24961
7023, 6070230, 6095194, 24964
7024, 6070240, 6095207, 24967
7026, 6070260, 6095221, 24961
7027, 6070270, 6095234, 24964
7028, 6070280, 6095247, 24967
7029, 6070290, 6095260, 24970
7030, 6070300, 6095274, 24974
7031, 6070310, 6095287, 24977
7032, 6070320, 6095300, 24980
7033, 6070330, 6095314, 24984
7034, 6070340, 6095327, 24987
7035, 6070350, 6095340, 24990
7036, 6070360, 6095353, 24993
7037, 6070370, 6095367, 24997
7039, 6070390, 6095380, 24990
7040, 6070400, 6095393, 24993
7041, 6070410, 6095406, 24996
7042, 6070420, 6095420, 25000
7043, 6070430, 6095433, 25003
7044, 6070440, 6095446, 25006
7045, 6070450, 6095460, 25010
7046, 6070460, 6095473, 25013
7047, 6070470, 6095486, 25016
7048, 6070480, 6095499, 25019
7049, 6070490, 6095513, 25023
7051, 6070510, 6095526, 25016
7052, 6070520, 6095539, 25019
7053, 6070530, 6095553, 25023
7054, 6070540, 6095566, 25026
7055, 6070550, 6095579, 25029
7056, 6070560, 6095592, 25032
7057, 6070570, 6095606, 25036
7058, 6070580, 6095619, 25039
7059, 6070590, 6095632, 25042
7060, 6070600, 6095646, 25046
7061, 6070610, 6095659, 25049
7063, 6070630, 6095672, 25042
7064, 6070640, 6095685, 25045
7065, 6070650, 6095699, 25049
7066, 6070660, 6095712, 25052
7067, 6070670, 6095725, 25055
7068, 6070680, 6095738, 25058
7069, 6070690, 6095752, 25062
7070, 6070700, 6095765, 25065
7071, 6070710, 6095778, 25068
7072, 6070720, 6095792, 25072
7073, 6070730, 6095805, 25075
7074, 6070740, 6095818, 25078
7076, 6070760, 6095831, 25071
7077, 6070770, 6095845, 25075
7078, 6070780, 6095858, 25078
7079, 6070790, 6095871, 25081
7080, 6070800, 6095885, 25085
7081, 6070810, 6095898, 25088
7082, 6070820, 6095911, 25091
7083, 6070830, 6095924, 25094
7084, 6070840, 6095938, 25098
7085, 6070850, 6095951, 25101
7086, 6070860, 6095964, 25104
7088, 6070880, 6095978, 25098
7089, 6070890, 6095991, 25101
7090, 6070900, 6096004, 25104
7091, 6070910, 6096017, 25107
7092, 6070920, 6096031, 25111
7093, 6070930, 6096044, 25114
7094, 6070940, 6096057, 25117
7095, 6070950, 6096070, 25120
7096, 6070960, 6096084, 25124
7097, 6070970, 6096097, 25127
7098, 6070980, 6096110, 25130
7101, 6071010, 6096137, 25127
7102, 6071020, 6096150, 25130
7103, 6071030, 6096164, 25134
7104, 6071040, 6096177, 25137
7105, 6071050, 6096190, 25140
7106, 6071060, 6096203, 25143
7107, 6071070, 6096217, 25147
7108, 6071080, 6096230, 25150
7109, 6071090, 6096243, 25153
7110, 6071100, 6096257, 25157
7111, 6071110, 6096270, 25160
7113, 6071130, 6096283, 25153
7114, 6071140, 6096296, 25156
7115, 6071150, 6096310, 25160
7116, 6071160, 6096323, 25163
7117, 6071170, 6096336, 25166
7118, 6071180, 6096350, 25170
7119, 6071190, 6096363, 25173
7120, 6071200, 6096376, 25176
7121, 6071210, 6096389, 25179
7122, 6071220, 6096403, 25183
7123, 6071230, 6096416, 25186
7125, 6071250, 6096429, 25179
7126, 6071260, 6100012, 28752
7127, 6071270, 6100025, 28755
7128, 6071280, 6100038, 28758
7129, 6071290, 6100052, 28762
7130, 6071300, 6100065, 28765
7131, 6071310, 6100078, 28768
7132, 6071320, 6100092, 28772
7133, 6071330, 6100105, 28775
7134, 6071340, 6100118, 28778
7135, 6071350, 6100131, 28781
7137, 6071370, 6100145, 28775
7138, 6071380, 6100158, 28778
7139, 6071390, 6100171, 28781
7140, 6071400, 6100185, 28785
7141, 6071410, 6100198, 28788
7142, 6071420, 6100211, 28791
7143, 6071430, 6100224, 28794
7144, 6071440, 6100238, 28798
7145, 6071450, 6100251, 28801
7146, 6071460, 6100264, 28804
7147, 6071470, 6100278, 28808
7148, 6071480, 6100291, 28811
7151, 6071510, 6100318, 28808
7152, 6071520, 6100331, 28811
7153, 6071530, 6100344, 28814
7154, 6071540, 6100357, 28817
7155, 6071550, 6100371, 28821
7156, 6071560, 6100384, 28824
7157, 6071570, 6100397, 28827
7158, 6071580, 6100410, 28830
7159, 6071590, 6100424, 28834
7160, 6071600, 6100437, 28837
7162, 6071620, 6100450, 28830
7163, 6071630, 6100464, 28834
7164, 6071640, 6100477, 28837
7165, 6071650, 6100490, 28840
7166, 6071660, 6100503, 28843
7167, 6071670, 6100517, 28847
7168, 6071680, 6100530, 28850
7169, 6071690, 6100543, 28853
7170, 6071700, 6100557, 28857
7171, 6071710, 6100570, 28860
7172, 6071720, 6100583, 28863
7174, 6071740, 6100596, 28856
7175, 6071750, 6100610, 28860
7176, 6071760, 6100623, 28863
7177, 6071770, 6100636, 28866
7178, 6071780, 6100650, 28870
7179, 6071790, 6100663, 28873
7180, 6071800, 6100676, 28876
7181, 6071810, 6100689, 28879
7182, 6071820, 6100703, 28883
7183, 6071830, 6100716, 28886
7184, 6071840, 6100729, 28889
7185, 6071850, 6100742, 28892
7187, 6071870, 6100756, 28886
7188, 6071880, 6100769, 28889
7189, 6071890, 6100782, 28892
7190, 6071900, 6100796, 28896
7191, 6071910, 6100809, 28899
7192, 6071920, 6100822, 28902
7193, 6071930, 6100835, 28905
7194, 6071940, 6100849, 28909
7195, 6071950, 6100862, 28912
7196, 6071960, 6100875, 28915
7197, 6071970, 6100889, 28919
7199, 6071990, 6100902, 28912
7602, 6076020, 6100929, 24909
7603, 6076030, 6100942, 24912
7604, 6076040, 6100955, 24915
7605, 6076050, 6100968, 24918
7606, 6076060, 6100982, 24922
7607, 6076070, 6100995, 24925
7608, 6076080, 6101008, 24928
7609, 6076090, 6101022, 24932
7610, 6076100, 6101035, 24935
7611, 6076110, 6101048, 24938
7612, 6076120, 6101061, 24941
7614, 6076140, 6101075, 24935
7615, 6076150, 6101088, 24938
7616, 6076160, 6101101, 24941
7617, 6076170, 6101114, 24944
7618, 6076180, 6101128, 24948
7619, 6076190, 6101141, 24951
7620, 6076200, 6101154, 24954
7621, 6076210, 6101168, 24958
7622, 6076220, 6101181, 24961
7623, 6076230, 6101194, 24964
7624, 6076240, 6101207, 24967
7626, 6076260, 6101221, 24961
7627, 6076270, 6101234, 24964
7628, 6076280, 6101247, 24967
7629, 6076290, 6101261, 24971
7630, 6076300, 6101274, 24974
7631, 6076310, 6101287, 24977
7632, 6076320, 6101300, 24980
7633, 6076330, 6101314, 24984
7634, 6076340, 6101327, 24987
7635, 6076350, 6101340, 24990
7636, 6076360, 6101354, 24994
7637, 6076370, 6101367, 24997
7639, 6076390, 6101380, 24990
7640, 6076400, 6101393, 24993
7641, 6076410, 6101407, 24997
7642, 6076420, 6101420, 25000
7643, 6076430, 6101433, 25003
7644, 6076440, 6101446, 25006
7645, 6076450, 6101460, 25010
7646, 6076460, 6101473, 25013
7647, 6076470, 6101486, 25016
7648, 6076480, 6101500, 25020
7649, 6076490, 6101513, 25023
7651, 6076510, 6101526, 25016
7652, 6076520, 6101539, 25019
7653, 6076530, 6101553, 25023
7654, 6076540, 6101566, 25026
7655, 6076550, 6101579, 25029
7656, 6076560, 6101593, 25033
7657, 6076570, 6101606, 25036
7658, 6076580, 6101619, 25039
7659, 6076590, 6101632, 25042
7660, 6076600, 6101646, 25046
7661, 6076610, 6101659, 25049
7663, 6076630, 6101672, 25042
7664, 6076640, 6101686, 25046
7665, 6076650, 6101699, 25049
7666, 6076660, 6101712, 25052
7667, 6076670, 6101725, 25055
7668, 6076680, 6101739, 25059
7669, 6076690, 6101752, 25062
7670, 6076700, 6101765, 25065
7671, 6076710, 6101778, 25068
7672, 6076720, 6101792, 25072
7673, 6076730, 6101805, 25075
7674, 6076740, 6101818, 25078
7676, 6076760, 6101832, 25072
7677, 6076770, 6101845, 25075
7678, 6076780, 6101858, 25078
7679, 6076790, 6101871, 25081
7680, 6076800, 6101885, 25085
7681, 6076810, 6101898, 25088
7682, 6076820, 6101911, 25091
7683, 6076830, 6101925, 25095
7684, 6076840, 6101938, 25098
7685, 6076850, 6101951, 25101
7686, 6076860, 6101964, 25104
7688, 6076880, 6101978, 25098
7689, 6076890, 6101991, 25101
7690, 6076900, 6102004, 25104
7691, 6076910, 6102018, 25108
7692, 6076920, 6102031, 25111
7693, 6076930, 6102044, 25114
7694, 6076940, 6102057, 25117
7695, 6076950, 6102071, 25121
7696, 6076960, 6102084, 25124
7697, 6076970, 6102097, 25127
7698, 6076980, 6102110, 25130
7701, 6077010, 6102137, 25127
7702, 6077020, 6102150, 25130
7703, 6077030, 6102164, 25134
7704, 6077040, 6102177, 25137
7705, 6077050, 6102190, 25140
7706, 6077060, 6102204, 25144
7707, 6077070, 6102217, 25147
7708, 6077080, 6102230, 25150
7709, 6077090, 6102243, 25153
7710, 6077100, 6102257, 25157
7711, 6077110, 6102270, 25160
7713, 6077130, 6102283, 25153
7714, 6077140, 6102297, 25157
7715, 6077150, 6102310, 25160
7716, 6077160, 6102323, 25163
7717, 6077170, 6102336, 25166
7718, 6077180, 6102350, 25170
7719, 6077190, 6102363, 25173
7720, 6077200, 6102376, 25176
7721, 6077210, 6102390, 25180
7722, 6077220, 6102403, 25183
7723, 6077230, 6102416, 25186
7725, 6077250, 6102429, 25179
7726, 6077260, 6106012, 28752
7727, 6077270, 6106025, 28755
7728, 6077280, 6106038, 28758
7729, 6077290, 6106052, 28762
7730, 6077300, 6106065, 28765
7731, 6077310, 6106078, 28768
7732, 6077320, 6106092, 28772
7733, 6077330, 6106105, 28775
7734, 6077340, 6106118, 28778
7735, 6077350, 6106131, 28781
7737, 6077370, 6106145, 28775
7738, 6077380, 6106158, 28778
7739, 6077390, 6106171, 28781
7740, 6077400, 6106185, 28785
7741, 6077410, 6106198, 28788
7742, 6077420, 6106211, 28791
7743, 6077430, 6106224, 28794
7744, 6077440, 6106238, 28798
7745, 6077450, 6106251, 28801
7746, 6077460, 6106264, 28804
7747, 6077470, 6106278, 28808
7748, 6077480, 6106291, 28811
7751, 6077510, 6106318, 28808
7752, 6077520, 6106331, 28811
7753, 6077530, 6106344, 28814
7754, 6077540, 6106357, 28817
7755, 6077550, 6106371, 28821
7756, 6077560, 6106384, 28824
7757, 6077570, 6106397, 28827
7758, 6077580, 6106410, 28830
7759, 6077590, 6106424, 28834
7760, 6077600, 6106437, 28837
7762, 6077620, 6106450, 28830
7763, 6077630, 6106464, 28834
7764, 6077640, 6106477, 28837
7765, 6077650, 6106490, 28840
7766, 6077660, 6106503, 28843
7767, 6077670, 6106517, 28847
7768, 6077680, 6106530, 28850
7769, 6077690, 6106543, 28853
7770, 6077700, 6106557, 28857
7771, 6077710, 6106570, 28860
7772, 6077720, 6106583, 28863
7774, 6077740, 6106596, 28856
7775, 6077750, 6106610, 28860
7776, 6077760, 6106623, 28863
7777, 6077770, 6106636, 28866
7778, 6077780, 6106650, 28870
7779, 6077790, 6106663, 28873
7780, 6077800, 6106676, 28876
7781, 6077810, 6106689, 28879
7782, 6077820, 6106703, 28883
7783, 6077830, 6106716, 28886
7784, 6077840, 6106729, 28889
7785, 6077850, 6106742, 28892
7787, 6077870, 6106756, 28886
7788, 6077880, 6106769, 28889
7789, 6077890, 6106782, 28892
7790, 6077900, 6106796, 28896
7791, 6077910, 6106809, 28899
7792, 6077920, 6106822, 28902
7793, 6077930, 6106835, 28905
7794, 6077940, 6106849, 28909
7795, 6077950, 6106862, 28912
7796, 6077960, 6106875, 28915
7797, 6077970, 6106889, 28919
7799, 6077990, 6106902, 28912
8202, 6082020, 6106929, 24909
8203, 6082030, 6106942, 24912
8204, 6082040, 6106955, 24915
8205, 6082050, 6106968, 24918
8206, 6082060, 6106982, 24922
8207, 6082070, 6106995, 24925
8208, 6082080, 6107008, 24928
8209, 6082090, 6107022, 24932
8210, 6082100, 6107035, 24935
8211, 6082110, 6107048, 24938
8212, 6082120, 6107061, 24941
8214, 6082140, 6107075, 24935
8215, 6082150, 6107088, 24938
8216, 6082160, 6107101, 24941
8217, 6082170, 6107114, 24944
8218, 6082180, 6107128, 24948
8219, 6082190, 6107141, 24951
8220, 6082200, 6107154, 24954
8221, 6082210, 6107168, 24958
8222, 6082220, 6107181, 24961
8223, 6082230, 6107194, 24964
8224, 6082240, 6107207, 24967
8226, 6082260, 6107221, 24961
8227, 6082270, 6107234, 24964
8228, 6082280, 6107247, 24967
8229, 6082290, 6107261, 24971
8230, 6082300, 6107274, 24974
8231, 6082310, 6107287, 24977
8232, 6082320, 6107300, 24980
8233, 6082330, 6107314, 24984
8234, 6082340, 6107327, 24987
8235, 6082350, 6107340, 24990
8236, 6082360, 6107354, 24994
8237, 6082370, 6107367, 24997
8239, 6082390, 6107380, 24990
8240, 6082400, 6107393, 24993
8241, 6082410, 6107407, 24997
8242, 6082420, 6107420, 25000
8243, 6082430, 6107433, 25003
8244, 6082440, 6107446, 25006
8245, 6082450, 6107460, 25010
8246, 6082460, 6107473, 25013
8247, 6082470, 6107486, 25016
8248, 6082480, 6107500, 25020
8249, 6082490, 6107513, 25023
8251, 6082510, 6107526, 25016
8252, 6082520, 6107539, 25019
8253, 6082530, 6107553, 25023
8254, 6082540, 6107566, 25026
8255, 6082550, 6107579, 25029
8256, 6082560, 6107593, 25033
8257, 6082570, 6107606, 25036
8258, 6082580, 6107619, 25039
8259, 6082590, 6107632, 25042
8260, 6082600, 6107646, 25046
8261, 6082610, 6107659, 25049
8263, 6082630, 6107672, 25042
8264, 6082640, 6107686, 25046
8265, 6082650, 6107699, 25049
8266, 6082660, 6107712, 25052
8267, 6082670, 6107725, 25055
8268, 6082680, 6107739, 25059
8269, 6082690, 6107752, 25062
8270, 6082700, 6107765, 25065
8271, 6082710, 6107778, 25068
8272, 6082720, 6107792, 25072
8273, 6082730, 6107805, 25075
8274, 6082740, 6107818, 25078
8276, 6082760, 6107832, 25072
8277, 6082770, 6107845, 25075
8278, 6082780, 6107858, 25078
8279, 6082790, 6107871, 25081
8280, 6082800, 6107885, 25085
8281, 6082810, 6107898, 25088
8282, 6082820, 6107911, 25091
8283, 6082830, 6107925, 25095
8284, 6082840, 6107938, 25098
8285, 6082850, 6107951, 25101
8286, 6082860, 6107964, 25104
8288, 6082880, 6107978, 25098
8289, 6082890, 6107991, 25101
8290, 6082900, 6108004, 25104
8291, 6082910, 6108018, 25108
8292, 6082920, 6108031, 25111
8293, 6082930, 6108044, 25114
8294, 6082940, 6108057, 25117
8295, 6082950, 6108071, 25121
8296, 6082960, 6108084, 25124
8297, 6082970, 6108097, 25127
8298, 6082980, 6108110, 25130
8301, 6083010, 6108137, 25127
8302, 6083020, 6108150, 25130
8303, 6083030, 6108164, 25134
8304, 6083040, 6108177, 25137
8305, 6083050, 6108190, 25140
8306, 6083060, 6108204, 25144
8307, 6083070, 6108217, 25147
8308, 6083080, 6108230, 25150
8309, 6083090, 6108243, 25153
8310, 6083100, 6108257, 25157
8311, 6083110, 6108270, 25160
8313, 6083130, 6108283, 25153
8314, 6083140, 6108297, 25157
8315, 6083150, 6108310, 25160
8316, 6083160, 6108323, 25163
8317, 6083170, 6108336, 25166
8318, 6083180, 6108350, 25170
8319, 6083190, 6108363, 25173
8320, 6083200, 6108376, 25176
8321, 6083210, 6108390, 25180
8322, 6083220, 6108403, 25183
8323, 6083230, 6108416, 25186
8325, 6083250, 6108429, 25179
8326, 6083260, 6112012, 28752
8327, 6083270, 6112025, 28755
8328, 6083280, 6112038, 28758
8329, 6083290, 6112052, 28762
8330, 6083300, 6112065, 28765
8331, 6083310, 6112078, 28768
8332, 6083320, 6112092, 28772
8333, 6083330, 6112105, 28775
8334, 6083340, 6112118, 28778
8335, 6083350, 6112131, 28781
8337, 6083370, 6112145, 28775
8338, 6083380, 6112158, 28778
8339, 6083390, 6112171, 28781
8340, 6083400, 6112185, 28785
8341, 6083410, 6112198, 28788
8342, 6083420, 6112211, 28791
8343, 6083430, 6112224, 28794
8344, 6083440, 6112238, 28798
8345, 6083450, 6112251, 28801
8346, 6083460, 6112264, 28804
8347, 6083470, 6112278, 28808
8348, 6083480, 6112291, 28811
8351, 6083510, 6112318, 28808
8352, 6083520, 6112331, 28811
8353, 6083530, 6112344, 28814
8354, 6083540, 6112357, 28817
8355, 6083550, 6112371, 28821
8356, 6083560, 6112384, 28824
8357, 6083570, 6112397, 28827
8358, 6083580, 6112410, 28830
8359, 6083590, 6112424, 28834
8360, 6083600, 6112437, 28837
8362, 6083620, 6112450, 28830
8363, 6083630, 6112464, 28834
8364, 6083640, 6112477, 28837
8365, 6083650, 6112490, 28840
8366, 6083660, 6112503, 28843
8367, 6083670, 6112517, 28847
8368, 6083680, 6112530, 28850
8369, 6083690, 6112543, 28853
8370, 6083700, 6112557, 28857
8371, 6083710, 6112570, 28860
8372, 6083720, 6112583, 28863
8374, 6083740, 6112596, 28856
8375, 6083750, 6112610, 28860
8376, 6083760, 6112623, 28863
8377, 6083770, 6112636, 28866
8378, 6083780, 6112650, 28870
8379, 6083790, 6112663, 28873
8380, 6083800, 6112676, 28876
8381, 6083810, 6112689, 28879
8382, 6083820, 6112703, 28883
8383, 6083830, 6112716, 28886
8384, 6083840, 6112729, 28889
8385, 6083850, 6112742, 28892
8387, 6083870, 6112756, 28886
8388, 6083880, 6112769, 28889
8389, 6083890, 6112782, 28892
8390, 6083900, 6112796, 28896
8391, 6083910, 6112809, 28899
8392, 6083920, 6112822, 28902
8393, 6083930, 6112835, 28905
8394, 6083940, 6112849, 28909
8395, 6083950, 6112862, 28912
8396, 6083960, 6112875, 28915
8397, 6083970, 6112889, 28919
8399, 6083990, 6112902, 28912
8802, 6088020, 6112929, 24909
8803, 6088030, 6112942, 24912
8804, 6088040, 6112955, 24915
8805, 6088050, 6112968, 24918
8806, 6088060, 6112982, 24922
8807, 6088070, 6112995, 24925
8808, 6088080, 6113008, 24928
8809, 6088090, 6113022, 24932
8810, 6088100, 6113035, 24935
8811, 6088110, 6113048, 24938
8812, 6088120, 6113061, 24941
8814, 6088140, 6113075, 24935
8815, 6088150, 6113088, 24938
8816, 6088160, 6113101, 24941
8817, 6088170, 6113114, 24944
8818, 6088180, 6113128, 24948
8819, 6088190, 6113141, 24951
8820, 6088200, 6113154, 24954
8821, 6088210, 6113168, 24958
8822, 6088220, 6113181, 24961
8823, 6088230, 6113194, 24964
8824, 6088240, 6113207, 24967
8826, 6088260, 6113221, 24961
8827, 6088270, 6113234, 24964
8828, 6088280, 6113247, 24967
8829, 6088290, 6113261, 24971
8830, 6088300, 6113274, 24974
8831, 6088310, 6113287, 24977
8832, 6088320, 6113300, 24980
8833, 6088330, 6113314, 24984
8834, 6088340, 6113327, 24987
8835, 6088350, 6113340, 24990
8836, 6088360, 6113354, 24994
8837, 6088370, 6113367, 24997
8839, 6088390, 6113380, 24990
8840, 6088400, 6113393, 24993
8841, 6088410, 6113407, 24997
8842, 6088420, 6113420, 25000
8843, 6088430, 6113433, 25003
8844, 6088440, 6113446, 25006
8845, 6088450, 6113460, 25010
8846, 6088460, 6113473, 25013
8847, 6088470, 6113486, 25016
8848, 6088480, 6113500, 25020
8849, 6088490, 6113513, 25023
8851, 6088510, 6113526, 25016
8852, 6088520, 6113539, 25019
8853, 6088530, 6113553, 25023
8854, 6088540, 6113566, 25026
8855, 6088550, 6113579, 25029
8856, 6088560, 6113593, 25033
8857, 6088570, 6113606, 25036
8858, 6088580, 6113619, 25039
8859, 6088590, 6113632, 25042
8860, 6088600, 6113646, 25046
8861, 6088610, 6113659, 25049
8863, 6088630, 6113672, 25042
8864, 6088640, 6113686, 25046
8865, 6088650, 6113699, 25049
8866, 6088660, 6113712, 25052
8867, 6088670, 6113725, 25055
8868, 6088680, 6113739, 25059
8869, 6088690, 6113752, 25062
8870, 6088700, 6113765, 25065
8871, 6088710, 6113778, 25068
8872, 6088720, 6113792, 25072
8873, 6088730, 6113805, 25075
8874, 6088740, 6113818, 25078
8876, 6088760, 6113832, 25072
8877, 6088770, 6113845, 25075
8878, 6088780, 6113858, 25078
8879, 6088790, 6113871, 25081
8880, 6088800, 6113885, 25085
8881, 6088810, 6113898, 25088
8882, 6088820, 6113911, 25091
8883, 6088830, 6113925, 25095
8884, 6088840, 6113938, 25098
8885, 6088850, 6113951, 25101
8886, 6088860, 6113964, 25104
8888, 6088880, 6113978, 25098
8889, 6088890, 6113991, 25101
8890, 6088900, 6114004, 25104
8891, 6088910, 6114018, 25108
8892, 6088920, 6114031, 25111
8893, 6088930, 6114044, 25114
8894, 6088940, 6114057, 25117
8895, 6088950, 6114071, 25121
8896, 6088960, 6114084, 25124
8897, 6088970, 6114097, 25127
8898, 6088980, 6114110, 25130
8901, 6089010, 6114137, 25127
8902, 6089020, 6114150, 25130
8903, 6089030, 6114164, 25134
8904, 6089040, 6114177, 25137
8905, 6089050, 6114190, 25140
8906, 6089060, 6114204, 25144
8907, 6089070, 6114217, 25147
8908, 6089080, 6114230, 25150
8909, 6089090, 6114243, 25153
8910, 6089100, 6114257, 25157
8911, 6089110, 6114270, 25160
8913, 6089130, 6114283, 25153
8914, 6089140, 6114297, 25157
8915, 6089150, 6114310, 25160
8916, 6089160, 6114323, 25163
8917, 6089170, 6114336, 25166
8918, 6089180, 6114350, 25170
8919, 6089190, 6114363, 25173
8920, 6089200, 6114376, 25176
8921, 6089210, 6114390, 25180
8922, 6089220, 6114403, 25183
8923, 6089230, 6114416, 25186
8925, 6089250, 6114429, 25179
8926, 6089260, 6118012, 28752
8927, 6089270, 6118025, 28755
8928, 6089280, 6118038, 28758
8929, 6089290, 6118052, 28762
8930, 6089300, 6118065, 28765
8931, 6089310, 6118078, 28768
8932, 6089320, 6118092, 28772
8933, 6089330, 6118105, 28775
8934, 6089340, 6118118, 28778
8935, 6089350, 6118131, 28781
8937, 6089370, 6118145, 28775
8938, 6089380, 6118158, 28778
8939, 6089390, 6118171, 28781
8940, 6089400, 6118185, 28785
8941, 6089410, 6118198, 28788
8942, 6089420, 6118211, 28791
8943, 6089430, 6118224, 28794
8944, 6089440, 6118238, 28798
8945, 6089450, 6118251, 28801
8946, 6089460, 6118264, 28804
8947, 6089470, 6118278, 28808
8948, 6089480, 6118291, 28811
8951, 6089510, 6118318, 28808
8952, 6089520, 6118331, 28811
8953, 6089530, 6118344, 28814
8954, 6089540, 6118357, 28817
8955, 6089550, 6118371, 28821
8956, 6089560, 6118384, 28824
8957, 6089570, 6118397, 28827
8958, 6089580, 6118410, 28830
8959, 6089590, 6118424, 28834
8960, 6089600, 6118437, 28837
8962, 6089620, 6118450, 28830
8963, 6089630, 6118464, 28834
8964, 6089640, 6118477, 28837
8965, 6089650, 6118490, 28840
8966, 6089660, 6118503, 28843
8967, 6089670, 6118517, 28847
8968, 6089680, 6118530, 28850
8969, 6089690, 6118543, 28853
8970, 6089700, 6118557, 28857
8971, 6089710, 6118570, 28860
8972, 6089720, 6118583, 28863
8974, 6089740, 6118596, 28856
8975, 6089750, 6118610, 28860
8976, 6089760, 6118623, 28863
8977, 6089770, 6118636, 28866
8978, 6089780, 6118650, 28870
8979, 6089790, 6118663, 28873
8980, 6089800, 6118676, 28876
8981, 6089810, 6118689, 28879
8982, 6089820, 6118703, 28883
8983, 6089830, 6118716, 28886
8984, 6089840, 6118729, 28889
8985, 6089850, 6118742, 28892
8987, 6089870, 6118756, 28886
8988, 6089880, 6118769, 28889
8989, 6089890, 6118782, 28892
8990, 6089900, 6118796, 28896
8991, 6089910, 6118809, 28899
8992, 6089920, 6118822, 28902
8993, 6089930, 6118835, 28905
8994, 6089940, 6118849, 28909
8995, 6089950, 6118862, 28912
8996, 6089960, 6118875, 28915
8997, 6089970, 6118889, 28919
8999, 6089990, 6118902, 28912
9402, 6094020, 6118929, 24909
9403, 6094030, 6118942, 24912
9404, 6094040, 6118955, 24915
9405, 6094050, 6118968, 24918
9406, 6094060, 6118982, 24922
9407, 6094070, 6118995, 24925
9408, 6094080, 6119008, 24928
9409, 6094090, 6119022, 24932
9410, 6094100, 6119035, 24935
9411, 6094110, 6119048, 24938
9412, 6094120, 6119061, 24941
9414, 6094140, 6119075, 24935
9415, 6094150, 6119088, 24938
9416, 6094160, 6119101, 24941
9417, 6094170, 6119114, 24944
9418, 6094180, 6119128, 24948
9419, 6094190, 6119141, 24951
9420, 6094200, 6119154, 24954
9421, 6094210, 6119168, 24958
9422, 6094220, 6119181, 24961
9423, 6094230, 6119194, 24964
9424, 6094240, 6119207, 24967
9426, 6094260, 6119221, 24961
9427, 6094270, 6119234, 24964
9428, 6094280, 6119247, 24967
9429, 6094290, 6119261, 24971
9430, 6094300, 6119274, 24974
9431, 6094310, 6119287, 24977
9432, 6094320, 6119300, 24980
9433, 6094330, 6119314, 24984
9434, 6094340, 6119327, 24987
9435, 6094350, 6119340, 24990
9436, 6094360, 6119354, 24994
9437, 6094370, 6119367, 24997
9439, 6094390, 6119380, 24990
9440, 6094400, 6119393, 24993
9441, 6094410, 6119407, 24997
9442, 6094420, 6119420, 25000
9443, 6094430, 6119433, 25003
9444, 6094440, 6119446, 25006
9445, 6094450, 6119460, 25010
9446, 6094460, 6119473, 25013
9447, 6094470, 6119486, 25016
9448, 6094480, 6119500, 25020
9449, 6094490, 6119513, 25023
9451, 6094510, 6119526, 25016
9452, 6094520, 6119539, 25019
9453, 6094530, 6119553, 25023
9454, 6094540, 6119566, 25026
9455, 6094550, 6119579, 25029
9456, 6094560, 6119593, 25033
9457, 6094570, 6119606, 25036
9458, 6094580, 6119619, 25039
9459, 6094590, 6119632, 25042
9460, 6094600, 6119646, 25046
9461, 6094610, 6119659, 25049
9463, 6094630, 6119672, 25042
9464, 6094640, 6119686, 25046
9465, 6094650, 6119699, 25049
9466, 6094660, 6119712, 25052
9467, 6094670, 6119725, 25055
9468, 6094680, 6119739, 25059
9469, 6094690, 6119752, 25062
9470, 6094700, 6119765, 25065
9471, 6094710, 6119778, 25068
9472, 6094720, 6119792, 25072
9473, 6094730, 6119805, 25075
9474, 6094740, 6119818, 25078
9476, 6094760, 6119832, 25072
9477, 6094770, 6119845, 25075
9478, 6094780, 6119858, 25078
9479, 6094790, 6119871, 25081
9480, 6094800, 6119885, 25085
9481, 6094810, 6119898, 25088
9482, 6094820, 6119911, 25091
9483, 6094830, 6119925, 25095
9484, 6094840, 6119938, 25098
9485, 6094850, 6119951, 25101
9486, 6094860, 6119964, 25104
9488, 6094880, 6119978, 25098
9489, 6094890, 6119991, 25101
9490, 6094900, 6120004, 25104
9491, 6094910, 6120018, 25108
9492, 6094920, 6120031, 25111
9493, 6094930, 6120044, 25114
9494, 6094940, 6120057, 25117
9495, 6094950, 6120071, 25121
9496, 6094960, 6120084, 25124
9497, 6094970, 6120097, 25127
9498, 6094980, 6120110, 25130
9501, 6095010, 6120137, 25127
9502, 6095020, 6120150, 25130
9503, 6095030, 6120164, 25134
9504, 6095040, 6120177, 25137
9505, 6095050, 6120190, 25140
9506, 6095060, 6120204, 25144
9507, 6095070, 6120217, 25147
9508, 6095080, 6120230, 25150
9509, 6095090, 6120243, 25153
9510, 6095100, 6120257, 25157
9511, 6095110, 6120270, 25160
9513, 6095130, 6120283, 25153
9514, 6095140, 6120297, 25157
9515, 6095150, 6120310, 25160
9516, 6095160, 6120323, 25163
9517, 6095170, 6120336, 25166
9518, 6095180, 6120350, 25170
9519, 6095190, 6120363, 25173
9520, 6095200, 6120376, 25176
9521, 6095210, 6120390, 25180
9522, 6095220, 6120403, 25183
9523, 6095230, 6120416, 25186
9525, 6095250, 6120429, 25179
9526, 6095260, 6124012, 28752
9527, 6095270, 6124025, 28755
9528, 6095280, 6124038, 28758
9529, 6095290, 6124052, 28762
9530, 6095300, 6124065, 28765
9531, 6095310, 6124078, 28768
9532, 6095320, 6124092, 28772
9533, 6095330, 6124105, 28775
9534, 6095340, 6124118, 28778
9535, 6095350, 6124131, 28781
9537, 6095370, 6124145, 28775
9538, 6095380, 6124158, 28778
9539, 6095390, 6124171, 28781
9540, 6095400, 6124185, 28785
9541, 6095410, 6124198, 28788
9542, 6095420, 6124211, 28791
9543, 6095430, 6124224, 28794
9544, 6095440, 6124238, 28798
9545, 6095450, 6124251, 28801
9546, 6095460, 6124264, 28804
9547, 6095470, 6124278, 28808
9548, 6095480, 6124291, 28811
9551, 6095510, 6124318, 28808
9552, 6095520, 6124331, 28811
9553, 6095530, 6124344, 28814
9554, 6095540, 6124357, 28817
9555, 6095550, 6124371, 28821
9556, 6095560, 6124384, 28824
9557, 6095570, 6124397, 28827
9558, 6095580, 6124410, 28830
9559, 6095590, 6124424, 28834
9560, 6095600, 6124437, 28837
9562, 6095620, 6124450, 28830
9563, 6095630, 6124464, 28834
9564, 6095640, 6124477, 28837
9565, 6095650, 6124490, 28840
9566, 6095660, 6124503, 28843
9567, 6095670, 6124517, 28847
9568, 6095680, 6124530, 28850
9569, 6095690, 6124543, 28853
9570, 6095700, 6124557, 28857
9571, 6095710, 6124570, 28860
9572, 6095720, 6124583, 28863
9573, 6095730, 6124596, 28866
9575, 6095750, 6124610, 28860
9576, 6095760, 6124623, 28863
9577, 6095770, 6124636, 28866
9578, 6095780, 6124650, 28870
9579, 6095790, 6124663, 28873
9580, 6095800, 6124676, 28876
9581, 6095810, 6124689, 28879
9582, 6095820, 6124703, 28883
9583, 6095830, 6124716, 28886
9584, 6095840, 6124729, 28889
9585, 6095850, 6124742, 28892
9587, 6095870, 6124756, 28886
9588, 6095880, 6124769, 28889
9589, 6095890, 6124782, 28892
9590, 6095900, 6124796, 28896
9591, 6095910, 6124809, 28899
9592, 6095920, 6124822, 28902
9593, 6095930, 6124835, 28905
9594, 6095940, 6124849, 28909
9595, 6095950, 6124862, 28912
9596, 6095960, 6124875, 28915
9597, 6095970, 6124889, 28919
9599, 6095990, 6124902, 28912
10002, 6100020, 6124928, 24908
10003, 6100030, 6124942, 24912
10004, 6100040, 6124955, 24915
10005, 6100050, 6124969, 24919
10006, 6100060, 6124982, 24922
10007, 6100070, 6124995, 24925
10008, 6100080, 6125009, 24929
10009, 6100090, 6125022, 24932
10010, 6100100, 6125035, 24935
10011, 6100110, 6125049, 24939
10012, 6100120, 6125062, 24942
10014, 6100140, 6125075, 24935
10015, 6100150, 6125089, 24939
10016, 6100160, 6125102, 24942
10017, 6100170, 6125116, 24946
10018, 6100180, 6125129, 24949
10019, 6100190, 6125142, 24952
10020, 6100200, 6125156, 24956
10021, 6100210, 6125169, 24959
10022, 6100220, 6125182, 24962
10023, 6100230, 6125196, 24966
10024, 6100240, 6125209, 24969
10026, 6100260, 6125222, 24962
10027, 6100270, 6125236, 24966
10028, 6100280, 6125249, 24969
10029, 6100290, 6125262, 24972
10030, 6100300, 6125276, 24976
10031, 6100310, 6125289, 24979
10032, 6100320, 6125303, 24983
10033, 6100330, 6125316, 24986
10034, 6100340, 6125329, 24989
10035, 6100350, 6125343, 24993
10036, 6100360, 6125356, 24996
10037, 6100370, 6125369, 24999
10039, 6100390, 6125383, 24993
10040, 6100400, 6125396, 24996
10041, 6100410, 6125409, 24999
10042, 6100420, 6125423, 25003
10043, 6100430, 6125436, 25006
10044, 6100440, 6125450, 25010
10045, 6100450, 6125463, 25013
10046, 6100460, 6125476, 25016
10047, 6100470, 6125490, 25020
10048, 6100480, 6125503, 25023
10049, 6100490, 6125516, 25026
10051, 6100510, 6125530, 25020
10052, 6100520, 6125543, 25023
10053, 6100530, 6125556, 25026
10054, 6100540, 6125570, 25030
10055, 6100550, 6125583, 25033
10056, 6100560, 6125596, 25036
10057, 6100570, 6125610, 25040
10058, 6100580, 6125623, 25043
10059, 6100590, 6125637, 25047
10060, 6100600, 6125650, 25050
10061, 6100610, 6125663, 25053
10063, 6100630, 6125677, 25047
10064, 6100640, 6125690, 25050
10065, 6100650, 6125703, 25053
10066, 6100660, 6125717, 25057
10067, 6100670, 6125730, 25060
10068, 6100680, 6125743, 25063
10069, 6100690, 6125757, 25067
10070, 6100700, 6125770, 25070
10071, 6100710, 6125784, 25074
10072, 6100720, 6125797, 25077
10073, 6100730, 6125810, 25080
10074, 6100740, 6125824, 25084
10076, 6100760, 6125837, 25077
10077, 6100770, 6125850, 25080
10078, 6100780, 6125864, 25084
10079, 6100790, 6125877, 25087
10080, 6100800, 6125890, 25090
10081, 6100810, 6125904, 25094
10082, 6100820, 6125917, 25097
10083, 6100830, 6125930, 25100
10084, 6100840, 6125944, 25104
10085, 6100850, 6125957, 25107
10086, 6100860, 6125971, 25111
10088, 6100880, 6125984, 25104
10089, 6100890, 6125997, 25107
10090, 6100900, 6126011, 25111
10091, 6100910, 6126024, 25114
10092, 6100920, 6126037, 25117
10093, 6100930, 6126051, 25121
10094, 6100940, 6126064, 25124
10095, 6100950, 6126077, 25127
10096, 6100960, 6126091, 25131
10097, 6100970, 6126104, 25134
10098, 6100980, 6126118, 25138
10101, 6101010, 6126144, 25134
10102, 6101020, 6126158, 25138
10103, 6101030, 6126171, 25141
10104, 6101040, 6126184, 25144
10105, 6101050, 6126198, 25148
10106, 6101060, 6126211, 25151
10107, 6101070, 6126224, 25154
10108, 6101080, 6126238, 25158
10109, 6101090, 6126251, 25161
10110, 6101100, 6126265, 25165
10111, 6101110, 6126278, 25168
10113, 6101130, 6126291, 25161
10114, 6101140, 6126305, 25165
10115, 6101150, 6126318, 25168
10116, 6101160, 6126331, 25171
10117, 6101170, 6126345, 25175
10118, 6101180, 6126358, 25178
10119, 6101190, 6126371, 25181
10120, 6101200, 6126385, 25185
10121, 6101210, 6126398, 25188
10122, 6101220, 6126412, 25192
10123, 6101230, 6126425, 25195
10125, 6101250, 6130012, 28762
10126, 6101260, 6130025, 28765
10127, 6101270, 6130039, 28769
10128, 6101280, 6130052, 28772
10129, 6101290, 6130065, 28775
10130, 6101300, 6130079, 28779
10131, 6101310, 6130092, 28782
10132, 6101320, 6130106, 28786
10133, 6101330, 6130119, 28789
10134, 6101340, 6130132, 28792
10135, 6101350, 6130146, 28796
10137, 6101370, 6130159, 28789
10138, 6101380, 6130172, 28792
10139, 6101390, 6130186, 28796
10140, 6101400, 6130199, 28799
10141, 6101410, 6130212, 28802
10142, 6101420, 6130226, 28806
10143, 6101430, 6130239, 28809
10144, 6101440, 6130252, 28812
10145, 6101450, 6130266, 28816
10146, 6101460, 6130279, 28819
10147, 6101470, 6130293, 28823
10148, 6101480, 6130306, 28826
10151, 6101510, 6130333, 28823
10152, 6101520, 6130346, 28826
10153, 6101530, 6130359, 28829
10154, 6101540, 6130373, 28833
10155, 6101550, 6130386, 28836
10156, 6101560, 6130400, 28840
10157, 6101570, 6130413, 28843
10158, 6101580, 6130426, 28846
10159, 6101590, 6130440, 28850
10160, 6101600, 6130453, 28853
10162, 6101620, 6130466, 28846
10163, 6101630, 6130480, 28850
10164, 6101640, 6130493, 28853
10165, 6101650, 6130506, 28856
10166, 6101660, 6130520, 28860
10167, 6101670, 6130533, 28863
10168, 6101680, 6130546, 28866
10169, 6101690, 6130560, 28870
10170, 6101700, 6130573, 28873
10171, 6101710, 6130587, 28877
10172, 6101720, 6130600, 28880
10174, 6101740, 6130613, 28873
10175, 6101750, 6130627, 28877
10176, 6101760, 6130640, 28880
10177, 6101770, 6130653, 28883
10178, 6101780, 6130667, 28887
10179, 6101790, 6130680, 28890
10180, 6101800, 6130693, 28893
10181, 6101810, 6130707, 28897
10182, 6101820, 6130720, 28900
10183, 6101830, 6130734, 28904
10184, 6101840, 6130747, 28907
10185, 6101850, 6130760, 28910
10187, 6101870, 6130774, 28904
10188, 6101880, 6130787, 28907
10189, 6101890, 6130800, 28910
10190, 6101900, 6130814, 28914
10191, 6101910, 6130827, 28917
10192, 6101920, 6130840, 28920
10193, 6101930, 6130854, 28924
10194, 6101940, 6130867, 28927
10195, 6101950, 6130880, 28930
10196, 6101960, 6130894, 28934
10197, 6101970, 6130907, 28937
10199, 6101990, 6130921, 28931
10602, 6106020, 6130947, 24927
10603, 6106030, 6130961, 24931
10604, 6106040, 6130974, 24934
10605, 6106050, 6130987, 24937
10606, 6106060, 6131001, 24941
10607, 6106070, 6131014, 24944
10608, 6106080, 6131028, 24948
10609, 6106090, 6131041, 24951
10610, 6106100, 6131054, 24954
10611, 6106110, 6131068, 24958
10612, 6106120, 6131081, 24961
10614, 6106140, 6131094, 24954
10615, 6106150, 6131108, 24958
10616, 6106160, 6131121, 24961
10617, 6106170, 6131134, 24964
10618, 6106180, 6131148, 24968
10619, 6106190, 6131161, 24971
10620, 6106200, 6131174, 24974
10621, 6106210, 6131188, 24978
10622, 6106220, 6131201, 24981
10623, 6106230, 6131215, 24985
10624, 6106240, 6131228, 24988
10626, 6106260, 6131241, 24981
10627, 6106270, 6131255, 24985
10628, 6106280, 6131268, 24988
10629, 6106290, 6131281, 24991
10630, 6106300, 6131295, 24995
10631, 6106310, 6131308, 24998
10632, 6106320, 6131321, 25001
10633, 6106330, 6131335, 25005
10634, 6106340, 6131348, 25008
10635, 6106350, 6131362, 25012
10636, 6106360, 6131375, 25015
10637, 6106370, 6131388, 25018
10639, 6106390, 6131402, 25012
10640, 6106400, 6131415, 25015
10641, 6106410, 6131428, 25018
10642, 6106420, 6131442, 25022
10643, 6106430, 6131455, 25025
10644, 6106440, 6131468, 25028
10645, 6106450, 6131482, 25032
10646, 6106460, 6131495, 25035
10647, 6106470, 6131508, 25038
10648, 6106480, 6131522, 25042
10649, 6106490, 6131535, 25045
10651, 6106510, 6131549, 25039
10652, 6106520, 6131562, 25042
10653, 6106530, 6131575, 25045
10654, 6106540, 6131589, 25049
10655, 6106550, 6131602, 25052
10656, 6106560, 6131615, 25055
10657, 6106570, 6131629, 25059
10658, 6106580, 6131642, 25062
10659, 6106590, 6131655, 25065
10660, 6106600, 6131669, 25069
10661, 6106610, 6131682, 25072
10663, 6106630, 6131696, 25066
10664, 6106640, 6131709, 25069
10665, 6106650, 6131722, 25072
10666, 6106660, 6131736, 25076
10667, 6106670, 6131749, 25079
10668, 6106680, 6131762, 25082
10669, 6106690, 6131776, 25086
10670, 6106700, 6131789, 25089
10671, 6106710, 6131802, 25092
10672, 6106720, 6131816, 25096
10673, 6106730, 6131829, 25099
10674, 6106740, 6131842, 25102
10676, 6106760, 6131856, 25096
10677, 6106770, 6131869, 25099
10678, 6106780, 6131883, 25103
10679, 6106790, 6131896, 25106
10680, 6106800, 6131909, 25109
10681, 6106810, 6131923, 25113
10682, 6106820, 6131936, 25116
10683, 6106830, 6131949, 25119
10684, 6106840, 6131963, 25123
10685, 6106850, 6131976, 25126
10686, 6106860, 6131989, 25129
10688, 6106880, 6132003, 25123
10689, 6106890, 6132016, 25126
10690, 6106900, 6132030, 25130
10691, 6106910, 6132043, 25133
10692, 6106920, 6132056, 25136
10693, 6106930, 6132070, 25140
10694, 6106940, 6132083, 25143
10695, 6106950, 6132096, 25146
10696, 6106960, 6132110, 25150
10697, 6106970, 6132123, 25153
10698, 6106980, 6132136, 25156
10701, 6107010, 6132163, 25153
10702, 6107020, 6132177, 25157
10703, 6107030, 6132190, 25160
10704, 6107040, 6132203, 25163
10705, 6107050, 6132217, 25167
10706, 6107060, 6132230, 25170
10707, 6107070, 6132243, 25173
10708, 6107080, 6132257, 25177
10709, 6107090, 6132270, 25180
10710, 6107100, 6132283, 25183
10711, 6107110, 6132297, 25187
10713, 6107130, 6132310, 25180
10714, 6107140, 6132324, 25184
10715, 6107150, 6132337, 25187
10716, 6107160, 6132350, 25190
10717, 6107170, 6132364, 25194
10718, 6107180, 6132377, 25197
10719, 6107190, 6132390, 25200
10720, 6107200, 6132404, 25204
10721, 6107210, 6132417, 25207
10722, 6107220, 6132430, 25210
10723, 6107230, 6136012, 28782
10725, 6107250, 6136025, 28775
10726, 6107260, 6136039, 28779
10727, 6107270, 6136052, 28782
10728, 6107280, 6136065, 28785
10729, 6107290, 6136079, 28789
10730, 6107300, 6136092, 28792
10731, 6107310, 6136106, 28796
10732, 6107320, 6136119, 28799
10733, 6107330, 6136132, 28802
10734, 6107340, 6136146, 28806
10735, 6107350, 6136159, 28809
10737, 6107370, 6136172, 28802
10738, 6107380, 6136186, 28806
10739, 6107390, 6136199, 28809
10740, 6107400, 6136212, 28812
10741, 6107410, 6136226, 28816
10742, 6107420, 6136239, 28819
10743, 6107430, 6136252, 28822
10744, 6107440, 6136266, 28826
10745, 6107450, 6136279, 28829
10746, 6107460, 6136293, 28833
10747, 6107470, 6136306, 28836
10748, 6107480, 6136319, 28839
10751, 6107510, 6136346, 28836
10752, 6107520, 6136359, 28839
10753, 6107530, 6136373, 28843
10754, 6107540, 6136386, 28846
10755, 6107550, 6136400, 28850
10756, 6107560, 6136413, 28853
10757, 6107570, 6136426, 28856
10758, 6107580, 6136440, 28860
10759, 6107590, 6136453, 28863
10760, 6107600, 6136466, 28866
10762, 6107620, 6136480, 28860
10763, 6107630, 6136493, 28863
10764, 6107640, 6136506, 28866
10765, 6107650, 6136520, 28870
10766, 6107660, 6136533, 28873
10767, 6107670, 6136546, 28876
10768, 6107680, 6136560, 28880
10769, 6107690, 6136573, 28883
10770, 6107700, 6136587, 28887
10771, 6107710, 6136600, 28890
10772, 6107720, 6136613, 28893
10774, 6107740, 6136627, 28887
10775, 6107750, 6136640, 28890
10776, 6107760, 6136653, 28893
10777, 6107770, 6136667, 28897
10778, 6107780, 6136680, 28900
10779, 6107790, 6136693, 28903
10780, 6107800, 6136707, 28907
10781, 6107810, 6136720, 28910
10782, 6107820, 6136734, 28914
10783, 6107830, 6136747, 28917
10784, 6107840, 6136760, 28920
10785, 6107850, 6136774, 28924
10787, 6107870, 6136787, 28917
10788, 6107880, 6136800, 28920
10789, 6107890, 6136814, 28924
10790, 6107900, 6136827, 28927
10791, 6107910, 6136840, 28930
10792, 6107920, 6136854, 28934
10793, 6107930, 6136867, 28937
10794, 6107940, 6136880, 28940
10795, 6107950, 6136894, 28944
10796, 6107960, 6136907, 28947
10797, 6107970, 6136921, 28951
10799, 6107990, 6136934, 28944
11202, 6112020, 6136961, 24941
11203, 6112030, 6136974, 24944
11204, 6112040, 6136987, 24947
11205, 6112050, 6137001, 24951
11206, 6112060, 6137014, 24954
11207, 6112070, 6137028, 24958
11208, 6112080, 6137041, 24961
11209, 6112090, 6137054, 24964
11210, 6112100, 6137068, 24968
11211, 6112110, 6137081, 24971
11212, 6112120, 6137094, 24974
11214, 6112140, 6137108, 24968
11215, 6112150, 6137121, 24971
11216, 6112160, 6137134, 24974
11217, 6112170, 6137148, 24978
11218, 6112180, 6137161, 24981
11219, 6112190, 6137174, 24984
11220, 6112200, 6137188, 24988
11221, 6112210, 6137201, 24991
11222, 6112220, 6137215, 24995
11223, 6112230, 6137228, 24998
11224, 6112240, 6137241, 25001
11226, 6112260, 6137255, 24995
11227, 6112270, 6137268, 24998
11228, 6112280, 6137281, 25001
11229, 6112290, 6137295, 25005
11230, 6112300, 6137308, 25008
11231, 6112310, 6137321, 25011
11232, 6112320, 6137335, 25015
11233, 6112330, 6137348, 25018
11234, 6112340, 6137362, 25022
11235, 6112350, 6137375, 25025
11236, 6112360, 6137388, 25028
11237, 6112370, 6137402, 25032
11239, 6112390, 6137415, 25025
11240, 6112400, 6137428, 25028
11241, 6112410, 6137442, 25032
11242, 6112420, 6137455, 25035
11243, 6112430, 6137468, 25038
11244, 6112440, 6137482, 25042
11245, 6112450, 6137495, 25045
11246, 6112460, 6137508, 25048
11247, 6112470, 6137522, 25052
11248, 6112480, 6137535, 25055
11249, 6112490, 6137549, 25059
11251, 6112510, 6137562, 25052
11252, 6112520, 6137575, 25055
11253, 6112530, 6137589, 25059
11254, 6112540, 6137602, 25062
11255, 6112550, 6137615, 25065
11256, 6112560, 6137629, 25069
11257, 6112570, 6137642, 25072
11258, 6112580, 6137655, 25075
11259, 6112590, 6137669, 25079
11260, 6112600, 6137682, 25082
11261, 6112610, 6137696, 25086
11263, 6112630, 6137709, 25079
11264, 6112640, 6137722, 25082
11265, 6112650, 6137736, 25086
11266, 6112660, 6137749, 25089
11267, 6112670, 6137762, 25092
11268, 6112680, 6137776, 25096
11269, 6112690, 6137789, 25099
11270, 6112700, 6137802, 25102
11271, 6112710, 6137816, 25106
11272, 6112720, 6137829, 25109
11273, 6112730, 6137842, 25112
11274, 6112740, 6137856, 25116
11276, 6112760, 6137869, 25109
11277, 6112770, 6137883, 25113
11278, 6112780, 6137896, 25116
11279, 6112790, 6137909, 25119
11280, 6112800, 6137923, 25123
11281, 6112810, 6137936, 25126
11282, 6112820, 6137949, 25129
11283, 6112830, 6137963, 25133
11284, 6112840, 6137976, 25136
11285, 6112850, 6137989, 25139
11286, 6112860, 6138003, 25143
11288, 6112880, 6138016, 25136
11289, 6112890, 6138030, 25140
11290, 6112900, 6138043, 25143
11291, 6112910, 6138056, 25146
11292, 6112920, 6138070, 25150
11293, 6112930, 6138083, 25153
11294, 6112940, 6138096, 25156
11295, 6112950, 6138110, 25160
11296, 6112960, 6138123, 25163
11297, 6112970, 6138136, 25166
11298, 6112980, 6138150, 25170
11301, 6113010, 6138177, 25167
11302, 6113020, 6138190, 25170
11303, 6113030, 6138203, 25173
11304, 6113040, 6138217, 25177
11305, 6113050, 6138230, 25180
11306, 6113060, 6138243, 25183
11307, 6113070, 6138257, 25187
11308, 6113080, 6138270, 25190
11309, 6113090, 6138283, 25193
11310, 6113100, 6138297, 25197
11311, 6113110, 6138310, 25200
11313, 6113130, 6138324, 25194
11314, 6113140, 6138337, 25197
11315, 6113150, 6138350, 25200
11316, 6113160, 6138364, 25204
11317, 6113170, 6138377, 25207
11318, 6113180, 6138390, 25210
11319, 6113190, 6138404, 25214
11320, 6113200, 6138417, 25217
11321, 6113210, 6138430, 25220
11322, 6113220, 6142012, 28792
11323, 6113230, 6142025, 28795
11325, 6113250, 6142039, 28789
11326, 6113260, 6142052, 28792
11327, 6113270, 6142065, 28795
11328, 6113280, 6142079, 28799
11329, 6113290, 6142092, 28802
11330, 6113300, 6142106, 28806
11331, 6113310, 6142119, 28809
11332, 6113320, 6142132, 28812
11333, 6113330, 6142146, 28816
11334, 6113340, 6142159, 28819
11335, 6113350, 6142172, 28822
11337, 6113370, 6142186, 28816
11338, 6113380, 6142199, 28819
11339, 6113390, 6142212, 28822
11340, 6113400, 6142226, 28826
11341, 6113410, 6142239, 28829
11342, 6113420, 6142252, 28832
11343, 6113430, 6142266, 28836
11344, 6113440, 6142279, 28839
11345, 6113450, 6142293, 28843
11346, 6113460, 6142306, 28846
11347, 6113470, 6142319, 28849
11348, 6113480, 6142333, 28853
11351, 6113510, 6142359, 28849
11352, 6113520, 6142373, 28853
11353, 6113530, 6142386, 28856
11354, 6113540, 6142400, 28860
11355, 6113550, 6142413, 28863
11356, 6113560, 6142426, 28866
11357, 6113570, 6142440, 28870
11358, 6113580, 6142453, 28873
11359, 6113590, 6142466, 28876
11360, 6113600, 6142480, 28880
11362, 6113620, 6142493, 28873
11363, 6113630, 6142506, 28876
11364, 6113640, 6142520, 28880
11365, 6113650, 6142533, 28883
11366, 6113660, 6142546, 28886
11367, 6113670, 6142560, 28890
11368, 6113680, 6142573, 28893
11369, 6113690, 6142587, 28897
11370, 6113700, 6142600, 28900
11371, 6113710, 6142613, 28903
11372, 6113720, 6142627, 28907
11374, 6113740, 6142640, 28900
11375, 6113750, 6142653, 28903
11376, 6113760, 6142667, 28907
11377, 6113770, 6142680, 28910
11378, 6113780, 6142693, 28913
11379, 6113790, 6142707, 28917
11380, 6113800, 6142720, 28920
11381, 6113810, 6142734, 28924
11382, 6113820, 6142747, 28927
11383, 6113830, 6142760, 28930
11384, 6113840, 6142774, 28934
11385, 6113850, 6142787, 28937
11387, 6113870, 6142800, 28930
11388, 6113880, 6142814, 28934
11389, 6113890, 6142827, 28937
11390, 6113900, 6142840, 28940
11391, 6113910, 6142854, 28944
11392, 6113920, 6142867, 28947
11393, 6113930, 6142880, 28950
11394, 6113940, 6142894, 28954
11395, 6113950, 6142907, 28957
11396, 6113960, 6142921, 28961
11397, 6113970, 6142934, 28964
11399, 6113990, 6142947, 28957
11802, 6118020, 6142974, 24954
11803, 6118030, 6142987, 24957
11804, 6118040, 6143001, 24961
11805, 6118050, 6143014, 24964
11806, 6118060, 6143028, 24968
11807, 6118070, 6143041, 24971
11808, 6118080, 6143054, 24974
11809, 6118090, 6143068, 24978
11810, 6118100, 6143081, 24981
11811, 6118110, 6143094, 24984
11812, 6118120, 6143108, 24988
11814, 6118140, 6143121, 24981
11815, 6118150, 6143134, 24984
11816, 6118160, 6143148, 24988
11817, 6118170, 6143161, 24991
11818, 6118180, 6143174, 24994
11819, 6118190, 6143188, 24998
11820, 6118200, 6143201, 25001
11821, 6118210, 6143215, 25005
11822, 6118220, 6143228, 25008
11823, 6118230, 6143241, 25011
11824, 6118240, 6143255, 25015
11826, 6118260, 6143268, 25008
11827, 6118270, 6143281, 25011
11828, 6118280, 6143295, 25015
11829, 6118290, 6143308, 25018
11830, 6118300, 6143321, 25021
11831, 6118310, 6143335, 25025
11832, 6118320, 6143348, 25028
11833, 6118330, 6143362, 25032
11834, 6118340, 6143375, 25035
11835, 6118350, 6143388, 25038
11836, 6118360, 6143402, 25042
11837, 6118370, 6143415, 25045
11839, 6118390, 6143428, 25038
11840, 6118400, 6143442, 25042
11841, 6118410, 6143455, 25045
11842, 6118420, 6143468, 25048
11843, 6118430, 6143482, 25052
11844, 6118440, 6143495, 25055
11845, 6118450, 6143508, 25058
11846, 6118460, 6143522, 25062
11847, 6118470, 6143535, 25065
11848, 6118480, 6143549, 25069
11849, 6118490, 6143562, 25072
11851, 6118510, 6143575, 25065
11852, 6118520, 6143589, 25069
11853, 6118530, 6143602, 25072
11854, 6118540, 6143615, 25075
11855, 6118550, 6143629, 25079
11856, 6118560, 6143642, 25082
11857, 6118570, 6143655, 25085
11858, 6118580, 6143669, 25089
11859, 6118590, 6143682, 25092
11860, 6118600, 6143696, 25096
11861, 6118610, 6143709, 25099
11863, 6118630, 6143722, 25092
11864, 6118640, 6143736, 25096
11865, 6118650, 6143749, 25099
11866, 6118660, 6143762, 25102
11867, 6118670, 6143776, 25106
11868, 6118680, 6143789, 25109
11869, 6118690, 6143802, 25112
11870, 6118700, 6143816, 25116
11871, 6118710, 6143829, 25119
11872, 6118720, 6143842, 25122
11873, 6118730, 6143856, 25126
11874, 6118740, 6143869, 25129
11876, 6118760, 6143883, 25123
11877, 6118770, 6143896, 25126
11878, 6118780, 6143909, 25129
11879, 6118790, 6143923, 25133
11880, 6118800, 6143936, 25136
11881, 6118810, 6143949, 25139
11882, 6118820, 6143963, 25143
11883, 6118830, 6143976, 25146
11884, 6118840, 6143989, 25149
11885, 6118850, 6144003, 25153
11886, 6118860, 6144016, 25156
11888, 6118880, 6144030, 25150
11889, 6118890, 6144043, 25153
11890, 6118900, 6144056, 25156
11891, 6118910, 6144070, 25160
11892, 6118920, 6144083, 25163
11893, 6118930, 6144096, 25166
11894, 6118940, 6144110, 25170
11895, 6118950, 6144123, 25173
11896, 6118960, 6144136, 25176
11897, 6118970, 6144150, 25180
11898, 6118980, 6144163, 25183
11901, 6119010, 6144190, 25180
11902, 6119020, 6144203, 25183
11903, 6119030, 6144217, 25187
11904, 6119040, 6144230, 25190
11905, 6119050, 6144243, 25193
11906, 6119060, 6144257, 25197
11907, 6119070, 6144270, 25200
11908, 6119080, 6144283, 25203
11909, 6119090, 6144297, 25207
11910, 6119100, 6144310, 25210
11911, 6119110, 6144324, 25214
11913, 6119130, 6144337, 25207
11914, 6119140, 6144350, 25210
11915, 6119150, 6144364, 25214
11916, 6119160, 6144377, 25217
11917, 6119170, 6144390, 25220
11918, 6119180, 6144404, 25224
11919, 6119190, 6144417, 25227
11920, 6119200, 6144430, 25230
11921, 6119210, 6148012, 28802
11922, 6119220, 6148025, 28805
11923, 6119230, 6148039, 28809
11925, 6119250, 6148052, 28802
11926, 6119260, 6148065, 28805
11927, 6119270, 6148079, 28809
11928, 6119280, 6148092, 28812
11929, 6119290, 6148106, 28816
11930, 6119300, 6148119, 28819
11931, 6119310, 6148132, 28822
11932, 6119320, 6148146, 28826
11933, 6119330, 6148159, 28829
11934, 6119340, 6148172, 28832
11935, 6119350, 6148186, 28836
11937, 6119370, 6148199, 28829
11938, 6119380, 6148212, 28832
11939, 6119390, 6148226, 28836
11940, 6119400, 6148239, 28839
11941, 6119410, 6148252, 28842
11942, 6119420, 6148266, 28846
11943, 6119430, 6148279, 28849
11944, 6119440, 6148293, 28853
11945, 6119450, 6148306, 28856
11946, 6119460, 6148319, 28859
11947, 6119470, 6148333, 28863
11948, 6119480, 6148346, 28866
11951, 6119510, 6148373, 28863
11952, 6119520, 6148386, 28866
11953, 6119530, 6148400, 28870
11954, 6119540, 6148413, 28873
11955, 6119550, 6148426, 28876
11956, 6119560, 6148440, 28880
11957, 6119570, 6148453, 28883
11958, 6119580, 6148466, 28886
11959, 6119590, 6148480, 28890
11960, 6119600, 6148493, 28893
11962, 6119620, 6148506, 28886
11963, 6119630, 6148520, 28890
11964, 6119640, 6148533, 28893
11965, 6119650, 6148546, 28896
11966, 6119660, 6148560, 28900
11967, 6119670, 6148573, 28903
11968, 6119680, 6148587, 28907
11969, 6119690, 6148600, 28910
11970, 6119700, 6148613, 28913
11971, 6119710, 6148627, 28917
11972, 6119720, 6148640, 28920
11974, 6119740, 6148653, 28913
11975, 6119750, 6148667, 28917
11976, 6119760, 6148680, 28920
11977, 6119770, 6148693, 28923
11978, 6119780, 6148707, 28927
11979, 6119790, 6148720, 28930
11980, 6119800, 6148734, 28934
11981, 6119810, 6148747, 28937
11982, 6119820, 6148760, 28940
11983, 6119830, 6148774, 28944
11984, 6119840, 6148787, 28947
11985, 6119850, 6148800, 28950
11987, 6119870, 6148814, 28944
11988, 6119880, 6148827, 28947
11989, 6119890, 6148840, 28950
11990, 6119900, 6148854, 28954
11991, 6119910, 6148867, 28957
11992, 6119920, 6148880, 28960
11993, 6119930, 6148894, 28964
11994, 6119940, 6148907, 28967
11995, 6119950, 6148921, 28971
11996, 6119960, 6148934, 28974
11997, 6119970, 6148947, 28977
11999, 6119990, 6148961, 28971
12402, 6124020, 6148987, 24967
12403, 6124030, 6149001, 24971
12404, 6124040, 6149014, 24974
12405, 6124050, 6149028, 24978
12406, 6124060, 6149041, 24981
12407, 6124070, 6149054, 24984
12408, 6124080, 6149068, 24988
12409, 6124090, 6149081, 24991
12410, 6124100, 6149094, 24994
12411, 6124110, 6149108, 24998
12412, 6124120, 6149121, 25001
12414, 6124140, 6149134, 24994
12415, 6124150, 6149148, 24998
12416, 6124160, 6149161, 25001
12417, 6124170, 6149174, 25004
12418, 6124180, 6149188, 25008
12419, 6124190, 6149201, 25011
12420, 6124200, 6149215, 25015
12421, 6124210, 6149228, 25018
12422, 6124220, 6149241, 25021
12423, 6124230, 6149255, 25025
12424, 6124240, 6149268, 25028
12426, 6124260, 6149281, 25021
12427, 6124270, 6149295, 25025
12428, 6124280, 6149308, 25028
12429, 6124290, 6149321, 25031
12430, 6124300, 6149335, 25035
12431, 6124310, 6149348, 25038
12432, 6124320, 6149362, 25042
12433, 6124330, 6149375, 25045
12434, 6124340, 6149388, 25048
12435, 6124350, 6149402, 25052
12436, 6124360, 6149415, 25055
12437, 6124370, 6149428, 25058
12439, 6124390, 6149442, 25052
12440, 6124400, 6149455, 25055
12441, 6124410, 6149468, 25058
12442, 6124420, 6149482, 25062
12443, 6124430, 6149495, 25065
12444, 6124440, 6149508, 25068
12445, 6124450, 6149522, 25072
12446, 6124460, 6149535, 25075
12447, 6124470, 6149549, 25079
12448, 6124480, 6149562, 25082
12449, 6124490, 6149575, 25085
12451, 6124510, 6149589, 25079
12452, 6124520, 6149602, 25082
12453, 6124530, 6149615, 25085
12454, 6124540, 6149629, 25089
12455, 6124550, 6149642, 25092
12456, 6124560, 6149655, 25095
12457, 6124570, 6149669, 25099
12458, 6124580, 6149682, 25102
12459, 6124590, 6149696, 25106
12460, 6124600, 6149709, 25109
12461, 6124610, 6149722, 25112
12463, 6124630, 6149736, 25106
12464, 6124640, 6149749, 25109
12465, 6124650, 6149762, 25112
12466, 6124660, 6149776, 25116
12467, 6124670, 6149789, 25119
12468, 6124680, 6149802, 25122
12469, 6124690, 6149816, 25126
12470, 6124700, 6149829, 25129
12471, 6124710, 6149842, 25132
12472, 6124720, 6149856, 25136
12473, 6124730, 6149869, 25139
12474, 6124740, 6149883, 25143
12476, 6124760, 6149896, 25136
12477, 6124770, 6149909, 25139
12478, 6124780, 6149923, 25143
12479, 6124790, 6149936, 25146
12480, 6124800, 6149949, 25149
12481, 6124810, 6149963, 25153
12482, 6124820, 6149976, 25156
12483, 6124830, 6149989, 25159
12484, 6124840, 6150003, 25163
12485, 6124850, 6150016, 25166
12487, 6124870, 6150030, 25160
12488, 6124880, 6150043, 25163
12489, 6124890, 6150056, 25166
12490, 6124900, 6150070, 25170
12491, 6124910, 6150083, 25173
12492, 6124920, 6150096, 25176
12493, 6124930, 6150110, 25180
12494, 6124940, 6150123, 25183
12495, 6124950, 6150136, 25186
12496, 6124960, 6150150, 25190
12497, 6124970, 6150163, 25193
12499, 6124990, 6150176, 25186
12501, 6125010, 6150203, 25193
12502, 6125020, 6150217, 25197
12503, 6125030, 6150230, 25200
12504, 6125040, 6150243, 25203
12505, 6125050, 6150257, 25207
12506, 6125060, 6150270, 25210
12507, 6125070, 6150283, 25213
12508, 6125080, 6150297, 25217
12510, 6125100, 6150310, 25210
12511, 6125110, 6150324, 25214
12512, 6125120, 6150337, 25217
12513, 6125130, 6150350, 25220
12514, 6125140, 6150364, 25224
12515, 6125150, 6150377, 25227
12516, 6125160, 6150390, 25230
12517, 6125170, 6150404, 25234
12518, 6125180, 6150417, 25237
12519, 6125190, 6150430, 25240
12521, 6125210, 6154012, 28802
12522, 6125220, 6154025, 28805
12523, 6125230, 6154039, 28809
12524, 6125240, 6154052, 28812
12525, 6125250, 6154065, 28815
12526, 6125260, 6154079, 28819
12527, 6125270, 6154092, 28822
12528, 6125280, 6154106, 28826
12529, 6125290, 6154119, 28829
12530, 6125300, 6154132, 28832
12531, 6125310, 6154146, 28836
12533, 6125330, 6154159, 28829
12534, 6125340, 6154172, 28832
12535, 6125350, 6154186, 28836
12536, 6125360, 6154199, 28839
12537, 6125370, 6154212, 28842
12538, 6125380, 6154226, 28846
12539, 6125390, 6154239, 28849
12540, 6125400, 6154252, 28852
12541, 6125410, 6154266, 28856
12542, 6125420, 6154279, 28859
12544, 6125440, 6154293, 28853
12545, 6125450, 6154306, 28856
12546, 6125460, 6154319, 28859
12547, 6125470, 6154333, 28863
12548, 6125480, 6154346, 28866
12549, 6125490, 6154359, 28869
12551, 6125510, 6154386, 28876
12552, 6125520, 6154400, 28880
12553, 6125530, 6154413, 28883
12554, 6125540, 6154426, 28886
12556, 6125560, 6154440, 28880
12557, 6125570, 6154453, 28883
12558, 6125580, 6154466, 28886
12559, 6125590, 6154480, 28890
12560, 6125600, 6154493, 28893
12561, 6125610, 6154506, 28896
12562, 6125620, 6154520, 28900
12563, 6125630, 6154533, 28903
12564, 6125640, 6154546, 28906
12565, 6125650, 6154560, 28910
12567, 6125670, 6154573, 28903
12568, 6125680, 6154587, 28907
12569, 6125690, 6154600, 28910
12570, 6125700, 6154613, 28913
12571, 6125710, 6154627, 28917
12572, 6125720, 6154640, 28920
12573, 6125730, 6154653, 28923
12574, 6125740, 6154667, 28927
12575, 6125750, 6154680, 28930
12576, 6125760, 6154693, 28933
12578, 6125780, 6154707, 28927
12579, 6125790, 6154720, 28930
12580, 6125800, 6154734, 28934
12581, 6125810, 6154747, 28937
12582, 6125820, 6154760, 28940
12583, 6125830, 6154774, 28944
12584, 6125840, 6154787, 28947
12585, 6125850, 6154800, 28950
12586, 6125860, 6154814, 28954
12587, 6125870, 6154827, 28957
12588, 6125880, 6154840, 28960
12590, 6125900, 6154854, 28954
12591, 6125910, 6154867, 28957
12592, 6125920, 6154880, 28960
12593, 6125930, 6154894, 28964
12594, 6125940, 6154907, 28967
12595, 6125950, 6154921, 28971
12596, 6125960, 6154934, 28974
12597, 6125970, 6154947, 28977
12598, 6125980, 6154961, 28981
13002, 6130020, 6154987, 24967
13003, 6130030, 6155001, 24971
13004, 6130040, 6155014, 24974
13005, 6130050, 6155027, 24977
13006, 6130060, 6155041, 24981
13007, 6130070, 6155054, 24984
13008, 6130080, 6155067, 24987
13009, 6130090, 6155081, 24991
13010, 6130100, 6155094, 24994
13011, 6130110, 6155108, 24998
13013, 6130130, 6155121, 24991
13014, 6130140, 6155134, 24994
13015, 6130150, 6155148, 24998
13016, 6130160, 6155161, 25001
13017, 6130170, 6155174, 25004
13018, 6130180, 6155188, 25008
13019, 6130190, 6155201, 25011
13020, 6130200, 6155214, 25014
13021, 6130210, 6155228, 25018
13022, 6130220, 6155241, 25021
13024, 6130240, 6155254, 25014
13025, 6130250, 6155268, 25018
13026, 6130260, 6155281, 25021
13027, 6130270, 6155295, 25025
13028, 6130280, 6155308, 25028
13029, 6130290, 6155321, 25031
13030, 6130300, 6155335, 25035
13031, 6130310, 6155348, 25038
13032, 6130320, 6155361, 25041
13033, 6130330, 6155375, 25045
13034, 6130340, 6155388, 25048
13036, 6130360, 6155401, 25041
13037, 6130370, 6155415, 25045
13038, 6130380, 6155428, 25048
13039, 6130390, 6155442, 25052
13040, 6130400, 6155455, 25055
13041, 6130410, 6155468, 25058
13042, 6130420, 6155482, 25062
13043, 6130430, 6155495, 25065
13044, 6130440, 6155508, 25068
13045, 6130450, 6155522, 25072
13047, 6130470, 6155535, 25065
13048, 6130480, 6155548, 25068
13049, 6130490, 6155562, 25072
13051, 6130510, 6155589, 25079
13052, 6130520, 6155602, 25082
13053, 6130530, 6155615, 25085
13054, 6130540, 6155629, 25089
13055, 6130550, 6155642, 25092
13056, 6130560, 6155655, 25095
13057, 6130570, 6155669, 25099
13059, 6130590, 6155682, 25092
13060, 6130600, 6155695, 25095
13061, 6130610, 6155709, 25099
13062, 6130620, 6155722, 25102
13063, 6130630, 6155736, 25106
13064, 6130640, 6155749, 25109
13065, 6130650, 6155762, 25112
13066, 6130660, 6155776, 25116
13067, 6130670, 6155789, 25119
13068, 6130680, 6155802, 25122
13070, 6130700, 6155816, 25116
13071, 6130710, 6155829, 25119
13072, 6130720, 6155842, 25122
13073, 6130730, 6155856, 25126
13074, 6130740, 6155869, 25129
13075, 6130750, 6155882, 25132
13076, 6130760, 6155896, 25136
13077, 6130770, 6155909, 25139
13078, 6130780, 6155923, 25143
13079, 6130790, 6155936, 25146
13081, 6130810, 6155949, 25139
13082, 6130820, 6155963, 25143
13083, 6130830, 6155976, 25146
13084, 6130840, 6155989, 25149
13085, 6130850, 6156003, 25153
13086, 6130860, 6156016, 25156
13087, 6130870, 6156029, 25159
13088, 6130880, 6156043, 25163
13089, 6130890, 6156056, 25166
13090, 6130900, 6156070, 25170
13091, 6130910, 6156083, 25173
13093, 6130930, 6156096, 25166
13094, 6130940, 6156110, 25170
13095, 6130950, 6156123, 25173
13096, 6130960, 6156136, 25176
13097, 6130970, 6156150, 25180
13098, 6130980, 6156163, 25183
13099, 6130990, 6156176, 25186
13101, 6131010, 6156203, 25193
13102, 6131020, 6156217, 25197
13104, 6131040, 6156230, 25190
13105, 6131050, 6156243, 25193
13106, 6131060, 6156257, 25197
13107, 6131070, 6156270, 25200
13108, 6131080, 6156283, 25203
13109, 6131090, 6156297, 25207
13110, 6131100, 6156310, 25210
13111, 6131110, 6156323, 25213
13112, 6131120, 6156337, 25217
13113, 6131130, 6156350, 25220
13114, 6131140, 6156364, 25224
13116, 6131160, 6156377, 25217
13117, 6131170, 6156390, 25220
13118, 6131180, 6156404, 25224
13119, 6131190, 6156417, 25227
13120, 6131200, 6156430, 25230
13121, 6131210, 6160012, 28802
13122, 6131220, 6160025, 28805
13123, 6131230, 6160039, 28809
13124, 6131240, 6160052, 28812
13125, 6131250, 6160065, 28815
13127, 6131270, 6160079, 28809
13128, 6131280, 6160092, 28812
13129, 6131290, 6160106, 28816
13130, 6131300, 6160119, 28819
13131, 6131310, 6160132, 28822
13132, 6131320, 6160146, 28826
13133, 6131330, 6160159, 28829
13134, 6131340, 6160172, 28832
13135, 6131350, 6160186, 28836
13136, 6131360, 6160199, 28839
13138, 6131380, 6160212, 28832
13139, 6131390, 6160226, 28836
13140, 6131400, 6160239, 28839
13141, 6131410, 6160252, 28842
13142, 6131420, 6160266, 28846
13143, 6131430, 6160279, 28849
13144, 6131440, 6160293, 28853
13145, 6131450, 6160306, 28856
13146, 6131460, 6160319, 28859
13147, 6131470, 6160333, 28863
13148, 6131480, 6160346, 28866
13151, 6131510, 6160373, 28863
13152, 6131520, 6160386, 28866
13153, 6131530, 6160400, 28870
13154, 6131540, 6160413, 28873
13155, 6131550, 6160426, 28876
13156, 6131560, 6160440, 28880
13157, 6131570, 6160453, 28883
13158, 6131580, 6160466, 28886
13159, 6131590, 6160480, 28890
13161, 6131610, 6160493, 28883
13162, 6131620, 6160506, 28886
13163, 6131630, 6160520, 28890
13164, 6131640, 6160533, 28893
13165, 6131650, 6160546, 28896
13166, 6131660, 6160560, 28900
13167, 6131670, 6160573, 28903
13168, 6131680, 6160587, 28907
13169, 6131690, 6160600, 28910
13170, 6131700, 6160613, 28913
13171, 6131710, 6160627, 28917
13173, 6131730, 6160640, 28910
13174, 6131740, 6160653, 28913
13175, 6131750, 6160667, 28917
13176, 6131760, 6160680, 28920
13177, 6131770, 6160693, 28923
13178, 6131780, 6160707, 28927
13179, 6131790, 6160720, 28930
13180, 6131800, 6160734, 28934
13181, 6131810, 6160747, 28937
13182, 6131820, 6160760, 28940
13184, 6131840, 6160774, 28934
13185, 6131850, 6160787, 28937
13186, 6131860, 6160800, 28940
13187, 6131870, 6160814, 28944
13188, 6131880, 6160827, 28947
13189, 6131890, 6160840, 28950
13190, 6131900, 6160854, 28954
13191, 6131910, 6160867, 28957
13192, 6131920, 6160880, 28960
13193, 6131930, 6160894, 28964
13195, 6131950, 6160907, 28957
13196, 6131960, 6160921, 28961
13197, 6131970, 6160934, 28964
13198, 6131980, 6160947, 28967
13199, 6131990, 6160961, 28971
13602, 6136020, 6160987, 24967
13603, 6136030, 6161001, 24971
13604, 6136040, 6161014, 24974
13605, 6136050, 6161028, 24978
13606, 6136060, 6161041, 24981
13607, 6136070, 6161054, 24984
13608, 6136080, 6161068, 24988
13609, 6136090, 6161081, 24991
13610, 6136100, 6161094, 24994
13611, 6136110, 6161108, 24998
13613, 6136130, 6161121, 24991
13614, 6136140, 6161134, 24994
13615, 6136150, 6161148, 24998
13616, 6136160, 6161161, 25001
13617, 6136170, 6161174, 25004
13618, 6136180, 6161188, 25008
13619, 6136190, 6161201, 25011
13620, 6136200, 6161215, 25015
13621, 6136210, 6161228, 25018
13622, 6136220, 6161241, 25021
13624, 6136240, 6161255, 25015
13625, 6136250, 6161268, 25018
13626, 6136260, 6161281, 25021
13627, 6136270, 6161295, 25025
13628, 6136280, 6161308, 25028
13629, 6136290, 6161321, 25031
13630, 6136300, 6161335, 25035
13631, 6136310, 6161348, 25038
13632, 6136320, 6161362, 25042
13633, 6136330, 6161375, 25045
13634, 6136340, 6161388, 25048
13636, 6136360, 6161402, 25042
13637, 6136370, 6161415, 25045
13638, 6136380, 6161428, 25048
13639, 6136390, 6161442, 25052
13640, 6136400, 6161455, 25055
13641, 6136410, 6161468, 25058
13642, 6136420, 6161482, 25062
13643, 6136430, 6161495, 25065
13644, 6136440, 6161508, 25068
13645, 6136450, 6161522, 25072
13647, 6136470, 6161535, 25065
13648, 6136480, 6161549, 25069
13649, 6136490, 6161562, 25072
13651, 6136510, 6161589, 25079
13652, 6136520, 6161602, 25082
13653, 6136530, 6161615, 25085
13654, 6136540, 6161629, 25089
13655, 6136550, 6161642, 25092
13656, 6136560, 6161656, 25096
13657, 6136570, 6161669, 25099
13659, 6136590, 6161682, 25092
13660, 6136600, 6161696, 25096
13661, 6136610, 6161709, 25099
13662, 6136620, 6161722, 25102
13663, 6136630, 6161736, 25106
13664, 6136640, 6161749, 25109
13665, 6136650, 6161762, 25112
13666, 6136660, 6161776, 25116
13667, 6136670, 6161789, 25119
13668, 6136680, 6161802, 25122
13670, 6136700, 6161816, 25116
13671, 6136710, 6161829, 25119
13672, 6136720, 6161843, 25123
13673, 6136730, 6161856, 25126
13674, 6136740, 6161869, 25129
13675, 6136750, 6161883, 25133
13676, 6136760, 6161896, 25136
13677, 6136770, 6161909, 25139
13678, 6136780, 6161923, 25143
13679, 6136790, 6161936, 25146
13681, 6136810, 6161949, 25139
13682, 6136820, 6161963, 25143
13683, 6136830, 6161976, 25146
13684, 6136840, 6161990, 25150
13685, 6136850, 6162003, 25153
13686, 6136860, 6162016, 25156
13687, 6136870, 6162030, 25160
13688, 6136880, 6162043, 25163
13689, 6136890, 6162056, 25166
13690, 6136900, 6162070, 25170
13691, 6136910, 6162083, 25173
13693, 6136930, 6162096, 25166
13694, 6136940, 6162110, 25170
13695, 6136950, 6162123, 25173
13696, 6136960, 6162136, 25176
13697, 6136970, 6162150, 25180
13698, 6136980, 6162163, 25183
13699, 6136990, 6162177, 25187
13701, 6137010, 6162203, 25193
13702, 6137020, 6162217, 25197
13704, 6137040, 6162230, 25190
13705, 6137050, 6162243, 25193
13706, 6137060, 6162257, 25197
13707, 6137070, 6162270, 25200
13708, 6137080, 6162284, 25204
13709, 6137090, 6162297, 25207
13710, 6137100, 6162310, 25210
13711, 6137110, 6162324, 25214
13712, 6137120, 6162337, 25217
13713, 6137130, 6162350, 25220
13714, 6137140, 6162364, 25224
13716, 6137160, 6162377, 25217
13717, 6137170, 6162390, 25220
13718, 6137180, 6162404, 25224
13719, 6137190, 6162417, 25227
13720, 6137200, 6162430, 25230
13721, 6137210, 6166012, 28802
13722, 6137220, 6166025, 28805
13723, 6137230, 6166039, 28809
13724, 6137240, 6166052, 28812
13725, 6137250, 6166065, 28815
13727, 6137270, 6166079, 28809
13728, 6137280, 6166092, 28812
13729, 6137290, 6166106, 28816
13730, 6137300, 6166119, 28819
13731, 6137310, 6166132, 28822
13732, 6137320, 6166146, 28826
13733, 6137330, 6166159, 28829
13734, 6137340, 6166172, 28832
13735, 6137350, 6166186, 28836
13736, 6137360, 6166199, 28839
13738, 6137380, 6166212, 28832
13739, 6137390, 6166226, 28836
13740, 6137400, 6166239, 28839
13741, 6137410, 6166252, 28842
13742, 6137420, 6166266, 28846
13743, 6137430, 6166279, 28849
13744, 6137440, 6166293, 28853
13745, 6137450, 6166306, 28856
13746, 6137460, 6166319, 28859
13747, 6137470, 6166333, 28863
13748, 6137480, 6166346, 28866
13751, 6137510, 6166373, 28863
13752, 6137520, 6166386, 28866
13753, 6137530, 6166400, 28870
13754, 6137540, 6166413, 28873
13755, 6137550, 6166426, 28876
13756, 6137560, 6166440, 28880
13757, 6137570, 6166453, 28883
13758, 6137580, 6166466, 28886
13759, 6137590, 6166480, 28890
13761, 6137610, 6166493, 28883
13762, 6137620, 6166506, 28886
13763, 6137630, 6166520, 28890
13764, 6137640, 6166533, 28893
13765, 6137650, 6166546, 28896
13766, 6137660, 6166560, 28900
13767, 6137670, 6166573, 28903
13768, 6137680, 6166587, 28907
13769, 6137690, 6166600, 28910
13770, 6137700, 6166613, 28913
13771, 6137710, 6166627, 28917
13773, 6137730, 6166640, 28910
13774, 6137740, 6166653, 28913
13775, 6137750, 6166667, 28917
13776, 6137760, 6166680, 28920
13777, 6137770, 6166693, 28923
13778, 6137780, 6166707, 28927
13779, 6137790, 6166720, 28930
13780, 6137800, 6166734, 28934
13781, 6137810, 6166747, 28937
13782, 6137820, 6166760, 28940
13784, 6137840, 6166774, 28934
13785, 6137850, 6166787, 28937
13786, 6137860, 6166800, 28940
13787, 6137870, 6166814, 28944
13788, 6137880, 6166827, 28947
13789, 6137890, 6166840, 28950
13790, 6137900, 6166854, 28954
13791, 6137910, 6166867, 28957
13792, 6137920, 6166880, 28960
13793, 6137930, 6166894, 28964
13795, 6137950, 6166907, 28957
13796, 6137960, 6166921, 28961
13797, 6137970, 6166934, 28964
13798, 6137980, 6166947, 28967
13799, 6137990, 6166961, 28971
14202, 6142020, 6166987, 24967
14203, 6142030, 6167001, 24971
14204, 6142040, 6167014, 24974
14205, 6142050, 6167028, 24978
14206, 6142060, 6167041, 24981
14207, 6142070, 6167054, 24984
14208, 6142080, 6167068, 24988
14209, 6142090, 6167081, 24991
14210, 6142100, 6167094, 24994
14211, 6142110, 6167108, 24998
14213, 6142130, 6167121, 24991
14214, 6142140, 6167134, 24994
14215, 6142150, 6167148, 24998
14216, 6142160, 6167161, 25001
14217, 6142170, 6167174, 25004
14218, 6142180, 6167188, 25008
14219, 6142190, 6167201, 25011
14220, 6142200, 6167215, 25015
14221, 6142210, 6167228, 25018
14222, 6142220, 6167241, 25021
14224, 6142240, 6167255, 25015
14225, 6142250, 6167268, 25018
14226, 6142260, 6167281, 25021
14227, 6142270, 6167295, 25025
14228, 6142280, 6167308, 25028
14229, 6142290, 6167321, 25031
14230, 6142300, 6167335, 25035
14231, 6142310, 6167348, 25038
14232, 6142320, 6167362, 25042
14233, 6142330, 6167375, 25045
14234, 6142340, 6167388, 25048
14236, 6142360, 6167402, 25042
14237, 6142370, 6167415, 25045
14238, 6142380, 6167428, 25048
14239, 6142390, 6167442, 25052
14240, 6142400, 6167455, 25055
14241, 6142410, 6167468, 25058
14242, 6142420, 6167482, 25062
14243, 6142430, 6167495, 25065
14244, 6142440, 6167508, 25068
14245, 6142450, 6167522, 25072
14247, 6142470, 6167535, 25065
14248, 6142480, 6167549, 25069
14249, 6142490, 6167562, 25072
14251, 6142510, 6167589, 25079
14252, 6142520, 6167602, 25082
14253, 6142530, 6167615, 25085
14254, 6142540, 6167629, 25089
14255, 6142550, 6167642, 25092
14256, 6142560, 6167656, 25096
14257, 6142570, 6167669, 25099
14259, 6142590, 6167682, 25092
14260, 6142600, 6167696, 25096
14261, 6142610, 6167709, 25099
14262, 6142620, 6167722, 25102
14263, 6142630, 6167736, 25106
14264, 6142640, 6167749, 25109
14265, 6142650, 6167762, 25112
14266, 6142660, 6167776, 25116
14267, 6142670, 6167789, 25119
14268, 6142680, 6167802, 25122
14270, 6142700, 6167816, 25116
14271, 6142710, 6167829, 25119
14272, 6142720, 6167843, 25123
14273, 6142730, 6167856, 25126
14274, 6142740, 6167869, 25129
14275, 6142750, 6167883, 25133
14276, 6142760, 6167896, 25136
14277, 6142770, 6167909, 25139
14278, 6142780, 6167923, 25143
14279, 6142790, 6167936, 25146
14281, 6142810, 6167949, 25139
14282, 6142820, 6167963, 25143
14283, 6142830, 6167976, 25146
14284, 6142840, 6167990, 25150
14285, 6142850, 6168003, 25153
14286, 6142860, 6168016, 25156
14287, 6142870, 6168030, 25160
14288, 6142880, 6168043, 25163
14289, 6142890, 6168056, 25166
14290, 6142900, 6168070, 25170
14291, 6142910, 6168083, 25173
14293, 6142930, 6168096, 25166
14294, 6142940, 6168110, 25170
14295, 6142950, 6168123, 25173
14296, 6142960, 6168136, 25176
14297, 6142970, 6168150, 25180
14298, 6142980, 6168163, 25183
14299, 6142990, 6168177, 25187
14301, 6143010, 6168203, 25193
14302, 6143020, 6168217, 25197
14304, 6143040, 6168230, 25190
14305, 6143050, 6168243, 25193
14306, 6143060, 6168257, 25197
14307, 6143070, 6168270, 25200
14308, 6143080, 6168284, 25204
14309, 6143090, 6168297, 25207
14310, 6143100, 6168310, 25210
14311, 6143110, 6168324, 25214
14312, 6143120, 6168337, 25217
14313, 6143130, 6168350, 25220
14314, 6143140, 6168364, 25224
14316, 6143160, 6168377, 25217
14317, 6143170, 6168390, 25220
14318, 6143180, 6168404, 25224
14319, 6143190, 6168417, 25227
14320, 6143200, 6168430, 25230
14321, 6143210, 6172012, 28802
14322, 6143220, 6172025, 28805
14323, 6143230, 6172039, 28809
14324, 6143240, 6172052, 28812
14325, 6143250, 6172065, 28815
14327, 6143270, 6172079, 28809
14328, 6143280, 6172092, 28812
14329, 6143290, 6172106, 28816
14330, 6143300, 6172119, 28819
14331, 6143310, 6172132, 28822
14332, 6143320, 6172146, 28826
14333, 6143330, 6172159, 28829
14334, 6143340, 6172172, 28832
14335, 6143350, 6172186, 28836
14336, 6143360, 6172199, 28839
14338, 6143380, 6172212, 28832
14339, 6143390, 6172226, 28836
14340, 6143400, 6172239, 28839
14341, 6143410, 6172252, 28842
14342, 6143420, 6172266, 28846
14343, 6143430, 6172279, 28849
14344, 6143440, 6172293, 28853
14345, 6143450, 6172306, 28856
14346, 6143460, 6172319, 28859
14347, 6143470, 6172333, 28863
14348, 6143480, 6172346, 28866
14351, 6143510, 6172373, 28863
14352, 6143520, 6172386, 28866
14353, 6143530, 6172400, 28870
14354, 6143540, 6172413, 28873
14355, 6143550, 6172426, 28876
14356, 6143560, 6172440, 28880
14357, 6143570, 6172453, 28883
14358, 6143580, 6172466, 28886
14359, 6143590, 6172480, 28890
14361, 6143610, 6172493, 28883
14362, 6143620, 6172506, 28886
14363, 6143630, 6172520, 28890
14364, 6143640, 6172533, 28893
14365, 6143650, 6172546, 28896
14366, 6143660, 6172560, 28900
14367, 6143670, 6172573, 28903
14368, 6143680, 6172587, 28907
14369, 6143690, 6172600, 28910
14370, 6143700, 6172613, 28913
14371, 6143710, 6172627, 28917
14373, 6143730, 6172640, 28910
14374, 6143740, 6172653, 28913
14375, 6143750, 6172667, 28917
14376, 6143760, 6172680, 28920
14377, 6143770, 6172693, 28923
14378, 6143780, 6172707, 28927
14379, 6143790, 6172720, 28930
14380, 6143800, 6172734, 28934
14381, 6143810, 6172747, 28937
14382, 6143820, 6172760, 28940
14384, 6143840, 6172774, 28934
14385, 6143850, 6172787, 28937
14386, 6143860, 6172800, 28940
14387, 6143870, 6172814, 28944
14388, 6143880, 6172827, 28947
14389, 6143890, 6172840, 28950
14390, 6143900, 6172854, 28954
14391, 6143910, 6172867, 28957
14392, 6143920, 6172880, 28960
14393, 6143930, 6172894, 28964
14395, 6143950, 6172907, 28957
14396, 6143960, 6172921, 28961
14397, 6143970, 6172934, 28964
14398, 6143980, 6172947, 28967
14399, 6143990, 6172961, 28971
14802, 6148020, 6172987, 24967
14803, 6148030, 6173001, 24971
14804, 6148040, 6173014, 24974
14805, 6148050, 6173028, 24978
14806, 6148060, 6173041, 24981
14807, 6148070, 6173054, 24984
14808, 6148080, 6173068, 24988
14809, 6148090, 6173081, 24991
14810, 6148100, 6173094, 24994
14811, 6148110, 6173108, 24998
14813, 6148130, 6173121, 24991
14814, 6148140, 6173134, 24994
14815, 6148150, 6173148, 24998
14816, 6148160, 6173161, 25001
14817, 6148170, 6173174, 25004
14818, 6148180, 6173188, 25008
14819, 6148190, 6173201, 25011
14820, 6148200, 6173215, 25015
14821, 6148210, 6173228, 25018
14822, 6148220, 6173241, 25021
14824, 6148240, 6173255, 25015
14825, 6148250, 6173268, 25018
14826, 6148260, 6173281, 25021
14827, 6148270, 6173295, 25025
14828, 6148280, 6173308, 25028
14829, 6148290, 6173321, 25031
14830, 6148300, 6173335, 25035
14831, 6148310, 6173348, 25038
14832, 6148320, 6173362, 25042
14833, 6148330, 6173375, 25045
14834, 6148340, 6173388, 25048
14836, 6148360, 6173402, 25042
14837, 6148370, 6173415, 25045
14838, 6148380, 6173428, 25048
14839, 6148390, 6173442, 25052
14840, 6148400, 6173455, 25055
14841, 6148410, 6173468, 25058
14842, 6148420, 6173482, 25062
14843, 6148430, 6173495, 25065
14844, 6148440, 6173508, 25068
14845, 6148450, 6173522, 25072
14847, 6148470, 6173535, 25065
14848, 6148480, 6173549, 25069
14849, 6148490, 6173562, 25072
14851, 6148510, 6173589, 25079
14852, 6148520, 6173602, 25082
14853, 6148530, 6173615, 25085
14854, 6148540, 6173629, 25089
14855, 6148550, 6173642, 25092
14856, 6148560, 6173656, 25096
14857, 6148570, 6173669, 25099
14859, 6148590, 6173682, 25092
14860, 6148600, 6173696, 25096
14861, 6148610, 6173709, 25099
14862, 6148620, 6173722, 25102
14863, 6148630, 6173736, 25106
14864, 6148640, 6173749, 25109
14865, 6148650, 6173762, 25112
14866, 6148660, 6173776, 25116
14867, 6148670, 6173789, 25119
14868, 6148680, 6173802, 25122
14870, 6148700, 6173816, 25116
14871, 6148710, 6173829, 25119
14872, 6148720, 6173843, 25123
14873, 6148730, 6173856, 25126
14874, 6148740, 6173869, 25129
14875, 6148750, 6173883, 25133
14876, 6148760, 6173896, 25136
14877, 6148770, 6173909, 25139
14878, 6148780, 6173923, 25143
14879, 6148790, 6173936, 25146
14881, 6148810, 6173949, 25139
14882, 6148820, 6173963, 25143
14883, 6148830, 6173976, 25146
14884, 6148840, 6173990, 25150
14885, 6148850, 6174003, 25153
14886, 6148860, 6174016, 25156
14887, 6148870, 6174030, 25160
14888, 6148880, 6174043, 25163
14889, 6148890, 6174056, 25166
14890, 6148900, 6174070, 25170
14891, 6148910, 6174083, 25173
14893, 6148930, 6174096, 25166
14894, 6148940, 6174110, 25170
14895, 6148950, 6174123, 25173
14896, 6148960, 6174136, 25176
14897, 6148970, 6174150, 25180
14898, 6148980, 6174163, 25183
14899, 6148990, 6174177, 25187
14901, 6149010, 6174203, 25193
14902, 6149020, 6174217, 25197
14904, 6149040, 6174230, 25190
14905, 6149050, 6174243, 25193
14906, 6149060, 6174257, 25197
14907, 6149070, 6174270, 25200
14908, 6149080, 6174284, 25204
14909, 6149090, 6174297, 25207
14910, 6149100, 6174310, 25210
14911, 6149110, 6174324, 25214
14912, 6149120, 6174337, 25217
14913, 6149130, 6174350, 25220
14914, 6149140, 6174364, 25224
14916, 6149160, 6174377, 25217
14917, 6149170, 6174390, 25220
14918, 6149180, 6174404, 25224
14919, 6149190, 6174417, 25227
14920, 6149200, 6174430, 25230
14921, 6149210, 6178012, 28802
14922, 6149220, 6178025, 28805
14923, 6149230, 6178039, 28809
14924, 6149240, 6178052, 28812
14925, 6149250, 6178065, 28815
14927, 6149270, 6178079, 28809
14928, 6149280, 6178092, 28812
14929, 6149290, 6178106, 28816
14930, 6149300, 6178119, 28819
14931, 6149310, 6178132, 28822
14932, 6149320, 6178146, 28826
14933, 6149330, 6178159, 28829
14934, 6149340, 6178172, 28832
14935, 6149350, 6178186, 28836
14936, 6149360, 6178199, 28839
14938, 6149380, 6178212, 28832
14939, 6149390, 6178226, 28836
14940, 6149400, 6178239, 28839
14941, 6149410, 6178252, 28842
14942, 6149420, 6178266, 28846
14943, 6149430, 6178279, 28849
14944, 6149440, 6178293, 28853
14945, 6149450, 6178306, 28856
14946, 6149460, 6178319, 28859
14947, 6149470, 6178333, 28863
14948, 6149480, 6178346, 28866
14951, 6149510, 6178373, 28863
14952, 6149520, 6178386, 28866
14953, 6149530, 6178400, 28870
14954, 6149540, 6178413, 28873
14955, 6149550, 6178426, 28876
14956, 6149560, 6178440, 28880
14957, 6149570, 6178453, 28883
14958, 6149580, 6178466, 28886
14959, 6149590, 6178480, 28890
14961, 6149610, 6178493, 28883
14962, 6149620, 6178506, 28886
14963, 6149630, 6178520, 28890
14964, 6149640, 6178533, 28893
14965, 6149650, 6178546, 28896
14966, 6149660, 6178560, 28900
14967, 6149670, 6178573, 28903
14968, 6149680, 6178587, 28907
14969, 6149690, 6178600, 28910
14970, 6149700, 6178613, 28913
14971, 6149710, 6178627, 28917
14973, 6149730, 6178640, 28910
14974, 6149740, 6178653, 28913
14975, 6149750, 6178667, 28917
14976, 6149760, 6178680, 28920
14977, 6149770, 6178693, 28923
14978, 6149780, 6178707, 28927
14979, 6149790, 6178720, 28930
14980, 6149800, 6178734, 28934
14981, 6149810, 6178747, 28937
14982, 6149820, 6178760, 28940
14984, 6149840, 6178774, 28934
14985, 6149850, 6178787, 28937
14986, 6149860, 6178800, 28940
14987, 6149870, 6178814, 28944
14988, 6149880, 6178827, 28947
14989, 6149890, 6178840, 28950
14990, 6149900, 6178854, 28954
14991, 6149910, 6178867, 28957
14992, 6149920, 6178880, 28960
14993, 6149930, 6178894, 28964
14995, 6149950, 6178907, 28957
14996, 6149960, 6178921, 28961
14997, 6149970, 6178934, 28964
14998, 6149980, 6178947, 28967
14999, 6149990, 6178961, 28971
15402, 6154020, 6178987, 24967
15403, 6154030, 6179001, 24971
15404, 6154040, 6179014, 24974
15405, 6154050, 6179028, 24978
15406, 6154060, 6179041, 24981
15407, 6154070, 6179054, 24984
15408, 6154080, 6179068, 24988
15409, 6154090, 6179081, 24991
15410, 6154100, 6179094, 24994
15411, 6154110, 6179108, 24998
15413, 6154130, 6179121, 24991
15414, 6154140, 6179134, 24994
15415, 6154150, 6179148, 24998
15416, 6154160, 6179161, 25001
15417, 6154170, 6179174, 25004
15418, 6154180, 6179188, 25008
15419, 6154190, 6179201, 25011
15420, 6154200, 6179215, 25015
15421, 6154210, 6179228, 25018
15422, 6154220, 6179241, 25021
15424, 6154240, 6179255, 25015
15425, 6154250, 6179268, 25018
15426, 6154260, 6179281, 25021
15427, 6154270, 6179295, 25025
15428, 6154280, 6179308, 25028
15429, 6154290, 6179321, 25031
15430, 6154300, 6179335, 25035
15431, 6154310, 6179348, 25038
15432, 6154320, 6179362, 25042
15433, 6154330, 6179375, 25045
15434, 6154340, 6179388, 25048
15436, 6154360, 6179402, 25042
15437, 6154370, 6179415, 25045
15438, 6154380, 6179428, 25048
15439, 6154390, 6179442, 25052
15440, 6154400, 6179455, 25055
15441, 6154410, 6179468, 25058
15442, 6154420, 6179482, 25062
15443, 6154430, 6179495, 25065
15444, 6154440, 6179508, 25068
15445, 6154450, 6179522, 25072
15447, 6154470, 6179535, 25065
15448, 6154480, 6179549, 25069
15449, 6154490, 6179562, 25072
15451, 6154510, 6179589, 25079
15452, 6154520, 6179602, 25082
15453, 6154530, 6179615, 25085
15454, 6154540, 6179629, 25089
15455, 6154550, 6179642, 25092
15456, 6154560, 6179656, 25096
15457, 6154570, 6179669, 25099
15459, 6154590, 6179682, 25092
15460, 6154600, 6179696, 25096
15461, 6154610, 6179709, 25099
15462, 6154620, 6179722, 25102
15463, 6154630, 6179736, 25106
15464, 6154640, 6179749, 25109
15465, 6154650, 6179762, 25112
15466, 6154660, 6179776, 25116
15467, 6154670, 6179789, 25119
15468, 6154680, 6179802, 25122
15470, 6154700, 6179816, 25116
15471, 6154710, 6179829, 25119
15472, 6154720, 6179843, 25123
15473, 6154730, 6179856, 25126
15474, 6154740, 6179869, 25129
15475, 6154750, 6179883, 25133
15476, 6154760, 6179896, 25136
15477, 6154770, 6179909, 25139
15478, 6154780, 6179923, 25143
15479, 6154790, 6179936, 25146
15480, 6154800, 6179949, 25149
15482, 6154820, 6179963, 25143
15483, 6154830, 6179976, 25146
15484, 6154840, 6179990, 25150
15485, 6154850, 6180003, 25153
15486, 6154860, 6180016, 25156
15487, 6154870, 6180030, 25160
15488, 6154880, 6180043, 25163
15489, 6154890, 6180056, 25166
15490, 6154900, 6180070, 25170
15491, 6154910, 6180083, 25173
15493, 6154930, 6180096, 25166
15494, 6154940, 6180110, 25170
15495, 6154950, 6180123, 25173
15496, 6154960, 6180136, 25176
15497, 6154970, 6180150, 25180
15498, 6154980, 6180163, 25183
15499, 6154990, 6180177, 25187
15501, 6155010, 6180203, 25193
15502, 6155020, 6180217, 25197
15504, 6155040, 6180230, 25190
15505, 6155050, 6180243, 25193
15506, 6155060, 6180257, 25197
15507, 6155070, 6180270, 25200
15508, 6155080, 6180284, 25204
15509, 6155090, 6180297, 25207
15510, 6155100, 6180310, 25210
15511, 6155110, 6180324, 25214
15512, 6155120, 6180337, 25217
15513, 6155130, 6180350, 25220
15514, 6155140, 6180364, 25224
15516, 6155160, 6180377, 25217
15517, 6155170, 6180390, 25220
15518, 6155180, 6180404, 25224
15519, 6155190, 6180417, 25227
15520, 6155200, 6180430, 25230
15521, 6155210, 6184012, 28802
15522, 6155220, 6184025, 28805
15523, 6155230, 6184039, 28809
15524, 6155240, 6184052, 28812
15525, 6155250, 6184065, 28815
15527, 6155270, 6184079, 28809
15528, 6155280, 6184092, 28812
15529, 6155290, 6184106, 28816
15530, 6155300, 6184119, 28819
15531, 6155310, 6184132, 28822
15532, 6155320, 6184146, 28826
15533, 6155330, 6184159, 28829
15534, 6155340, 6184172, 28832
15535, 6155350, 6184186, 28836
15536, 6155360, 6184199, 28839
15537, 6155370, 6184212, 28842
15539, 6155390, 6184226, 28836
15540, 6155400, 6184239, 28839
15541, 6155410, 6184252, 28842
15542, 6155420, 6184266, 28846
15543, 6155430, 6184279, 28849
15544, 6155440, 6184293, 28853
15545, 6155450, 6184306, 28856
15546, 6155460, 6184319, 28859
15547, 6155470, 6184333, 28863
15548, 6155480, 6184346, 28866
15551, 6155510, 6184373, 28863
15552, 6155520, 6184386, 28866
15553, 6155530, 6184400, 28870
15554, 6155540, 6184413, 28873
15555, 6155550, 6184426, 28876
15556, 6155560, 6184440, 28880
15557, 6155570, 6184453, 28883
15558, 6155580, 6184466, 28886
15559, 6155590, 6184480, 28890
15561, 6155610, 6184493, 28883
15562, 6155620, 6184506, 28886
15563, 6155630, 6184520, 28890
15564, 6155640, 6184533, 28893
15565, 6155650, 6184546, 28896
15566, 6155660, 6184560, 28900
15567, 6155670, 6184573, 28903
15568, 6155680, 6184587, 28907
15569, 6155690, 6184600, 28910
15570, 6155700, 6184613, 28913
15571, 6155710, 6184627, 28917
15573, 6155730, 6184640, 28910
15574, 6155740, 6184653, 28913
15575, 6155750, 6184667, 28917
15576, 6155760, 6184680, 28920
15577, 6155770, 6184693, 28923
15578, 6155780, 6184707, 28927
15579, 6155790, 6184720, 28930
15580, 6155800, 6184734, 28934
15581, 6155810, 6184747, 28937
15582, 6155820, 6184760, 28940
15584, 6155840, 6184774, 28934
15585, 6155850, 6184787, 28937
15586, 6155860, 6184800, 28940
15587, 6155870, 6184814, 28944
15588, 6155880, 6184827, 28947
15589, 6155890, 6184840, 28950
15590, 6155900, 6184854, 28954
15591, 6155910, 6184867, 28957
15592, 6155920, 6184880, 28960
15593, 6155930, 6184894, 28964
15594, 6155940, 6184907, 28967
15596, 6155960, 6184921, 28961
15597, 6155970, 6184934, 28964
15598, 6155980, 6184947, 28967
15599, 6155990, 6184961, 28971
16002, 6160020, 6184987, 24967
16003, 6160030, 6185001, 24971
16004, 6160040, 6185014, 24974
16005, 6160050, 6185027, 24977
16006, 6160060, 6185041, 24981
16007, 6160070, 6185054, 24984
16008, 6160080, 6185067, 24987
16009, 6160090, 6185081, 24991
16010, 6160100, 6185094, 24994
16011, 6160110, 6185108, 24998
16013, 6160130, 6185121, 24991
16014, 6160140, 6185134, 24994
16015, 6160150, 6185148, 24998
16016, 6160160, 6185161, 25001
16017, 6160170, 6185174, 25004
16018, 6160180, 6185188, 25008
16019, 6160190, 6185201, 25011
16020, 6160200, 6185214, 25014
16021, 6160210, 6185228, 25018
16022, 6160220, 6185241, 25021
16024, 6160240, 6185254, 25014
16025, 6160250, 6185268, 25018
16026, 6160260, 6185281, 25021
16027, 6160270, 6185295, 25025
16028, 6160280, 6185308, 25028
16029, 6160290, 6185321, 25031
16030, 6160300, 6185335, 25035
16031, 6160310, 6185348, 25038
16032, 6160320, 6185361, 25041
16033, 6160330, 6185375, 25045
16034, 6160340, 6185388, 25048
16036, 6160360, 6185401, 25041
16037, 6160370, 6185415, 25045
16038, 6160380, 6185428, 25048
16039, 6160390, 6185442, 25052
16040, 6160400, 6185455, 25055
16041, 6160410, 6185468, 25058
16042, 6160420, 6185482, 25062
16043, 6160430, 6185495, 25065
16044, 6160440, 6185508, 25068
16045, 6160450, 6185522, 25072
16047, 6160470, 6185535, 25065
16048, 6160480, 6185548, 25068
16049, 6160490, 6185562, 25072
16051, 6160510, 6185589, 25079
16052, 6160520, 6185602, 25082
16053, 6160530, 6185615, 25085
16054, 6160540, 6185629, 25089
16055, 6160550, 6185642, 25092
16056, 6160560, 6185655, 25095
16057, 6160570, 6185669, 25099
16059, 6160590, 6185682, 25092
16060, 6160600, 6185695, 25095
16061, 6160610, 6185709, 25099
16062, 6160620, 6185722, 25102
16063, 6160630, 6185736, 25106
16064, 6160640, 6185749, 25109
16065, 6160650, 6185762, 25112
16066, 6160660, 6185776, 25116
16067, 6160670, 6185789, 25119
16068, 6160680, 6185802, 25122
16070, 6160700, 6185816, 25116
16071, 6160710, 6185829, 25119
16072, 6160720, 6185842, 25122
16073, 6160730, 6185856, 25126
16074, 6160740, 6185869, 25129
16075, 6160750, 6185882, 25132
16076, 6160760, 6185896, 25136
16077, 6160770, 6185909, 25139
16078, 6160780, 6185923, 25143
16079, 6160790, 6185936, 25146
16081, 6160810, 6185949, 25139
16082, 6160820, 6185963, 25143
16083, 6160830, 6185976, 25146
16084, 6160840, 6185989, 25149
16085, 6160850, 6186003, 25153
16086, 6160860, 6186016, 25156
16087, 6160870, 6186029, 25159
16088, 6160880, 6186043, 25163
16089, 6160890, 6186056, 25166
16090, 6160900, 6186070, 25170
16091, 6160910, 6186083, 25173
16093, 6160930, 6186096, 25166
16094, 6160940, 6186110, 25170
16095, 6160950, 6186123, 25173
16096, 6160960, 6186136, 25176
16097, 6160970, 6186150, 25180
16098, 6160980, 6186163, 25183
16099, 6160990, 6186176, 25186
16101, 6161010, 6186203, 25193
16102, 6161020, 6186217, 25197
16104, 6161040, 6186230, 25190
16105, 6161050, 6186243, 25193
16106, 6161060, 6186257, 25197
16107, 6161070, 6186270, 25200
16108, 6161080, 6186283, 25203
16109, 6161090, 6186297, 25207
16110, 6161100, 6186310, 25210
16111, 6161110, 6186323, 25213
16112, 6161120, 6186337, 25217
16113, 6161130, 6186350, 25220
16114, 6161140, 6186364, 25224
16116, 6161160, 6186377, 25217
16117, 6161170, 6186390, 25220
16118, 6161180, 6186404, 25224
16119, 6161190, 6186417, 25227
16120, 6161200, 6186430, 25230
16121, 6161210, 6190012, 28802
16122, 6161220, 6190025, 28805
16123, 6161230, 6190039, 28809
16124, 6161240, 6190052, 28812
16125, 6161250, 6190065, 28815
16127, 6161270, 6190079, 28809
16128, 6161280, 6190092, 28812
16129, 6161290, 6190106, 28816
16130, 6161300, 6190119, 28819
16131, 6161310, 6190132, 28822
16132, 6161320, 6190146, 28826
16133, 6161330, 6190159, 28829
16134, 6161340, 6190172, 28832
16135, 6161350, 6190186, 28836
16136, 6161360, 6190199, 28839
16138, 6161380, 6190212, 28832
16139, 6161390, 6190226, 28836
16140, 6161400, 6190239, 28839
16141, 6161410, 6190252, 28842
16142, 6161420, 6190266, 28846
16143, 6161430, 6190279, 28849
16144, 6161440, 6190293, 28853
16145, 6161450, 6190306, 28856
16146, 6161460, 6190319, 28859
16147, 6161470, 6190333, 28863
16148, 6161480, 6190346, 28866
16151, 6161510, 6190373, 28863
16152, 6161520, 6190386, 28866
16153, 6161530, 6190400, 28870
16154, 6161540, 6190413, 28873
16155, 6161550, 6190426, 28876
16156, 6161560, 6190440, 28880
16157, 6161570, 6190453, 28883
16158, 6161580, 6190466, 28886
16159, 6161590, 6190480, 28890
16161, 6161610, 6190493, 28883
16162, 6161620, 6190506, 28886
16163, 6161630, 6190520, 28890
16164, 6161640, 6190533, 28893
16165, 6161650, 6190546, 28896
16166, 6161660, 6190560, 28900
16167, 6161670, 6190573, 28903
16168, 6161680, 6190587, 28907
16169, 6161690, 6190600, 28910
16170, 6161700, 6190613, 28913
16171, 6161710, 6190627, 28917
16173, 6161730, 6190640, 28910
16174, 6161740, 6190653, 28913
16175, 6161750, 6190667, 28917
16176, 6161760, 6190680, 28920
16177, 6161770, 6190693, 28923
16178, 6161780, 6190707, 28927
16179, 6161790, 6190720, 28930
16180, 6161800, 6190734, 28934
16181, 6161810, 6190747, 28937
16182, 6161820, 6190760, 28940
16184, 6161840, 6190774, 28934
16185, 6161850, 6190787, 28937
16186, 6161860, 6190800, 28940
16187, 6161870, 6190814, 28944
16188, 6161880, 6190827, 28947
16189, 6161890, 6190840, 28950
16190, 6161900, 6190854, 28954
16191, 6161910, 6190867, 28957
16192, 6161920, 6190880, 28960
16193, 6161930, 6190894, 28964
16195, 6161950, 6190907, 28957
16196, 6161960, 6190921, 28961
16197, 6161970, 6190934, 28964
16198, 6161980, 6190947, 28967
16199, 6161990, 6190961, 28971
16602, 6166020, 6190987, 24967
16603, 6166030, 6191001, 24971
16604, 6166040, 6191014, 24974
16605, 6166050, 6191028, 24978
16606, 6166060, 6191041, 24981
16607, 6166070, 6191054, 24984
16608, 6166080, 6191068, 24988
16609, 6166090, 6191081, 24991
16610, 6166100, 6191094, 24994
16611, 6166110, 6191108, 24998
16613, 6166130, 6191121, 24991
16614, 6166140, 6191134, 24994
16615, 6166150, 6191148, 24998
16616, 6166160, 6191161, 25001
16617, 6166170, 6191174, 25004
16618, 6166180, 6191188, 25008
16619, 6166190, 6191201, 25011
16620, 6166200, 6191215, 25015
16621, 6166210, 6191228, 25018
16622, 6166220, 6191241, 25021
16624, 6166240, 6191255, 25015
16625, 6166250, 6191268, 25018
16626, 6166260, 6191281, 25021
16627, 6166270, 6191295, 25025
16628, 6166280, 6191308, 25028
16629, 6166290, 6191321, 25031
16630, 6166300, 6191335, 25035
16631, 6166310, 6191348, 25038
16632, 6166320, 6191362, 25042
16633, 6166330, 6191375, 25045
16634, 6166340, 6191388, 25048
16636, 6166360, 6191402, 25042
16637, 6166370, 6191415, 25045
16638, 6166380, 6191428, 25048
16639, 6166390, 6191442, 25052
16640, 6166400, 6191455, 25055
16641, 6166410, 6191468, 25058
16642, 6166420, 6191482, 25062
16643, 6166430, 6191495, 25065
16644, 6166440, 6191508, 25068
16645, 6166450, 6191522, 25072
16647, 6166470, 6191535, 25065
16648, 6166480, 6191549, 25069
16649, 6166490, 6191562, 25072
16651, 6166510, 6191589, 25079
16652, 6166520, 6191602, 25082
16653, 6166530, 6191615, 25085
16654, 6166540, 6191629, 25089
16655, 6166550, 6191642, 25092
16656, 6166560, 6191656, 25096
16657, 6166570, 6191669, 25099
16659, 6166590, 6191682, 25092
16660, 6166600, 6191696, 25096
16661, 6166610, 6191709, 25099
16662, 6166620, 6191722, 25102
16663, 6166630, 6191736, 25106
16664, 6166640, 6191749, 25109
16665, 6166650, 6191762, 25112
16666, 6166660, 6191776, 25116
16667, 6166670, 6191789, 25119
16668, 6166680, 6191802, 25122
16670, 6166700, 6191816, 25116
16671, 6166710, 6191829, 25119
16672, 6166720, 6191843, 25123
16673, 6166730, 6191856, 25126
16674, 6166740, 6191869, 25129
16675, 6166750, 6191883, 25133
16676, 6166760, 6191896, 25136
16677, 6166770, 6191909, 25139
16678, 6166780, 6191923, 25143
16679, 6166790, 6191936, 25146
16681, 6166810, 6191949, 25139
16682, 6166820, 6191963, 25143
16683, 6166830, 6191976, 25146
16684, 6166840, 6191990, 25150
16685, 6166850, 6192003, 25153
16686, 6166860, 6192016, 25156
16687, 6166870, 6192030, 25160
16688, 6166880, 6192043, 25163
16689, 6166890, 6192056, 25166
16690, 6166900, 6192070, 25170
16691, 6166910, 6192083, 25173
16693, 6166930, 6192096, 25166
16694, 6166940, 6192110, 25170
16695, 6166950, 6192123, 25173
16696, 6166960, 6192136, 25176
16697, 6166970, 6192150, 25180
16698, 6166980, 6192163, 25183
16699, 6166990, 6192177, 25187
16701, 6167010, 6192203, 25193
16702, 6167020, 6192217, 25197
16704, 6167040, 6192230, 25190
16705, 6167050, 6192243, 25193
16706, 6167060, 6192257, 25197
16707, 6167070, 6192270, 25200
16708, 6167080, 6192284, 25204
16709, 6167090, 6192297, 25207
16710, 6167100, 6192310, 25210
16711, 6167110, 6192324, 25214
16712, 6167120, 6192337, 25217
16713, 6167130, 6192350, 25220
16714, 6167140, 6192364, 25224
16716, 6167160, 6192377, 25217
16717, 6167170, 6192390, 25220
16718, 6167180, 6192404, 25224
16719, 6167190, 6192417, 25227
16720, 6167200, 6192430, 25230
16721, 6167210, 6196012, 28802
16722, 6167220, 6196025, 28805
16723, 6167230, 6196039, 28809
16724, 6167240, 6196052, 28812
16725, 6167250, 6196065, 28815
16727, 6167270, 6196079, 28809
16728, 6167280, 6196092, 28812
16729, 6167290, 6196106, 28816
16730, 6167300, 6196119, 28819
16731, 6167310, 6196132, 28822
16732, 6167320, 6196146, 28826
16733, 6167330, 6196159, 28829
16734, 6167340, 6196172, 28832
16735, 6167350, 6196186, 28836
16736, 6167360, 6196199, 28839
16738, 6167380, 6196212, 28832
16739, 6167390, 6196226, 28836
16740, 6167400, 6196239, 28839
16741, 6167410, 6196252, 28842
16742, 6167420, 6196266, 28846
16743, 6167430, 6196279, 28849
16744, 6167440, 6196293, 28853
16745, 6167450, 6196306, 28856
16746, 6167460, 6196319, 28859
16747, 6167470, 6196333, 28863
16748, 6167480, 6196346, 28866
16751, 6167510, 6196373, 28863
16752, 6167520, 6196386, 28866
16753, 6167530, 6196400, 28870
16754, 6167540, 6196413, 28873
16755, 6167550, 6196426, 28876
16756, 6167560, 6196440, 28880
16757, 6167570, 6196453, 28883
16758, 6167580, 6196466, 28886
16759, 6167590, 6196480, 28890
16761, 6167610, 6196493, 28883
16762, 6167620, 6196506, 28886
16763, 6167630, 6196520, 28890
16764, 6167640, 6196533, 28893
16765, 6167650, 6196546, 28896
16766, 6167660, 6196560, 28900
16767, 6167670, 6196573, 28903
16768, 6167680, 6196587, 28907
16769, 6167690, 6196600, 28910
16770, 6167700, 6196613, 28913
16771, 6167710, 6196627, 28917
16773, 6167730, 6196640, 28910
16774, 6167740, 6196653, 28913
16775, 6167750, 6196667, 28917
16776, 6167760, 6196680, 28920
16777, 6167770, 6196693, 28923
16778, 6167780, 6196707, 28927
16779, 6167790, 6196720, 28930
16780, 6167800, 6196734, 28934
16781, 6167810, 6196747, 28937
16782, 6167820, 6196760, 28940
16784, 6167840, 6196774, 28934
16785, 6167850, 6196787, 28937
16786, 6167860, 6196800, 28940
16787, 6167870, 6196814, 28944
16788, 6167880, 6196827, 28947
16789, 6167890, 6196840, 28950
16790, 6167900, 6196854, 28954
16791, 6167910, 6196867, 28957
16792, 6167920, 6196880, 28960
16793, 6167930, 6196894, 28964
16795, 6167950, 6196907, 28957
16796, 6167960, 6196921, 28961
16797, 6167970, 6196934, 28964
16798, 6167980, 6196947, 28967
16799, 6167990, 6196961, 28971
17202, 6172020, 6196987, 24967
17203, 6172030, 6197001, 24971
17204, 6172040, 6197014, 24974
17205, 6172050, 6197028, 24978
17206, 6172060, 6197041, 24981
17207, 6172070, 6197054, 24984
17208, 6172080, 6197068, 24988
17209, 6172090, 6197081, 24991
17210, 6172100, 6197094, 24994
17211, 6172110, 6197108, 24998
17213, 6172130, 6197121, 24991
17214, 6172140, 6197134, 24994
17215, 6172150, 6197148, 24998
17216, 6172160, 6197161, 25001
17217, 6172170, 6197174, 25004
17218, 6172180, 6197188, 25008
17219, 6172190, 6197201, 25011
17220, 6172200, 6197215, 25015
17221, 6172210, 6197228, 25018
17222, 6172220, 6197241, 25021
17224, 6172240, 6197255, 25015
17225, 6172250, 6197268, 25018
17226, 6172260, 6197281, 25021
17227, 6172270, 6197295, 25025
17228, 6172280, 6197308, 25028
17229, 6172290, 6197321, 25031
17230, 6172300, 6197335, 25035
17231, 6172310, 6197348, 25038
17232, 6172320, 6197362, 25042
17233, 6172330, 6197375, 25045
17234, 6172340, 6197388, 25048
17236, 6172360, 6197402, 25042
17237, 6172370, 6197415, 25045
17238, 6172380, 6197428, 25048
17239, 6172390, 6197442, 25052
17240, 6172400, 6197455, 25055
17241, 6172410, 6197468, 25058
17242, 6172420, 6197482, 25062
17243, 6172430, 6197495, 25065
17244, 6172440, 6197508, 25068
17245, 6172450, 6197522, 25072
17247, 6172470, 6197535, 25065
17248, 6172480, 6197549, 25069
17249, 6172490, 6197562, 25072
17251, 6172510, 6197589, 25079
17252, 6172520, 6197602, 25082
17253, 6172530, 6197615, 25085
17254, 6172540, 6197629, 25089
17255, 6172550, 6197642, 25092
17256, 6172560, 6197656, 25096
17257, 6172570, 6197669, 25099
17259, 6172590, 6197682, 25092
17260, 6172600, 6197696, 25096
17261, 6172610, 6197709, 25099
17262, 6172620, 6197722, 25102
17263, 6172630, 6197736, 25106
17264, 6172640, 6197749, 25109
17265, 6172650, 6197762, 25112
17266, 6172660, 6197776, 25116
17267, 6172670, 6197789, 25119
17268, 6172680, 6197802, 25122
17270, 6172700, 6197816, 25116
17271, 6172710, 6197829, 25119
17272, 6172720, 6197843, 25123
17273, 6172730, 6197856, 25126
17274, 6172740, 6197869, 25129
17275, 6172750, 6197883, 25133
17276, 6172760, 6197896, 25136
17277, 6172770, 6197909, 25139
17278, 6172780, 6197923, 25143
17279, 6172790, 6197936, 25146
17281, 6172810, 6197949, 25139
17282, 6172820, 6197963, 25143
17283, 6172830, 6197976, 25146
17284, 6172840, 6197990, 25150
17285, 6172850, 6198003, 25153
17286, 6172860, 6198016, 25156
17287, 6172870, 6198030, 25160
17288, 6172880, 6198043, 25163
17289, 6172890, 6198056, 25166
17290, 6172900, 6198070, 25170
17291, 6172910, 6198083, 25173
17293, 6172930, 6198096, 25166
17294, 6172940, 6198110, 25170
17295, 6172950, 6198123, 25173
17296, 6172960, 6198136, 25176
17297, 6172970, 6198150, 25180
17298, 6172980, 6198163, 25183
17299, 6172990, 6198177, 25187
17301, 6173010, 6198203, 25193
17302, 6173020, 6198217, 25197
17304, 6173040, 6198230, 25190
17305, 6173050, 6198243, 25193
17306, 6173060, 6198257, 25197
17307, 6173070, 6198270, 25200
17308, 6173080, 6198284, 25204
17309, 6173090, 6198297, 25207
17310, 6173100, 6198310, 25210
17311, 6173110, 6198324, 25214
17312, 6173120, 6198337, 25217
17313, 6173130, 6198350, 25220
17314, 6173140, 6198364, 25224
17316, 6173160, 6198377, 25217
17317, 6173170, 6198390, 25220
17318, 6173180, 6198404, 25224
17319, 6173190, 6198417, 25227
17320, 6173200, 6198430, 25230
17321, 6173210, 6202012, 28802
17322, 6173220, 6202025, 28805
17323, 6173230, 6202039, 28809
17324, 6173240, 6202052, 28812
17325, 6173250, 6202065, 28815
17327, 6173270, 6202079, 28809
17328, 6173280, 6202092, 28812
17329, 6173290, 6202106, 28816
17330, 6173300, 6202119, 28819
17331, 6173310, 6202132, 28822
17332, 6173320, 6202146, 28826
17333, 6173330, 6202159, 28829
17334, 6173340, 6202172, 28832
17335, 6173350, 6202186, 28836
17336, 6173360, 6202199, 28839
17338, 6173380, 6202212, 28832
17339, 6173390, 6202226, 28836
17340, 6173400, 6202239, 28839
17341, 6173410, 6202252, 28842
17342, 6173420, 6202266, 28846
17343, 6173430, 6202279, 28849
17344, 6173440, 6202293, 28853
17345, 6173450, 6202306, 28856
17346, 6173460, 6202319, 28859
17347, 6173470, 6202333, 28863
17348, 6173480, 6202346, 28866
17351, 6173510, 6202373, 28863
17352, 6173520, 6202386, 28866
17353, 6173530, 6202400, 28870
17354, 6173540, 6202413, 28873
17355, 6173550, 6202426, 28876
17356, 6173560, 6202440, 28880
17357, 6173570, 6202453, 28883
17358, 6173580, 6202466, 28886
17359, 6173590, 6202480, 28890
17361, 6173610, 6202493, 28883
17362, 6173620, 6202506, 28886
17363, 6173630, 6202520, 28890
17364, 6173640, 6202533, 28893
17365, 6173650, 6202546, 28896
17366, 6173660, 6202560, 28900
17367, 6173670, 6202573, 28903
17368, 6173680, 6202587, 28907
17369, 6173690, 6202600, 28910
17370, 6173700, 6202613, 28913
17371, 6173710, 6202627, 28917
17373, 6173730, 6202640, 28910
17374, 6173740, 6202653, 28913
17375, 6173750, 6202667, 28917
17376, 6173760, 6202680, 28920
17377, 6173770, 6202693, 28923
17378, 6173780, 6202707, 28927
17379, 6173790, 6202720, 28930
17380, 6173800, 6202734, 28934
17381, 6173810, 6202747, 28937
17382, 6173820, 6202760, 28940
17384, 6173840, 6202774, 28934
17385, 6173850, 6202787, 28937
17386, 6173860, 6202800, 28940
17387, 6173870, 6202814, 28944
17388, 6173880, 6202827, 28947
17389, 6173890, 6202840, 28950
17390, 6173900, 6202854, 28954
17391, 6173910, 6202867, 28957
17392, 6173920, 6202880, 28960
17393, 6173930, 6202894, 28964
17395, 6173950, 6202907, 28957
17396, 6173960, 6202921, 28961
17397, 6173970, 6202934, 28964
17398, 6173980, 6202947, 28967
17399, 6173990, 6202961, 28971
17802, 6178020, 6202987, 24967
17803, 6178030, 6203001, 24971
17804, 6178040, 6203014, 24974
17805, 6178050, 6203028, 24978
17806, 6178060, 6203041, 24981
17807, 6178070, 6203054, 24984
17808, 6178080, 6203068, 24988
17809, 6178090, 6203081, 24991
17810, 6178100, 6203094, 24994
17811, 6178110, 6203108, 24998
17813, 6178130, 6203121, 24991
17814, 6178140, 6203134, 24994
17815, 6178150, 6203148, 24998
17816, 6178160, 6203161, 25001
17817, 6178170, 6203174, 25004
17818, 6178180, 6203188, 25008
17819, 6178190, 6203201, 25011
17820, 6178200, 6203215, 25015
17821, 6178210, 6203228, 25018
17822, 6178220, 6203241, 25021
17824, 6178240, 6203255, 25015
17825, 6178250, 6203268, 25018
17826, 6178260, 6203281, 25021
17827, 6178270, 6203295, 25025
17828, 6178280, 6203308, 25028
17829, 6178290, 6203321, 25031
17830, 6178300, 6203335, 25035
17831, 6178310, 6203348, 25038
17832, 6178320, 6203362, 25042
17833, 6178330, 6203375, 25045
17834, 6178340, 6203388, 25048
17836, 6178360, 6203402, 25042
17837, 6178370, 6203415, 25045
17838, 6178380, 6203428, 25048
17839, 6178390, 6203442, 25052
17840, 6178400, 6203455, 25055
17841, 6178410, 6203468, 25058
17842, 6178420, 6203482, 25062
17843, 6178430, 6203495, 25065
17844, 6178440, 6203508, 25068
17845, 6178450, 6203522, 25072
17847, 6178470, 6203535, 25065
17848, 6178480, 6203549, 25069
17849, 6178490, 6203562, 25072
17851, 6178510, 6203589, 25079
17852, 6178520, 6203602, 25082
17853, 6178530, 6203615, 25085
17854, 6178540, 6203629, 25089
17855, 6178550, 6203642, 25092
17856, 6178560, 6203656, 25096
17857, 6178570, 6203669, 25099
17859, 6178590, 6203682, 25092
17860, 6178600, 6203696, 25096
17861, 6178610, 6203709, 25099
17862, 6178620, 6203722, 25102
17863, 6178630, 6203736, 25106
17864, 6178640, 6203749, 25109
17865, 6178650, 6203762, 25112
17866, 6178660, 6203776, 25116
17867, 6178670, 6203789, 25119
17868, 6178680, 6203802, 25122
17870, 6178700, 6203816, 25116
17871, 6178710, 6203829, 25119
17872, 6178720, 6203843, 25123
17873, 6178730, 6203856, 25126
17874, 6178740, 6203869, 25129
17875, 6178750, 6203883, 25133
17876, 6178760, 6203896, 25136
17877, 6178770, 6203909, 25139
17878, 6178780, 6203923, 25143
17879, 6178790, 6203936, 25146
17881, 6178810, 6203949, 25139
17882, 6178820, 6203963, 25143
17883, 6178830, 6203976, 25146
17884, 6178840, 6203990, 25150
17885, 6178850, 6204003, 25153
17886, 6178860, 6204016, 25156
17887, 6178870, 6204030, 25160
17888, 6178880, 6204043, 25163
17889, 6178890, 6204056, 25166
17890, 6178900, 6204070, 25170
17891, 6178910, 6204083, 25173
17893, 6178930, 6204096, 25166
17894, 6178940, 6204110, 25170
17895, 6178950, 6204123, 25173
17896, 6178960, 6204136, 25176
17897, 6178970, 6204150, 25180
17898, 6178980, 6204163, 25183
17899, 6178990, 6204177, 25187
17901, 6179010, 6204203, 25193
17902, 6179020, 6204217, 25197
17904, 6179040, 6204230, 25190
17905, 6179050, 6204243, 25193
17906, 6179060, 6204257, 25197
17907, 6179070, 6204270, 25200
17908, 6179080, 6204284, 25204
17909, 6179090, 6204297, 25207
17910, 6179100, 6204310, 25210
17911, 6179110, 6204324, 25214
17912, 6179120, 6204337, 25217
17913, 6179130, 6204350, 25220
17914, 6179140, 6204364, 25224
17916, 6179160, 6204377, 25217
17917, 6179170, 6204390, 25220
17918, 6179180, 6204404, 25224
17919, 6179190, 6204417, 25227
17920, 6179200, 6204430, 25230
17921, 6179210, 6208012, 28802
17922, 6179220, 6208025, 28805
17923, 6179230, 6208039, 28809
17924, 6179240, 6208052, 28812
17925, 6179250, 6208065, 28815
17927, 6179270, 6208079, 28809
17928, 6179280, 6208092, 28812
17929, 6179290, 6208106, 28816
17930, 6179300, 6208119, 28819
17931, 6179310, 6208132, 28822
17932, 6179320, 6208146, 28826
17933, 6179330, 6208159, 28829
17934, 6179340, 6208172, 28832
17935, 6179350, 6208186, 28836
17936, 6179360, 6208199, 28839
17938, 6179380, 6208212, 28832
17939, 6179390, 6208226, 28836
17940, 6179400, 6208239, 28839
17941, 6179410, 6208252, 28842
17942, 6179420, 6208266, 28846
17943, 6179430, 6208279, 28849
17944, 6179440, 6208293, 28853
17945, 6179450, 6208306, 28856
17946, 6179460, 6208319, 28859
17947, 6179470, 6208333, 28863
17948, 6179480, 6208346, 28866
17951, 6179510, 6208373, 28863
17952, 6179520, 6208386, 28866
17953, 6179530, 6208400, 28870
17954, 6179540, 6208413, 28873
17955, 6179550, 6208426, 28876
17956, 6179560, 6208440, 28880
17957, 6179570, 6208453, 28883
17958, 6179580, 6208466, 28886
17959, 6179590, 6208480, 28890
17961, 6179610, 6208493, 28883
17962, 6179620, 6208506, 28886
17963, 6179630, 6208520, 28890
17964, 6179640, 6208533, 28893
17965, 6179650, 6208546, 28896
17966, 6179660, 6208560, 28900
17967, 6179670, 6208573, 28903
17968, 6179680, 6208587, 28907
17969, 6179690, 6208600, 28910
17970, 6179700, 6208613, 28913
17971, 6179710, 6208627, 28917
17973, 6179730, 6208640, 28910
17974, 6179740, 6208653, 28913
17975, 6179750, 6208667, 28917
17976, 6179760, 6208680, 28920
17977, 6179770, 6208693, 28923
17978, 6179780, 6208707, 28927
17979, 6179790, 6208720, 28930
17980, 6179800, 6208734, 28934
17981, 6179810, 6208747, 28937
17982, 6179820, 6208760, 28940
17984, 6179840, 6208774, 28934
17985, 6179850, 6208787, 28937
17986, 6179860, 6208800, 28940
17987, 6179870, 6208814, 28944
17988, 6179880, 6208827, 28947
17989, 6179890, 6208840, 28950
17990, 6179900, 6208854, 28954
17991, 6179910, 6208867, 28957
17992, 6179920, 6208880, 28960
17993, 6179930, 6208894, 28964
17995, 6179950, 6208907, 28957
17996, 6179960, 6208921, 28961
17997, 6179970, 6208934, 28964
17998, 6179980, 6208947, 28967
17999, 6179990, 6208961, 28971
18402, 6184020, 6208987, 24967
18403, 6184030, 6209001, 24971
18404, 6184040, 6209014, 24974
18405, 6184050, 6209028, 24978
18406, 6184060, 6209041, 24981
18407, 6184070, 6209054, 24984
18408, 6184080, 6209068, 24988
18409, 6184090, 6209081, 24991
18410, 6184100, 6209094, 24994
18411, 6184110, 6209108, 24998
18413, 6184130, 6209121, 24991
18414, 6184140, 6209134, 24994
18415, 6184150, 6209148, 24998
18416, 6184160, 6209161, 25001
18417, 6184170, 6209174, 25004
18418, 6184180, 6209188, 25008
18419, 6184190, 6209201, 25011
18420, 6184200, 6209215, 25015
18421, 6184210, 6209228, 25018
18422, 6184220, 6209241, 25021
18424, 6184240, 6209255, 25015
18425, 6184250, 6209268, 25018
18426, 6184260, 6209281, 25021
18427, 6184270, 6209295, 25025
18428, 6184280, 6209308, 25028
18429, 6184290, 6209321, 25031
18430, 6184300, 6209335, 25035
18431, 6184310, 6209348, 25038
18432, 6184320, 6209362, 25042
18433, 6184330, 6209375, 25045
18434, 6184340, 6209388, 25048
18436, 6184360, 6209402, 25042
18437, 6184370, 6209415, 25045
18438, 6184380, 6209428, 25048
18439, 6184390, 6209442, 25052
18440, 6184400, 6209455, 25055
18441, 6184410, 6209468, 25058
18442, 6184420, 6209482, 25062
18443, 6184430, 6209495, 25065
18444, 6184440, 6209508, 25068
18445, 6184450, 6209522, 25072
18447, 6184470, 6209535, 25065
18448, 6184480, 6209549, 25069
18449, 6184490, 6209562, 25072
18451, 6184510, 6209589, 25079
18452, 6184520, 6209602, 25082
18453, 6184530, 6209615, 25085
18454, 6184540, 6209629, 25089
18455, 6184550, 6209642, 25092
18456, 6184560, 6209656, 25096
18457, 6184570, 6209669, 25099
18459, 6184590, 6209682, 25092
18460, 6184600, 6209696, 25096
18461, 6184610, 6209709, 25099
18462, 6184620, 6209722, 25102
18463, 6184630, 6209736, 25106
18464, 6184640, 6209749, 25109
18465, 6184650, 6209762, 25112
18466, 6184660, 6209776, 25116
18467, 6184670, 6209789, 25119
18468, 6184680, 6209802, 25122
18470, 6184700, 6209816, 25116
18471, 6184710, 6209829, 25119
18472, 6184720, 6209843, 25123
18473, 6184730, 6209856, 25126
18474, 6184740, 6209869, 25129
18475, 6184750, 6209883, 25133
18476, 6184760, 6209896, 25136
18477, 6184770, 6209909, 25139
18478, 6184780, 6209923, 25143
18479, 6184790, 6209936, 25146
18480, 6184800, 6209949, 25149
18482, 6184820, 6209963, 25143
18483, 6184830, 6209976, 25146
18484, 6184840, 6209990, 25150
18485, 6184850, 6210003, 25153
18486, 6184860, 6210016, 25156
18487, 6184870, 6210030, 25160
18488, 6184880, 6210043, 25163
18489, 6184890, 6210056, 25166
18490, 6184900, 6210070, 25170
18491, 6184910, 6210083, 25173
18493, 6184930, 6210096, 25166
18494, 6184940, 6210110, 25170
18495, 6184950, 6210123, 25173
18496, 6184960, 6210136, 25176
18497, 6184970, 6210150, 25180
18498, 6184980, 6210163, 25183
18499, 6184990, 6210177, 25187
18501, 6185010, 6210203, 25193
18502, 6185020, 6210217, 25197
18504, 6185040, 6210230, 25190
18505, 6185050, 6210243, 25193
18506, 6185060, 6210257, 25197
18507, 6185070, 6210270, 25200
18508, 6185080, 6210284, 25204
18509, 6185090, 6210297, 25207
18510, 6185100, 6210310, 25210
18511, 6185110, 6210324, 25214
18512, 6185120, 6210337, 25217
18513, 6185130, 6210350, 25220
18514, 6185140, 6210364, 25224
18516, 6185160, 6210377, 25217
18517, 6185170, 6210390, 25220
18518, 6185180, 6210404, 25224
18519, 6185190, 6210417, 25227
18520, 6185200, 6210430, 25230
18521, 6185210, 6214012, 28802
18522, 6185220, 6214025, 28805
18523, 6185230, 6214039, 28809
18524, 6185240, 6214052, 28812
18525, 6185250, 6214065, 28815
18527, 6185270, 6214079, 28809
18528, 6185280, 6214092, 28812
18529, 6185290, 6214106, 28816
18530, 6185300, 6214119, 28819
18531, 6185310, 6214132, 28822
18532, 6185320, 6214146, 28826
18533, 6185330, 6214159, 28829
18534, 6185340, 6214172, 28832
18535, 6185350, 6214186, 28836
18536, 6185360, 6214199, 28839
18537, 6185370, 6214212, 28842
18539, 6185390, 6214226, 28836
18540, 6185400, 6214239, 28839
18541, 6185410, 6214252, 28842
18542, 6185420, 6214266, 28846
18543, 6185430, 6214279, 28849
18544, 6185440, 6214293, 28853
18545, 6185450, 6214306, 28856
18546, 6185460, 6214319, 28859
18547, 6185470, 6214333, 28863
18548, 6185480, 6214346, 28866
18551, 6185510, 6214373, 28863
18552, 6185520, 6214386, 28866
18553, 6185530, 6214400, 28870
18554, 6185540, 6214413, 28873
18555, 6185550, 6214426, 28876
18556, 6185560, 6214440, 28880
18557, 6185570, 6214453, 28883
18558, 6185580, 6214466, 28886
18559, 6185590, 6214480, 28890
18561, 6185610, 6214493, 28883
18562, 6185620, 6214506, 28886
18563, 6185630, 6214520, 28890
18564, 6185640, 6214533, 28893
18565, 6185650, 6214546, 28896
18566, 6185660, 6214560, 28900
18567, 6185670, 6214573, 28903
18568, 6185680, 6214587, 28907
18569, 6185690, 6214600, 28910
18570, 6185700, 6214613, 28913
18571, 6185710, 6214627, 28917
18573, 6185730, 6214640, 28910
18574, 6185740, 6214653, 28913
18575, 6185750, 6214667, 28917
18576, 6185760, 6214680, 28920
18577, 6185770, 6214693, 28923
18578, 6185780, 6214707, 28927
18579, 6185790, 6214720, 28930
18580, 6185800, 6214734, 28934
18581, 6185810, 6214747, 28937
18582, 6185820, 6214760, 28940
18584, 6185840, 6214774, 28934
18585, 6185850, 6214787, 28937
18586, 6185860, 6214800, 28940
18587, 6185870, 6214814, 28944
18588, 6185880, 6214827, 28947
18589, 6185890, 6214840, 28950
18590, 6185900, 6214854, 28954
18591, 6185910, 6214867, 28957
18592, 6185920, 6214880, 28960
18593, 6185930, 6214894, 28964
18594, 6185940, 6214907, 28967
18596, 6185960, 6214921, 28961
18597, 6185970, 6214934, 28964
18598, 6185980, 6214947, 28967
18599, 6185990, 6214961, 28971
19002, 6190020, 6214987, 24967
19003, 6190030, 6215001, 24971
19004, 6190040, 6215014, 24974
19005, 6190050, 6215027, 24977
19006, 6190060, 6215041, 24981
19007, 6190070, 6215054, 24984
19008, 6190080, 6215067, 24987
19009, 6190090, 6215081, 24991
19010, 6190100, 6215094, 24994
19011, 6190110, 6215108, 24998
19013, 6190130, 6215121, 24991
19014, 6190140, 6215134, 24994
19015, 6190150, 6215148, 24998
19016, 6190160, 6215161, 25001
19017, 6190170, 6215174, 25004
19018, 6190180, 6215188, 25008
19019, 6190190, 6215201, 25011
19020, 6190200, 6215214, 25014
19021, 6190210, 6215228, 25018
19022, 6190220, 6215241, 25021
19024, 6190240, 6215254, 25014
19025, 6190250, 6215268, 25018
19026, 6190260, 6215281, 25021
19027, 6190270, 6215295, 25025
19028, 6190280, 6215308, 25028
19029, 6190290, 6215321, 25031
19030, 6190300, 6215335, 25035
19031, 6190310, 6215348, 25038
19032, 6190320, 6215361, 25041
19033, 6190330, 6215375, 25045
19034, 6190340, 6215388, 25048
19036, 6190360, 6215401, 25041
19037, 6190370, 6215415, 25045
19038, 6190380, 6215428, 25048
19039, 6190390, 6215442, 25052
19040, 6190400, 6215455, 25055
19041, 6190410, 6215468, 25058
19042, 6190420, 6215482, 25062
19043, 6190430, 6215495, 25065
19044, 6190440, 6215508, 25068
19045, 6190450, 6215522, 25072
19047, 6190470, 6215535, 25065
19048, 6190480, 6215548, 25068
19049, 6190490, 6215562, 25072
19051, 6190510, 6215589, 25079
19052, 6190520, 6215602, 25082
19053, 6190530, 6215615, 25085
19054, 6190540, 6215629, 25089
19055, 6190550, 6215642, 25092
19056, 6190560, 6215655, 25095
19057, 6190570, 6215669, 25099
19059, 6190590, 6215682, 25092
19060, 6190600, 6215695, 25095
19061, 6190610, 6215709, 25099
19062, 6190620, 6215722, 25102
19063, 6190630, 6215736, 25106
19064, 6190640, 6215749, 25109
19065, 6190650, 6215762, 25112
19066, 6190660, 6215776, 25116
19067, 6190670, 6215789, 25119
19068, 6190680, 6215802, 25122
19070, 6190700, 6215816, 25116
19071, 6190710, 6215829, 25119
19072, 6190720, 6215842, 25122
19073, 6190730, 6215856, 25126
19074, 6190740, 6215869, 25129
19075, 6190750, 6215882, 25132
19076, 6190760, 6215896, 25136
19077, 6190770, 6215909, 25139
19078, 6190780, 6215923, 25143
19079, 6190790, 6215936, 25146
19081, 6190810, 6215949, 25139
19082, 6190820, 6215963, 25143
19083, 6190830, 6215976, 25146
19084, 6190840, 6215989, 25149
19085, 6190850, 6216003, 25153
19086, 6190860, 6216016, 25156
19087, 6190870, 6216029, 25159
19088, 6190880, 6216043, 25163
19089, 6190890, 6216056, 25166
19090, 6190900, 6216070, 25170
19091, 6190910, 6216083, 25173
19093, 6190930, 6216096, 25166
19094, 6190940, 6216110, 25170
19095, 6190950, 6216123, 25173
19096, 6190960, 6216136, 25176
19097, 6190970, 6216150, 25180
19098, 6190980, 6216163, 25183
19099, 6190990, 6216176, 25186
19101, 6191010, 6216203, 25193
19102, 6191020, 6216217, 25197
19104, 6191040, 6216230, 25190
19105, 6191050, 6216243, 25193
19106, 6191060, 6216257, 25197
19107, 6191070, 6216270, 25200
19108, 6191080, 6216283, 25203
19109, 6191090, 6216297, 25207
19110, 6191100, 6216310, 25210
19111, 6191110, 6216323, 25213
19112, 6191120, 6216337, 25217
19113, 6191130, 6216350, 25220
19114, 6191140, 6216364, 25224
19116, 6191160, 6216377, 25217
19117, 6191170, 6216390, 25220
19118, 6191180, 6216404, 25224
19119, 6191190, 6216417, 25227
19120, 6191200, 6216430, 25230
19121, 6191210, 6220012, 28802
19122, 6191220, 6220025, 28805
19123, 6191230, 6220039, 28809
19124, 6191240, 6220052, 28812
19125, 6191250, 6220065, 28815
19127, 6191270, 6220079, 28809
19128, 6191280, 6220092, 28812
19129, 6191290, 6220106, 28816
19130, 6191300, 6220119, 28819
19131, 6191310, 6220132, 28822
19132, 6191320, 6220146, 28826
19133, 6191330, 6220159, 28829
19134, 6191340, 6220172, 28832
19135, 6191350, 6220186, 28836
19136, 6191360, 6220199, 28839
19138, 6191380, 6220212, 28832
19139, 6191390, 6220226, 28836
19140, 6191400, 6220239, 28839
19141, 6191410, 6220252, 28842
19142, 6191420, 6220266, 28846
19143, 6191430, 6220279, 28849
19144, 6191440, 6220293, 28853
19145, 6191450, 6220306, 28856
19146, 6191460, 6220319, 28859
19147, 6191470, 6220333, 28863
19148, 6191480, 6220346, 28866
19151, 6191510, 6220373, 28863
19152, 6191520, 6220386, 28866
19153, 6191530, 6220400, 28870
19154, 6191540, 6220413, 28873
19155, 6191550, 6220426, 28876
19156, 6191560, 6220440, 28880
19157, 6191570, 6220453, 28883
19158, 6191580, 6220466, 28886
19159, 6191590, 6220480, 28890
19161, 6191610, 6220493, 28883
19162, 6191620, 6220506, 28886
19163, 6191630, 6220520, 28890
19164, 6191640, 6220533, 28893
19165, 6191650, 6220546, 28896
19166, 6191660, 6220560, 28900
19167, 6191670, 6220573, 28903
19168, 6191680, 6220587, 28907
19169, 6191690, 6220600, 28910
19170, 6191700, 6220613, 28913
19171, 6191710, 6220627, 28917
19173, 6191730, 6220640, 28910
19174, 6191740, 6220653, 28913
19175, 6191750, 6220667, 28917
19176, 6191760, 6220680, 28920
19177, 6191770, 6220693, 28923
19178, 6191780, 6220707, 28927
19179, 6191790, 6220720, 28930
19180, 6191800, 6220734, 28934
19181, 6191810, 6220747, 28937
19182, 6191820, 6220760, 28940
19184, 6191840, 6220774, 28934
19185, 6191850, 6220787, 28937
19186, 6191860, 6220800, 28940
19187, 6191870, 6220814, 28944
19188, 6191880, 6220827, 28947
19189, 6191890, 6220840, 28950
19190, 6191900, 6220854, 28954
19191, 6191910, 6220867, 28957
19192, 6191920, 6220880, 28960
19193, 6191930, 6220894, 28964
19195, 6191950, 6220907, 28957
19196, 6191960, 6220921, 28961
19197, 6191970, 6220934, 28964
19198, 6191980, 6220947, 28967
19199, 6191990, 6220961, 28971
19602, 6196020, 6220987, 24967
19603, 6196030, 6221001, 24971
19604, 6196040, 6221014, 24974
19605, 6196050, 6221028, 24978
19606, 6196060, 6221041, 24981
19607, 6196070, 6221054, 24984
19608, 6196080, 6221068, 24988
19609, 6196090, 6221081, 24991
19610, 6196100, 6221094, 24994
19611, 6196110, 6221108, 24998
19613, 6196130, 6221121, 24991
19614, 6196140, 6221134, 24994
19615, 6196150, 6221148, 24998
19616, 6196160, 6221161, 25001
19617, 6196170, 6221174, 25004
19618, 6196180, 6221188, 25008
19619, 6196190, 6221201, 25011
19620, 6196200, 6221215, 25015
19621, 6196210, 6221228, 25018
19622, 6196220, 6221241, 25021
19624, 6196240, 6221255, 25015
19625, 6196250, 6221268, 25018
19626, 6196260, 6221281, 25021
19627, 6196270, 6221295, 25025
19628, 6196280, 6221308, 25028
19629, 6196290, 6221321, 25031
19630, 6196300, 6221335, 25035
19631, 6196310, 6221348, 25038
19632, 6196320, 6221362, 25042
19633, 6196330, 6221375, 25045
19634, 6196340, 6221388, 25048
19636, 6196360, 6221402, 25042
19637, 6196370, 6221415, 25045
19638, 6196380, 6221428, 25048
19639, 6196390, 6221442, 25052
19640, 6196400, 6221455, 25055
19641, 6196410, 6221468, 25058
19642, 6196420, 6221482, 25062
19643, 6196430, 6221495, 25065
19644, 6196440, 6221508, 25068
19645, 6196450, 6221522, 25072
19647, 6196470, 6221535, 25065
19648, 6196480, 6221549, 25069
19649, 6196490, 6221562, 25072
19651, 6196510, 6221589, 25079
19652, 6196520, 6221602, 25082
19653, 6196530, 6221615, 25085
19654, 6196540, 6221629, 25089
19655, 6196550, 6221642, 25092
19656, 6196560, 6221656, 25096
19657, 6196570, 6221669, 25099
19659, 6196590, 6221682, 25092
19660, 6196600, 6221696, 25096
19661, 6196610, 6221709, 25099
19662, 6196620, 6221722, 25102
19663, 6196630, 6221736, 25106
19664, 6196640, 6221749, 25109
19665, 6196650, 6221762, 25112
19666, 6196660, 6221776, 25116
19667, 6196670, 6221789, 25119
19668, 6196680, 6221802, 25122
19670, 6196700, 6221816, 25116
19671, 6196710, 6221829, 25119
19672, 6196720, 6221843, 25123
19673, 6196730, 6221856, 25126
19674, 6196740, 6221869, 25129
19675, 6196750, 6221883, 25133
19676, 6196760, 6221896, 25136
19677, 6196770, 6221909, 25139
19678, 6196780, 6221923, 25143
19679, 6196790, 6221936, 25146
19681, 6196810, 6221949, 25139
19682, 6196820, 6221963, 25143
19683, 6196830, 6221976, 25146
19684, 6196840, 6221990, 25150
19685, 6196850, 6222003, 25153
19686, 6196860, 6222016, 25156
19687, 6196870, 6222030, 25160
19688, 6196880, 6222043, 25163
19689, 6196890, 6222056, 25166
19690, 6196900, 6222070, 25170
19691, 6196910, 6222083, 25173
19693, 6196930, 6222096, 25166
19694, 6196940, 6222110, 25170
19695, 6196950, 6222123, 25173
19696, 6196960, 6222136, 25176
19697, 6196970, 6222150, 25180
19698, 6196980, 6222163, 25183
19699, 6196990, 6222177, 25187
19701, 6197010, 6222203, 25193
19702, 6197020, 6222217, 25197
19704, 6197040, 6222230, 25190
19705, 6197050, 6222243, 25193
19706, 6197060, 6222257, 25197
19707, 6197070, 6222270, 25200
19708, 6197080, 6222284, 25204
19709, 6197090, 6222297, 25207
19710, 6197100, 6222310, 25210
19711, 6197110, 6222324, 25214
19712, 6197120, 6222337, 25217
19713, 6197130, 6222350, 25220
19714, 6197140, 6222364, 25224
19716, 6197160, 6222377, 25217
19717, 6197170, 6222390, 25220
19718, 6197180, 6222404, 25224
19719, 6197190, 6222417, 25227
19720, 6197200, 6222430, 25230
19721, 6197210, 6226012, 28802
19722, 6197220, 6226025, 28805
19723, 6197230, 6226039, 28809
19724, 6197240, 6226052, 28812
19725, 6197250, 6226065, 28815
19727, 6197270, 6226079, 28809
19728, 6197280, 6226092, 28812
19729, 6197290, 6226106, 28816
19730, 6197300, 6226119, 28819
19731, 6197310, 6226132, 28822
19732, 6197320, 6226146, 28826
19733, 6197330, 6226159, 28829
19734, 6197340, 6226172, 28832
19735, 6197350, 6226186, 28836
19736, 6197360, 6226199, 28839
19738, 6197380, 6226212, 28832
19739, 6197390, 6226226, 28836
19740, 6197400, 6226239, 28839
19741, 6197410, 6226252, 28842
19742, 6197420, 6226266, 28846
19743, 6197430, 6226279, 28849
19744, 6197440, 6226293, 28853
19745, 6197450, 6226306, 28856
19746, 6197460, 6226319, 28859
19747, 6197470, 6226333, 28863
19748, 6197480, 6226346, 28866
19751, 6197510, 6226373, 28863
19752, 6197520, 6226386, 28866
19753, 6197530, 6226400, 28870
19754, 6197540, 6226413, 28873
19755, 6197550, 6226426, 28876
19756, 6197560, 6226440, 28880
19757, 6197570, 6226453, 28883
19758, 6197580, 6226466, 28886
19759, 6197590, 6226480, 28890
19761, 6197610, 6226493, 28883
19762, 6197620, 6226506, 28886
19763, 6197630, 6226520, 28890
19764, 6197640, 6226533, 28893
19765, 6197650, 6226546, 28896
19766, 6197660, 6226560, 28900
19767, 6197670, 6226573, 28903
19768, 6197680, 6226587, 28907
19769, 6197690, 6226600, 28910
19770, 6197700, 6226613, 28913
19771, 6197710, 6226627, 28917
19773, 6197730, 6226640, 28910
19774, 6197740, 6226653, 28913
19775, 6197750, 6226667, 28917
19776, 6197760, 6226680, 28920
19777, 6197770, 6226693, 28923
19778, 6197780, 6226707, 28927
19779, 6197790, 6226720, 28930
19780, 6197800, 6226734, 28934
19781, 6197810, 6226747, 28937
19782, 6197820, 6226760, 28940
19784, 6197840, 6226774, 28934
19785, 6197850, 6226787, 28937
19786, 6197860, 6226800, 28940
19787, 6197870, 6226814, 28944
19788, 6197880, 6226827, 28947
19789, 6197890, 6226840, 28950
19790, 6197900, 6226854, 28954
19791, 6197910, 6226867, 28957
19792, 6197920, 6226880, 28960
19793, 6197930, 6226894, 28964
19795, 6197950, 6226907, 28957
19796, 6197960, 6226921, 28961
19797, 6197970, 6226934, 28964
19798, 6197980, 6226947, 28967
19799, 6197990, 6226961, 28971
20202, 6202020, 6226987, 24967
20203, 6202030, 6227001, 24971
20204, 6202040, 6227014, 24974
20205, 6202050, 6227028, 24978
20206, 6202060, 6227041, 24981
20207, 6202070, 6227054, 24984
20208, 6202080, 6227068, 24988
20209, 6202090, 6227081, 24991
20210, 6202100, 6227094, 24994
20211, 6202110, 6227108, 24998
20213, 6202130, 6227121, 24991
20214, 6202140, 6227134, 24994
20215, 6202150, 6227148, 24998
20216, 6202160, 6227161, 25001
20217, 6202170, 6227174, 25004
20218, 6202180, 6227188, 25008
20219, 6202190, 6227201, 25011
20220, 6202200, 6227215, 25015
20221, 6202210, 6227228, 25018
20222, 6202220, 6227241, 25021
20224, 6202240, 6227255, 25015
20225, 6202250, 6227268, 25018
20226, 6202260, 6227281, 25021
20227, 6202270, 6227295, 25025
20228, 6202280, 6227308, 25028
20229, 6202290, 6227321, 25031
20230, 6202300, 6227335, 25035
20231, 6202310, 6227348, 25038
20232, 6202320, 6227362, 25042
20233, 6202330, 6227375, 25045
20234, 6202340, 6227388, 25048
20236, 6202360, 6227402, 25042
20237, 6202370, 6227415, 25045
20238, 6202380, 6227428, 25048
20239, 6202390, 6227442, 25052
20240, 6202400, 6227455, 25055
20241, 6202410, 6227468, 25058
20242, 6202420, 6227482, 25062
20243, 6202430, 6227495, 25065
20244, 6202440, 6227508, 25068
20245, 6202450, 6227522, 25072
20247, 6202470, 6227535, 25065
20248, 6202480, 6227549, 25069
20249, 6202490, 6227562, 25072
20251, 6202510, 6227589, 25079
20252, 6202520, 6227602, 25082
20253, 6202530, 6227615, 25085
20254, 6202540, 6227629, 25089
20255, 6202550, 6227642, 25092
20256, 6202560, 6227656, 25096
20257, 6202570, 6227669, 25099
20259, 6202590, 6227682, 25092
20260, 6202600, 6227696, 25096
20261, 6202610, 6227709, 25099
20262, 6202620, 6227722, 25102
20263, 6202630, 6227736, 25106
20264, 6202640, 6227749, 25109
20265, 6202650, 6227762, 25112
20266, 6202660, 6227776, 25116
20267, 6202670, 6227789, 25119
20268, 6202680, 6227802, 25122
20270, 6202700, 6227816, 25116
20271, 6202710, 6227829, 25119
20272, 6202720, 6227843, 25123
20273, 6202730, 6227856, 25126
20274, 6202740, 6227869, 25129
20275, 6202750, 6227883, 25133
20276, 6202760, 6227896, 25136
20277, 6202770, 6227909, 25139
20278, 6202780, 6227923, 25143
20279, 6202790, 6227936, 25146
20281, 6202810, 6227949, 25139
20282, 6202820, 6227963, 25143
20283, 6202830, 6227976, 25146
20284, 6202840, 6227990, 25150
20285, 6202850, 6228003, 25153
20286, 6202860, 6228016, 25156
20287, 6202870, 6228030, 25160
20288, 6202880, 6228043, 25163
20289, 6202890, 6228056, 25166
20290, 6202900, 6228070, 25170
20291, 6202910, 6228083, 25173
20293, 6202930, 6228096, 25166
20294, 6202940, 6228110, 25170
20295, 6202950, 6228123, 25173
20296, 6202960, 6228136, 25176
20297, 6202970, 6228150, 25180
20298, 6202980, 6228163, 25183
20299, 6202990, 6228177, 25187
20301, 6203010, 6228203, 25193
20302, 6203020, 6228217, 25197
20304, 6203040, 6228230, 25190
20305, 6203050, 6228243, 25193
20306, 6203060, 6228257, 25197
20307, 6203070, 6228270, 25200
20308, 6203080, 6228284, 25204
20309, 6203090, 6228297, 25207
20310, 6203100, 6228310, 25210
20311, 6203110, 6228324, 25214
20312, 6203120, 6228337, 25217
20313, 6203130, 6228350, 25220
20314, 6203140, 6228364, 25224
20316, 6203160, 6228377, 25217
20317, 6203170, 6228390, 25220
20318, 6203180, 6228404, 25224
20319, 6203190, 6228417, 25227
20320, 6203200, 6228430, 25230
20321, 6203210, 6232012, 28802
20322, 6203220, 6232025, 28805
20323, 6203230, 6232039, 28809
20324, 6203240, 6232052, 28812
20325, 6203250, 6232065, 28815
20327, 6203270, 6232079, 28809
20328, 6203280, 6232092, 28812
20329, 6203290, 6232106, 28816
20330, 6203300, 6232119, 28819
20331, 6203310, 6232132, 28822
20332, 6203320, 6232146, 28826
20333, 6203330, 6232159, 28829
20334, 6203340, 6232172, 28832
20335, 6203350, 6232186, 28836
20336, 6203360, 6232199, 28839
20338, 6203380, 6232212, 28832
20339, 6203390, 6232226, 28836
20340, 6203400, 6232239, 28839
20341, 6203410, 6232252, 28842
20342, 6203420, 6232266, 28846
20343, 6203430, 6232279, 28849
20344, 6203440, 6232293, 28853
20345, 6203450, 6232306, 28856
20346, 6203460, 6232319, 28859
20347, 6203470, 6232333, 28863
20348, 6203480, 6232346, 28866
20351, 6203510, 6232373, 28863
20352, 6203520, 6232386, 28866
20353, 6203530, 6232400, 28870
20354, 6203540, 6232413, 28873
20355, 6203550, 6232426, 28876
20356, 6203560, 6232440, 28880
20357, 6203570, 6232453, 28883
20358, 6203580, 6232466, 28886
20359, 6203590, 6232480, 28890
20361, 6203610, 6232493, 28883
20362, 6203620, 6232506, 28886
20363, 6203630, 6232520, 28890
20364, 6203640, 6232533, 28893
20365, 6203650, 6232546, 28896
20366, 6203660, 6232560, 28900
20367, 6203670, 6232573, 28903
20368, 6203680, 6232587, 28907
20369, 6203690, 6232600, 28910
20370, 6203700, 6232613, 28913
20371, 6203710, 6232627, 28917
20373, 6203730, 6232640, 28910
20374, 6203740, 6232653, 28913
20375, 6203750, 6232667, 28917
20376, 6203760, 6232680, 28920
20377, 6203770, 6232693, 28923
20378, 6203780, 6232707, 28927
20379, 6203790, 6232720, 28930
20380, 6203800, 6232734, 28934
20381, 6203810, 6232747, 28937
20382, 6203820, 6232760, 28940
20384, 6203840, 6232774, 28934
20385, 6203850, 6232787, 28937
20386, 6203860, 6232800, 28940
20387, 6203870, 6232814, 28944
20388, 6203880, 6232827, 28947
20389, 6203890, 6232840, 28950
20390, 6203900, 6232854, 28954
20391, 6203910, 6232867, 28957
20392, 6203920, 6232880, 28960
20393, 6203930, 6232894, 28964
20395, 6203950, 6232907, 28957
20396, 6203960, 6232921, 28961
20397, 6203970, 6232934, 28964
20398, 6203980, 6232947, 28967
20399, 6203990, 6232961, 28971
20802, 6208020, 6232987, 24967
20803, 6208030, 6233001, 24971
20804, 6208040, 6233014, 24974
20805, 6208050, 6233028, 24978
20806, 6208060, 6233041, 24981
20807, 6208070, 6233054, 24984
20808, 6208080, 6233068, 24988
20809, 6208090, 6233081, 24991
20810, 6208100, 6233094, 24994
20811, 6208110, 6233108, 24998
20813, 6208130, 6233121, 24991
20814, 6208140, 6233134, 24994
20815, 6208150, 6233148, 24998
20816, 6208160, 6233161, 25001
20817, 6208170, 6233174, 25004
20818, 6208180, 6233188, 25008
20819, 6208190, 6233201, 25011
20820, 6208200, 6233215, 25015
20821, 6208210, 6233228, 25018
20822, 6208220, 6233241, 25021
20824, 6208240, 6233255, 25015
20825, 6208250, 6233268, 25018
20826, 6208260, 6233281, 25021
20827, 6208270, 6233295, 25025
20828, 6208280, 6233308, 25028
20829, 6208290, 6233321, 25031
20830, 6208300, 6233335, 25035
20831, 6208310, 6233348, 25038
20832, 6208320, 6233362, 25042
20833, 6208330, 6233375, 25045
20834, 6208340, 6233388, 25048
20836, 6208360, 6233402, 25042
20837, 6208370, 6233415, 25045
20838, 6208380, 6233428, 25048
20839, 6208390, 6233442, 25052
20840, 6208400, 6233455, 25055
20841, 6208410, 6233468, 25058
20842, 6208420, 6233482, 25062
20843, 6208430, 6233495, 25065
20844, 6208440, 6233508, 25068
20845, 6208450, 6233522, 25072
20847, 6208470, 6233535, 25065
20848, 6208480, 6233549, 25069
20849, 6208490, 6233562, 25072
20851, 6208510, 6233589, 25079
20852, 6208520, 6233602, 25082
20853, 6208530, 6233615, 25085
20854, 6208540, 6233629, 25089
20855, 6208550, 6233642, 25092
20856, 6208560, 6233656, 25096
20857, 6208570, 6233669, 25099
20859, 6208590, 6233682, 25092
20860, 6208600, 6233696, 25096
20861, 6208610, 6233709, 25099
20862, 6208620, 6233722, 25102
20863, 6208630, 6233736, 25106
20864, 6208640, 6233749, 25109
20865, 6208650, 6233762, 25112
20866, 6208660, 6233776, 25116
20867, 6208670, 6233789, 25119
20868, 6208680, 6233802, 25122
20870, 6208700, 6233816, 25116
20871, 6208710, 6233829, 25119
20872, 6208720, 6233843, 25123
20873, 6208730, 6233856, 25126
20874, 6208740, 6233869, 25129
20875, 6208750, 6233883, 25133
20876, 6208760, 6233896, 25136
20877, 6208770, 6233909, 25139
20878, 6208780, 6233923, 25143
20879, 6208790, 6233936, 25146
20881, 6208810, 6233949, 25139
20882, 6208820, 6233963, 25143
20883, 6208830, 6233976, 25146
20884, 6208840, 6233990, 25150
20885, 6208850, 6234003, 25153
20886, 6208860, 6234016, 25156
20887, 6208870, 6234030, 25160
20888, 6208880, 6234043, 25163
20889, 6208890, 6234056, 25166
20890, 6208900, 6234070, 25170
20891, 6208910, 6234083, 25173
20893, 6208930, 6234096, 25166
20894, 6208940, 6234110, 25170
20895, 6208950, 6234123, 25173
20896, 6208960, 6234136, 25176
20897, 6208970, 6234150, 25180
20898, 6208980, 6234163, 25183
20899, 6208990, 6234177, 25187
20901, 6209010, 6234203, 25193
20902, 6209020, 6234217, 25197
20904, 6209040, 6234230, 25190
20905, 6209050, 6234243, 25193
20906, 6209060, 6234257, 25197
20907, 6209070, 6234270, 25200
20908, 6209080, 6234284, 25204
20909, 6209090, 6234297, 25207
20910, 6209100, 6234310, 25210
20911, 6209110, 6234324, 25214
20912, 6209120, 6234337, 25217
20913, 6209130, 6234350, 25220
20914, 6209140, 6234364, 25224
20916, 6209160, 6234377, 25217
20917, 6209170, 6234390, 25220
20918, 6209180, 6234404, 25224
20919, 6209190, 6234417, 25227
20920, 6209200, 6234430, 25230
20921, 6209210, 6238012, 28802
20922, 6209220, 6238025, 28805
20923, 6209230, 6238039, 28809
20924, 6209240, 6238052, 28812
20925, 6209250, 6238065, 28815
20927, 6209270, 6238079, 28809
20928, 6209280, 6238092, 28812
20929, 6209290, 6238106, 28816
20930, 6209300, 6238119, 28819
20931, 6209310, 6238132, 28822
20932, 6209320, 6238146, 28826
20933, 6209330, 6238159, 28829
20934, 6209340, 6238172, 28832
20935, 6209350, 6238186, 28836
20936, 6209360, 6238199, 28839
20938, 6209380, 6238212, 28832
20939, 6209390, 6238226, 28836
20940, 6209400, 6238239, 28839
20941, 6209410, 6238252, 28842
20942, 6209420, 6238266, 28846
20943, 6209430, 6238279, 28849
20944, 6209440, 6238293, 28853
20945, 6209450, 6238306, 28856
20946, 6209460, 6238319, 28859
20947, 6209470, 6238333, 28863
20948, 6209480, 6238346, 28866
20951, 6209510, 6238373, 28863
20952, 6209520, 6238386, 28866
20953, 6209530, 6238400, 28870
20954, 6209540, 6238413, 28873
20955, 6209550, 6238426, 28876
20956, 6209560, 6238440, 28880
20957, 6209570, 6238453, 28883
20958, 6209580, 6238466, 28886
20959, 6209590, 6238480, 28890
20961, 6209610, 6238493, 28883
20962, 6209620, 6238506, 28886
20963, 6209630, 6238520, 28890
20964, 6209640, 6238533, 28893
20965, 6209650, 6238546, 28896
20966, 6209660, 6238560, 28900
20967, 6209670, 6238573, 28903
20968, 6209680, 6238587, 28907
20969, 6209690, 6238600, 28910
20970, 6209700, 6238613, 28913
20971, 6209710, 6238627, 28917
20973, 6209730, 6238640, 28910
20974, 6209740, 6238653, 28913
20975, 6209750, 6238667, 28917
20976, 6209760, 6238680, 28920
20977, 6209770, 6238693, 28923
20978, 6209780, 6238707, 28927
20979, 6209790, 6238720, 28930
20980, 6209800, 6238734, 28934
20981, 6209810, 6238747, 28937
20982, 6209820, 6238760, 28940
20984, 6209840, 6238774, 28934
20985, 6209850, 6238787, 28937
20986, 6209860, 6238800, 28940
20987, 6209870, 6238814, 28944
20988, 6209880, 6238827, 28947
20989, 6209890, 6238840, 28950
20990, 6209900, 6238854, 28954
20991, 6209910, 6238867, 28957
20992, 6209920, 6238880, 28960
20993, 6209930, 6238894, 28964
20995, 6209950, 6238907, 28957
20996, 6209960, 6238921, 28961
20997, 6209970, 6238934, 28964
20998, 6209980, 6238947, 28967
20999, 6209990, 6238961, 28971
21402, 6214020, 6238987, 24967
21403, 6214030, 6239001, 24971
21404, 6214040, 6239014, 24974
21405, 6214050, 6239028, 24978
21406, 6214060, 6239041, 24981
21407, 6214070, 6239054, 24984
21408, 6214080, 6239068, 24988
21409, 6214090, 6239081, 24991
21410, 6214100, 6239094, 24994
21411, 6214110, 6239108, 24998
21413, 6214130, 6239121, 24991
21414, 6214140, 6239134, 24994
21415, 6214150, 6239148, 24998
21416, 6214160, 6239161, 25001
21417, 6214170, 6239174, 25004
21418, 6214180, 6239188, 25008
21419, 6214190, 6239201, 25011
21420, 6214200, 6239215, 25015
21421, 6214210, 6239228, 25018
21422, 6214220, 6239241, 25021
21424, 6214240, 6239255, 25015
21425, 6214250, 6239268, 25018
21426, 6214260, 6239281, 25021
21427, 6214270, 6239295, 25025
21428, 6214280, 6239308, 25028
21429, 6214290, 6239321, 25031
21430, 6214300, 6239335, 25035
21431, 6214310, 6239348, 25038
21432, 6214320, 6239362, 25042
21433, 6214330, 6239375, 25045
21434, 6214340, 6239388, 25048
21436, 6214360, 6239402, 25042
21437, 6214370, 6239415, 25045
21438, 6214380, 6239428, 25048
21439, 6214390, 6239442, 25052
21440, 6214400, 6239455, 25055
21441, 6214410, 6239468, 25058
21442, 6214420, 6239482, 25062
21443, 6214430, 6239495, 25065
21444, 6214440, 6239508, 25068
21445, 6214450, 6239522, 25072
21447, 6214470, 6239535, 25065
21448, 6214480, 6239549, 25069
21449, 6214490, 6239562, 25072
21451, 6214510, 6239589, 25079
21452, 6214520, 6239602, 25082
21453, 6214530, 6239615, 25085
21454, 6214540, 6239629, 25089
21455, 6214550, 6239642, 25092
21456, 6214560, 6239656, 25096
21457, 6214570, 6239669, 25099
21459, 6214590, 6239682, 25092
21460, 6214600, 6239696, 25096
21461, 6214610, 6239709, 25099
21462, 6214620, 6239722, 25102
21463, 6214630, 6239736, 25106
21464, 6214640, 6239749, 25109
21465, 6214650, 6239762, 25112
21466, 6214660, 6239776, 25116
21467, 6214670, 6239789, 25119
21468, 6214680, 6239802, 25122
21470, 6214700, 6239816, 25116
21471, 6214710, 6239829, 25119
21472, 6214720, 6239843, 25123
21473, 6214730, 6239856, 25126
21474, 6214740, 6239869, 25129
21475, 6214750, 6239883, 25133
21476, 6214760, 6239896, 25136
21477, 6214770, 6239909, 25139
21478, 6214780, 6239923, 25143
21479, 6214790, 6239936, 25146
21480, 6214800, 6239949, 25149
21482, 6214820, 6239963, 25143
21483, 6214830, 6239976, 25146
21484, 6214840, 6239990, 25150
21485, 6214850, 6240003, 25153
21486, 6214860, 6240016, 25156
21487, 6214870, 6240030, 25160
21488, 6214880, 6240043, 25163
21489, 6214890, 6240056, 25166
21490, 6214900, 6240070, 25170
21491, 6214910, 6240083, 25173
21493, 6214930, 6240096, 25166
21494, 6214940, 6240110, 25170
21495, 6214950, 6240123, 25173
21496, 6214960, 6240136, 25176
21497, 6214970, 6240150, 25180
21498, 6214980, 6240163, 25183
21499, 6214990, 6240177, 25187
21501, 6215010, 6240203, 25193
21502, 6215020, 6240217, 25197
21504, 6215040, 6240230, 25190
21505, 6215050, 6240243, 25193
21506, 6215060, 6240257, 25197
21507, 6215070, 6240270, 25200
21508, 6215080, 6240284, 25204
21509, 6215090, 6240297, 25207
21510, 6215100, 6240310, 25210
21511, 6215110, 6240324, 25214
21512, 6215120, 6240337, 25217
21513, 6215130, 6240350, 25220
21514, 6215140, 6240364, 25224
21516, 6215160, 6240377, 25217
21517, 6215170, 6240390, 25220
21518, 6215180, 6240404, 25224
21519, 6215190, 6240417, 25227
21520, 6215200, 6240430, 25230
21521, 6215210, 6244012, 28802
21522, 6215220, 6244025, 28805
21523, 6215230, 6244039, 28809
21524, 6215240, 6244052, 28812
21525, 6215250, 6244065, 28815
21527, 6215270, 6244079, 28809
21528, 6215280, 6244092, 28812
21529, 6215290, 6244106, 28816
21530, 6215300, 6244119, 28819
21531, 6215310, 6244132, 28822
21532, 6215320, 6244146, 28826
21533, 6215330, 6244159, 28829
21534, 6215340, 6244172, 28832
21535, 6215350, 6244186, 28836
21536, 6215360, 6244199, 28839
21537, 6215370, 6244212, 28842
21539, 6215390, 6244226, 28836
21540, 6215400, 6244239, 28839
21541, 6215410, 6244252, 28842
21542, 6215420, 6244266, 28846
21543, 6215430, 6244279, 28849
21544, 6215440, 6244293, 28853
21545, 6215450, 6244306, 28856
21546, 6215460, 6244319, 28859
21547, 6215470, 6244333, 28863
21548, 6215480, 6244346, 28866
21551, 6215510, 6244373, 28863
21552, 6215520, 6244386, 28866
21553, 6215530, 6244400, 28870
21554, 6215540, 6244413, 28873
21555, 6215550, 6244426, 28876
21556, 6215560, 6244440, 28880
21557, 6215570, 6244453, 28883
21558, 6215580, 6244466, 28886
21559, 6215590, 6244480, 28890
21561, 6215610, 6244493, 28883
21562, 6215620, 6244506, 28886
21563, 6215630, 6244520, 28890
21564, 6215640, 6244533, 28893
21565, 6215650, 6244546, 28896
21566, 6215660, 6244560, 28900
21567, 6215670, 6244573, 28903
21568, 6215680, 6244587, 28907
21569, 6215690, 6244600, 28910
21570, 6215700, 6244613, 28913
21571, 6215710, 6244627, 28917
21573, 6215730, 6244640, 28910
21574, 6215740, 6244653, 28913
21575, 6215750, 6244667, 28917
21576, 6215760, 6244680, 28920
21577, 6215770, 6244693, 28923
21578, 6215780, 6244707, 28927
21579, 6215790, 6244720, 28930
21580, 6215800, 6244734, 28934
21581, 6215810, 6244747, 28937
21582, 6215820, 6244760, 28940
21584, 6215840, 6244774, 28934
21585, 6215850, 6244787, 28937
21586, 6215860, 6244800, 28940
21587, 6215870, 6244814, 28944
21588, 6215880, 6244827, 28947
21589, 6215890, 6244840, 28950
21590, 6215900, 6244854, 28954
21591, 6215910, 6244867, 28957
21592, 6215920, 6244880, 28960
21593, 6215930, 6244894, 28964
21594, 6215940, 6244907, 28967
21596, 6215960, 6244921, 28961
21597, 6215970, 6244934, 28964
21598, 6215980, 6244947, 28967
21599, 6215990, 6244961, 28971
22002, 6220020, 6244987, 24967
22003, 6220030, 6245001, 24971
22004, 6220040, 6245014, 24974
22005, 6220050, 6245027, 24977
22006, 6220060, 6245041, 24981
22007, 6220070, 6245054, 24984
22008, 6220080, 6245067, 24987
22009, 6220090, 6245081, 24991
22010, 6220100, 6245094, 24994
22011, 6220110, 6245108, 24998
22013, 6220130, 6245121, 24991
22014, 6220140, 6245134, 24994
22015, 6220150, 6245148, 24998
22016, 6220160, 6245161, 25001
22017, 6220170, 6245174, 25004
22018, 6220180, 6245188, 25008
22019, 6220190, 6245201, 25011
22020, 6220200, 6245214, 25014
22021, 6220210, 6245228, 25018
22022, 6220220, 6245241, 25021
22024, 6220240, 6245254, 25014
22025, 6220250, 6245268, 25018
22026, 6220260, 6245281, 25021
22027, 6220270, 6245295, 25025
22028, 6220280, 6245308, 25028
22029, 6220290, 6245321, 25031
22030, 6220300, 6245335, 25035
22031, 6220310, 6245348, 25038
22032, 6220320, 6245361, 25041
22033, 6220330, 6245375, 25045
22034, 6220340, 6245388, 25048
22036, 6220360, 6245401, 25041
22037, 6220370, 6245415, 25045
22038, 6220380, 6245428, 25048
22039, 6220390, 6245442, 25052
22040, 6220400, 6245455, 25055
22041, 6220410, 6245468, 25058
22042, 6220420, 6245482, 25062
22043, 6220430, 6245495, 25065
22044, 6220440, 6245508, 25068
22045, 6220450, 6245522, 25072
22047, 6220470, 6245535, 25065
22048, 6220480, 6245548, 25068
22049, 6220490, 6245562, 25072
22051, 6220510, 6245589, 25079
22052, 6220520, 6245602, 25082
22053, 6220530, 6245615, 25085
22054, 6220540, 6245629, 25089
22055, 6220550, 6245642, 25092
22056, 6220560, 6245655, 25095
22057, 6220570, 6245669, 25099
22059, 6220590, 6245682, 25092
22060, 6220600, 6245695, 25095
22061, 6220610, 6245709, 25099
22062, 6220620, 6245722, 25102
22063, 6220630, 6245736, 25106
22064, 6220640, 6245749, 25109
22065, 6220650, 6245762, 25112
22066, 6220660, 6245776, 25116
22067, 6220670, 6245789, 25119
22068, 6220680, 6245802, 25122
22070, 6220700, 6245816, 25116
22071, 6220710, 6245829, 25119
22072, 6220720, 6245842, 25122
22073, 6220730, 6245856, 25126
22074, 6220740, 6245869, 25129
22075, 6220750, 6245882, 25132
22076, 6220760, 6245896, 25136
22077, 6220770, 6245909, 25139
22078, 6220780, 6245923, 25143
22079, 6220790, 6245936, 25146
22081, 6220810, 6245949, 25139
22082, 6220820, 6245963, 25143
22083, 6220830, 6245976, 25146
22084, 6220840, 6245989, 25149
22085, 6220850, 6246003, 25153
22086, 6220860, 6246016, 25156
22087, 6220870, 6246029, 25159
22088, 6220880, 6246043, 25163
22089, 6220890, 6246056, 25166
22090, 6220900, 6246070, 25170
22091, 6220910, 6246083, 25173
22093, 6220930, 6246096, 25166
22094, 6220940, 6246110, 25170
22095, 6220950, 6246123, 25173
22096, 6220960, 6246136, 25176
22097, 6220970, 6246150, 25180
22098, 6220980, 6246163, 25183
22099, 6220990, 6246176, 25186
22101, 6221010, 6246203, 25193
22102, 6221020, 6246217, 25197
22104, 6221040, 6246230, 25190
22105, 6221050, 6246243, 25193
22106, 6221060, 6246257, 25197
22107, 6221070, 6246270, 25200
22108, 6221080, 6246283, 25203
22109, 6221090, 6246297, 25207
22110, 6221100, 6246310, 25210
22111, 6221110, 6246323, 25213
22112, 6221120, 6246337, 25217
22113, 6221130, 6246350, 25220
22114, 6221140, 6246364, 25224
22116, 6221160, 6246377, 25217
22117, 6221170, 6246390, 25220
22118, 6221180, 6246404, 25224
22119, 6221190, 6246417, 25227
22120, 6221200, 6246430, 25230
22121, 6221210, 6250012, 28802
22122, 6221220, 6250025, 28805
22123, 6221230, 6250039, 28809
22124, 6221240, 6250052, 28812
22125, 6221250, 6250065, 28815
22127, 6221270, 6250079, 28809
22128, 6221280, 6250092, 28812
22129, 6221290, 6250106, 28816
22130, 6221300, 6250119, 28819
22131, 6221310, 6250132, 28822
22132, 6221320, 6250146, 28826
22133, 6221330, 6250159, 28829
22134, 6221340, 6250172, 28832
22135, 6221350, 6250186, 28836
22136, 6221360, 6250199, 28839
22138, 6221380, 6250212, 28832
22139, 6221390, 6250226, 28836
22140, 6221400, 6250239, 28839
22141, 6221410, 6250252, 28842
22142, 6221420, 6250266, 28846
22143, 6221430, 6250279, 28849
22144, 6221440, 6250293, 28853
22145, 6221450, 6250306, 28856
22146, 6221460, 6250319, 28859
22147, 6221470, 6250333, 28863
22148, 6221480, 6250346, 28866
22151, 6221510, 6250373, 28863
22152, 6221520, 6250386, 28866
22153, 6221530, 6250400, 28870
22154, 6221540, 6250413, 28873
22155, 6221550, 6250426, 28876
22156, 6221560, 6250440, 28880
22157, 6221570, 6250453, 28883
22158, 6221580, 6250466, 28886
22159, 6221590, 6250480, 28890
22161, 6221610, 6250493, 28883
22162, 6221620, 6250506, 28886
22163, 6221630, 6250520, 28890
22164, 6221640, 6250533, 28893
22165, 6221650, 6250546, 28896
22166, 6221660, 6250560, 28900
22167, 6221670, 6250573, 28903
22168, 6221680, 6250587, 28907
22169, 6221690, 6250600, 28910
22170, 6221700, 6250613, 28913
22171, 6221710, 6250627, 28917
22173, 6221730, 6250640, 28910
22174, 6221740, 6250653, 28913
22175, 6221750, 6250667, 28917
22176, 6221760, 6250680, 28920
22177, 6221770, 6250693, 28923
22178, 6221780, 6250707, 28927
22179, 6221790, 6250720, 28930
22180, 6221800, 6250734, 28934
22181, 6221810, 6250747, 28937
22182, 6221820, 6250760, 28940
22184, 6221840, 6250774, 28934
22185, 6221850, 6250787, 28937
22186, 6221860, 6250800, 28940
22187, 6221870, 6250814, 28944
22188, 6221880, 6250827, 28947
22189, 6221890, 6250840, 28950
22190, 6221900, 6250854, 28954
22191, 6221910, 6250867, 28957
22192, 6221920, 6250880, 28960
22193, 6221930, 6250894, 28964
22195, 6221950, 6250907, 28957
22196, 6221960, 6250921, 28961
22197, 6221970, 6250934, 28964
22198, 6221980, 6250947, 28967
22199, 6221990, 6250961, 28971
22602, 6226020, 6250987, 24967
22603, 6226030, 6251001, 24971
22604, 6226040, 6251014, 24974
22605, 6226050, 6251028, 24978
22606, 6226060, 6251041, 24981
22607, 6226070, 6251054, 24984
22608, 6226080, 6251068, 24988
22609, 6226090, 6251081, 24991
22610, 6226100, 6251094, 24994
22611, 6226110, 6251108, 24998
22613, 6226130, 6251121, 24991
22614, 6226140, 6251134, 24994
22615, 6226150, 6251148, 24998
22616, 6226160, 6251161, 25001
22617, 6226170, 6251174, 25004
22618, 6226180, 6251188, 25008
22619, 6226190, 6251201, 25011
22620, 6226200, 6251215, 25015
22621, 6226210, 6251228, 25018
22622, 6226220, 6251241, 25021
22624, 6226240, 6251255, 25015
22625, 6226250, 6251268, 25018
22626, 6226260, 6251281, 25021
22627, 6226270, 6251295, 25025
22628, 6226280, 6251308, 25028
22629, 6226290, 6251321, 25031
22630, 6226300, 6251335, 25035
22631, 6226310, 6251348, 25038
22632, 6226320, 6251362, 25042
22633, 6226330, 6251375, 25045
22634, 6226340, 6251388, 25048
22636, 6226360, 6251402, 25042
22637, 6226370, 6251415, 25045
22638, 6226380, 6251428, 25048
22639, 6226390, 6251442, 25052
22640, 6226400, 6251455, 25055
22641, 6226410, 6251468, 25058
22642, 6226420, 6251482, 25062
22643, 6226430, 6251495, 25065
22644, 6226440, 6251508, 25068
22645, 6226450, 6251522, 25072
22647, 6226470, 6251535, 25065
22648, 6226480, 6251549, 25069
22649, 6226490, 6251562, 25072
22651, 6226510, 6251589, 25079
22652, 6226520, 6251602, 25082
22653, 6226530, 6251615, 25085
22654, 6226540, 6251629, 25089
22655, 6226550, 6251642, 25092
22656, 6226560, 6251656, 25096
22657, 6226570, 6251669, 25099
22659, 6226590, 6251682, 25092
22660, 6226600, 6251696, 25096
22661, 6226610, 6251709, 25099
22662, 6226620, 6251722, 25102
22663, 6226630, 6251736, 25106
22664, 6226640, 6251749, 25109
22665, 6226650, 6251762, 25112
22666, 6226660, 6251776, 25116
22667, 6226670, 6251789, 25119
22668, 6226680, 6251802, 25122
22670, 6226700, 6251816, 25116
22671, 6226710, 6251829, 25119
22672, 6226720, 6251843, 25123
22673, 6226730, 6251856, 25126
22674, 6226740, 6251869, 25129
22675, 6226750, 6251883, 25133
22676, 6226760, 6251896, 25136
22677, 6226770, 6251909, 25139
22678, 6226780, 6251923, 25143
22679, 6226790, 6251936, 25146
22681, 6226810, 6251949, 25139
22682, 6226820, 6251963, 25143
22683, 6226830, 6251976, 25146
22684, 6226840, 6251990, 25150
22685, 6226850, 6252003, 25153
22686, 6226860, 6252016, 25156
22687, 6226870, 6252030, 25160
22688, 6226880, 6252043, 25163
22689, 6226890, 6252056, 25166
22690, 6226900, 6252070, 25170
22691, 6226910, 6252083, 25173
22693, 6226930, 6252096, 25166
22694, 6226940, 6252110, 25170
22695, 6226950, 6252123, 25173
22696, 6226960, 6252136, 25176
22697, 6226970, 6252150, 25180
22698, 6226980, 6252163, 25183
22699, 6226990, 6252177, 25187
22701, 6227010, 6252203, 25193
22702, 6227020, 6252217, 25197
22704, 6227040, 6252230, 25190
22705, 6227050, 6252243, 25193
22706, 6227060, 6252257, 25197
22707, 6227070, 6252270, 25200
22708, 6227080, 6252284, 25204
22709, 6227090, 6252297, 25207
22710, 6227100, 6252310, 25210
22711, 6227110, 6252324, 25214
22712, 6227120, 6252337, 25217
22713, 6227130, 6252350, 25220
22714, 6227140, 6252364, 25224
22716, 6227160, 6252377, 25217
22717, 6227170, 6252390, 25220
22718, 6227180, 6252404, 25224
22719, 6227190, 6252417, 25227
22720, 6227200, 6252430, 25230
22721, 6227210, 6256012, 28802
22722, 6227220, 6256025, 28805
22723, 6227230, 6256039, 28809
22724, 6227240, 6256052, 28812
22725, 6227250, 6256065, 28815
22727, 6227270, 6256079, 28809
22728, 6227280, 6256092, 28812
22729, 6227290, 6256106, 28816
22730, 6227300, 6256119, 28819
22731, 6227310, 6256132, 28822
22732, 6227320, 6256146, 28826
22733, 6227330, 6256159, 28829
22734, 6227340, 6256172, 28832
22735, 6227350, 6256186, 28836
22736, 6227360, 6256199, 28839
22738, 6227380, 6256212, 28832
22739, 6227390, 6256226, 28836
22740, 6227400, 6256239, 28839
22741, 6227410, 6256252, 28842
22742, 6227420, 6256266, 28846
22743, 6227430, 6256279, 28849
22744, 6227440, 6256293, 28853
22745, 6227450, 6256306, 28856
22746, 6227460, 6256319, 28859
22747, 6227470, 6256333, 28863
22748, 6227480, 6256346, 28866
22751, 6227510, 6256373, 28863
22752, 6227520, 6256386, 28866
22753, 6227530, 6256400, 28870
22754, 6227540, 6256413, 28873
22755, 6227550, 6256426, 28876
22756, 6227560, 6256440, 28880
22757, 6227570, 6256453, 28883
22758, 6227580, 6256466, 28886
22759, 6227590, 6256480, 28890
22761, 6227610, 6256493, 28883
22762, 6227620, 6256506, 28886
22763, 6227630, 6256520, 28890
22764, 6227640, 6256533, 28893
22765, 6227650, 6256546, 28896
22766, 6227660, 6256560, 28900
22767, 6227670, 6256573, 28903
22768, 6227680, 6256587, 28907
22769, 6227690, 6256600, 28910
22770, 6227700, 6256613, 28913
22771, 6227710, 6256627, 28917
22773, 6227730, 6256640, 28910
22774, 6227740, 6256653, 28913
22775, 6227750, 6256667, 28917
22776, 6227760, 6256680, 28920
22777, 6227770, 6256693, 28923
22778, 6227780, 6256707, 28927
22779, 6227790, 6256720, 28930
22780, 6227800, 6256734, 28934
22781, 6227810, 6256747, 28937
22782, 6227820, 6256760, 28940
22784, 6227840, 6256774, 28934
22785, 6227850, 6256787, 28937
22786, 6227860, 6256800, 28940
22787, 6227870, 6256814, 28944
22788, 6227880, 6256827, 28947
22789, 6227890, 6256840, 28950
22790, 6227900, 6256854, 28954
22791, 6227910, 6256867, 28957
22792, 6227920, 6256880, 28960
22793, 6227930, 6256894, 28964
22795, 6227950, 6256907, 28957
22796, 6227960, 6256921, 28961
22797, 6227970, 6256934, 28964
22798, 6227980, 6256947, 28967
22799, 6227990, 6256961, 28971
23202, 6232020, 6256987, 24967
23203, 6232030, 6257001, 24971
23204, 6232040, 6257014, 24974
23205, 6232050, 6257028, 24978
23206, 6232060, 6257041, 24981
23207, 6232070, 6257054, 24984
23208, 6232080, 6257068, 24988
23209, 6232090, 6257081, 24991
23210, 6232100, 6257094, 24994
23211, 6232110, 6257108, 24998
23213, 6232130, 6257121, 24991
23214, 6232140, 6257134, 24994
23215, 6232150, 6257148, 24998
23216, 6232160, 6257161, 25001
23217, 6232170, 6257174, 25004
23218, 6232180, 6257188, 25008
23219, 6232190, 6257201, 25011
23220, 6232200, 6257215, 25015
23221, 6232210, 6257228, 25018
23222, 6232220, 6257241, 25021
23224, 6232240, 6257255, 25015
23225, 6232250, 6257268, 25018
23226, 6232260, 6257281, 25021
23227, 6232270, 6257295, 25025
23228, 6232280, 6257308, 25028
23229, 6232290, 6257321, 25031
23230, 6232300, 6257335, 25035
23231, 6232310, 6257348, 25038
23232, 6232320, 6257362, 25042
23233, 6232330, 6257375, 25045
23234, 6232340, 6257388, 25048
23236, 6232360, 6257402, 25042
23237, 6232370, 6257415, 25045
23238, 6232380, 6257428, 25048
23239, 6232390, 6257442, 25052
23240, 6232400, 6257455, 25055
23241, 6232410, 6257468, 25058
23242, 6232420, 6257482, 25062
23243, 6232430, 6257495, 25065
23244, 6232440, 6257508, 25068
23245, 6232450, 6257522, 25072
23247, 6232470, 6257535, 25065
23248, 6232480, 6257549, 25069
23249, 6232490, 6257562, 25072
23251, 6232510, 6257589, 25079
23252, 6232520, 6257602, 25082
23253, 6232530, 6257615, 25085
23254, 6232540, 6257629, 25089
23255, 6232550, 6257642, 25092
23256, 6232560, 6257656, 25096
23257, 6232570, 6257669, 25099
23259, 6232590, 6257682, 25092
23260, 6232600, 6257696, 25096
23261, 6232610, 6257709, 25099
23262, 6232620, 6257722, 25102
23263, 6232630, 6257736, 25106
23264, 6232640, 6257749, 25109
23265, 6232650, 6257762, 25112
23266, 6232660, 6257776, 25116
23267, 6232670, 6257789, 25119
23268, 6232680, 6257802, 25122
23270, 6232700, 6257816, 25116
23271, 6232710, 6257829, 25119
23272, 6232720, 6257843, 25123
23273, 6232730, 6257856, 25126
23274, 6232740, 6257869, 25129
23275, 6232750, 6257883, 25133
23276, 6232760, 6257896, 25136
23277, 6232770, 6257909, 25139
23278, 6232780, 6257923, 25143
23279, 6232790, 6257936, 25146
23281, 6232810, 6257949, 25139
23282, 6232820, 6257963, 25143
23283, 6232830, 6257976, 25146
23284, 6232840, 6257990, 25150
23285, 6232850, 6258003, 25153
23286, 6232860, 6258016, 25156
23287, 6232870, 6258030, 25160
23288, 6232880, 6258043, 25163
23289, 6232890, 6258056, 25166
23290, 6232900, 6258070, 25170
23291, 6232910, 6258083, 25173
23293, 6232930, 6258096, 25166
23294, 6232940, 6258110, 25170
23295, 6232950, 6258123, 25173
23296, 6232960, 6258136, 25176
23297, 6232970, 6258150, 25180
23298, 6232980, 6258163, 25183
23299, 6232990, 6258177, 25187
23301, 6233010, 6258203, 25193
23302, 6233020, 6258217, 25197
23304, 6233040, 6258230, 25190
23305, 6233050, 6258243, 25193
23306, 6233060, 6258257, 25197
23307, 6233070, 6258270, 25200
23308, 6233080, 6258284, 25204
23309, 6233090, 6258297, 25207
23310, 6233100, 6258310, 25210
23311, 6233110, 6258324, 25214
23312, 6233120, 6258337, 25217
23313, 6233130, 6258350, 25220
23314, 6233140, 6258364, 25224
23316, 6233160, 6258377, 25217
23317, 6233170, 6258390, 25220
23318, 6233180, 6258404, 25224
23319, 6233190, 6258417, 25227
23320, 6233200, 6258430, 25230
23321, 6233210, 6262012, 28802
23322, 6233220, 6262025, 28805
23323, 6233230, 6262039, 28809
23324, 6233240, 6262052, 28812
23325, 6233250, 6262065, 28815
23327, 6233270, 6262079, 28809
23328, 6233280, 6262092, 28812
23329, 6233290, 6262106, 28816
23330, 6233300, 6262119, 28819
23331, 6233310, 6262132, 28822
23332, 6233320, 6262146, 28826
23333, 6233330, 6262159, 28829
23334, 6233340, 6262172, 28832
23335, 6233350, 6262186, 28836
23336, 6233360, 6262199, 28839
23338, 6233380, 6262212, 28832
23339, 6233390, 6262226, 28836
23340, 6233400, 6262239, 28839
23341, 6233410, 6262252, 28842
23342, 6233420, 6262266, 28846
23343, 6233430, 6262279, 28849
23344, 6233440, 6262293, 28853
23345, 6233450, 6262306, 28856
23346, 6233460, 6262319, 28859
23347, 6233470, 6262333, 28863
23348, 6233480, 6262346, 28866
23351, 6233510, 6262373, 28863
23352, 6233520, 6262386, 28866
23353, 6233530, 6262400, 28870
23354, 6233540, 6262413, 28873
23355, 6233550, 6262426, 28876
23356, 6233560, 6262440, 28880
23357, 6233570, 6262453, 28883
23358, 6233580, 6262466, 28886
23359, 6233590, 6262480, 28890
23361, 6233610, 6262493, 28883
23362, 6233620, 6262506, 28886
23363, 6233630, 6262520, 28890
23364, 6233640, 6262533, 28893
23365, 6233650, 6262546, 28896
23366, 6233660, 6262560, 28900
23367, 6233670, 6262573, 28903
23368, 6233680, 6262587, 28907
23369, 6233690, 6262600, 28910
23370, 6233700, 6262613, 28913
23371, 6233710, 6262627, 28917
23373, 6233730, 6262640, 28910
23374, 6233740, 6262653, 28913
23375, 6233750, 6262667, 28917
23376, 6233760, 6262680, 28920
23377, 6233770, 6262693, 28923
23378, 6233780, 6262707, 28927
23379, 6233790, 6262720, 28930
23380, 6233800, 6262734, 28934
23381, 6233810, 6262747, 28937
23382, 6233820, 6262760, 28940
23384, 6233840, 6262774, 28934
23385, 6233850, 6262787, 28937
23386, 6233860, 6262800, 28940
23387, 6233870, 6262814, 28944
23388, 6233880, 6262827, 28947
23389, 6233890, 6262840, 28950
23390, 6233900, 6262854, 28954
23391, 6233910, 6262867, 28957
23392, 6233920, 6262880, 28960
23393, 6233930, 6262894, 28964
23395, 6233950, 6262907, 28957
23396, 6233960, 6262921, 28961
23397, 6233970, 6262934, 28964
23398, 6233980, 6262947, 28967
23399, 6233990, 6262961, 28971
23802, 6238020, 6262987, 24967
23803, 6238030, 6263001, 24971
23804, 6238040, 6263014, 24974
23805, 6238050, 6263028, 24978
23806, 6238060, 6263041, 24981
23807, 6238070, 6263054, 24984
23808, 6238080, 6263068, 24988
23809, 6238090, 6263081, 24991
23810, 6238100, 6263094, 24994
23811, 6238110, 6263108, 24998
23813, 6238130, 6263121, 24991
23814, 6238140, 6263134, 24994
23815, 6238150, 6263148, 24998
23816, 6238160, 6263161, 25001
23817, 6238170, 6263174, 25004
23818, 6238180, 6263188, 25008
23819, 6238190, 6263201, 25011
23820, 6238200, 6263215, 25015
23821, 6238210, 6263228, 25018
23822, 6238220, 6263241, 25021
23824, 6238240, 6263255, 25015
23825, 6238250, 6263268, 25018
23826, 6238260, 6263281, 25021
23827, 6238270, 6263295, 25025
23828, 6238280, 6263308, 25028
23829, 6238290, 6263321, 25031
23830, 6238300, 6263335, 25035
23831, 6238310, 6263348, 25038
23832, 6238320, 6263362, 25042
23833, 6238330, 6263375, 25045
23834, 6238340, 6263388, 25048
23836, 6238360, 6263402, 25042
23837, 6238370, 6263415, 25045
23838, 6238380, 6263428, 25048
23839, 6238390, 6263442, 25052
23840, 6238400, 6263455, 25055
23841, 6238410, 6263468, 25058
23842, 6238420, 6263482, 25062
23843, 6238430, 6263495, 25065
23844, 6238440, 6263508, 25068
23845, 6238450, 6263522, 25072
23847, 6238470, 6263535, 25065
23848, 6238480, 6263549, 25069
23849, 6238490, 6263562, 25072
23851, 6238510, 6263589, 25079
23852, 6238520, 6263602, 25082
23853, 6238530, 6263615, 25085
23854, 6238540, 6263629, 25089
23855, 6238550, 6263642, 25092
23856, 6238560, 6263656, 25096
23857, 6238570, 6263669, 25099
23859, 6238590, 6263682, 25092
23860, 6238600, 6263696, 25096
23861, 6238610, 6263709, 25099
23862, 6238620, 6263722, 25102
23863, 6238630, 6263736, 25106
23864, 6238640, 6263749, 25109
23865, 6238650, 6263762, 25112
23866, 6238660, 6263776, 25116
23867, 6238670, 6263789, 25119
23868, 6238680, 6263802, 25122
23870, 6238700, 6263816, 25116
23871, 6238710, 6263829, 25119
23872, 6238720, 6263843, 25123
23873, 6238730, 6263856, 25126
23874, 6238740, 6263869, 25129
23875, 6238750, 6263883, 25133
23876, 6238760, 6263896, 25136
23877, 6238770, 6263909, 25139
23878, 6238780, 6263923, 25143
23879, 6238790, 6263936, 25146
23881, 6238810, 6263949, 25139
23882, 6238820, 6263963, 25143
23883, 6238830, 6263976, 25146
23884, 6238840, 6263990, 25150
23885, 6238850, 6264003, 25153
23886, 6238860, 6264016, 25156
23887, 6238870, 6264030, 25160
23888, 6238880, 6264043, 25163
23889, 6238890, 6264056, 25166
23890, 6238900, 6264070, 25170
23891, 6238910, 6264083, 25173
23893, 6238930, 6264096, 25166
23894, 6238940, 6264110, 25170
23895, 6238950, 6264123, 25173
23896, 6238960, 6264136, 25176
23897, 6238970, 6264150, 25180
23898, 6238980, 6264163, 25183
23899, 6238990, 6264177, 25187
23901, 6239010, 6264203, 25193
23902, 6239020, 6264217, 25197
23904, 6239040, 6264230, 25190
23905, 6239050, 6264243, 25193
23906, 6239060, 6264257, 25197
23907, 6239070, 6264270, 25200
23908, 6239080, 6264284, 25204
23909, 6239090, 6264297, 25207
23910, 6239100, 6264310, 25210
23911, 6239110, 6264324, 25214
23912, 6239120, 6264337, 25217
23913, 6239130, 6264350, 25220
23914, 6239140, 6264364, 25224
23916, 6239160, 6264377, 25217
23917, 6239170, 6264390, 25220
23918, 6239180, 6264404, 25224
23919, 6239190, 6264417, 25227
23920, 6239200, 6264430, 25230
23921, 6239210, 6268012, 28802
23922, 6239220, 6268025, 28805
23923, 6239230, 6268039, 28809
23924, 6239240, 6268052, 28812
23925, 6239250, 6268065, 28815
23927, 6239270, 6268079, 28809
23928, 6239280, 6268092, 28812
23929, 6239290, 6268106, 28816
23930, 6239300, 6268119, 28819
23931, 6239310, 6268132, 28822
23932, 6239320, 6268146, 28826
23933, 6239330, 6268159, 28829
23934, 6239340, 6268172, 28832
23935, 6239350, 6268186, 28836
23936, 6239360, 6268199, 28839
23938, 6239380, 6268212, 28832
23939, 6239390, 6268226, 28836
23940, 6239400, 6268239, 28839
23941, 6239410, 6268252, 28842
23942, 6239420, 6268266, 28846
23943, 6239430, 6268279, 28849
23944, 6239440, 6268293, 28853
23945, 6239450, 6268306, 28856
23946, 6239460, 6268319, 28859
23947, 6239470, 6268333, 28863
23948, 6239480, 6268346, 28866
23951, 6239510, 6268373, 28863
23952, 6239520, 6268386, 28866
23953, 6239530, 6268400, 28870
23954, 6239540, 6268413, 28873
23955, 6239550, 6268426, 28876
23956, 6239560, 6268440, 28880
23957, 6239570, 6268453, 28883
23958, 6239580, 6268466, 28886
23959, 6239590, 6268480, 28890
23961, 6239610, 6268493, 28883
23962, 6239620, 6268506, 28886
23963, 6239630, 6268520, 28890
23964, 6239640, 6268533, 28893
23965, 6239650, 6268546, 28896
23966, 6239660, 6268560, 28900
23967, 6239670, 6268573, 28903
23968, 6239680, 6268587, 28907
23969, 6239690, 6268600, 28910
23970, 6239700, 6268613, 28913
23971, 6239710, 6268627, 28917
23973, 6239730, 6268640, 28910
23974, 6239740, 6268653, 28913
23975, 6239750, 6268667, 28917
23976, 6239760, 6268680, 28920
23977, 6239770, 6268693, 28923
23978, 6239780, 6268707, 28927
23979, 6239790, 6268720, 28930
23980, 6239800, 6268734, 28934
23981, 6239810, 6268747, 28937
23982, 6239820, 6268760, 28940
23984, 6239840, 6268774, 28934
23985, 6239850, 6268787, 28937
23986, 6239860, 6268800, 28940
23987, 6239870, 6268814, 28944
23988, 6239880, 6268827, 28947
23989, 6239890, 6268840, 28950
23990, 6239900, 6268854, 28954
23991, 6239910, 6268867, 28957
23992, 6239920, 6268880, 28960
23993, 6239930, 6268894, 28964
23995, 6239950, 6268907, 28957
23996, 6239960, 6268921, 28961
23997, 6239970, 6268934, 28964
23998, 6239980, 6268947, 28967
23999, 6239990, 6268961, 28971
24402, 6244020, 6268987, 24967
24403, 6244030, 6269001, 24971
24404, 6244040, 6269014, 24974
24405, 6244050, 6269028, 24978
24406, 6244060, 6269041, 24981
24407, 6244070, 6269054, 24984
24408, 6244080, 6269068, 24988
24409, 6244090, 6269081, 24991
24410, 6244100, 6269094, 24994
24411, 6244110, 6269108, 24998
24413, 6244130, 6269121, 24991
24414, 6244140, 6269134, 24994
24415, 6244150, 6269148, 24998
24416, 6244160, 6269161, 25001
24417, 6244170, 6269174, 25004
24418, 6244180, 6269188, 25008
24419, 6244190, 6269201, 25011
24420, 6244200, 6269215, 25015
24421, 6244210, 6269228, 25018
24422, 6244220, 6269241, 25021
24424, 6244240, 6269255, 25015
24425, 6244250, 6269268, 25018
24426, 6244260, 6269281, 25021
24427, 6244270, 6269295, 25025
24428, 6244280, 6269308, 25028
24429, 6244290, 6269321, 25031
24430, 6244300, 6269335, 25035
24431, 6244310, 6269348, 25038
24432, 6244320, 6269362, 25042
24433, 6244330, 6269375, 25045
24434, 6244340, 6269388, 25048
24436, 6244360, 6269402, 25042
24437, 6244370, 6269415, 25045
24438, 6244380, 6269428, 25048
24439, 6244390, 6269442, 25052
24440, 6244400, 6269455, 25055
24441, 6244410, 6269468, 25058
24442, 6244420, 6269482, 25062
24443, 6244430, 6269495, 25065
24444, 6244440, 6269508, 25068
24445, 6244450, 6269522, 25072
24447, 6244470, 6269535, 25065
24448, 6244480, 6269549, 25069
24449, 6244490, 6269562, 25072
24451, 6244510, 6269589, 25079
24452, 6244520, 6269602, 25082
24453, 6244530, 6269615, 25085
24454, 6244540, 6269629, 25089
24455, 6244550, 6269642, 25092
24456, 6244560, 6269656, 25096
24457, 6244570, 6269669, 25099
24459, 6244590, 6269682, 25092
24460, 6244600, 6269696, 25096
24461, 6244610, 6269709, 25099
24462, 6244620, 6269722, 25102
24463, 6244630, 6269736, 25106
24464, 6244640, 6269749, 25109
24465, 6244650, 6269762, 25112
24466, 6244660, 6269776, 25116
24467, 6244670, 6269789, 25119
24468, 6244680, 6269802, 25122
24470, 6244700, 6269816, 25116
24471, 6244710, 6269829, 25119
24472, 6244720, 6269843, 25123
24473, 6244730, 6269856, 25126
24474, 6244740, 6269869, 25129
24475, 6244750, 6269883, 25133
24476, 6244760, 6269896, 25136
24477, 6244770, 6269909, 25139
24478, 6244780, 6269923, 25143
24479, 6244790, 6269936, 25146
24480, 6244800, 6269949, 25149
24482, 6244820, 6269963, 25143
24483, 6244830, 6269976, 25146
24484, 6244840, 6269990, 25150
24485, 6244850, 6270003, 25153
24486, 6244860, 6270016, 25156
24487, 6244870, 6270030, 25160
24488, 6244880, 6270043, 25163
24489, 6244890, 6270056, 25166
24490, 6244900, 6270070, 25170
24491, 6244910, 6270083, 25173
24493, 6244930, 6270096, 25166
24494, 6244940, 6270110, 25170
24495, 6244950, 6270123, 25173
24496, 6244960, 6270136, 25176
24497, 6244970, 6270150, 25180
24498, 6244980, 6270163, 25183
24499, 6244990, 6270177, 25187
24501, 6245010, 6270203, 25193
24502, 6245020, 6270217, 25197
24504, 6245040, 6270230, 25190
24505, 6245050, 6270243, 25193
24506, 6245060, 6270257, 25197
24507, 6245070, 6270270, 25200
24508, 6245080, 6270284, 25204
24509, 6245090, 6270297, 25207
24510, 6245100, 6270310, 25210
24511, 6245110, 6270324, 25214
24512, 6245120, 6270337, 25217
24513, 6245130, 6270350, 25220
24514, 6245140, 6270364, 25224
24516, 6245160, 6270377, 25217
24517, 6245170, 6270390, 25220
24518, 6245180, 6270404, 25224
24519, 6245190, 6270417, 25227
24520, 6245200, 6270430, 25230
24521, 6245210, 6274012, 28802
24522, 6245220, 6274025, 28805
24523, 6245230, 6274039, 28809
24524, 6245240, 6274052, 28812
24525, 6245250, 6274065, 28815
24527, 6245270, 6274079, 28809
24528, 6245280, 6274092, 28812
24529, 6245290, 6274106, 28816
24530, 6245300, 6274119, 28819
24531, 6245310, 6274132, 28822
24532, 6245320, 6274146, 28826
24533, 6245330, 6274159, 28829
24534, 6245340, 6274172, 28832
24535, 6245350, 6274186, 28836
24536, 6245360, 6274199, 28839
24537, 6245370, 6274212, 28842
24539, 6245390, 6274226, 28836
24540, 6245400, 6274239, 28839
24541, 6245410, 6274252, 28842
24542, 6245420, 6274266, 28846
24543, 6245430, 6274279, 28849
24544, 6245440, 6274293, 28853
24545, 6245450, 6274306, 28856
24546, 6245460, 6274319, 28859
24547, 6245470, 6274333, 28863
24548, 6245480, 6274346, 28866
24551, 6245510, 6274373, 28863
24552, 6245520, 6274386, 28866
24553, 6245530, 6274400, 28870
24554, 6245540, 6274413, 28873
24555, 6245550, 6274426, 28876
24556, 6245560, 6274440, 28880
24557, 6245570, 6274453, 28883
24558, 6245580, 6274466, 28886
24559, 6245590, 6274480, 28890
24561, 6245610, 6274493, 28883
24562, 6245620, 6274506, 28886
24563, 6245630, 6274520, 28890
24564, 6245640, 6274533, 28893
24565, 6245650, 6274546, 28896
24566, 6245660, 6274560, 28900
24567, 6245670, 6274573, 28903
24568, 6245680, 6274587, 28907
24569, 6245690, 6274600, 28910
24570, 6245700, 6274613, 28913
24571, 6245710, 6274627, 28917
24573, 6245730, 6274640, 28910
24574, 6245740, 6274653, 28913
24575, 6245750, 6274667, 28917
24576, 6245760, 6274680, 28920
24577, 6245770, 6274693, 28923
24578, 6245780, 6274707, 28927
24579, 6245790, 6274720, 28930
24580, 6245800, 6274734, 28934
24581, 6245810, 6274747, 28937
24582, 6245820, 6274760, 28940
24584, 6245840, 6274774, 28934
24585, 6245850, 6274787, 28937
24586, 6245860, 6274800, 28940
24587, 6245870, 6274814, 28944
24588, 6245880, 6274827, 28947
24589, 6245890, 6274840, 28950
24590, 6245900, 6274854, 28954
24591, 6245910, 6274867, 28957
24592, 6245920, 6274880, 28960
24593, 6245930, 6274894, 28964
24594, 6245940, 6274907, 28967
24596, 6245960, 6274921, 28961
24597, 6245970, 6274934, 28964
24598, 6245980, 6274947, 28967
24599, 6245990, 6274961, 28971
25002, 6250020, 6274987, 24967
25003, 6250030, 6275001, 24971
25004, 6250040, 6275014, 24974
25005, 6250050, 6275027, 24977
25006, 6250060, 6275041, 24981
25007, 6250070, 6275054, 24984
25008, 6250080, 6275067, 24987
25009, 6250090, 6275081, 24991
25010, 6250100, 6275094, 24994
25011, 6250110, 6275108, 24998
25013, 6250130, 6275121, 24991
25014, 6250140, 6275134, 24994
25015, 6250150, 6275148, 24998
25016, 6250160, 6275161, 25001
25017, 6250170, 6275174, 25004
25018, 6250180, 6275188, 25008
25019, 6250190, 6275201, 25011
25020, 6250200, 6275214, 25014
25021, 6250210, 6275228, 25018
25022, 6250220, 6275241, 25021
25024, 6250240, 6275254, 25014
25025, 6250250, 6275268, 25018
25026, 6250260, 6275281, 25021
25027, 6250270, 6275295, 25025
25028, 6250280, 6275308, 25028
25029, 6250290, 6275321, 25031
25030, 6250300, 6275335, 25035
25031, 6250310, 6275348, 25038
25032, 6250320, 6275361, 25041
25033, 6250330, 6275375, 25045
25034, 6250340, 6275388, 25048
25036, 6250360, 6275401, 25041
25037, 6250370, 6275415, 25045
25038, 6250380, 6275428, 25048
25039, 6250390, 6275442, 25052
25040, 6250400, 6275455, 25055
25041, 6250410, 6275468, 25058
25042, 6250420, 6275482, 25062
25043, 6250430, 6275495, 25065
25044, 6250440, 6275508, 25068
25045, 6250450, 6275522, 25072
25047, 6250470, 6275535, 25065
25048, 6250480, 6275548, 25068
25049, 6250490, 6275562, 25072
25051, 6250510, 6275589, 25079
25052, 6250520, 6275602, 25082
25053, 6250530, 6275615, 25085
25054, 6250540, 6275629, 25089
25055, 6250550, 6275642, 25092
25056, 6250560, 6275655, 25095
25057, 6250570, 6275669, 25099
25059, 6250590, 6275682, 25092
25060, 6250600, 6275695, 25095
25061, 6250610, 6275709, 25099
25062, 6250620, 6275722, 25102
25063, 6250630, 6275736, 25106
25064, 6250640, 6275749, 25109
25065, 6250650, 6275762, 25112
25066, 6250660, 6275776, 25116
25067, 6250670, 6275789, 25119
25068, 6250680, 6275802, 25122
25070, 6250700, 6275816, 25116
25071, 6250710, 6275829, 25119
25072, 6250720, 6275842, 25122
25073, 6250730, 6275856, 25126
25074, 6250740, 6275869, 25129
25075, 6250750, 6275882, 25132
25076, 6250760, 6275896, 25136
25077, 6250770, 6275909, 25139
25078, 6250780, 6275923, 25143
25079, 6250790, 6275936, 25146
25081, 6250810, 6275949, 25139
25082, 6250820, 6275963, 25143
25083, 6250830, 6275976, 25146
25084, 6250840, 6275989, 25149
25085, 6250850, 6276003, 25153
25086, 6250860, 6276016, 25156
25087, 6250870, 6276029, 25159
25088, 6250880, 6276043, 25163
25089, 6250890, 6276056, 25166
25090, 6250900, 6276070, 25170
25091, 6250910, 6276083, 25173
25093, 6250930, 6276096, 25166
25094, 6250940, 6276110, 25170
25095, 6250950, 6276123, 25173
25096, 6250960, 6276136, 25176
25097, 6250970, 6276150, 25180
25098, 6250980, 6276163, 25183
25099, 6250990, 6276176, 25186
25101, 6251010, 6276203, 25193
25102, 6251020, 6276217, 25197
25104, 6251040, 6276230, 25190
25105, 6251050, 6276243, 25193
25106, 6251060, 6276257, 25197
25107, 6251070, 6276270, 25200
25108, 6251080, 6276283, 25203
25109, 6251090, 6276297, 25207
25110, 6251100, 6276310, 25210
25111, 6251110, 6276323, 25213
25112, 6251120, 6276337, 25217
25113, 6251130, 6276350, 25220
25114, 6251140, 6276364, 25224
25116, 6251160, 6276377, 25217
25117, 6251170, 6276390, 25220
25118, 6251180, 6276404, 25224
25119, 6251190, 6276417, 25227
25120, 6251200, 6276430, 25230
25121, 6251210, 6280012, 28802
25122, 6251220, 6280025, 28805
25123, 6251230, 6280039, 28809
25124, 6251240, 6280052, 28812
25125, 6251250, 6280065, 28815
25127, 6251270, 6280079, 28809
25128, 6251280, 6280092, 28812
25129, 6251290, 6280106, 28816
25130, 6251300, 6280119, 28819
25131, 6251310, 6280132, 28822
25132, 6251320, 6280146, 28826
25133, 6251330, 6280159, 28829
25134, 6251340, 6280172, 28832
25135, 6251350, 6280186, 28836
25136, 6251360, 6280199, 28839
25138, 6251380, 6280212, 28832
25139, 6251390, 6280226, 28836
25140, 6251400, 6280239, 28839
25141, 6251410, 6280252, 28842
25142, 6251420, 6280266, 28846
25143, 6251430, 6280279, 28849
25144, 6251440, 6280293, 28853
25145, 6251450, 6280306, 28856
25146, 6251460, 6280319, 28859
25147, 6251470, 6280333, 28863
25148, 6251480, 6280346, 28866
25151, 6251510, 6280373, 28863
25152, 6251520, 6280386, 28866
25153, 6251530, 6280400, 28870
25154, 6251540, 6280413, 28873
25155, 6251550, 6280426, 28876
25156, 6251560, 6280440, 28880
25157, 6251570, 6280453, 28883
25158, 6251580, 6280466, 28886
25159, 6251590, 6280480, 28890
25161, 6251610, 6280493, 28883
25162, 6251620, 6280506, 28886
25163, 6251630, 6280520, 28890
25164, 6251640, 6280533, 28893
25165, 6251650, 6280546, 28896
25166, 6251660, 6280560, 28900
25167, 6251670, 6280573, 28903
25168, 6251680, 6280587, 28907
25169, 6251690, 6280600, 28910
25170, 6251700, 6280613, 28913
25171, 6251710, 6280627, 28917
25173, 6251730, 6280640, 28910
25174, 6251740, 6280653, 28913
25175, 6251750, 6280667, 28917
25176, 6251760, 6280680, 28920
25177, 6251770, 6280693, 28923
25178, 6251780, 6280707, 28927
25179, 6251790, 6280720, 28930
25180, 6251800, 6280734, 28934
25181, 6251810, 6280747, 28937
25182, 6251820, 6280760, 28940
25184, 6251840, 6280774, 28934
25185, 6251850, 6280787, 28937
25186, 6251860, 6280800, 28940
25187, 6251870, 6280814, 28944
25188, 6251880, 6280827, 28947
25189, 6251890, 6280840, 28950
25190, 6251900, 6280854, 28954
25191, 6251910, 6280867, 28957
25192, 6251920, 6280880, 28960
25193, 6251930, 6280894, 28964
25195, 6251950, 6280907, 28957
25196, 6251960, 6280921, 28961
25197, 6251970, 6280934, 28964
25198, 6251980, 6280947, 28967
25199, 6251990, 6280961, 28971
25602, 6256020, 6280987, 24967
25603, 6256030, 6281001, 24971
25604, 6256040, 6281014, 24974
25605, 6256050, 6281028, 24978
25606, 6256060, 6281041, 24981
25607, 6256070, 6281054, 24984
25608, 6256080, 6281068, 24988
25609, 6256090, 6281081, 24991
25610, 6256100, 6281094, 24994
25611, 6256110, 6281108, 24998
25613, 6256130, 6281121, 24991
25614, 6256140, 6281134, 24994
25615, 6256150, 6281148, 24998
25616, 6256160, 6281161, 25001
25617, 6256170, 6281174, 25004
25618, 6256180, 6281188, 25008
25619, 6256190, 6281201, 25011
25620, 6256200, 6281215, 25015
25621, 6256210, 6281228, 25018
25622, 6256220, 6281241, 25021
25624, 6256240, 6281255, 25015
25625, 6256250, 6281268, 25018
25626, 6256260, 6281281, 25021
25627, 6256270, 6281295, 25025
25628, 6256280, 6281308, 25028
25629, 6256290, 6281321, 25031
25630, 6256300, 6281335, 25035
25631, 6256310, 6281348, 25038
25632, 6256320, 6281362, 25042
25633, 6256330, 6281375, 25045
25634, 6256340, 6281388, 25048
25636, 6256360, 6281402, 25042
25637, 6256370, 6281415, 25045
25638, 6256380, 6281428, 25048
25639, 6256390, 6281442, 25052
25640, 6256400, 6281455, 25055
25641, 6256410, 6281468, 25058
25642, 6256420, 6281482, 25062
25643, 6256430, 6281495, 25065
25644, 6256440, 6281508, 25068
25645, 6256450, 6281522, 25072
25647, 6256470, 6281535, 25065
25648, 6256480, 6281549, 25069
25649, 6256490, 6281562, 25072
25651, 6256510, 6281589, 25079
25652, 6256520, 6281602, 25082
25653, 6256530, 6281615, 25085
25654, 6256540, 6281629, 25089
25655, 6256550, 6281642, 25092
25656, 6256560, 6281656, 25096
25657, 6256570, 6281669, 25099
25659, 6256590, 6281682, 25092
25660, 6256600, 6281696, 25096
25661, 6256610, 6281709, 25099
25662, 6256620, 6281722, 25102
25663, 6256630, 6281736, 25106
25664, 6256640, 6281749, 25109
25665, 6256650, 6281762, 25112
25666, 6256660, 6281776, 25116
25667, 6256670, 6281789, 25119
25668, 6256680, 6281802, 25122
25670, 6256700, 6281816, 25116
25671, 6256710, 6281829, 25119
25672, 6256720, 6281843, 25123
25673, 6256730, 6281856, 25126
25674, 6256740, 6281869, 25129
25675, 6256750, 6281883, 25133
25676, 6256760, 6281896, 25136
25677, 6256770, 6281909, 25139
25678, 6256780, 6281923, 25143
25679, 6256790, 6281936, 25146
25681, 6256810, 6281949, 25139
25682, 6256820, 6281963, 25143
25683, 6256830, 6281976, 25146
25684, 6256840, 6281990, 25150
25685, 6256850, 6282003, 25153
25686, 6256860, 6282016, 25156
25687, 6256870, 6282030, 25160
25688, 6256880, 6282043, 25163
25689, 6256890, 6282056, 25166
25690, 6256900, 6282070, 25170
25691, 6256910, 6282083, 25173
25693, 6256930, 6282096, 25166
25694, 6256940, 6282110, 25170
25695, 6256950, 6282123, 25173
25696, 6256960, 6282136, 25176
25697, 6256970, 6282150, 25180
25698, 6256980, 6282163, 25183
25699, 6256990, 6282177, 25187
25701, 6257010, 6282203, 25193
25702, 6257020, 6282217, 25197
25704, 6257040, 6282230, 25190
25705, 6257050, 6282243, 25193
25706, 6257060, 6282257, 25197
25707, 6257070, 6282270, 25200
25708, 6257080, 6282284, 25204
25709, 6257090, 6282297, 25207
25710, 6257100, 6282310, 25210
25711, 6257110, 6282324, 25214
25712, 6257120, 6282337, 25217
25713, 6257130, 6282350, 25220
25714, 6257140, 6282364, 25224
25716, 6257160, 6282377, 25217
25717, 6257170, 6282390, 25220
25718, 6257180, 6282404, 25224
25719, 6257190, 6282417, 25227
25720, 6257200, 6282430, 25230
25721, 6257210, 6286012, 28802
25722, 6257220, 6286025, 28805
25723, 6257230, 6286039, 28809
25724, 6257240, 6286052, 28812
25725, 6257250, 6286065, 28815
25727, 6257270, 6286079, 28809
25728, 6257280, 6286092, 28812
25729, 6257290, 6286106, 28816
25730, 6257300, 6286119, 28819
25731, 6257310, 6286132, 28822
25732, 6257320, 6286146, 28826
25733, 6257330, 6286159, 28829
25734, 6257340, 6286172, 28832
25735, 6257350, 6286186, 28836
25736, 6257360, 6286199, 28839
25738, 6257380, 6286212, 28832
25739, 6257390, 6286226, 28836
25740, 6257400, 6286239, 28839
25741, 6257410, 6286252, 28842
25742, 6257420, 6286266, 28846
25743, 6257430, 6286279, 28849
25744, 6257440, 6286293, 28853
25745, 6257450, 6286306, 28856
25746, 6257460, 6286319, 28859
25747, 6257470, 6286333, 28863
25748, 6257480, 6286346, 28866
25751, 6257510, 6286373, 28863
25752, 6257520, 6286386, 28866
25753, 6257530, 6286400, 28870
25754, 6257540, 6286413, 28873
25755, 6257550, 6286426, 28876
25756, 6257560, 6286440, 28880
25757, 6257570, 6286453, 28883
25758, 6257580, 6286466, 28886
25759, 6257590, 6286480, 28890
25761, 6257610, 6286493, 28883
25762, 6257620, 6286506, 28886
25763, 6257630, 6286520, 28890
25764, 6257640, 6286533, 28893
25765, 6257650, 6286546, 28896
25766, 6257660, 6286560, 28900
25767, 6257670, 6286573, 28903
25768, 6257680, 6286587, 28907
25769, 6257690, 6286600, 28910
25770, 6257700, 6286613, 28913
25771, 6257710, 6286627, 28917
25773, 6257730, 6286640, 28910
25774, 6257740, 6286653, 28913
25775, 6257750, 6286667, 28917
25776, 6257760, 6286680, 28920
25777, 6257770, 6286693, 28923
25778, 6257780, 6286707, 28927
25779, 6257790, 6286720, 28930
25780, 6257800, 6286734, 28934
25781, 6257810, 6286747, 28937
25782, 6257820, 6286760, 28940
25784, 6257840, 6286774, 28934
25785, 6257850, 6286787, 28937
25786, 6257860, 6286800, 28940
25787, 6257870, 6286814, 28944
25788, 6257880, 6286827, 28947
25789, 6257890, 6286840, 28950
25790, 6257900, 6286854, 28954
25791, 6257910, 6286867, 28957
25792, 6257920, 6286880, 28960
25793, 6257930, 6286894, 28964
25795, 6257950, 6286907, 28957
25796, 6257960, 6286921, 28961
25797, 6257970, 6286934, 28964
25798, 6257980, 6286947, 28967
25799, 6257990, 6286961, 28971
26202, 6262020, 6286987, 24967
26203, 6262030, 6287001, 24971
26204, 6262040, 6287014, 24974
26205, 6262050, 6287028, 24978
26206, 6262060, 6287041, 24981
26207, 6262070, 6287054, 24984
26208, 6262080, 6287068, 24988
26209, 6262090, 6287081, 24991
26210, 6262100, 6287094, 24994
26211, 6262110, 6287108, 24998
26213, 6262130, 6287121, 24991
26214, 6262140, 6287134, 24994
26215, 6262150, 6287148, 24998
26216, 6262160, 6287161, 25001
26217, 6262170, 6287174, 25004
26218, 6262180, 6287188, 25008
26219, 6262190, 6287201, 25011
26220, 6262200, 6287215, 25015
26221, 6262210, 6287228, 25018
26222, 6262220, 6287241, 25021
26224, 6262240, 6287255, 25015
26225, 6262250, 6287268, 25018
26226, 6262260, 6287281, 25021
26227, 6262270, 6287295, 25025
26228, 6262280, 6287308, 25028
26229, 6262290, 6287321, 25031
26230, 6262300, 6287335, 25035
26231, 6262310, 6287348, 25038
26232, 6262320, 6287362, 25042
26233, 6262330, 6287375, 25045
26234, 6262340, 6287388, 25048
26236, 6262360, 6287402, 25042
26237, 6262370, 6287415, 25045
26238, 6262380, 6287428, 25048
26239, 6262390, 6287442, 25052
26240, 6262400, 6287455, 25055
26241, 6262410, 6287468, 25058
26242, 6262420, 6287482, 25062
26243, 6262430, 6287495, 25065
26244, 6262440, 6287508, 25068
26245, 6262450, 6287522, 25072
26247, 6262470, 6287535, 25065
26248, 6262480, 6287549, 25069
26249, 6262490, 6287562, 25072
26251, 6262510, 6287589, 25079
26252, 6262520, 6287602, 25082
26253, 6262530, 6287615, 25085
26254, 6262540, 6287629, 25089
26255, 6262550, 6287642, 25092
26256, 6262560, 6287656, 25096
26257, 6262570, 6287669, 25099
26259, 6262590, 6287682, 25092
26260, 6262600, 6287696, 25096
26261, 6262610, 6287709, 25099
26262, 6262620, 6287722, 25102
26263, 6262630, 6287736, 25106
26264, 6262640, 6287749, 25109
26265, 6262650, 6287762, 25112
26266, 6262660, 6287776, 25116
26267, 6262670, 6287789, 25119
26268, 6262680, 6287802, 25122
26270, 6262700, 6287816, 25116
26271, 6262710, 6287829, 25119
26272, 6262720, 6287843, 25123
26273, 6262730, 6287856, 25126
26274, 6262740, 6287869, 25129
26275, 6262750, 6287883, 25133
26276, 6262760, 6287896, 25136
26277, 6262770, 6287909, 25139
26278, 6262780, 6287923, 25143
26279, 6262790, 6287936, 25146
26281, 6262810, 6287949, 25139
26282, 6262820, 6287963, 25143
26283, 6262830, 6287976, 25146
26284, 6262840, 6287990, 25150
26285, 6262850, 6288003, 25153
26286, 6262860, 6288016, 25156
26287, 6262870, 6288030, 25160
26288, 6262880, 6288043, 25163
26289, 6262890, 6288056, 25166
26290, 6262900, 6288070, 25170
26291, 6262910, 6288083, 25173
26293, 6262930, 6288096, 25166
26294, 6262940, 6288110, 25170
26295, 6262950, 6288123, 25173
26296, 6262960, 6288136, 25176
26297, 6262970, 6288150, 25180
26298, 6262980, 6288163, 25183
26299, 6262990, 6288177, 25187
26301, 6263010, 6288203, 25193
26302, 6263020, 6288217, 25197
26304, 6263040, 6288230, 25190
26305, 6263050, 6288243, 25193
26306, 6263060, 6288257, 25197
26307, 6263070, 6288270, 25200
26308, 6263080, 6288284, 25204
26309, 6263090, 6288297, 25207
26310, 6263100, 6288310, 25210
26311, 6263110, 6288324, 25214
26312, 6263120, 6288337, 25217
26313, 6263130, 6288350, 25220
26314, 6263140, 6288364, 25224
26316, 6263160, 6288377, 25217
26317, 6263170, 6288390, 25220
26318, 6263180, 6288404, 25224
26319, 6263190, 6288417, 25227
26320, 6263200, 6288430, 25230
26321, 6263210, 6292012, 28802
26322, 6263220, 6292025, 28805
26323, 6263230, 6292039, 28809
26324, 6263240, 6292052, 28812
26325, 6263250, 6292065, 28815
26327, 6263270, 6292079, 28809
26328, 6263280, 6292092, 28812
26329, 6263290, 6292106, 28816
26330, 6263300, 6292119, 28819
26331, 6263310, 6292132, 28822
26332, 6263320, 6292146, 28826
26333, 6263330, 6292159, 28829
26334, 6263340, 6292172, 28832
26335, 6263350, 6292186, 28836
26336, 6263360, 6292199, 28839
26338, 6263380, 6292212, 28832
26339, 6263390, 6292226, 28836
26340, 6263400, 6292239, 28839
26341, 6263410, 6292252, 28842
26342, 6263420, 6292266, 28846
26343, 6263430, 6292279, 28849
26344, 6263440, 6292293, 28853
26345, 6263450, 6292306, 28856
26346, 6263460, 6292319, 28859
26347, 6263470, 6292333, 28863
26348, 6263480, 6292346, 28866
26351, 6263510, 6292373, 28863
26352, 6263520, 6292386, 28866
26353, 6263530, 6292400, 28870
26354, 6263540, 6292413, 28873
26355, 6263550, 6292426, 28876
26356, 6263560, 6292440, 28880
26357, 6263570, 6292453, 28883
26358, 6263580, 6292466, 28886
26359, 6263590, 6292480, 28890
26361, 6263610, 6292493, 28883
26362, 6263620, 6292506, 28886
26363, 6263630, 6292520, 28890
26364, 6263640, 6292533, 28893
26365, 6263650, 6292546, 28896
26366, 6263660, 6292560, 28900
26367, 6263670, 6292573, 28903
26368, 6263680, 6292587, 28907
26369, 6263690, 6292600, 28910
26370, 6263700, 6292613, 28913
26371, 6263710, 6292627, 28917
26373, 6263730, 6292640, 28910
26374, 6263740, 6292653, 28913
26375, 6263750, 6292667, 28917
26376, 6263760, 6292680, 28920
26377, 6263770, 6292693, 28923
26378, 6263780, 6292707, 28927
26379, 6263790, 6292720, 28930
26380, 6263800, 6292734, 28934
26381, 6263810, 6292747, 28937
26382, 6263820, 6292760, 28940
26384, 6263840, 6292774, 28934
26385, 6263850, 6292787, 28937
26386, 6263860, 6292800, 28940
26387, 6263870, 6292814, 28944
26388, 6263880, 6292827, 28947
26389, 6263890, 6292840, 28950
26390, 6263900, 6292854, 28954
26391, 6263910, 6292867, 28957
26392, 6263920, 6292880, 28960
26393, 6263930, 6292894, 28964
26395, 6263950, 6292907, 28957
26396, 6263960, 6292921, 28961
26397, 6263970, 6292934, 28964
26398, 6263980, 6292947, 28967
26399, 6263990, 6292961, 28971
26802, 6268020, 6292987, 24967
26803, 6268030, 6293001, 24971
26804, 6268040, 6293014, 24974
26805, 6268050, 6293028, 24978
26806, 6268060, 6293041, 24981
26807, 6268070, 6293054, 24984
26808, 6268080, 6293068, 24988
26809, 6268090, 6293081, 24991
26810, 6268100, 6293094, 24994
26811, 6268110, 6293108, 24998
26813, 6268130, 6293121, 24991
26814, 6268140, 6293134, 24994
26815, 6268150, 6293148, 24998
26816, 6268160, 6293161, 25001
26817, 6268170, 6293174, 25004
26818, 6268180, 6293188, 25008
26819, 6268190, 6293201, 25011
26820, 6268200, 6293215, 25015
26821, 6268210, 6293228, 25018
26822, 6268220, 6293241, 25021
26824, 6268240, 6293255, 25015
26825, 6268250, 6293268, 25018
26826, 6268260, 6293281, 25021
26827, 6268270, 6293295, 25025
26828, 6268280, 6293308, 25028
26829, 6268290, 6293321, 25031
26830, 6268300, 6293335, 25035
26831, 6268310, 6293348, 25038
26832, 6268320, 6293362, 25042
26833, 6268330, 6293375, 25045
26834, 6268340, 6293388, 25048
26836, 6268360, 6293402, 25042
26837, 6268370, 6293415, 25045
26838, 6268380, 6293428, 25048
26839, 6268390, 6293442, 25052
26840, 6268400, 6293455, 25055
26841, 6268410, 6293468, 25058
26842, 6268420, 6293482, 25062
26843, 6268430, 6293495, 25065
26844, 6268440, 6293508, 25068
26845, 6268450, 6293522, 25072
26847, 6268470, 6293535, 25065
26848, 6268480, 6293549, 25069
26849, 6268490, 6293562, 25072
26851, 6268510, 6293589, 25079
26852, 6268520, 6293602, 25082
26853, 6268530, 6293615, 25085
26854, 6268540, 6293629, 25089
26855, 6268550, 6293642, 25092
26856, 6268560, 6293656, 25096
26857, 6268570, 6293669, 25099
26859, 6268590, 6293682, 25092
26860, 6268600, 6293696, 25096
26861, 6268610, 6293709, 25099
26862, 6268620, 6293722, 25102
26863, 6268630, 6293736, 25106
26864, 6268640, 6293749, 25109
26865, 6268650, 6293762, 25112
26866, 6268660, 6293776, 25116
26867, 6268670, 6293789, 25119
26868, 6268680, 6293802, 25122
26870, 6268700, 6293816, 25116
26871, 6268710, 6293829, 25119
26872, 6268720, 6293843, 25123
26873, 6268730, 6293856, 25126
26874, 6268740, 6293869, 25129
26875, 6268750, 6293883, 25133
26876, 6268760, 6293896, 25136
26877, 6268770, 6293909, 25139
26878, 6268780, 6293923, 25143
26879, 6268790, 6293936, 25146
26881, 6268810, 6293949, 25139
26882, 6268820, 6293963, 25143
26883, 6268830, 6293976, 25146
26884, 6268840, 6293990, 25150
26885, 6268850, 6294003, 25153
26886, 6268860, 6294016, 25156
26887, 6268870, 6294030, 25160
26888, 6268880, 6294043, 25163
26889, 6268890, 6294056, 25166
26890, 6268900, 6294070, 25170
26891, 6268910, 6294083, 25173
26893, 6268930, 6294096, 25166
26894, 6268940, 6294110, 25170
26895, 6268950, 6294123, 25173
26896, 6268960, 6294136, 25176
26897, 6268970, 6294150, 25180
26898, 6268980, 6294163, 25183
26899, 6268990, 6294177, 25187
26901, 6269010, 6294203, 25193
26902, 6269020, 6294217, 25197
26904, 6269040, 6294230, 25190
26905, 6269050, 6294243, 25193
26906, 6269060, 6294257, 25197
26907, 6269070, 6294270, 25200
26908, 6269080, 6294284, 25204
26909, 6269090, 6294297, 25207
26910, 6269100, 6294310, 25210
26911, 6269110, 6294324, 25214
26912, 6269120, 6294337, 25217
26913, 6269130, 6294350, 25220
26914, 6269140, 6294364, 25224
26916, 6269160, 6294377, 25217
26917, 6269170, 6294390, 25220
26918, 6269180, 6294404, 25224
26919, 6269190, 6294417, 25227
26920, 6269200, 6294430, 25230
26921, 6269210, 6298012, 28802
26922, 6269220, 6298025, 28805
26923, 6269230, 6298039, 28809
26924, 6269240, 6298052, 28812
26925, 6269250, 6298065, 28815
26927, 6269270, 6298079, 28809
26928, 6269280, 6298092, 28812
26929, 6269290, 6298106, 28816
26930, 6269300, 6298119, 28819
26931, 6269310, 6298132, 28822
26932, 6269320, 6298146, 28826
26933, 6269330, 6298159, 28829
26934, 6269340, 6298172, 28832
26935, 6269350, 6298186, 28836
26936, 6269360, 6298199, 28839
26938, 6269380, 6298212, 28832
26939, 6269390, 6298226, 28836
26940, 6269400, 6298239, 28839
26941, 6269410, 6298252, 28842
26942, 6269420, 6298266, 28846
26943, 6269430, 6298279, 28849
26944, 6269440, 6298293, 28853
26945, 6269450, 6298306, 28856
26946, 6269460, 6298319, 28859
26947, 6269470, 6298333, 28863
26948, 6269480, 6298346, 28866
26951, 6269510, 6298373, 28863
26952, 6269520, 6298386, 28866
26953, 6269530, 6298400, 28870
26954, 6269540, 6298413, 28873
26955, 6269550, 6298426, 28876
26956, 6269560, 6298440, 28880
26957, 6269570, 6298453, 28883
26958, 6269580, 6298466, 28886
26959, 6269590, 6298480, 28890
26961, 6269610, 6298493, 28883
26962, 6269620, 6298506, 28886
26963, 6269630, 6298520, 28890
26964, 6269640, 6298533, 28893
26965, 6269650, 6298546, 28896
26966, 6269660, 6298560, 28900
26967, 6269670, 6298573, 28903
26968, 6269680, 6298587, 28907
26969, 6269690, 6298600, 28910
26970, 6269700, 6298613, 28913
26971, 6269710, 6298627, 28917
26973, 6269730, 6298640, 28910
26974, 6269740, 6298653, 28913
26975, 6269750, 6298667, 28917
26976, 6269760, 6298680, 28920
26977, 6269770, 6298693, 28923
26978, 6269780, 6298707, 28927
26979, 6269790, 6298720, 28930
26980, 6269800, 6298734, 28934
26981, 6269810, 6298747, 28937
26982, 6269820, 6298760, 28940
26984, 6269840, 6298774, 28934
26985, 6269850, 6298787, 28937
26986, 6269860, 6298800, 28940
26987, 6269870, 6298814, 28944
26988, 6269880, 6298827, 28947
26989, 6269890, 6298840, 28950
26990, 6269900, 6298854, 28954
26991, 6269910, 6298867, 28957
26992, 6269920, 6298880, 28960
26993, 6269930, 6298894, 28964
26995, 6269950, 6298907, 28957
26996, 6269960, 6298921, 28961
26997, 6269970, 6298934, 28964
26998, 6269980, 6298947, 28967
26999, 6269990, 6298961, 28971
27402, 6274020, 6298987, 24967
27403, 6274030, 6299001, 24971
27404, 6274040, 6299014, 24974
27405, 6274050, 6299028, 24978
27406, 6274060, 6299041, 24981
27407, 6274070, 6299054, 24984
27408, 6274080, 6299068, 24988
27409, 6274090, 6299081, 24991
27410, 6274100, 6299094, 24994
27411, 6274110, 6299108, 24998
27413, 6274130, 6299121, 24991
27414, 6274140, 6299134, 24994
27415, 6274150, 6299148, 24998
27416, 6274160, 6299161, 25001
27417, 6274170, 6299174, 25004
27418, 6274180, 6299188, 25008
27419, 6274190, 6299201, 25011
27420, 6274200, 6299215, 25015
27421, 6274210, 6299228, 25018
27422, 6274220, 6299241, 25021
27424, 6274240, 6299255, 25015
27425, 6274250, 6299268, 25018
27426, 6274260, 6299281, 25021
27427, 6274270, 6299295, 25025
27428, 6274280, 6299308, 25028
27429, 6274290, 6299321, 25031
27430, 6274300, 6299335, 25035
27431, 6274310, 6299348, 25038
27432, 6274320, 6299362, 25042
27433, 6274330, 6299375, 25045
27434, 6274340, 6299388, 25048
27436, 6274360, 6299402, 25042
27437, 6274370, 6299415, 25045
27438, 6274380, 6299428, 25048
27439, 6274390, 6299442, 25052
27440, 6274400, 6299455, 25055
27441, 6274410, 6299468, 25058
27442, 6274420, 6299482, 25062
27443, 6274430, 6299495, 25065
27444, 6274440, 6299508, 25068
27445, 6274450, 6299522, 25072
27447, 6274470, 6299535, 25065
27448, 6274480, 6299549, 25069
27449, 6274490, 6299562, 25072
27451, 6274510, 6299589, 25079
27452, 6274520, 6299602, 25082
27453, 6274530, 6299615, 25085
27454, 6274540, 6299629, 25089
27455, 6274550, 6299642, 25092
27456, 6274560, 6299656, 25096
27457, 6274570, 6299669, 25099
27459, 6274590, 6299682, 25092
27460, 6274600, 6299696, 25096
27461, 6274610, 6299709, 25099
27462, 6274620, 6299722, 25102
27463, 6274630, 6299736, 25106
27464, 6274640, 6299749, 25109
27465, 6274650, 6299762, 25112
27466, 6274660, 6299776, 25116
27467, 6274670, 6299789, 25119
27468, 6274680, 6299802, 25122
27470, 6274700, 6299816, 25116
27471, 6274710, 6299829, 25119
27472, 6274720, 6299843, 25123
27473, 6274730, 6299856, 25126
27474, 6274740, 6299869, 25129
27475, 6274750, 6299883, 25133
27476, 6274760, 6299896, 25136
27477, 6274770, 6299909, 25139
27478, 6274780, 6299923, 25143
27479, 6274790, 6299936, 25146
27480, 6274800, 6299949, 25149
27482, 6274820, 6299963, 25143
27483, 6274830, 6299976, 25146
27484, 6274840, 6299990, 25150
27485, 6274850, 6300003, 25153
27486, 6274860, 6300016, 25156
27487, 6274870, 6300030, 25160
27488, 6274880, 6300043, 25163
27489, 6274890, 6300056, 25166
27490, 6274900, 6300070, 25170
27491, 6274910, 6300083, 25173
27493, 6274930, 6300096, 25166
27494, 6274940, 6300110, 25170
27495, 6274950, 6300123, 25173
27496, 6274960, 6300136, 25176
27497, 6274970, 6300150, 25180
27498, 6274980, 6300163, 25183
27499, 6274990, 6300177, 25187
27501, 6275010, 6300203, 25193
27502, 6275020, 6300217, 25197
27504, 6275040, 6300230, 25190
27505, 6275050, 6300243, 25193
27506, 6275060, 6300257, 25197
27507, 6275070, 6300270, 25200
27508, 6275080, 6300284, 25204
27509, 6275090, 6300297, 25207
27510, 6275100, 6300310, 25210
27511, 6275110, 6300324, 25214
27512, 6275120, 6300337, 25217
27513, 6275130, 6300350, 25220
27514, 6275140, 6300364, 25224
27516, 6275160, 6300377, 25217
27517, 6275170, 6300390, 25220
27518, 6275180, 6300404, 25224
27519, 6275190, 6300417, 25227
27520, 6275200, 6300430, 25230
27521, 6275210, 6304012, 28802
27522, 6275220, 6304025, 28805
27523, 6275230, 6304039, 28809
27524, 6275240, 6304052, 28812
27525, 6275250, 6304065, 28815
27527, 6275270, 6304079, 28809
27528, 6275280, 6304092, 28812
27529, 6275290, 6304106, 28816
27530, 6275300, 6304119, 28819
27531, 6275310, 6304132, 28822
27532, 6275320, 6304146, 28826
27533, 6275330, 6304159, 28829
27534, 6275340, 6304172, 28832
27535, 6275350, 6304186, 28836
27536, 6275360, 6304199, 28839
27537, 6275370, 6304212, 28842
27539, 6275390, 6304226, 28836
27540, 6275400, 6304239, 28839
27541, 6275410, 6304252, 28842
27542, 6275420, 6304266, 28846
27543, 6275430, 6304279, 28849
27544, 6275440, 6304293, 28853
27545, 6275450, 6304306, 28856
27546, 6275460, 6304319, 28859
27547, 6275470, 6304333, 28863
27548, 6275480, 6304346, 28866
27551, 6275510, 6304373, 28863
27552, 6275520, 6304386, 28866
27553, 6275530, 6304400, 28870
27554, 6275540, 6304413, 28873
27555, 6275550, 6304426, 28876
27556, 6275560, 6304440, 28880
27557, 6275570, 6304453, 28883
27558, 6275580, 6304466, 28886
27559, 6275590, 6304480, 28890
27561, 6275610, 6304493, 28883
27562, 6275620, 6304506, 28886
27563, 6275630, 6304520, 28890
27564, 6275640, 6304533, 28893
27565, 6275650, 6304546, 28896
27566, 6275660, 6304560, 28900
27567, 6275670, 6304573, 28903
27568, 6275680, 6304587, 28907
27569, 6275690, 6304600, 28910
27570, 6275700, 6304613, 28913
27571, 6275710, 6304627, 28917
27573, 6275730, 6304640, 28910
27574, 6275740, 6304653, 28913
27575, 6275750, 6304667, 28917
27576, 6275760, 6304680, 28920
27577, 6275770, 6304693, 28923
27578, 6275780, 6304707, 28927
27579, 6275790, 6304720, 28930
27580, 6275800, 6304734, 28934
27581, 6275810, 6304747, 28937
27582, 6275820, 6304760, 28940
27584, 6275840, 6304774, 28934
27585, 6275850, 6304787, 28937
27586, 6275860, 6304800, 28940
27587, 6275870, 6304814, 28944
27588, 6275880, 6304827, 28947
27589, 6275890, 6304840, 28950
27590, 6275900, 6304854, 28954
27591, 6275910, 6304867, 28957
27592, 6275920, 6304880, 28960
27593, 6275930, 6304894, 28964
27594, 6275940, 6304907, 28967
27596, 6275960, 6304921, 28961
27597, 6275970, 6304934, 28964
27598, 6275980, 6304947, 28967
27599, 6275990, 6304961, 28971
28002, 6280020, 6304987, 24967
28003, 6280030, 6305001, 24971
28004, 6280040, 6305014, 24974
28005, 6280050, 6305027, 24977
28006, 6280060, 6305041, 24981
28007, 6280070, 6305054, 24984
28008, 6280080, 6305067, 24987
28009, 6280090, 6305081, 24991
28010, 6280100, 6305094, 24994
28011, 6280110, 6305108, 24998
28013, 6280130, 6305121, 24991
28014, 6280140, 6305134, 24994
28015, 6280150, 6305148, 24998
28016, 6280160, 6305161, 25001
28017, 6280170, 6305174, 25004
28018, 6280180, 6305188, 25008
28019, 6280190, 6305201, 25011
28020, 6280200, 6305214, 25014
28021, 6280210, 6305228, 25018
28022, 6280220, 6305241, 25021
28024, 6280240, 6305254, 25014
28025, 6280250, 6305268, 25018
28026, 6280260, 6305281, 25021
28027, 6280270, 6305295, 25025
28028, 6280280, 6305308, 25028
28029, 6280290, 6305321, 25031
28030, 6280300, 6305335, 25035
28031, 6280310, 6305348, 25038
28032, 6280320, 6305361, 25041
28033, 6280330, 6305375, 25045
28034, 6280340, 6305388, 25048
28036, 6280360, 6305401, 25041
28037, 6280370, 6305415, 25045
28038, 6280380, 6305428, 25048
28039, 6280390, 6305442, 25052
28040, 6280400, 6305455, 25055
28041, 6280410, 6305468, 25058
28042, 6280420, 6305482, 25062
28043, 6280430, 6305495, 25065
28044, 6280440, 6305508, 25068
28045, 6280450, 6305522, 25072
28047, 6280470, 6305535, 25065
28048, 6280480, 6305548, 25068
28049, 6280490, 6305562, 25072
28051, 6280510, 6305589, 25079
28052, 6280520, 6305602, 25082
28053, 6280530, 6305615, 25085
28054, 6280540, 6305629, 25089
28055, 6280550, 6305642, 25092
28056, 6280560, 6305655, 25095
28057, 6280570, 6305669, 25099
28059, 6280590, 6305682, 25092
28060, 6280600, 6305695, 25095
28061, 6280610, 6305709, 25099
28062, 6280620, 6305722, 25102
28063, 6280630, 6305736, 25106
28064, 6280640, 6305749, 25109
28065, 6280650, 6305762, 25112
28066, 6280660, 6305776, 25116
28067, 6280670, 6305789, 25119
28068, 6280680, 6305802, 25122
28070, 6280700, 6305816, 25116
28071, 6280710, 6305829, 25119
28072, 6280720, 6305842, 25122
28073, 6280730, 6305856, 25126
28074, 6280740, 6305869, 25129
28075, 6280750, 6305882, 25132
28076, 6280760, 6305896, 25136
28077, 6280770, 6305909, 25139
28078, 6280780, 6305923, 25143
28079, 6280790, 6305936, 25146
28081, 6280810, 6305949, 25139
28082, 6280820, 6305963, 25143
28083, 6280830, 6305976, 25146
28084, 6280840, 6305989, 25149
28085, 6280850, 6306003, 25153
28086, 6280860, 6306016, 25156
28087, 6280870, 6306029, 25159
28088, 6280880, 6306043, 25163
28089, 6280890, 6306056, 25166
28090, 6280900, 6306070, 25170
28091, 6280910, 6306083, 25173
28093, 6280930, 6306096, 25166
28094, 6280940, 6306110, 25170
28095, 6280950, 6306123, 25173
28096, 6280960, 6306136, 25176
28097, 6280970, 6306150, 25180
28098, 6280980, 6306163, 25183
28099, 6280990, 6306176, 25186
28101, 6281010, 6306203, 25193
28102, 6281020, 6306217, 25197
28104, 6281040, 6306230, 25190
28105, 6281050, 6306243, 25193
28106, 6281060, 6306257, 25197
28107, 6281070, 6306270, 25200
28108, 6281080, 6306283, 25203
28109, 6281090, 6306297, 25207
28110, 6281100, 6306310, 25210
28111, 6281110, 6306323, 25213
28112, 6281120, 6306337, 25217
28113, 6281130, 6306350, 25220
28114, 6281140, 6306364, 25224
28116, 6281160, 6306377, 25217
28117, 6281170, 6306390, 25220
28118, 6281180, 6306404, 25224
28119, 6281190, 6306417, 25227
28120, 6281200, 6306430, 25230
28121, 6281210, 6310012, 28802
28122, 6281220, 6310025, 28805
28123, 6281230, 6310039, 28809
28124, 6281240, 6310052, 28812
28125, 6281250, 6310065, 28815
28127, 6281270, 6310079, 28809
28128, 6281280, 6310092, 28812
28129, 6281290, 6310106, 28816
28130, 6281300, 6310119, 28819
28131, 6281310, 6310132, 28822
28132, 6281320, 6310146, 28826
28133, 6281330, 6310159, 28829
28134, 6281340, 6310172, 28832
28135, 6281350, 6310186, 28836
28136, 6281360, 6310199, 28839
28138, 6281380, 6310212, 28832
28139, 6281390, 6310226, 28836
28140, 6281400, 6310239, 28839
28141, 6281410, 6310252, 28842
28142, 6281420, 6310266, 28846
28143, 6281430, 6310279, 28849
28144, 6281440, 6310293, 28853
28145, 6281450, 6310306, 28856
28146, 6281460, 6310319, 28859
28147, 6281470, 6310333, 28863
28148, 6281480, 6310346, 28866
28151, 6281510, 6310373, 28863
28152, 6281520, 6310386, 28866
28153, 6281530, 6310400, 28870
28154, 6281540, 6310413, 28873
28155, 6281550, 6310426, 28876
28156, 6281560, 6310440, 28880
28157, 6281570, 6310453, 28883
28158, 6281580, 6310466, 28886
28159, 6281590, 6310480, 28890
28161, 6281610, 6310493, 28883
28162, 6281620, 6310506, 28886
28163, 6281630, 6310520, 28890
28164, 6281640, 6310533, 28893
28165, 6281650, 6310546, 28896
28166, 6281660, 6310560, 28900
28167, 6281670, 6310573, 28903
28168, 6281680, 6310587, 28907
28169, 6281690, 6310600, 28910
28170, 6281700, 6310613, 28913
28171, 6281710, 6310627, 28917
28173, 6281730, 6310640, 28910
28174, 6281740, 6310653, 28913
28175, 6281750, 6310667, 28917
28176, 6281760, 6310680, 28920
28177, 6281770, 6310693, 28923
28178, 6281780, 6310707, 28927
28179, 6281790, 6310720, 28930
28180, 6281800, 6310734, 28934
28181, 6281810, 6310747, 28937
28182, 6281820, 6310760, 28940
28184, 6281840, 6310774, 28934
28185, 6281850, 6310787, 28937
28186, 6281860, 6310800, 28940
28187, 6281870, 6310814, 28944
28188, 6281880, 6310827, 28947
28189, 6281890, 6310840, 28950
28190, 6281900, 6310854, 28954
28191, 6281910, 6310867, 28957
28192, 6281920, 6310880, 28960
28193, 6281930, 6310894, 28964
28195, 6281950, 6310907, 28957
28196, 6281960, 6310921, 28961
28197, 6281970, 6310934, 28964
28198, 6281980, 6310947, 28967
28199, 6281990, 6310961, 28971
28602, 6286020, 6310987, 24967
28603, 6286030, 6311001, 24971
28604, 6286040, 6311014, 24974
28605, 6286050, 6311028, 24978
28606, 6286060, 6311041, 24981
28607, 6286070, 6311054, 24984
28608, 6286080, 6311068, 24988
28609, 6286090, 6311081, 24991
28610, 6286100, 6311094, 24994
28611, 6286110, 6311108, 24998
28613, 6286130, 6311121, 24991
28614, 6286140, 6311134, 24994
28615, 6286150, 6311148, 24998
28616, 6286160, 6311161, 25001
28617, 6286170, 6311174, 25004
28618, 6286180, 6311188, 25008
28619, 6286190, 6311201, 25011
28620, 6286200, 6311215, 25015
28621, 6286210, 6311228, 25018
28622, 6286220, 6311241, 25021
28624, 6286240, 6311255, 25015
28625, 6286250, 6311268, 25018
28626, 6286260, 6311281, 25021
28627, 6286270, 6311295, 25025
28628, 6286280, 6311308, 25028
28629, 6286290, 6311321, 25031
28630, 6286300, 6311335, 25035
28631, 6286310, 6311348, 25038
28632, 6286320, 6311362, 25042
28633, 6286330, 6311375, 25045
28634, 6286340, 6311388, 25048
28636, 6286360, 6311402, 25042
28637, 6286370, 6311415, 25045
28638, 6286380, 6311428, 25048
28639, 6286390, 6311442, 25052
28640, 6286400, 6311455, 25055
28641, 6286410, 6311468, 25058
28642, 6286420, 6311482, 25062
28643, 6286430, 6311495, 25065
28644, 6286440, 6311508, 25068
28645, 6286450, 6311522, 25072
28647, 6286470, 6311535, 25065
28648, 6286480, 6311549, 25069
28649, 6286490, 6311562, 25072
28651, 6286510, 6311589, 25079
28652, 6286520, 6311602, 25082
28653, 6286530, 6311615, 25085
28654, 6286540, 6311629, 25089
28655, 6286550, 6311642, 25092
28656, 6286560, 6311656, 25096
28657, 6286570, 6311669, 25099
28659, 6286590, 6311682, 25092
28660, 6286600, 6311696, 25096
28661, 6286610, 6311709, 25099
28662, 6286620, 6311722, 25102
28663, 6286630, 6311736, 25106
28664, 6286640, 6311749, 25109
28665, 6286650, 6311762, 25112
28666, 6286660, 6311776, 25116
28667, 6286670, 6311789, 25119
28668, 6286680, 6311802, 25122
28670, 6286700, 6311816, 25116
28671, 6286710, 6311829, 25119
28672, 6286720, 6311843, 25123
28673, 6286730, 6311856, 25126
28674, 6286740, 6311869, 25129
28675, 6286750, 6311883, 25133
28676, 6286760, 6311896, 25136
28677, 6286770, 6311909, 25139
28678, 6286780, 6311923, 25143
28679, 6286790, 6311936, 25146
28681, 6286810, 6311949, 25139
28682, 6286820, 6311963, 25143
28683, 6286830, 6311976, 25146
28684, 6286840, 6311990, 25150
28685, 6286850, 6312003, 25153
28686, 6286860, 6312016, 25156
28687, 6286870, 6312030, 25160
28688, 6286880, 6312043, 25163
28689, 6286890, 6312056, 25166
28690, 6286900, 6312070, 25170
28691, 6286910, 6312083, 25173
28693, 6286930, 6312096, 25166
28694, 6286940, 6312110, 25170
28695, 6286950, 6312123, 25173
28696, 6286960, 6312136, 25176
28697, 6286970, 6312150, 25180
28698, 6286980, 6312163, 25183
28699, 6286990, 6312177, 25187
28701, 6287010, 6312203, 25193
28702, 6287020, 6312217, 25197
28704, 6287040, 6312230, 25190
28705, 6287050, 6312243, 25193
28706, 6287060, 6312257, 25197
28707, 6287070, 6312270, 25200
28708, 6287080, 6312284, 25204
28709, 6287090, 6312297, 25207
28710, 6287100, 6312310, 25210
28711, 6287110, 6312324, 25214
28712, 6287120, 6312337, 25217
28713, 6287130, 6312350, 25220
28714, 6287140, 6312364, 25224
28716, 6287160, 6312377, 25217
28717, 6287170, 6312390, 25220
28718, 6287180, 6312404, 25224
28719, 6287190, 6312417, 25227
28720, 6287200, 6312430, 25230
28721, 6287210, 6316012, 28802
28722, 6287220, 6316025, 28805
28723, 6287230, 6316039, 28809
28724, 6287240, 6316052, 28812
28725, 6287250, 6316065, 28815
28727, 6287270, 6316079, 28809
28728, 6287280, 6316092, 28812
28729, 6287290, 6316106, 28816
28730, 6287300, 6316119, 28819
28731, 6287310, 6316132, 28822
28732, 6287320, 6316146, 28826
28733, 6287330, 6316159, 28829
28734, 6287340, 6316172, 28832
28735, 6287350, 6316186, 28836
28736, 6287360, 6316199, 28839
28738, 6287380, 6316212, 28832
28739, 6287390, 6316226, 28836
28740, 6287400, 6316239, 28839
28741, 6287410, 6316252, 28842
28742, 6287420, 6316266, 28846
28743, 6287430, 6316279, 28849
28744, 6287440, 6316293, 28853
28745, 6287450, 6316306, 28856
28746, 6287460, 6316319, 28859
28747, 6287470, 6316333, 28863
28748, 6287480, 6316346, 28866
28751, 6287510, 6316373, 28863
28752, 6287520, 6316386, 28866
28753, 6287530, 6316400, 28870
28754, 6287540, 6316413, 28873
28755, 6287550, 6316426, 28876
28756, 6287560, 6316440, 28880
28757, 6287570, 6316453, 28883
28758, 6287580, 6316466, 28886
28759, 6287590, 6316480, 28890
28761, 6287610, 6316493, 28883
28762, 6287620, 6316506, 28886
28763, 6287630, 6316520, 28890
28764, 6287640, 6316533, 28893
28765, 6287650, 6316546, 28896
28766, 6287660, 6316560, 28900
28767, 6287670, 6316573, 28903
28768, 6287680, 6316587, 28907
28769, 6287690, 6316600, 28910
28770, 6287700, 6316613, 28913
28771, 6287710, 6316627, 28917
28773, 6287730, 6316640, 28910
28774, 6287740, 6316653, 28913
28775, 6287750, 6316667, 28917
28776, 6287760, 6316680, 28920
28777, 6287770, 6316693, 28923
28778, 6287780, 6316707, 28927
28779, 6287790, 6316720, 28930
28780, 6287800, 6316734, 28934
28781, 6287810, 6316747, 28937
28782, 6287820, 6316760, 28940
28784, 6287840, 6316774, 28934
28785, 6287850, 6316787, 28937
28786, 6287860, 6316800, 28940
28787, 6287870, 6316814, 28944
28788, 6287880, 6316827, 28947
28789, 6287890, 6316840, 28950
28790, 6287900, 6316854, 28954
28791, 6287910, 6316867, 28957
28792, 6287920, 6316880, 28960
28793, 6287930, 6316894, 28964
28795, 6287950, 6316907, 28957
28796, 6287960, 6316921, 28961
28797, 6287970, 6316934, 28964
28798, 6287980, 6316947, 28967
28799, 6287990, 6316961, 28971
29202, 6292020, 6316987, 24967
29203, 6292030, 6317001, 24971
29204, 6292040, 6317014, 24974
29205, 6292050, 6317028, 24978
29206, 6292060, 6317041, 24981
29207, 6292070, 6317054, 24984
29208, 6292080, 6317068, 24988
29209, 6292090, 6317081, 24991
29210, 6292100, 6317094, 24994
29211, 6292110, 6317108, 24998
29213, 6292130, 6317121, 24991
29214, 6292140, 6317134, 24994
29215, 6292150, 6317148, 24998
29216, 6292160, 6317161, 25001
29217, 6292170, 6317174, 25004
29218, 6292180, 6317188, 25008
29219, 6292190, 6317201, 25011
29220, 6292200, 6317215, 25015
29221, 6292210, 6317228, 25018
29222, 6292220, 6317241, 25021
29224, 6292240, 6317255, 25015
29225, 6292250, 6317268, 25018
29226, 6292260, 6317281, 25021
29227, 6292270, 6317295, 25025
29228, 6292280, 6317308, 25028
29229, 6292290, 6317321, 25031
29230, 6292300, 6317335, 25035
29231, 6292310, 6317348, 25038
29232, 6292320, 6317362, 25042
29233, 6292330, 6317375, 25045
29234, 6292340, 6317388, 25048
29236, 6292360, 6317402, 25042
29237, 6292370, 6317415, 25045
29238, 6292380, 6317428, 25048
29239, 6292390, 6317442, 25052
29240, 6292400, 6317455, 25055
29241, 6292410, 6317468, 25058
29242, 6292420, 6317482, 25062
29243, 6292430, 6317495, 25065
29244, 6292440, 6317508, 25068
29245, 6292450, 6317522, 25072
29247, 6292470, 6317535, 25065
29248, 6292480, 6317549, 25069
29249, 6292490, 6317562, 25072
29251, 6292510, 6317589, 25079
29252, 6292520, 6317602, 25082
29253, 6292530, 6317615, 25085
29254, 6292540, 6317629, 25089
29255, 6292550, 6317642, 25092
29256, 6292560, 6317656, 25096
29257, 6292570, 6317669, 25099
29259, 6292590, 6317682, 25092
29260, 6292600, 6317696, 25096
29261, 6292610, 6317709, 25099
29262, 6292620, 6317722, 25102
29263, 6292630, 6317736, 25106
29264, 6292640, 6317749, 25109
29265, 6292650, 6317762, 25112
29266, 6292660, 6317776, 25116
29267, 6292670, 6317789, 25119
29268, 6292680, 6317802, 25122
29270, 6292700, 6317816, 25116
29271, 6292710, 6317829, 25119
29272, 6292720, 6317843, 25123
29273, 6292730, 6317856, 25126
29274, 6292740, 6317869, 25129
29275, 6292750, 6317883, 25133
29276, 6292760, 6317896, 25136
29277, 6292770, 6317909, 25139
29278, 6292780, 6317923, 25143
29279, 6292790, 6317936, 25146
29281, 6292810, 6317949, 25139
29282, 6292820, 6317963, 25143
29283, 6292830, 6317976, 25146
29284, 6292840, 6317990, 25150
29285, 6292850, 6318003, 25153
29286, 6292860, 6318016, 25156
29287, 6292870, 6318030, 25160
29288, 6292880, 6318043, 25163
29289, 6292890, 6318056, 25166
29290, 6292900, 6318070, 25170
29291, 6292910, 6318083, 25173
29293, 6292930, 6318096, 25166
29294, 6292940, 6318110, 25170
29295, 6292950, 6318123, 25173
29296, 6292960, 6318136, 25176
29297, 6292970, 6318150, 25180
29298, 6292980, 6318163, 25183
29299, 6292990, 6318177, 25187
29301, 6293010, 6318203, 25193
29302, 6293020, 6318217, 25197
29304, 6293040, 6318230, 25190
29305, 6293050, 6318243, 25193
29306, 6293060, 6318257, 25197
29307, 6293070, 6318270, 25200
29308, 6293080, 6318284, 25204
29309, 6293090, 6318297, 25207
29310, 6293100, 6318310, 25210
29311, 6293110, 6318324, 25214
29312, 6293120, 6318337, 25217
29313, 6293130, 6318350, 25220
29314, 6293140, 6318364, 25224
29316, 6293160, 6318377, 25217
29317, 6293170, 6318390, 25220
29318, 6293180, 6318404, 25224
29319, 6293190, 6318417, 25227
29320, 6293200, 6318430, 25230
29321, 6293210, 6322012, 28802
29322, 6293220, 6322025, 28805
29323, 6293230, 6322039, 28809
29324, 6293240, 6322052, 28812
29325, 6293250, 6322065, 28815
29327, 6293270, 6322079, 28809
29328, 6293280, 6322092, 28812
29329, 6293290, 6322106, 28816
29330, 6293300, 6322119, 28819
29331, 6293310, 6322132, 28822
29332, 6293320, 6322146, 28826
29333, 6293330, 6322159, 28829
29334, 6293340, 6322172, 28832
29335, 6293350, 6322186, 28836
29336, 6293360, 6322199, 28839
29338, 6293380, 6322212, 28832
29339, 6293390, 6322226, 28836
29340, 6293400, 6322239, 28839
29341, 6293410, 6322252, 28842
29342, 6293420, 6322266, 28846
29343, 6293430, 6322279, 28849
29344, 6293440, 6322293, 28853
29345, 6293450, 6322306, 28856
29346, 6293460, 6322319, 28859
29347, 6293470, 6322333, 28863
29348, 6293480, 6322346, 28866
29351, 6293510, 6322373, 28863
29352, 6293520, 6322386, 28866
29353, 6293530, 6322400, 28870
29354, 6293540, 6322413, 28873
29355, 6293550, 6322426, 28876
29356, 6293560, 6322440, 28880
29357, 6293570, 6322453, 28883
29358, 6293580, 6322466, 28886
29359, 6293590, 6322480, 28890
29361, 6293610, 6322493, 28883
29362, 6293620, 6322506, 28886
29363, 6293630, 6322520, 28890
29364, 6293640, 6322533, 28893
29365, 6293650, 6322546, 28896
29366, 6293660, 6322560, 28900
29367, 6293670, 6322573, 28903
29368, 6293680, 6322587, 28907
29369, 6293690, 6322600, 28910
29370, 6293700, 6322613, 28913
29371, 6293710, 6322627, 28917
29373, 6293730, 6322640, 28910
29374, 6293740, 6322653, 28913
29375, 6293750, 6322667, 28917
29376, 6293760, 6322680, 28920
29377, 6293770, 6322693, 28923
29378, 6293780, 6322707, 28927
29379, 6293790, 6322720, 28930
29380, 6293800, 6322734, 28934
29381, 6293810, 6322747, 28937
29382, 6293820, 6322760, 28940
29384, 6293840, 6322774, 28934
29385, 6293850, 6322787, 28937
29386, 6293860, 6322800, 28940
29387, 6293870, 6322814, 28944
29388, 6293880, 6322827, 28947
29389, 6293890, 6322840, 28950
29390, 6293900, 6322854, 28954
29391, 6293910, 6322867, 28957
29392, 6293920, 6322880, 28960
29393, 6293930, 6322894, 28964
29395, 6293950, 6322907, 28957
29396, 6293960, 6322921, 28961
29397, 6293970, 6322934, 28964
29398, 6293980, 6322947, 28967
29399, 6293990, 6322961, 28971
29802, 6298020, 6322987, 24967
29803, 6298030, 6323001, 24971
29804, 6298040, 6323014, 24974
29805, 6298050, 6323028, 24978
29806, 6298060, 6323041, 24981
29807, 6298070, 6323054, 24984
29808, 6298080, 6323068, 24988
29809, 6298090, 6323081, 24991
29810, 6298100, 6323094, 24994
29811, 6298110, 6323108, 24998
29813, 6298130, 6323121, 24991
29814, 6298140, 6323134, 24994
29815, 6298150, 6323148, 24998
29816, 6298160, 6323161, 25001
29817, 6298170, 6323174, 25004
29818, 6298180, 6323188, 25008
29819, 6298190, 6323201, 25011
29820, 6298200, 6323215, 25015
29821, 6298210, 6323228, 25018
29822, 6298220, 6323241, 25021
29824, 6298240, 6323255, 25015
29825, 6298250, 6323268, 25018
29826, 6298260, 6323281, 25021
29827, 6298270, 6323295, 25025
29828, 6298280, 6323308, 25028
29829, 6298290, 6323321, 25031
29830, 6298300, 6323335, 25035
29831, 6298310, 6323348, 25038
29832, 6298320, 6323362, 25042
29833, 6298330, 6323375, 25045
29834, 6298340, 6323388, 25048
29836, 6298360, 6323402, 25042
29837, 6298370, 6323415, 25045
29838, 6298380, 6323428, 25048
29839, 6298390, 6323442, 25052
29840, 6298400, 6323455, 25055
29841, 6298410, 6323468, 25058
29842, 6298420, 6323482, 25062
29843, 6298430, 6323495, 25065
29844, 6298440, 6323508, 25068
29845, 6298450, 6323522, 25072
29847, 6298470, 6323535, 25065
29848, 6298480, 6323549, 25069
29849, 6298490, 6323562, 25072
29851, 6298510, 6323589, 25079
29852, 6298520, 6323602, 25082
29853, 6298530, 6323615, 25085
29854, 6298540, 6323629, 25089
29855, 6298550, 6323642, 25092
29856, 6298560, 6323656, 25096
29857, 6298570, 6323669, 25099
29859, 6298590, 6323682, 25092
29860, 6298600, 6323696, 25096
29861, 6298610, 6323709, 25099
29862, 6298620, 6323722, 25102
29863, 6298630, 6323736, 25106
29864, 6298640, 6323749, 25109
29865, 6298650, 6323762, 25112
29866, 6298660, 6323776, 25116
29867, 6298670, 6323789, 25119
29868, 6298680, 6323802, 25122
29870, 6298700, 6323816, 25116
29871, 6298710, 6323829, 25119
29872, 6298720, 6323843, 25123
29873, 6298730, 6323856, 25126
29874, 6298740, 6323869, 25129
29875, 6298750, 6323883, 25133
29876, 6298760, 6323896, 25136
29877, 6298770, 6323909, 25139
29878, 6298780, 6323923, 25143
29879, 6298790, 6323936, 25146
29881, 6298810, 6323949, 25139
29882, 6298820, 6323963, 25143
29883, 6298830, 6323976, 25146
29884, 6298840, 6323990, 25150
29885, 6298850, 6324003, 25153
29886, 6298860, 6324016, 25156
29887, 6298870, 6324030, 25160
29888, 6298880, 6324043, 25163
29889, 6298890, 6324056, 25166
29890, 6298900, 6324070, 25170
29891, 6298910, 6324083, 25173
29893, 6298930, 6324096, 25166
29894, 6298940, 6324110, 25170
29895, 6298950, 6324123, 25173
29896, 6298960, 6324136, 25176
29897, 6298970, 6324150, 25180
29898, 6298980, 6324163, 25183
29899, 6298990, 6324177, 25187
29901, 6299010, 6324203, 25193
29902, 6299020, 6324217, 25197
29904, 6299040, 6324230, 25190
29905, 6299050, 6324243, 25193
29906, 6299060, 6324257, 25197
29907, 6299070, 6324270, 25200
29908, 6299080, 6324284, 25204
29909, 6299090, 6324297, 25207
29910, 6299100, 6324310, 25210
29911, 6299110, 6324324, 25214
29912, 6299120, 6324337, 25217
29913, 6299130, 6324350, 25220
29914, 6299140, 6324364, 25224
29916, 6299160, 6324377, 25217
29917, 6299170, 6324390, 25220
29918, 6299180, 6324404, 25224
29919, 6299190, 6324417, 25227
29920, 6299200, 6324430, 25230
29921, 6299210, 6328012, 28802
29922, 6299220, 6328025, 28805
29923, 6299230, 6328039, 28809
29924, 6299240, 6328052, 28812
29925, 6299250, 6328065, 28815
29927, 6299270, 6328079, 28809
29928, 6299280, 6328092, 28812
29929, 6299290, 6328106, 28816
29930, 6299300, 6328119, 28819
29931, 6299310, 6328132, 28822
29932, 6299320, 6328146, 28826
29933, 6299330, 6328159, 28829
29934, 6299340, 6328172, 28832
29935, 6299350, 6328186, 28836
29936, 6299360, 6328199, 28839
29938, 6299380, 6328212, 28832
29939, 6299390, 6328226, 28836
29940, 6299400, 6328239, 28839
29941, 6299410, 6328252, 28842
29942, 6299420, 6328266, 28846
29943, 6299430, 6328279, 28849
29944, 6299440, 6328293, 28853
29945, 6299450, 6328306, 28856
29946, 6299460, 6328319, 28859
29947, 6299470, 6328333, 28863
29948, 6299480, 6328346, 28866
29951, 6299510, 6328373, 28863
29952, 6299520, 6328386, 28866
29953, 6299530, 6328400, 28870
29954, 6299540, 6328413, 28873
29955, 6299550, 6328426, 28876
29956, 6299560, 6328440, 28880
29957, 6299570, 6328453, 28883
29958, 6299580, 6328466, 28886
29959, 6299590, 6328480, 28890
29961, 6299610, 6328493, 28883
29962, 6299620, 6328506, 28886
29963, 6299630, 6328520, 28890
29964, 6299640, 6328533, 28893
29965, 6299650, 6328546, 28896
29966, 6299660, 6328560, 28900
29967, 6299670, 6328573, 28903
29968, 6299680, 6328587, 28907
29969, 6299690, 6328600, 28910
29970, 6299700, 6328613, 28913
29971, 6299710, 6328627, 28917
29973, 6299730, 6328640, 28910
29974, 6299740, 6328653, 28913
29975, 6299750, 6328667, 28917
29976, 6299760, 6328680, 28920
29977, 6299770, 6328693, 28923
29978, 6299780, 6328707, 28927
29979, 6299790, 6328720, 28930
29980, 6299800, 6328734, 28934
29981, 6299810, 6328747, 28937
29982, 6299820, 6328760, 28940
29984, 6299840, 6328774, 28934
29985, 6299850, 6328787, 28937
29986, 6299860, 6328800, 28940
29987, 6299870, 6328814, 28944
29988, 6299880, 6328827, 28947
29989, 6299890, 6328840, 28950
29990, 6299900, 6328854, 28954
29991, 6299910, 6328867, 28957
29992, 6299920, 6328880, 28960
29993, 6299930, 6328894, 28964
29995, 6299950, 6328907, 28957
29996, 6299960, 6328921, 28961
29997, 6299970, 6328934, 28964
29998, 6299980, 6328947, 28967
29999, 6299990, 6328961, 28971
30402, 6304020, 6328987, 24967
30403, 6304030, 6329001, 24971
30404, 6304040, 6329014, 24974
30405, 6304050, 6329028, 24978
30406, 6304060, 6329041, 24981
30407, 6304070, 6329054, 24984
30408, 6304080, 6329068, 24988
30409, 6304090, 6329081, 24991
30410, 6304100, 6329094, 24994
30411, 6304110, 6329108, 24998
30413, 6304130, 6329121, 24991
30414, 6304140, 6329134, 24994
30415, 6304150, 6329148, 24998
30416, 6304160, 6329161, 25001
30417, 6304170, 6329174, 25004
30418, 6304180, 6329188, 25008
30419, 6304190, 6329201, 25011
30420, 6304200, 6329215, 25015
30421, 6304210, 6329228, 25018
30422, 6304220, 6329241, 25021
30424, 6304240, 6329255, 25015
30425, 6304250, 6329268, 25018
30426, 6304260, 6329281, 25021
30427, 6304270, 6329295, 25025
30428, 6304280, 6329308, 25028
30429, 6304290, 6329321, 25031
30430, 6304300, 6329335, 25035
30431, 6304310, 6329348, 25038
30432, 6304320, 6329362, 25042
30433, 6304330, 6329375, 25045
30434, 6304340, 6329388, 25048
30436, 6304360, 6329402, 25042
30437, 6304370, 6329415, 25045
30438, 6304380, 6329428, 25048
30439, 6304390, 6329442, 25052
30440, 6304400, 6329455, 25055
30441, 6304410, 6329468, 25058
30442, 6304420, 6329482, 25062
30443, 6304430, 6329495, 25065
30444, 6304440, 6329508, 25068
30445, 6304450, 6329522, 25072
30447, 6304470, 6329535, 25065
30448, 6304480, 6329549, 25069
30449, 6304490, 6329562, 25072
30451, 6304510, 6329589, 25079
30452, 6304520, 6329602, 25082
30453, 6304530, 6329615, 25085
30454, 6304540, 6329629, 25089
30455, 6304550, 6329642, 25092
30456, 6304560, 6329656, 25096
30457, 6304570, 6329669, 25099
30459, 6304590, 6329682, 25092
30460, 6304600, 6329696, 25096
30461, 6304610, 6329709, 25099
30462, 6304620, 6329722, 25102
30463, 6304630, 6329736, 25106
30464, 6304640, 6329749, 25109
30465, 6304650, 6329762, 25112
30466, 6304660, 6329776, 25116
30467, 6304670, 6329789, 25119
30468, 6304680, 6329802, 25122
30470, 6304700, 6329816, 25116
30471, 6304710, 6329829, 25119
30472, 6304720, 6329843, 25123
30473, 6304730, 6329856, 25126
30474, 6304740, 6329869, 25129
30475, 6304750, 6329883, 25133
30476, 6304760, 6329896, 25136
30477, 6304770, 6329909, 25139
30478, 6304780, 6329923, 25143
30479, 6304790, 6329936, 25146
30480, 6304800, 6329949, 25149
30482, 6304820, 6329963, 25143
30483, 6304830, 6329976, 25146
30484, 6304840, 6329990, 25150
30485, 6304850, 6330003, 25153
30486, 6304860, 6330016, 25156
30487, 6304870, 6330030, 25160
30488, 6304880, 6330043, 25163
30489, 6304890, 6330056, 25166
30490, 6304900, 6330070, 25170
30491, 6304910, 6330083, 25173
30493, 6304930, 6330096, 25166
30494, 6304940, 6330110, 25170
30495, 6304950, 6330123, 25173
30496, 6304960, 6330136, 25176
30497, 6304970, 6330150, 25180
30498, 6304980, 6330163, 25183
30499, 6304990, 6330177, 25187
30501, 6305010, 6330203, 25193
30502, 6305020, 6330217, 25197
30504, 6305040, 6330230, 25190
30505, 6305050, 6330243, 25193
30506, 6305060, 6330257, 25197
30507, 6305070, 6330270, 25200
30508, 6305080, 6330284, 25204
30509, 6305090, 6330297, 25207
30510, 6305100, 6330310, 25210
30511, 6305110, 6330324, 25214
30512, 6305120, 6330337, 25217
30513, 6305130, 6330350, 25220
30514, 6305140, 6330364, 25224
30516, 6305160, 6330377, 25217
30517, 6305170, 6330390, 25220
30518, 6305180, 6330404, 25224
30519, 6305190, 6330417, 25227
30520, 6305200, 6330430, 25230
30521, 6305210, 6334012, 28802
30522, 6305220, 6334025, 28805
30523, 6305230, 6334039, 28809
30524, 6305240, 6334052, 28812
30525, 6305250, 6334065, 28815
30527, 6305270, 6334079, 28809
30528, 6305280, 6334092, 28812
30529, 6305290, 6334106, 28816
30530, 6305300, 6334119, 28819
30531, 6305310, 6334132, 28822
30532, 6305320, 6334146, 28826
30533, 6305330, 6334159, 28829
30534, 6305340, 6334172, 28832
30535, 6305350, 6334186, 28836
30536, 6305360, 6334199, 28839
30537, 6305370, 6334212, 28842
30539, 6305390, 6334226, 28836
30540, 6305400, 6334239, 28839
30541, 6305410, 6334252, 28842
30542, 6305420, 6334266, 28846
30543, 6305430, 6334279, 28849
30544, 6305440, 6334293, 28853
30545, 6305450, 6334306, 28856
30546, 6305460, 6334319, 28859
30547, 6305470, 6334333, 28863
30548, 6305480, 6334346, 28866
30551, 6305510, 6334373, 28863
30552, 6305520, 6334386, 28866
30553, 6305530, 6334400, 28870
30554, 6305540, 6334413, 28873
30555, 6305550, 6334426, 28876
30556, 6305560, 6334440, 28880
30557, 6305570, 6334453, 28883
30558, 6305580, 6334466, 28886
30559, 6305590, 6334480, 28890
30561, 6305610, 6334493, 28883
30562, 6305620, 6334506, 28886
30563, 6305630, 6334520, 28890
30564, 6305640, 6334533, 28893
30565, 6305650, 6334546, 28896
30566, 6305660, 6334560, 28900
30567, 6305670, 6334573, 28903
30568, 6305680, 6334587, 28907
30569, 6305690, 6334600, 28910
30570, 6305700, 6334613, 28913
30571, 6305710, 6334627, 28917
30573, 6305730, 6334640, 28910
30574, 6305740, 6334653, 28913
30575, 6305750, 6334667, 28917
30576, 6305760, 6334680, 28920
30577, 6305770, 6334693, 28923
30578, 6305780, 6334707, 28927
30579, 6305790, 6334720, 28930
30580, 6305800, 6334734, 28934
30581, 6305810, 6334747, 28937
30582, 6305820, 6334760, 28940
30584, 6305840, 6334774, 28934
30585, 6305850, 6334787, 28937
30586, 6305860, 6334800, 28940
30587, 6305870, 6334814, 28944
30588, 6305880, 6334827, 28947
30589, 6305890, 6334840, 28950
30590, 6305900, 6334854, 28954
30591, 6305910, 6334867, 28957
30592, 6305920, 6334880, 28960
30593, 6305930, 6334894, 28964
30594, 6305940, 6334907, 28967
30596, 6305960, 6334921, 28961
30597, 6305970, 6334934, 28964
30598, 6305980, 6334947, 28967
30599, 6305990, 6334961, 28971
31002, 6310020, 6334987, 24967
31003, 6310030, 6335001, 24971
31004, 6310040, 6335014, 24974
31005, 6310050, 6335027, 24977
31006, 6310060, 6335041, 24981
31007, 6310070, 6335054, 24984
31008, 6310080, 6335067, 24987
31009, 6310090, 6335081, 24991
31010, 6310100, 6335094, 24994
31011, 6310110, 6335108, 24998
31013, 6310130, 6335121, 24991
31014, 6310140, 6335134, 24994
31015, 6310150, 6335148, 24998
31016, 6310160, 6335161, 25001
31017, 6310170, 6335174, 25004
31018, 6310180, 6335188, 25008
31019, 6310190, 6335201, 25011
31020, 6310200, 6335214, 25014
31021, 6310210, 6335228, 25018
31022, 6310220, 6335241, 25021
31024, 6310240, 6335254, 25014
31025, 6310250, 6335268, 25018
31026, 6310260, 6335281, 25021
31027, 6310270, 6335295, 25025
31028, 6310280, 6335308, 25028
31029, 6310290, 6335321, 25031
31030, 6310300, 6335335, 25035
31031, 6310310, 6335348, 25038
31032, 6310320, 6335361, 25041
31033, 6310330, 6335375, 25045
31034, 6310340, 6335388, 25048
31036, 6310360, 6335401, 25041
31037, 6310370, 6335415, 25045
31038, 6310380, 6335428, 25048
31039, 6310390, 6335442, 25052
31040, 6310400, 6335455, 25055
31041, 6310410, 6335468, 25058
31042, 6310420, 6335482, 25062
31043, 6310430, 6335495, 25065
31044, 6310440, 6335508, 25068
31045, 6310450, 6335522, 25072
31047, 6310470, 6335535, 25065
31048, 6310480, 6335548, 25068
31049, 6310490, 6335562, 25072
31051, 6310510, 6335589, 25079
31052, 6310520, 6335602, 25082
31053, 6310530, 6335615, 25085
31054, 6310540, 6335629, 25089
31055, 6310550, 6335642, 25092
31056, 6310560, 6335655, 25095
31057, 6310570, 6335669, 25099
31059, 6310590, 6335682, 25092
31060, 6310600, 6335695, 25095
31061, 6310610, 6335709, 25099
31062, 6310620, 6335722, 25102
31063, 6310630, 6335736, 25106
31064, 6310640, 6335749, 25109
31065, 6310650, 6335762, 25112
31066, 6310660, 6335776, 25116
31067, 6310670, 6335789, 25119
31068, 6310680, 6335802, 25122
31070, 6310700, 6335816, 25116
31071, 6310710, 6335829, 25119
31072, 6310720, 6335842, 25122
31073, 6310730, 6335856, 25126
31074, 6310740, 6335869, 25129
31075, 6310750, 6335882, 25132
31076, 6310760, 6335896, 25136
31077, 6310770, 6335909, 25139
31078, 6310780, 6335923, 25143
31079, 6310790, 6335936, 25146
31081, 6310810, 6335949, 25139
31082, 6310820, 6335963, 25143
31083, 6310830, 6335976, 25146
31084, 6310840, 6335989, 25149
31085, 6310850, 6336003, 25153
31086, 6310860, 6336016, 25156
31087, 6310870, 6336029, 25159
31088, 6310880, 6336043, 25163
31089, 6310890, 6336056, 25166
31090, 6310900, 6336070, 25170
31091, 6310910, 6336083, 25173
31093, 6310930, 6336096, 25166
31094, 6310940, 6336110, 25170
31095, 6310950, 6336123, 25173
31096, 6310960, 6336136, 25176
31097, 6310970, 6336150, 25180
31098, 6310980, 6336163, 25183
31099, 6310990, 6336176, 25186
31101, 6311010, 6336203, 25193
31102, 6311020, 6336217, 25197
31104, 6311040, 6336230, 25190
31105, 6311050, 6336243, 25193
31106, 6311060, 6336257, 25197
31107, 6311070, 6336270, 25200
31108, 6311080, 6336283, 25203
31109, 6311090, 6336297, 25207
31110, 6311100, 6336310, 25210
31111, 6311110, 6336323, 25213
31112, 6311120, 6336337, 25217
31113, 6311130, 6336350, 25220
31114, 6311140, 6336364, 25224
31116, 6311160, 6336377, 25217
31117, 6311170, 6336390, 25220
31118, 6311180, 6336404, 25224
31119, 6311190, 6336417, 25227
31120, 6311200, 6336430, 25230
31121, 6311210, 6340012, 28802
31122, 6311220, 6340025, 28805
31123, 6311230, 6340039, 28809
31124, 6311240, 6340052, 28812
31125, 6311250, 6340065, 28815
31127, 6311270, 6340079, 28809
31128, 6311280, 6340092, 28812
31129, 6311290, 6340106, 28816
31130, 6311300, 6340119, 28819
31131, 6311310, 6340132, 28822
31132, 6311320, 6340146, 28826
31133, 6311330, 6340159, 28829
31134, 6311340, 6340172, 28832
31135, 6311350, 6340186, 28836
31136, 6311360, 6340199, 28839
31138, 6311380, 6340212, 28832
31139, 6311390, 6340226, 28836
31140, 6311400, 6340239, 28839
31141, 6311410, 6340252, 28842
31142, 6311420, 6340266, 28846
31143, 6311430, 6340279, 28849
31144, 6311440, 6340293, 28853
31145, 6311450, 6340306, 28856
31146, 6311460, 6340319, 28859
31147, 6311470, 6340333, 28863
31148, 6311480, 6340346, 28866
31151, 6311510, 6340373, 28863
31152, 6311520, 6340386, 28866
31153, 6311530, 6340400, 28870
31154, 6311540, 6340413, 28873
31155, 6311550, 6340426, 28876
31156, 6311560, 6340440, 28880
31157, 6311570, 6340453, 28883
31158, 6311580, 6340466, 28886
31159, 6311590, 6340480, 28890
31161, 6311610, 6340493, 28883
31162, 6311620, 6340506, 28886
31163, 6311630, 6340520, 28890
31164, 6311640, 6340533, 28893
31165, 6311650, 6340546, 28896
31166, 6311660, 6340560, 28900
31167, 6311670, 6340573, 28903
31168, 6311680, 6340587, 28907
31169, 6311690, 6340600, 28910
31170, 6311700, 6340613, 28913
31171, 6311710, 6340627, 28917
31173, 6311730, 6340640, 28910
31174, 6311740, 6340653, 28913
31175, 6311750, 6340667, 28917
31176, 6311760, 6340680, 28920
31177, 6311770, 6340693, 28923
31178, 6311780, 6340707, 28927
31179, 6311790, 6340720, 28930
31180, 6311800, 6340734, 28934
31181, 6311810, 6340747, 28937
31182, 6311820, 6340760, 28940
31184, 6311840, 6340774, 28934
31185, 6311850, 6340787, 28937
31186, 6311860, 6340800, 28940
31187, 6311870, 6340814, 28944
31188, 6311880, 6340827, 28947
31189, 6311890, 6340840, 28950
31190, 6311900, 6340854, 28954
31191, 6311910, 6340867, 28957
31192, 6311920, 6340880, 28960
31193, 6311930, 6340894, 28964
31195, 6311950, 6340907, 28957
31196, 6311960, 6340921, 28961
31197, 6311970, 6340934, 28964
31198, 6311980, 6340947, 28967
31199, 6311990, 6340961, 28971
31602, 6316020, 6340987, 24967
31603, 6316030, 6341001, 24971
31604, 6316040, 6341014, 24974
31605, 6316050, 6341028, 24978
31606, 6316060, 6341041, 24981
31607, 6316070, 6341054, 24984
31608, 6316080, 6341068, 24988
31609, 6316090, 6341081, 24991
31610, 6316100, 6341094, 24994
31611, 6316110, 6341108, 24998
31613, 6316130, 6341121, 24991
31614, 6316140, 6341134, 24994
31615, 6316150, 6341148, 24998
31616, 6316160, 6341161, 25001
31617, 6316170, 6341174, 25004
31618, 6316180, 6341188, 25008
31619, 6316190, 6341201, 25011
31620, 6316200, 6341215, 25015
31621, 6316210, 6341228, 25018
31622, 6316220, 6341241, 25021
31624, 6316240, 6341255, 25015
31625, 6316250, 6341268, 25018
31626, 6316260, 6341281, 25021
31627, 6316270, 6341295, 25025
31628, 6316280, 6341308, 25028
31629, 6316290, 6341321, 25031
31630, 6316300, 6341335, 25035
31631, 6316310, 6341348, 25038
31632, 6316320, 6341362, 25042
31633, 6316330, 6341375, 25045
31634, 6316340, 6341388, 25048
31636, 6316360, 6341402, 25042
31637, 6316370, 6341415, 25045
31638, 6316380, 6341428, 25048
31639, 6316390, 6341442, 25052
31640, 6316400, 6341455, 25055
31641, 6316410, 6341468, 25058
31642, 6316420, 6341482, 25062
31643, 6316430, 6341495, 25065
31644, 6316440, 6341508, 25068
31645, 6316450, 6341522, 25072
31647, 6316470, 6341535, 25065
31648, 6316480, 6341549, 25069
31649, 6316490, 6341562, 25072
31651, 6316510, 6341589, 25079
31652, 6316520, 6341602, 25082
31653, 6316530, 6341615, 25085
31654, 6316540, 6341629, 25089
31655, 6316550, 6341642, 25092
31656, 6316560, 6341656, 25096
31657, 6316570, 6341669, 25099
31659, 6316590, 6341682, 25092
31660, 6316600, 6341696, 25096
31661, 6316610, 6341709, 25099
31662, 6316620, 6341722, 25102
31663, 6316630, 6341736, 25106
31664, 6316640, 6341749, 25109
31665, 6316650, 6341762, 25112
31666, 6316660, 6341776, 25116
31667, 6316670, 6341789, 25119
31668, 6316680, 6341802, 25122
31670, 6316700, 6341816, 25116
31671, 6316710, 6341829, 25119
31672, 6316720, 6341843, 25123
31673, 6316730, 6341856, 25126
31674, 6316740, 6341869, 25129
31675, 6316750, 6341883, 25133
31676, 6316760, 6341896, 25136
31677, 6316770, 6341909, 25139
31678, 6316780, 6341923, 25143
31679, 6316790, 6341936, 25146
31681, 6316810, 6341949, 25139
31682, 6316820, 6341963, 25143
31683, 6316830, 6341976, 25146
31684, 6316840, 6341990, 25150
31685, 6316850, 6342003, 25153
31686, 6316860, 6342016, 25156
31687, 6316870, 6342030, 25160
31688, 6316880, 6342043, 25163
31689, 6316890, 6342056, 25166
31690, 6316900, 6342070, 25170
31691, 6316910, 6342083, 25173
31693, 6316930, 6342096, 25166
31694, 6316940, 6342110, 25170
31695, 6316950, 6342123, 25173
31696, 6316960, 6342136, 25176
31697, 6316970, 6342150, 25180
31698, 6316980, 6342163, 25183
31699, 6316990, 6342177, 25187
31701, 6317010, 6342203, 25193
31702, 6317020, 6342217, 25197
31704, 6317040, 6342230, 25190
31705, 6317050, 6342243, 25193
31706, 6317060, 6342257, 25197
31707, 6317070, 6342270, 25200
31708, 6317080, 6342284, 25204
31709, 6317090, 6342297, 25207
31710, 6317100, 6342310, 25210
31711, 6317110, 6342324, 25214
31712, 6317120, 6342337, 25217
31713, 6317130, 6342350, 25220
31714, 6317140, 6342364, 25224
31716, 6317160, 6342377, 25217
31717, 6317170, 6342390, 25220
31718, 6317180, 6342404, 25224
31719, 6317190, 6342417, 25227
31720, 6317200, 6342430, 25230
31721, 6317210, 6346012, 28802
31722, 6317220, 6346025, 28805
31723, 6317230, 6346039, 28809
31724, 6317240, 6346052, 28812
31725, 6317250, 6346065, 28815
31727, 6317270, 6346079, 28809
31728, 6317280, 6346092, 28812
31729, 6317290, 6346106, 28816
31730, 6317300, 6346119, 28819
31731, 6317310, 6346132, 28822
31732, 6317320, 6346146, 28826
31733, 6317330, 6346159, 28829
31734, 6317340, 6346172, 28832
31735, 6317350, 6346186, 28836
31736, 6317360, 6346199, 28839
31738, 6317380, 6346212, 28832
31739, 6317390, 6346226, 28836
31740, 6317400, 6346239, 28839
31741, 6317410, 6346252, 28842
31742, 6317420, 6346266, 28846
31743, 6317430, 6346279, 28849
31744, 6317440, 6346293, 28853
31745, 6317450, 6346306, 28856
31746, 6317460, 6346319, 28859
31747, 6317470, 6346333, 28863
31748, 6317480, 6346346, 28866
31751, 6317510, 6346373, 28863
31752, 6317520, 6346386, 28866
31753, 6317530, 6346400, 28870
31754, 6317540, 6346413, 28873
31755, 6317550, 6346426, 28876
31756, 6317560, 6346440, 28880
31757, 6317570, 6346453, 28883
31758, 6317580, 6346466, 28886
31759, 6317590, 6346480, 28890
31761, 6317610, 6346493, 28883
31762, 6317620, 6346506, 28886
31763, 6317630, 6346520, 28890
31764, 6317640, 6346533, 28893
31765, 6317650, 6346546, 28896
31766, 6317660, 6346560, 28900
31767, 6317670, 6346573, 28903
31768, 6317680, 6346587, 28907
31769, 6317690, 6346600, 28910
31770, 6317700, 6346613, 28913
31771, 6317710, 6346627, 28917
31773, 6317730, 6346640, 28910
31774, 6317740, 6346653, 28913
31775, 6317750, 6346667, 28917
31776, 6317760, 6346680, 28920
31777, 6317770, 6346693, 28923
31778, 6317780, 6346707, 28927
31779, 6317790, 6346720, 28930
31780, 6317800, 6346734, 28934
31781, 6317810, 6346747, 28937
31782, 6317820, 6346760, 28940
31784, 6317840, 6346774, 28934
31785, 6317850, 6346787, 28937
31786, 6317860, 6346800, 28940
31787, 6317870, 6346814, 28944
31788, 6317880, 6346827, 28947
31789, 6317890, 6346840, 28950
31790, 6317900, 6346854, 28954
31791, 6317910, 6346867, 28957
31792, 6317920, 6346880, 28960
31793, 6317930, 6346894, 28964
31795, 6317950, 6346907, 28957
31796, 6317960, 6346921, 28961
31797, 6317970, 6346934, 28964
31798, 6317980, 6346947, 28967
31799, 6317990, 6346961, 28971
32202, 6322020, 6346987, 24967
32203, 6322030, 6347001, 24971
32204, 6322040, 6347014, 24974
32205, 6322050, 6347028, 24978
32206, 6322060, 6347041, 24981
32207, 6322070, 6347054, 24984
32208, 6322080, 6347068, 24988
32209, 6322090, 6347081, 24991
32210, 6322100, 6347094, 24994
32211, 6322110, 6347108, 24998
32213, 6322130, 6347121, 24991
32214, 6322140, 6347134, 24994
32215, 6322150, 6347148, 24998
32216, 6322160, 6347161, 25001
32217, 6322170, 6347174, 25004
32218, 6322180, 6347188, 25008
32219, 6322190, 6347201, 25011
32220, 6322200, 6347215, 25015
32221, 6322210, 6347228, 25018
32222, 6322220, 6347241, 25021
32224, 6322240, 6347255, 25015
32225, 6322250, 6347268, 25018
32226, 6322260, 6347281, 25021
32227, 6322270, 6347295, 25025
32228, 6322280, 6347308, 25028
32229, 6322290, 6347321, 25031
32230, 6322300, 6347335, 25035
32231, 6322310, 6347348, 25038
32232, 6322320, 6347362, 25042
32233, 6322330, 6347375, 25045
32234, 6322340, 6347388, 25048
32236, 6322360, 6347402, 25042
32237, 6322370, 6347415, 25045
32238, 6322380, 6347428, 25048
32239, 6322390, 6347442, 25052
32240, 6322400, 6347455, 25055
32241, 6322410, 6347468, 25058
32242, 6322420, 6347482, 25062
32243, 6322430, 6347495, 25065
32244, 6322440, 6347508, 25068
32245, 6322450, 6347522, 25072
32247, 6322470, 6347535, 25065
32248, 6322480, 6347549, 25069
32249, 6322490, 6347562, 25072
32251, 6322510, 6347589, 25079
32252, 6322520, 6347602, 25082
32253, 6322530, 6347615, 25085
32254, 6322540, 6347629, 25089
32255, 6322550, 6347642, 25092
32256, 6322560, 6347656, 25096
32257, 6322570, 6347669, 25099
32259, 6322590, 6347682, 25092
32260, 6322600, 6347696, 25096
32261, 6322610, 6347709, 25099
32262, 6322620, 6347722, 25102
32263, 6322630, 6347736, 25106
32264, 6322640, 6347749, 25109
32265, 6322650, 6347762, 25112
32266, 6322660, 6347776, 25116
32267, 6322670, 6347789, 25119
32268, 6322680, 6347802, 25122
32270, 6322700, 6347816, 25116
32271, 6322710, 6347829, 25119
32272, 6322720, 6347843, 25123
32273, 6322730, 6347856, 25126
32274, 6322740, 6347869, 25129
32275, 6322750, 6347883, 25133
32276, 6322760, 6347896, 25136
32277, 6322770, 6347909, 25139
32278, 6322780, 6347923, 25143
32279, 6322790, 6347936, 25146
32281, 6322810, 6347949, 25139
32282, 6322820, 6347963, 25143
32283, 6322830, 6347976, 25146
32284, 6322840, 6347990, 25150
32285, 6322850, 6348003, 25153
32286, 6322860, 6348016, 25156
32287, 6322870, 6348030, 25160
32288, 6322880, 6348043, 25163
32289, 6322890, 6348056, 25166
32290, 6322900, 6348070, 25170
32291, 6322910, 6348083, 25173
32293, 6322930, 6348096, 25166
32294, 6322940, 6348110, 25170
32295, 6322950, 6348123, 25173
32296, 6322960, 6348136, 25176
32297, 6322970, 6348150, 25180
32298, 6322980, 6348163, 25183
32299, 6322990, 6348177, 25187
32301, 6323010, 6348203, 25193
32302, 6323020, 6348217, 25197
32304, 6323040, 6348230, 25190
32305, 6323050, 6348243, 25193
32306, 6323060, 6348257, 25197
32307, 6323070, 6348270, 25200
32308, 6323080, 6348284, 25204
32309, 6323090, 6348297, 25207
32310, 6323100, 6348310, 25210
32311, 6323110, 6348324, 25214
32312, 6323120, 6348337, 25217
32313, 6323130, 6348350, 25220
32314, 6323140, 6348364, 25224
32316, 6323160, 6348377, 25217
32317, 6323170, 6348390, 25220
32318, 6323180, 6348404, 25224
32319, 6323190, 6348417, 25227
32320, 6323200, 6348430, 25230
32321, 6323210, 6352012, 28802
32322, 6323220, 6352025, 28805
32323, 6323230, 6352039, 28809
32324, 6323240, 6352052, 28812
32325, 6323250, 6352065, 28815
32327, 6323270, 6352079, 28809
32328, 6323280, 6352092, 28812
32329, 6323290, 6352106, 28816
32330, 6323300, 6352119, 28819
32331, 6323310, 6352132, 28822
32332, 6323320, 6352146, 28826
32333, 6323330, 6352159, 28829
32334, 6323340, 6352172, 28832
32335, 6323350, 6352186, 28836
32336, 6323360, 6352199, 28839
32338, 6323380, 6352212, 28832
32339, 6323390, 6352226, 28836
32340, 6323400, 6352239, 28839
32341, 6323410, 6352252, 28842
32342, 6323420, 6352266, 28846
32343, 6323430, 6352279, 28849
32344, 6323440, 6352293, 28853
32345, 6323450, 6352306, 28856
32346, 6323460, 6352319, 28859
32347, 6323470, 6352333, 28863
32348, 6323480, 6352346, 28866
32351, 6323510, 6352373, 28863
32352, 6323520, 6352386, 28866
32353, 6323530, 6352400, 28870
32354, 6323540, 6352413, 28873
32355, 6323550, 6352426, 28876
32356, 6323560, 6352440, 28880
32357, 6323570, 6352453, 28883
32358, 6323580, 6352466, 28886
32359, 6323590, 6352480, 28890
32361, 6323610, 6352493, 28883
32362, 6323620, 6352506, 28886
32363, 6323630, 6352520, 28890
32364, 6323640, 6352533, 28893
32365, 6323650, 6352546, 28896
32366, 6323660, 6352560, 28900
32367, 6323670, 6352573, 28903
32368, 6323680, 6352587, 28907
32369, 6323690, 6352600, 28910
32370, 6323700, 6352613, 28913
32371, 6323710, 6352627, 28917
32373, 6323730, 6352640, 28910
32374, 6323740, 6352653, 28913
32375, 6323750, 6352667, 28917
32376, 6323760, 6352680, 28920
32377, 6323770, 6352693, 28923
32378, 6323780, 6352707, 28927
32379, 6323790, 6352720, 28930
32380, 6323800, 6352734, 28934
32381, 6323810, 6352747, 28937
32382, 6323820, 6352760, 28940
32384, 6323840, 6352774, 28934
32385, 6323850, 6352787, 28937
32386, 6323860, 6352800, 28940
32387, 6323870, 6352814, 28944
32388, 6323880, 6352827, 28947
32389, 6323890, 6352840, 28950
32390, 6323900, 6352854, 28954
32391, 6323910, 6352867, 28957
32392, 6323920, 6352880, 28960
32393, 6323930, 6352894, 28964
32395, 6323950, 6352907, 28957
32396, 6323960, 6352921, 28961
32397, 6323970, 6352934, 28964
32398, 6323980, 6352947, 28967
32399, 6323990, 6352961, 28971
32802, 6328020, 6352987, 24967
32803, 6328030, 6353001, 24971
32804, 6328040, 6353014, 24974
32805, 6328050, 6353028, 24978
32806, 6328060, 6353041, 24981
32807, 6328070, 6353054, 24984
32808, 6328080, 6353068, 24988
32809, 6328090, 6353081, 24991
32810, 6328100, 6353094, 24994
32811, 6328110, 6353108, 24998
32813, 6328130, 6353121, 24991
32814, 6328140, 6353134, 24994
32815, 6328150, 6353148, 24998
32816, 6328160, 6353161, 25001
32817, 6328170, 6353174, 25004
32818, 6328180, 6353188, 25008
32819, 6328190, 6353201, 25011
32820, 6328200, 6353215, 25015
32821, 6328210, 6353228, 25018
32822, 6328220, 6353241, 25021
32824, 6328240, 6353255, 25015
32825, 6328250, 6353268, 25018
32826, 6328260, 6353281, 25021
32827, 6328270, 6353295, 25025
32828, 6328280, 6353308, 25028
32829, 6328290, 6353321, 25031
32830, 6328300, 6353335, 25035
32831, 6328310, 6353348, 25038
32832, 6328320, 6353362, 25042
32833, 6328330, 6353375, 25045
32834, 6328340, 6353388, 25048
32836, 6328360, 6353402, 25042
32837, 6328370, 6353415, 25045
32838, 6328380, 6353428, 25048
32839, 6328390, 6353442, 25052
32840, 6328400, 6353455, 25055
32841, 6328410, 6353468, 25058
32842, 6328420, 6353482, 25062
32843, 6328430, 6353495, 25065
32844, 6328440, 6353508, 25068
32845, 6328450, 6353522, 25072
32847, 6328470, 6353535, 25065
32848, 6328480, 6353549, 25069
32849, 6328490, 6353562, 25072
32851, 6328510, 6353589, 25079
32852, 6328520, 6353602, 25082
32853, 6328530, 6353615, 25085
32854, 6328540, 6353629, 25089
32855, 6328550, 6353642, 25092
32856, 6328560, 6353656, 25096
32857, 6328570, 6353669, 25099
32859, 6328590, 6353682, 25092
32860, 6328600, 6353696, 25096
32861, 6328610, 6353709, 25099
32862, 6328620, 6353722, 25102
32863, 6328630, 6353736, 25106
32864, 6328640, 6353749, 25109
32865, 6328650, 6353762, 25112
32866, 6328660, 6353776, 25116
32867, 6328670, 6353789, 25119
32868, 6328680, 6353802, 25122
32870, 6328700, 6353816, 25116
32871, 6328710, 6353829, 25119
32872, 6328720, 6353843, 25123
32873, 6328730, 6353856, 25126
32874, 6328740, 6353869, 25129
32875, 6328750, 6353883, 25133
32876, 6328760, 6353896, 25136
32877, 6328770, 6353909, 25139
32878, 6328780, 6353923, 25143
32879, 6328790, 6353936, 25146
32881, 6328810, 6353949, 25139
32882, 6328820, 6353963, 25143
32883, 6328830, 6353976, 25146
32884, 6328840, 6353990, 25150
32885, 6328850, 6354003, 25153
32886, 6328860, 6354016, 25156
32887, 6328870, 6354030, 25160
32888, 6328880, 6354043, 25163
32889, 6328890, 6354056, 25166
32890, 6328900, 6354070, 25170
32891, 6328910, 6354083, 25173
32893, 6328930, 6354096, 25166
32894, 6328940, 6354110, 25170
32895, 6328950, 6354123, 25173
32896, 6328960, 6354136, 25176
32897, 6328970, 6354150, 25180
32898, 6328980, 6354163, 25183
32899, 6328990, 6354177, 25187
32901, 6329010, 6354203, 25193
32902, 6329020, 6354217, 25197
32904, 6329040, 6354230, 25190
32905, 6329050, 6354243, 25193
32906, 6329060, 6354257, 25197
32907, 6329070, 6354270, 25200
32908, 6329080, 6354284, 25204
32909, 6329090, 6354297, 25207
32910, 6329100, 6354310, 25210
32911, 6329110, 6354324, 25214
32912, 6329120, 6354337, 25217
32913, 6329130, 6354350, 25220
32914, 6329140, 6354364, 25224
32916, 6329160, 6354377, 25217
32917, 6329170, 6354390, 25220
32918, 6329180, 6354404, 25224
32919, 6329190, 6354417, 25227
32920, 6329200, 6354430, 25230
32921, 6329210, 6358012, 28802
32922, 6329220, 6358025, 28805
32923, 6329230, 6358039, 28809
32924, 6329240, 6358052, 28812
32925, 6329250, 6358065, 28815
32927, 6329270, 6358079, 28809
32928, 6329280, 6358092, 28812
32929, 6329290, 6358106, 28816
32930, 6329300, 6358119, 28819
32931, 6329310, 6358132, 28822
32932, 6329320, 6358146, 28826
32933, 6329330, 6358159, 28829
32934, 6329340, 6358172, 28832
32935, 6329350, 6358186, 28836
32936, 6329360, 6358199, 28839
32938, 6329380, 6358212, 28832
32939, 6329390, 6358226, 28836
32940, 6329400, 6358239, 28839
32941, 6329410, 6358252, 28842
32942, 6329420, 6358266, 28846
32943, 6329430, 6358279, 28849
32944, 6329440, 6358293, 28853
32945, 6329450, 6358306, 28856
32946, 6329460, 6358319, 28859
32947, 6329470, 6358333, 28863
32948, 6329480, 6358346, 28866
32951, 6329510, 6358373, 28863
32952, 6329520, 6358386, 28866
32953, 6329530, 6358400, 28870
32954, 6329540, 6358413, 28873
32955, 6329550, 6358426, 28876
32956, 6329560, 6358440, 28880
32957, 6329570, 6358453, 28883
32958, 6329580, 6358466, 28886
32959, 6329590, 6358480, 28890
32961, 6329610, 6358493, 28883
32962, 6329620, 6358506, 28886
32963, 6329630, 6358520, 28890
32964, 6329640, 6358533, 28893
32965, 6329650, 6358546, 28896
32966, 6329660, 6358560, 28900
32967, 6329670, 6358573, 28903
32968, 6329680, 6358587, 28907
32969, 6329690, 6358600, 28910
32970, 6329700, 6358613, 28913
32971, 6329710, 6358627, 28917
32973, 6329730, 6358640, 28910
32974, 6329740, 6358653, 28913
32975, 6329750, 6358667, 28917
32976, 6329760, 6358680, 28920
32977, 6329770, 6358693, 28923
32978, 6329780, 6358707, 28927
32979, 6329790, 6358720, 28930
32980, 6329800, 6358734, 28934
32981, 6329810, 6358747, 28937
32982, 6329820, 6358760, 28940
32984, 6329840, 6358774, 28934
32985, 6329850, 6358787, 28937
32986, 6329860, 6358800, 28940
32987, 6329870, 6358814, 28944
32988, 6329880, 6358827, 28947
32989, 6329890, 6358840, 28950
32990, 6329900, 6358854, 28954
32991, 6329910, 6358867, 28957
32992, 6329920, 6358880, 28960
32993, 6329930, 6358894, 28964
32995, 6329950, 6358907, 28957
32996, 6329960, 6358921, 28961
32997, 6329970, 6358934, 28964
32998, 6329980, 6358947, 28967
32999, 6329990, 6358961, 28971
33402, 6334020, 6358987, 24967
33403, 6334030, 6359001, 24971
33404, 6334040, 6359014, 24974
33405, 6334050, 6359028, 24978
33406, 6334060, 6359041, 24981
33407, 6334070, 6359054, 24984
33408, 6334080, 6359068, 24988
33409, 6334090, 6359081, 24991
33410, 6334100, 6359094, 24994
33411, 6334110, 6359108, 24998
33413, 6334130, 6359121, 24991
33414, 6334140, 6359134, 24994
33415, 6334150, 6359148, 24998
33416, 6334160, 6359161, 25001
33417, 6334170, 6359174, 25004
33418, 6334180, 6359188, 25008
33419, 6334190, 6359201, 25011
33420, 6334200, 6359215, 25015
33421, 6334210, 6359228, 25018
33422, 6334220, 6359241, 25021
33424, 6334240, 6359255, 25015
33425, 6334250, 6359268, 25018
33426, 6334260, 6359281, 25021
33427, 6334270, 6359295, 25025
33428, 6334280, 6359308, 25028
33429, 6334290, 6359321, 25031
33430, 6334300, 6359335, 25035
33431, 6334310, 6359348, 25038
33432, 6334320, 6359362, 25042
33433, 6334330, 6359375, 25045
33434, 6334340, 6359388, 25048
33436, 6334360, 6359402, 25042
33437, 6334370, 6359415, 25045
33438, 6334380, 6359428, 25048
33439, 6334390, 6359442, 25052
33440, 6334400, 6359455, 25055
33441, 6334410, 6359468, 25058
33442, 6334420, 6359482, 25062
33443, 6334430, 6359495, 25065
33444, 6334440, 6359508, 25068
33445, 6334450, 6359522, 25072
33447, 6334470, 6359535, 25065
33448, 6334480, 6359549, 25069
33449, 6334490, 6359562, 25072
33451, 6334510, 6359589, 25079
33452, 6334520, 6359602, 25082
33453, 6334530, 6359615, 25085
33454, 6334540, 6359629, 25089
33455, 6334550, 6359642, 25092
33456, 6334560, 6359656, 25096
33457, 6334570, 6359669, 25099
33459, 6334590, 6359682, 25092
33460, 6334600, 6359696, 25096
33461, 6334610, 6359709, 25099
33462, 6334620, 6359722, 25102
33463, 6334630, 6359736, 25106
33464, 6334640, 6359749, 25109
33465, 6334650, 6359762, 25112
33466, 6334660, 6359776, 25116
33467, 6334670, 6359789, 25119
33468, 6334680, 6359802, 25122
33470, 6334700, 6359816, 25116
33471, 6334710, 6359829, 25119
33472, 6334720, 6359843, 25123
33473, 6334730, 6359856, 25126
33474, 6334740, 6359869, 25129
33475, 6334750, 6359883, 25133
33476, 6334760, 6359896, 25136
33477, 6334770, 6359909, 25139
33478, 6334780, 6359923, 25143
33479, 6334790, 6359936, 25146
33480, 6334800, 6359949, 25149
33482, 6334820, 6359963, 25143
33483, 6334830, 6359976, 25146
33484, 6334840, 6359990, 25150
33485, 6334850, 6360003, 25153
33486, 6334860, 6360016, 25156
33487, 6334870, 6360030, 25160
33488, 6334880, 6360043, 25163
33489, 6334890, 6360056, 25166
33490, 6334900, 6360070, 25170
33491, 6334910, 6360083, 25173
33493, 6334930, 6360096, 25166
33494, 6334940, 6360110, 25170
33495, 6334950, 6360123, 25173
33496, 6334960, 6360136, 25176
33497, 6334970, 6360150, 25180
33498, 6334980, 6360163, 25183
33499, 6334990, 6360177, 25187
33501, 6335010, 6360203, 25193
33502, 6335020, 6360217, 25197
33504, 6335040, 6360230, 25190
33505, 6335050, 6360243, 25193
33506, 6335060, 6360257, 25197
33507, 6335070, 6360270, 25200
33508, 6335080, 6360284, 25204
33509, 6335090, 6360297, 25207
33510, 6335100, 6360310, 25210
33511, 6335110, 6360324, 25214
33512, 6335120, 6360337, 25217
33513, 6335130, 6360350, 25220
33514, 6335140, 6360364, 25224
33516, 6335160, 6360377, 25217
33517, 6335170, 6360390, 25220
33518, 6335180, 6360404, 25224
33519, 6335190, 6360417, 25227
33520, 6335200, 6360430, 25230
33521, 6335210, 6364012, 28802
33522, 6335220, 6364025, 28805
33523, 6335230, 6364039, 28809
33524, 6335240, 6364052, 28812
33525, 6335250, 6364065, 28815
33527, 6335270, 6364079, 28809
33528, 6335280, 6364092, 28812
33529, 6335290, 6364106, 28816
33530, 6335300, 6364119, 28819
33531, 6335310, 6364132, 28822
33532, 6335320, 6364146, 28826
33533, 6335330, 6364159, 28829
33534, 6335340, 6364172, 28832
33535, 6335350, 6364186, 28836
33536, 6335360, 6364199, 28839
33537, 6335370, 6364212, 28842
33539, 6335390, 6364226, 28836
33540, 6335400, 6364239, 28839
33541, 6335410, 6364252, 28842
33542, 6335420, 6364266, 28846
33543, 6335430, 6364279, 28849
33544, 6335440, 6364293, 28853
33545, 6335450, 6364306, 28856
33546, 6335460, 6364319, 28859
33547, 6335470, 6364333, 28863
33548, 6335480, 6364346, 28866
33551, 6335510, 6364373, 28863
33552, 6335520, 6364386, 28866
33553, 6335530, 6364400, 28870
33554, 6335540, 6364413, 28873
33555, 6335550, 6364426, 28876
33556, 6335560, 6364440, 28880
33557, 6335570, 6364453, 28883
33558, 6335580, 6364466, 28886
33559, 6335590, 6364480, 28890
33561, 6335610, 6364493, 28883
33562, 6335620, 6364506, 28886
33563, 6335630, 6364520, 28890
33564, 6335640, 6364533, 28893
33565, 6335650, 6364546, 28896
33566, 6335660, 6364560, 28900
33567, 6335670, 6364573, 28903
33568, 6335680, 6364587, 28907
33569, 6335690, 6364600, 28910
33570, 6335700, 6364613, 28913
33571, 6335710, 6364627, 28917
33573, 6335730, 6364640, 28910
33574, 6335740, 6364653, 28913
33575, 6335750, 6364667, 28917
33576, 6335760, 6364680, 28920
33577, 6335770, 6364693, 28923
33578, 6335780, 6364707, 28927
33579, 6335790, 6364720, 28930
33580, 6335800, 6364734, 28934
33581, 6335810, 6364747, 28937
33582, 6335820, 6364760, 28940
33584, 6335840, 6364774, 28934
33585, 6335850, 6364787, 28937
33586, 6335860, 6364800, 28940
33587, 6335870, 6364814, 28944
33588, 6335880, 6364827, 28947
33589, 6335890, 6364840, 28950
33590, 6335900, 6364854, 28954
33591, 6335910, 6364867, 28957
33592, 6335920, 6364880, 28960
33593, 6335930, 6364894, 28964
33594, 6335940, 6364907, 28967
33596, 6335960, 6364921, 28961
33597, 6335970, 6364934, 28964
33598, 6335980, 6364947, 28967
33599, 6335990, 6364961, 28971
34002, 6340020, 6364987, 24967
34003, 6340030, 6365001, 24971
34004, 6340040, 6365014, 24974
34005, 6340050, 6365027, 24977
34006, 6340060, 6365041, 24981
34007, 6340070, 6365054, 24984
34008, 6340080, 6365067, 24987
34009, 6340090, 6365081, 24991
34010, 6340100, 6365094, 24994
34011, 6340110, 6365108, 24998
34013, 6340130, 6365121, 24991
34014, 6340140, 6365134, 24994
34015, 6340150, 6365148, 24998
34016, 6340160, 6365161, 25001
34017, 6340170, 6365174, 25004
34018, 6340180, 6365188, 25008
34019, 6340190, 6365201, 25011
34020, 6340200, 6365214, 25014
34021, 6340210, 6365228, 25018
34022, 6340220, 6365241, 25021
34024, 6340240, 6365254, 25014
34025, 6340250, 6365268, 25018
34026, 6340260, 6365281, 25021
34027, 6340270, 6365295, 25025
34028, 6340280, 6365308, 25028
34029, 6340290, 6365321, 25031
34030, 6340300, 6365335, 25035
34031, 6340310, 6365348, 25038
34032, 6340320, 6365361, 25041
34033, 6340330, 6365375, 25045
34034, 6340340, 6365388, 25048
34036, 6340360, 6365401, 25041
34037, 6340370, 6365415, 25045
34038, 6340380, 6365428, 25048
34039, 6340390, 6365442, 25052
34040, 6340400, 6365455, 25055
34041, 6340410, 6365468, 25058
34042, 6340420, 6365482, 25062
34043, 6340430, 6365495, 25065
34044, 6340440, 6365508, 25068
34045, 6340450, 6365522, 25072
34047, 6340470, 6365535, 25065
34048, 6340480, 6365548, 25068
34049, 6340490, 6365562, 25072
34051, 6340510, 6365589, 25079
34052, 6340520, 6365602, 25082
34053, 6340530, 6365615, 25085
34054, 6340540, 6365629, 25089
34055, 6340550, 6365642, 25092
34056, 6340560, 6365655, 25095
34057, 6340570, 6365669, 25099
34059, 6340590, 6365682, 25092
34060, 6340600, 6365695, 25095
34061, 6340610, 6365709, 25099
34062, 6340620, 6365722, 25102
34063, 6340630, 6365736, 25106
34064, 6340640, 6365749, 25109
34065, 6340650, 6365762, 25112
34066, 6340660, 6365776, 25116
34067, 6340670, 6365789, 25119
34068, 6340680, 6365802, 25122
34070, 6340700, 6365816, 25116
34071, 6340710, 6365829, 25119
34072, 6340720, 6365842, 25122
34073, 6340730, 6365856, 25126
34074, 6340740, 6365869, 25129
34075, 6340750, 6365882, 25132
34076, 6340760, 6365896, 25136
34077, 6340770, 6365909, 25139
34078, 6340780, 6365923, 25143
34079, 6340790, 6365936, 25146
34081, 6340810, 6365949, 25139
34082, 6340820, 6365963, 25143
34083, 6340830, 6365976, 25146
34084, 6340840, 6365989, 25149
34085, 6340850, 6366003, 25153
34086, 6340860, 6366016, 25156
34087, 6340870, 6366029, 25159
34088, 6340880, 6366043, 25163
34089, 6340890, 6366056, 25166
34090, 6340900, 6366070, 25170
34091, 6340910, 6366083, 25173
34093, 6340930, 6366096, 25166
34094, 6340940, 6366110, 25170
34095, 6340950, 6366123, 25173
34096, 6340960, 6366136, 25176
34097, 6340970, 6366150, 25180
34098, 6340980, 6366163, 25183
34099, 6340990, 6366176, 25186
34101, 6341010, 6366203, 25193
34102, 6341020, 6366217, 25197
34104, 6341040, 6366230, 25190
34105, 6341050, 6366243, 25193
34106, 6341060, 6366257, 25197
34107, 6341070, 6366270, 25200
34108, 6341080, 6366283, 25203
34109, 6341090, 6366297, 25207
34110, 6341100, 6366310, 25210
34111, 6341110, 6366323, 25213
34112, 6341120, 6366337, 25217
34113, 6341130, 6366350, 25220
34114, 6341140, 6366364, 25224
34116, 6341160, 6366377, 25217
34117, 6341170, 6366390, 25220
34118, 6341180, 6366404, 25224
34119, 6341190, 6366417, 25227
34120, 6341200, 6366430, 25230
34121, 6341210, 6370012, 28802
34122, 6341220, 6370025, 28805
34123, 6341230, 6370039, 28809
34124, 6341240, 6370052, 28812
34125, 6341250, 6370065, 28815
34127, 6341270, 6370079, 28809
34128, 6341280, 6370092, 28812
34129, 6341290, 6370106, 28816
34130, 6341300, 6370119, 28819
34131, 6341310, 6370132, 28822
34132, 6341320, 6370146, 28826
34133, 6341330, 6370159, 28829
34134, 6341340, 6370172, 28832
34135, 6341350, 6370186, 28836
34136, 6341360, 6370199, 28839
34138, 6341380, 6370212, 28832
34139, 6341390, 6370226, 28836
34140, 6341400, 6370239, 28839
34141, 6341410, 6370252, 28842
34142, 6341420, 6370266, 28846
34143, 6341430, 6370279, 28849
34144, 6341440, 6370293, 28853
34145, 6341450, 6370306, 28856
34146, 6341460, 6370319, 28859
34147, 6341470, 6370333, 28863
34148, 6341480, 6370346, 28866
34151, 6341510, 6370373, 28863
34152, 6341520, 6370386, 28866
34153, 6341530, 6370400, 28870
34154, 6341540, 6370413, 28873
34155, 6341550, 6370426, 28876
34156, 6341560, 6370440, 28880
34157, 6341570, 6370453, 28883
34158, 6341580, 6370466, 28886
34159, 6341590, 6370480, 28890
34161, 6341610, 6370493, 28883
34162, 6341620, 6370506, 28886
34163, 6341630, 6370520, 28890
34164, 6341640, 6370533, 28893
34165, 6341650, 6370546, 28896
34166, 6341660, 6370560, 28900
34167, 6341670, 6370573, 28903
34168, 6341680, 6370587, 28907
34169, 6341690, 6370600, 28910
34170, 6341700, 6370613, 28913
34171, 6341710, 6370627, 28917
34173, 6341730, 6370640, 28910
34174, 6341740, 6370653, 28913
34175, 6341750, 6370667, 28917
34176, 6341760, 6370680, 28920
34177, 6341770, 6370693, 28923
34178, 6341780, 6370707, 28927
34179, 6341790, 6370720, 28930
34180, 6341800, 6370734, 28934
34181, 6341810, 6370747, 28937
34182, 6341820, 6370760, 28940
34184, 6341840, 6370774, 28934
34185, 6341850, 6370787, 28937
34186, 6341860, 6370800, 28940
34187, 6341870, 6370814, 28944
34188, 6341880, 6370827, 28947
34189, 6341890, 6370840, 28950
34190, 6341900, 6370854, 28954
34191, 6341910, 6370867, 28957
34192, 6341920, 6370880, 28960
34193, 6341930, 6370894, 28964
34195, 6341950, 6370907, 28957
34196, 6341960, 6370921, 28961
34197, 6341970, 6370934, 28964
34198, 6341980, 6370947, 28967
34199, 6341990, 6370961, 28971
34602, 6346020, 6370987, 24967
34603, 6346030, 6371001, 24971
34604, 6346040, 6371014, 24974
34605, 6346050, 6371028, 24978
34606, 6346060, 6371041, 24981
34607, 6346070, 6371054, 24984
34608, 6346080, 6371068, 24988
34609, 6346090, 6371081, 24991
34610, 6346100, 6371094, 24994
34611, 6346110, 6371108, 24998
34613, 6346130, 6371121, 24991
34614, 6346140, 6371134, 24994
34615, 6346150, 6371148, 24998
34616, 6346160, 6371161, 25001
34617, 6346170, 6371174, 25004
34618, 6346180, 6371188, 25008
34619, 6346190, 6371201, 25011
34620, 6346200, 6371215, 25015
34621, 6346210, 6371228, 25018
34622, 6346220, 6371241, 25021
34624, 6346240, 6371255, 25015
34625, 6346250, 6371268, 25018
34626, 6346260, 6371281, 25021
34627, 6346270, 6371295, 25025
34628, 6346280, 6371308, 25028
34629, 6346290, 6371321, 25031
34630, 6346300, 6371335, 25035
34631, 6346310, 6371348, 25038
34632, 6346320, 6371362, 25042
34633, 6346330, 6371375, 25045
34634, 6346340, 6371388, 25048
34636, 6346360, 6371402, 25042
34637, 6346370, 6371415, 25045
34638, 6346380, 6371428, 25048
34639, 6346390, 6371442, 25052
34640, 6346400, 6371455, 25055
34641, 6346410, 6371468, 25058
34642, 6346420, 6371482, 25062
34643, 6346430, 6371495, 25065
34644, 6346440, 6371508, 25068
34645, 6346450, 6371522, 25072
34647, 6346470, 6371535, 25065
34648, 6346480, 6371549, 25069
34649, 6346490, 6371562, 25072
34651, 6346510, 6371589, 25079
34652, 6346520, 6371602, 25082
34653, 6346530, 6371615, 25085
34654, 6346540, 6371629, 25089
34655, 6346550, 6371642, 25092
34656, 6346560, 6371656, 25096
34657, 6346570, 6371669, 25099
34659, 6346590, 6371682, 25092
34660, 6346600, 6371696, 25096
34661, 6346610, 6371709, 25099
34662, 6346620, 6371722, 25102
34663, 6346630, 6371736, 25106
34664, 6346640, 6371749, 25109
34665, 6346650, 6371762, 25112
34666, 6346660, 6371776, 25116
34667, 6346670, 6371789, 25119
34668, 6346680, 6371802, 25122
34670, 6346700, 6371816, 25116
34671, 6346710, 6371829, 25119
34672, 6346720, 6371843, 25123
34673, 6346730, 6371856, 25126
34674, 6346740, 6371869, 25129
34675, 6346750, 6371883, 25133
34676, 6346760, 6371896, 25136
34677, 6346770, 6371909, 25139
34678, 6346780, 6371923, 25143
34679, 6346790, 6371936, 25146
34681, 6346810, 6371949, 25139
34682, 6346820, 6371963, 25143
34683, 6346830, 6371976, 25146
34684, 6346840, 6371990, 25150
34685, 6346850, 6372003, 25153
34686, 6346860, 6372016, 25156
34687, 6346870, 6372030, 25160
34688, 6346880, 6372043, 25163
34689, 6346890, 6372056, 25166
34690, 6346900, 6372070, 25170
34691, 6346910, 6372083, 25173
34693, 6346930, 6372096, 25166
34694, 6346940, 6372110, 25170
34695, 6346950, 6372123, 25173
34696, 6346960, 6372136, 25176
34697, 6346970, 6372150, 25180
34698, 6346980, 6372163, 25183
34699, 6346990, 6372177, 25187
34701, 6347010, 6372203, 25193
34702, 6347020, 6372217, 25197
34704, 6347040, 6372230, 25190
34705, 6347050, 6372243, 25193
34706, 6347060, 6372257, 25197
34707, 6347070, 6372270, 25200
34708, 6347080, 6372284, 25204
34709, 6347090, 6372297, 25207
34710, 6347100, 6372310, 25210
34711, 6347110, 6372324, 25214
34712, 6347120, 6372337, 25217
34713, 6347130, 6372350, 25220
34714, 6347140, 6372364, 25224
34716, 6347160, 6372377, 25217
34717, 6347170, 6372390, 25220
34718, 6347180, 6372404, 25224
34719, 6347190, 6372417, 25227
34720, 6347200, 6372430, 25230
34721, 6347210, 6376012, 28802
34722, 6347220, 6376025, 28805
34723, 6347230, 6376039, 28809
34724, 6347240, 6376052, 28812
34725, 6347250, 6376065, 28815
34727, 6347270, 6376079, 28809
34728, 6347280, 6376092, 28812
34729, 6347290, 6376106, 28816
34730, 6347300, 6376119, 28819
34731, 6347310, 6376132, 28822
34732, 6347320, 6376146, 28826
34733, 6347330, 6376159, 28829
34734, 6347340, 6376172, 28832
34735, 6347350, 6376186, 28836
34736, 6347360, 6376199, 28839
34738, 6347380, 6376212, 28832
34739, 6347390, 6376226, 28836
34740, 6347400, 6376239, 28839
34741, 6347410, 6376252, 28842
34742, 6347420, 6376266, 28846
34743, 6347430, 6376279, 28849
34744, 6347440, 6376293, 28853
34745, 6347450, 6376306, 28856
34746, 6347460, 6376319, 28859
34747, 6347470, 6376333, 28863
34748, 6347480, 6376346, 28866
34751, 6347510, 6376373, 28863
34752, 6347520, 6376386, 28866
34753, 6347530, 6376400, 28870
34754, 6347540, 6376413, 28873
34755, 6347550, 6376426, 28876
34756, 6347560, 6376440, 28880
34757, 6347570, 6376453, 28883
34758, 6347580, 6376466, 28886
34759, 6347590, 6376480, 28890
34761, 6347610, 6376493, 28883
34762, 6347620, 6376506, 28886
34763, 6347630, 6376520, 28890
34764, 6347640, 6376533, 28893
34765, 6347650, 6376546, 28896
34766, 6347660, 6376560, 28900
34767, 6347670, 6376573, 28903
34768, 6347680, 6376587, 28907
34769, 6347690, 6376600, 28910
34770, 6347700, 6376613, 28913
34771, 6347710, 6376627, 28917
34773, 6347730, 6376640, 28910
34774, 6347740, 6376653, 28913
34775, 6347750, 6376667, 28917
34776, 6347760, 6376680, 28920
34777, 6347770, 6376693, 28923
34778, 6347780, 6376707, 28927
34779, 6347790, 6376720, 28930
34780, 6347800, 6376734, 28934
34781, 6347810, 6376747, 28937
34782, 6347820, 6376760, 28940
34784, 6347840, 6376774, 28934
34785, 6347850, 6376787, 28937
34786, 6347860, 6376800, 28940
34787, 6347870, 6376814, 28944
34788, 6347880, 6376827, 28947
34789, 6347890, 6376840, 28950
34790, 6347900, 6376854, 28954
34791, 6347910, 6376867, 28957
34792, 6347920, 6376880, 28960
34793, 6347930, 6376894, 28964
34795, 6347950, 6376907, 28957
34796, 6347960, 6376921, 28961
34797, 6347970, 6376934, 28964
34798, 6347980, 6376947, 28967
34799, 6347990, 6376961, 28971
35202, 6352020, 6376987, 24967
35203, 6352030, 6377001, 24971
35204, 6352040, 6377014, 24974
35205, 6352050, 6377028, 24978
35206, 6352060, 6377041, 24981
35207, 6352070, 6377054, 24984
35208, 6352080, 6377068, 24988
35209, 6352090, 6377081, 24991
35210, 6352100, 6377094, 24994
35211, 6352110, 6377108, 24998
35213, 6352130, 6377121, 24991
35214, 6352140, 6377134, 24994
35215, 6352150, 6377148, 24998
35216, 6352160, 6377161, 25001
35217, 6352170, 6377174, 25004
35218, 6352180, 6377188, 25008
35219, 6352190, 6377201, 25011
35220, 6352200, 6377215, 25015
35221, 6352210, 6377228, 25018
35222, 6352220, 6377241, 25021
35224, 6352240, 6377255, 25015
35225, 6352250, 6377268, 25018
35226, 6352260, 6377281, 25021
35227, 6352270, 6377295, 25025
35228, 6352280, 6377308, 25028
35229, 6352290, 6377321, 25031
35230, 6352300, 6377335, 25035
35231, 6352310, 6377348, 25038
35232, 6352320, 6377362, 25042
35233, 6352330, 6377375, 25045
35234, 6352340, 6377388, 25048
35236, 6352360, 6377402, 25042
35237, 6352370, 6377415, 25045
35238, 6352380, 6377428, 25048
35239, 6352390, 6377442, 25052
35240, 6352400, 6377455, 25055
35241, 6352410, 6377468, 25058
35242, 6352420, 6377482, 25062
35243, 6352430, 6377495, 25065
35244, 6352440, 6377508, 25068
35245, 6352450, 6377522, 25072
35247, 6352470, 6377535, 25065
35248, 6352480, 6377549, 25069
35249, 6352490, 6377562, 25072
35251, 6352510, 6377589, 25079
35252, 6352520, 6377602, 25082
35253, 6352530, 6377615, 25085
35254, 6352540, 6377629, 25089
35255, 6352550, 6377642, 25092
35256, 6352560, 6377656, 25096
35257, 6352570, 6377669, 25099
35259, 6352590, 6377682, 25092
35260, 6352600, 6377696, 25096
35261, 6352610, 6377709, 25099
35262, 6352620, 6377722, 25102
35263, 6352630, 6377736, 25106
35264, 6352640, 6377749, 25109
35265, 6352650, 6377762, 25112
35266, 6352660, 6377776, 25116
35267, 6352670, 6377789, 25119
35268, 6352680, 6377802, 25122
35270, 6352700, 6377816, 25116
35271, 6352710, 6377829, 25119
35272, 6352720, 6377843, 25123
35273, 6352730, 6377856, 25126
35274, 6352740, 6377869, 25129
35275, 6352750, 6377883, 25133
35276, 6352760, 6377896, 25136
35277, 6352770, 6377909, 25139
35278, 6352780, 6377923, 25143
35279, 6352790, 6377936, 25146
35281, 6352810, 6377949, 25139
35282, 6352820, 6377963, 25143
35283, 6352830, 6377976, 25146
35284, 6352840, 6377990, 25150
35285, 6352850, 6378003, 25153
35286, 6352860, 6378016, 25156
35287, 6352870, 6378030, 25160
35288, 6352880, 6378043, 25163
35289, 6352890, 6378056, 25166
35290, 6352900, 6378070, 25170
35291, 6352910, 6378083, 25173
35293, 6352930, 6378096, 25166
35294, 6352940, 6378110, 25170
35295, 6352950, 6378123, 25173
35296, 6352960, 6378136, 25176
35297, 6352970, 6378150, 25180
35298, 6352980, 6378163, 25183
35299, 6352990, 6378177, 25187
35301, 6353010, 6378203, 25193
35302, 6353020, 6378217, 25197
35304, 6353040, 6378230, 25190
35305, 6353050, 6378243, 25193
35306, 6353060, 6378257, 25197
35307, 6353070, 6378270, 25200
35308, 6353080, 6378284, 25204
35309, 6353090, 6378297, 25207
35310, 6353100, 6378310, 25210
35311, 6353110, 6378324, 25214
35312, 6353120, 6378337, 25217
35313, 6353130, 6378350, 25220
35314, 6353140, 6378364, 25224
35316, 6353160, 6378377, 25217
35317, 6353170, 6378390, 25220
35318, 6353180, 6378404, 25224
35319, 6353190, 6378417, 25227
35320, 6353200, 6378430, 25230
35321, 6353210, 6382012, 28802
35322, 6353220, 6382025, 28805
35323, 6353230, 6382039, 28809
35324, 6353240, 6382052, 28812
35325, 6353250, 6382065, 28815
35327, 6353270, 6382079, 28809
35328, 6353280, 6382092, 28812
35329, 6353290, 6382106, 28816
35330, 6353300, 6382119, 28819
35331, 6353310, 6382132, 28822
35332, 6353320, 6382146, 28826
35333, 6353330, 6382159, 28829
35334, 6353340, 6382172, 28832
35335, 6353350, 6382186, 28836
35336, 6353360, 6382199, 28839
35338, 6353380, 6382212, 28832
35339, 6353390, 6382226, 28836
35340, 6353400, 6382239, 28839
35341, 6353410, 6382252, 28842
35342, 6353420, 6382266, 28846
35343, 6353430, 6382279, 28849
35344, 6353440, 6382293, 28853
35345, 6353450, 6382306, 28856
35346, 6353460, 6382319, 28859
35347, 6353470, 6382333, 28863
35348, 6353480, 6382346, 28866
35351, 6353510, 6382373, 28863
35352, 6353520, 6382386, 28866
35353, 6353530, 6382400, 28870
35354, 6353540, 6382413, 28873
35355, 6353550, 6382426, 28876
35356, 6353560, 6382440, 28880
35357, 6353570, 6382453, 28883
35358, 6353580, 6382466, 28886
35359, 6353590, 6382480, 28890
35361, 6353610, 6382493, 28883
35362, 6353620, 6382506, 28886
35363, 6353630, 6382520, 28890
35364, 6353640, 6382533, 28893
35365, 6353650, 6382546, 28896
35366, 6353660, 6382560, 28900
35367, 6353670, 6382573, 28903
35368, 6353680, 6382587, 28907
35369, 6353690, 6382600, 28910
35370, 6353700, 6382613, 28913
35371, 6353710, 6382627, 28917
35373, 6353730, 6382640, 28910
35374, 6353740, 6382653, 28913
35375, 6353750, 6382667, 28917
35376, 6353760, 6382680, 28920
35377, 6353770, 6382693, 28923
35378, 6353780, 6382707, 28927
35379, 6353790, 6382720, 28930
35380, 6353800, 6382734, 28934
35381, 6353810, 6382747, 28937
35382, 6353820, 6382760, 28940
35384, 6353840, 6382774, 28934
35385, 6353850, 6382787, 28937
35386, 6353860, 6382800, 28940
35387, 6353870, 6382814, 28944
35388, 6353880, 6382827, 28947
35389, 6353890, 6382840, 28950
35390, 6353900, 6382854, 28954
35391, 6353910, 6382867, 28957
35392, 6353920, 6382880, 28960
35393, 6353930, 6382894, 28964
35395, 6353950, 6382907, 28957
35396, 6353960, 6382921, 28961
35397, 6353970, 6382934, 28964
35398, 6353980, 6382947, 28967
35399, 6353990, 6382961, 28971
35802, 6358020, 6382987, 24967
35803, 6358030, 6383001, 24971
35804, 6358040, 6383014, 24974
35805, 6358050, 6383028, 24978
35806, 6358060, 6383041, 24981
35807, 6358070, 6383054, 24984
35808, 6358080, 6383068, 24988
35809, 6358090, 6383081, 24991
35810, 6358100, 6383094, 24994
35811, 6358110, 6383108, 24998
35813, 6358130, 6383121, 24991
35814, 6358140, 6383134, 24994
35815, 6358150, 6383148, 24998
35816, 6358160, 6383161, 25001
35817, 6358170, 6383174, 25004
35818, 6358180, 6383188, 25008
35819, 6358190, 6383201, 25011
35820, 6358200, 6383215, 25015
35821, 6358210, 6383228, 25018
35822, 6358220, 6383241, 25021
35824, 6358240, 6383255, 25015
35825, 6358250, 6383268, 25018
35826, 6358260, 6383281, 25021
35827, 6358270, 6383295, 25025
35828, 6358280, 6383308, 25028
35829, 6358290, 6383321, 25031
35830, 6358300, 6383335, 25035
35831, 6358310, 6383348, 25038
35832, 6358320, 6383362, 25042
35833, 6358330, 6383375, 25045
35834, 6358340, 6383388, 25048
35836, 6358360, 6383402, 25042
35837, 6358370, 6383415, 25045
35838, 6358380, 6383428, 25048
35839, 6358390, 6383442, 25052
35840, 6358400, 6383455, 25055
35841, 6358410, 6383468, 25058
35842, 6358420, 6383482, 25062
35843, 6358430, 6383495, 25065
35844, 6358440, 6383508, 25068
35845, 6358450, 6383522, 25072
35847, 6358470, 6383535, 25065
35848, 6358480, 6383549, 25069
35849, 6358490, 6383562, 25072
35851, 6358510, 6383589, 25079
35852, 6358520, 6383602, 25082
35853, 6358530, 6383615, 25085
35854, 6358540, 6383629, 25089
35855, 6358550, 6383642, 25092
35856, 6358560, 6383656, 25096
35857, 6358570, 6383669, 25099
35859, 6358590, 6383682, 25092
35860, 6358600, 6383696, 25096
35861, 6358610, 6383709, 25099
35862, 6358620, 6383722, 25102
35863, 6358630, 6383736, 25106
35864, 6358640, 6383749, 25109
35865, 6358650, 6383762, 25112
35866, 6358660, 6383776, 25116
35867, 6358670, 6383789, 25119
35868, 6358680, 6383802, 25122
35870, 6358700, 6383816, 25116
35871, 6358710, 6383829, 25119
35872, 6358720, 6383843, 25123
35873, 6358730, 6383856, 25126
35874, 6358740, 6383869, 25129
35875, 6358750, 6383883, 25133
35876, 6358760, 6383896, 25136
35877, 6358770, 6383909, 25139
35878, 6358780, 6383923, 25143
35879, 6358790, 6383936, 25146
35881, 6358810, 6383949, 25139
35882, 6358820, 6383963, 25143
35883, 6358830, 6383976, 25146
35884, 6358840, 6383990, 25150
35885, 6358850, 6384003, 25153
35886, 6358860, 6384016, 25156
35887, 6358870, 6384030, 25160
35888, 6358880, 6384043, 25163
35889, 6358890, 6384056, 25166
35890, 6358900, 6384070, 25170
35891, 6358910, 6384083, 25173
35893, 6358930, 6384096, 25166
35894, 6358940, 6384110, 25170
35895, 6358950, 6384123, 25173
35896, 6358960, 6384136, 25176
35897, 6358970, 6384150, 25180
35898, 6358980, 6384163, 25183
35899, 6358990, 6384177, 25187
35901, 6359010, 6384203, 25193
35902, 6359020, 6384217, 25197
35904, 6359040, 6384230, 25190
35905, 6359050, 6384243, 25193
35906, 6359060, 6384257, 25197
35907, 6359070, 6384270, 25200
35908, 6359080, 6384284, 25204
35909, 6359090, 6384297, 25207
35910, 6359100, 6384310, 25210
35911, 6359110, 6384324, 25214
35912, 6359120, 6384337, 25217
35913, 6359130, 6384350, 25220
35914, 6359140, 6384364, 25224
35916, 6359160, 6384377, 25217
35917, 6359170, 6384390, 25220
35918, 6359180, 6384404, 25224
35919, 6359190, 6384417, 25227
35920, 6359200, 6384430, 25230
35921, 6359210, 6388012, 28802
35922, 6359220, 6388025, 28805
35923, 6359230, 6388039, 28809
35924, 6359240, 6388052, 28812
35925, 6359250, 6388065, 28815
35927, 6359270, 6388079, 28809
35928, 6359280, 6388092, 28812
35929, 6359290, 6388106, 28816
35930, 6359300, 6388119, 28819
35931, 6359310, 6388132, 28822
35932, 6359320, 6388146, 28826
35933, 6359330, 6388159, 28829
35934, 6359340, 6388172, 28832
35935, 6359350, 6388186, 28836
35936, 6359360, 6388199, 28839
35938, 6359380, 6388212, 28832
35939, 6359390, 6388226, 28836
35940, 6359400, 6388239, 28839
35941, 6359410, 6388252, 28842
35942, 6359420, 6388266, 28846
35943, 6359430, 6388279, 28849
35944, 6359440, 6388293, 28853
35945, 6359450, 6388306, 28856
35946, 6359460, 6388319, 28859
35947, 6359470, 6388333, 28863
35948, 6359480, 6388346, 28866
35951, 6359510, 6388373, 28863
35952, 6359520, 6388386, 28866
35953, 6359530, 6388400, 28870
35954, 6359540, 6388413, 28873
35955, 6359550, 6388426, 28876
35956, 6359560, 6388440, 28880
35957, 6359570, 6388453, 28883
35958, 6359580, 6388466, 28886
35959, 6359590, 6388480, 28890
35961, 6359610, 6388493, 28883
35962, 6359620, 6388506, 28886
35963, 6359630, 6388520, 28890
35964, 6359640, 6388533, 28893
35965, 6359650, 6388546, 28896
35966, 6359660, 6388560, 28900
35967, 6359670, 6388573, 28903
35968, 6359680, 6388587, 28907
35969, 6359690, 6388600, 28910
35970, 6359700, 6388613, 28913
35971, 6359710, 6388627, 28917
35973, 6359730, 6388640, 28910
35974, 6359740, 6388653, 28913
35975, 6359750, 6388667, 28917
35976, 6359760, 6388680, 28920
35977, 6359770, 6388693, 28923
35978, 6359780, 6388707, 28927
35979, 6359790, 6388720, 28930
35980, 6359800, 6388734, 28934
35981, 6359810, 6388747, 28937
35982, 6359820, 6388760, 28940
35984, 6359840, 6388774, 28934
35985, 6359850, 6388787, 28937
35986, 6359860, 6388800, 28940
35987, 6359870, 6388814, 28944
35988, 6359880, 6388827, 28947
35989, 6359890, 6388840, 28950
35990, 6359900, 6388854, 28954
35991, 6359910, 6388867, 28957
35992, 6359920, 6388880, 28960
35993, 6359930, 6388894, 28964
35995, 6359950, 6388907, 28957
35996, 6359960, 6388921, 28961
35997, 6359970, 6388934, 28964
35998, 6359980, 6388947, 28967
35999, 6359990, 6388961, 28971
36402, 6364020, 6388987, 24967
36403, 6364030, 6389001, 24971
36404, 6364040, 6389014, 24974
36405, 6364050, 6389028, 24978
36406, 6364060, 6389041, 24981
36407, 6364070, 6389054, 24984
36408, 6364080, 6389068, 24988
36409, 6364090, 6389081, 24991
36410, 6364100, 6389094, 24994
36411, 6364110, 6389108, 24998
36413, 6364130, 6389121, 24991
36414, 6364140, 6389134, 24994
36415, 6364150, 6389148, 24998
36416, 6364160, 6389161, 25001
36417, 6364170, 6389174, 25004
36418, 6364180, 6389188, 25008
36419, 6364190, 6389201, 25011
36420, 6364200, 6389215, 25015
36421, 6364210, 6389228, 25018
36422, 6364220, 6389241, 25021
36424, 6364240, 6389255, 25015
36425, 6364250, 6389268, 25018
36426, 6364260, 6389281, 25021
36427, 6364270, 6389295, 25025
36428, 6364280, 6389308, 25028
36429, 6364290, 6389321, 25031
36430, 6364300, 6389335, 25035
36431, 6364310, 6389348, 25038
36432, 6364320, 6389362, 25042
36433, 6364330, 6389375, 25045
36434, 6364340, 6389388, 25048
36436, 6364360, 6389402, 25042
36437, 6364370, 6389415, 25045
36438, 6364380, 6389428, 25048
36439, 6364390, 6389442, 25052
36440, 6364400, 6389455, 25055
36441, 6364410, 6389468, 25058
36442, 6364420, 6389482, 25062
36443, 6364430, 6389495, 25065
36444, 6364440, 6389508, 25068
36445, 6364450, 6389522, 25072
36447, 6364470, 6389535, 25065
36448, 6364480, 6389549, 25069
36449, 6364490, 6389562, 25072
36451, 6364510, 6389589, 25079
36452, 6364520, 6389602, 25082
36453, 6364530, 6389615, 25085
36454, 6364540, 6389629, 25089
36455, 6364550, 6389642, 25092
36456, 6364560, 6389656, 25096
36457, 6364570, 6389669, 25099
36459, 6364590, 6389682, 25092
36460, 6364600, 6389696, 25096
36461, 6364610, 6389709, 25099
36462, 6364620, 6389722, 25102
36463, 6364630, 6389736, 25106
36464, 6364640, 6389749, 25109
36465, 6364650, 6389762, 25112
36466, 6364660, 6389776, 25116
36467, 6364670, 6389789, 25119
36468, 6364680, 6389802, 25122
36470, 6364700, 6389816, 25116
36471, 6364710, 6389829, 25119
36472, 6364720, 6389843, 25123
36473, 6364730, 6389856, 25126
36474, 6364740, 6389869, 25129
36475, 6364750, 6389883, 25133
36476, 6364760, 6389896, 25136
36477, 6364770, 6389909, 25139
36478, 6364780, 6389923, 25143
36479, 6364790, 6389936, 25146
36480, 6364800, 6389949, 25149
36482, 6364820, 6389963, 25143
36483, 6364830, 6389976, 25146
36484, 6364840, 6389990, 25150
36485, 6364850, 6390003, 25153
36486, 6364860, 6390016, 25156
36487, 6364870, 6390030, 25160
36488, 6364880, 6390043, 25163
36489, 6364890, 6390056, 25166
36490, 6364900, 6390070, 25170
36491, 6364910, 6390083, 25173
36493, 6364930, 6390096, 25166
36494, 6364940, 6390110, 25170
36495, 6364950, 6390123, 25173
36496, 6364960, 6390136, 25176
36497, 6364970, 6390150, 25180
36498, 6364980, 6390163, 25183
36499, 6364990, 6390177, 25187
36501, 6365010, 6390203, 25193
36502, 6365020, 6390217, 25197
36504, 6365040, 6390230, 25190
36505, 6365050, 6390243, 25193
36506, 6365060, 6390257, 25197
36507, 6365070, 6390270, 25200
36508, 6365080, 6390284, 25204
36509, 6365090, 6390297, 25207
36510, 6365100, 6390310, 25210
36511, 6365110, 6390324, 25214
36512, 6365120, 6390337, 25217
36513, 6365130, 6390350, 25220
36514, 6365140, 6390364, 25224
36516, 6365160, 6390377, 25217
36517, 6365170, 6390390, 25220
36518, 6365180, 6390404, 25224
36519, 6365190, 6390417, 25227
36520, 6365200, 6390430, 25230
36521, 6365210, 6394012, 28802
36522, 6365220, 6394025, 28805
36523, 6365230, 6394039, 28809
36524, 6365240, 6394052, 28812
36525, 6365250, 6394065, 28815
36527, 6365270, 6394079, 28809
36528, 6365280, 6394092, 28812
36529, 6365290, 6394106, 28816
36530, 6365300, 6394119, 28819
36531, 6365310, 6394132, 28822
36532, 6365320, 6394146, 28826
36533, 6365330, 6394159, 28829
36534, 6365340, 6394172, 28832
36535, 6365350, 6394186, 28836
36536, 6365360, 6394199, 28839
36537, 6365370, 6394212, 28842
36539, 6365390, 6394226, 28836
36540, 6365400, 6394239, 28839
36541, 6365410, 6394252, 28842
36542, 6365420, 6394266, 28846
36543, 6365430, 6394279, 28849
36544, 6365440, 6394293, 28853
36545, 6365450, 6394306, 28856
36546, 6365460, 6394319, 28859
36547, 6365470, 6394333, 28863
36548, 6365480, 6394346, 28866
36551, 6365510, 6394373, 28863
36552, 6365520, 6394386, 28866
36553, 6365530, 6394400, 28870
36554, 6365540, 6394413, 28873
36555, 6365550, 6394426, 28876
36556, 6365560, 6394440, 28880
36557, 6365570, 6394453, 28883
36558, 6365580, 6394466, 28886
36559, 6365590, 6394480, 28890
36561, 6365610, 6394493, 28883
36562, 6365620, 6394506, 28886
36563, 6365630, 6394520, 28890
36564, 6365640, 6394533, 28893
36565, 6365650, 6394546, 28896
36566, 6365660, 6394560, 28900
36567, 6365670, 6394573, 28903
36568, 6365680, 6394587, 28907
36569, 6365690, 6394600, 28910
36570, 6365700, 6394613, 28913
36571, 6365710, 6394627, 28917
36573, 6365730, 6394640, 28910
36574, 6365740, 6394653, 28913
36575, 6365750, 6394667, 28917
36576, 6365760, 6394680, 28920
36577, 6365770, 6394693, 28923
36578, 6365780, 6394707, 28927
36579, 6365790, 6394720, 28930
36580, 6365800, 6394734, 28934
36581, 6365810, 6394747, 28937
36582, 6365820, 6394760, 28940
36584, 6365840, 6394774, 28934
36585, 6365850, 6394787, 28937
36586, 6365860, 6394800, 28940
36587, 6365870, 6394814, 28944
36588, 6365880, 6394827, 28947
36589, 6365890, 6394840, 28950
36590, 6365900, 6394854, 28954
36591, 6365910, 6394867, 28957
36592, 6365920, 6394880, 28960
36593, 6365930, 6394894, 28964
36594, 6365940, 6394907, 28967
36596, 6365960, 6394921, 28961
36597, 6365970, 6394934, 28964
36598, 6365980, 6394947, 28967
36599, 6365990, 6394961, 28971
37002, 6370020, 6394987, 24967
37003, 6370030, 6395001, 24971
37004, 6370040, 6395014, 24974
37005, 6370050, 6395027, 24977
37006, 6370060, 6395041, 24981
37007, 6370070, 6395054, 24984
37008, 6370080, 6395067, 24987
37009, 6370090, 6395081, 24991
37010, 6370100, 6395094, 24994
37011, 6370110, 6395108, 24998
37013, 6370130, 6395121, 24991
37014, 6370140, 6395134, 24994
37015, 6370150, 6395148, 24998
37016, 6370160, 6395161, 25001
37017, 6370170, 6395174, 25004
37018, 6370180, 6395188, 25008
37019, 6370190, 6395201, 25011
37020, 6370200, 6395214, 25014
37021, 6370210, 6395228, 25018
37022, 6370220, 6395241, 25021
37024, 6370240, 6395254, 25014
37025, 6370250, 6395268, 25018
37026, 6370260, 6395281, 25021
37027, 6370270, 6395295, 25025
37028, 6370280, 6395308, 25028
37029, 6370290, 6395321, 25031
37030, 6370300, 6395335, 25035
37031, 6370310, 6395348, 25038
37032, 6370320, 6395361, 25041
37033, 6370330, 6395375, 25045
37034, 6370340, 6395388, 25048
37036, 6370360, 6395401, 25041
37037, 6370370, 6395415, 25045
37038, 6370380, 6395428, 25048
37039, 6370390, 6395442, 25052
37040, 6370400, 6395455, 25055
37041, 6370410, 6395468, 25058
37042, 6370420, 6395482, 25062
37043, 6370430, 6395495, 25065
37044, 6370440, 6395508, 25068
37045, 6370450, 6395522, 25072
37047, 6370470, 6395535, 25065
37048, 6370480, 6395548, 25068
37049, 6370490, 6395562, 25072
37051, 6370510, 6395589, 25079
37052, 6370520, 6395602, 25082
37053, 6370530, 6395615, 25085
37054, 6370540, 6395629, 25089
37055, 6370550, 6395642, 25092
37056, 6370560, 6395655, 25095
37057, 6370570, 6395669, 25099
37059, 6370590, 6395682, 25092
37060, 6370600, 6395695, 25095
37061, 6370610, 6395709, 25099
37062, 6370620, 6395722, 25102
37063, 6370630, 6395736, 25106
37064, 6370640, 6395749, 25109
37065, 6370650, 6395762, 25112
37066, 6370660, 6395776, 25116
37067, 6370670, 6395789, 25119
37068, 6370680, 6395802, 25122
37070, 6370700, 6395816, 25116
37071, 6370710, 6395829, 25119
37072, 6370720, 6395842, 25122
37073, 6370730, 6395856, 25126
37074, 6370740, 6395869, 25129
37075, 6370750, 6395882, 25132
37076, 6370760, 6395896, 25136
37077, 6370770, 6395909, 25139
37078, 6370780, 6395923, 25143
37079, 6370790, 6395936, 25146
37081, 6370810, 6395949, 25139
37082, 6370820, 6395963, 25143
37083, 6370830, 6395976, 25146
37084, 6370840, 6395989, 25149
37085, 6370850, 6396003, 25153
37086, 6370860, 6396016, 25156
37087, 6370870, 6396029, 25159
37088, 6370880, 6396043, 25163
37089, 6370890, 6396056, 25166
37090, 6370900, 6396070, 25170
37091, 6370910, 6396083, 25173
37093, 6370930, 6396096, 25166
37094, 6370940, 6396110, 25170
37095, 6370950, 6396123, 25173
37096, 6370960, 6396136, 25176
37097, 6370970, 6396150, 25180
37098, 6370980, 6396163, 25183
37099, 6370990, 6396176, 25186
37101, 6371010, 6396203, 25193
37102, 6371020, 6396217, 25197
37104, 6371040, 6396230, 25190
37105, 6371050, 6396243, 25193
37106, 6371060, 6396257, 25197
37107, 6371070, 6396270, 25200
37108, 6371080, 6396283, 25203
37109, 6371090, 6396297, 25207
37110, 6371100, 6396310, 25210
37111, 6371110, 6396323, 25213
37112, 6371120, 6396337, 25217
37113, 6371130, 6396350, 25220
37114, 6371140, 6396364, 25224
37116, 6371160, 6396377, 25217
37117, 6371170, 6396390, 25220
37118, 6371180, 6396404, 25224
37119, 6371190, 6396417, 25227
37120, 6371200, 6396430, 25230
37121, 6371210, 6400012, 28802
37122, 6371220, 6400025, 28805
37123, 6371230, 6400039, 28809
37124, 6371240, 6400052, 28812
37125, 6371250, 6400065, 28815
37127, 6371270, 6400079, 28809
37128, 6371280, 6400092, 28812
37129, 6371290, 6400106, 28816
37130, 6371300, 6400119, 28819
37131, 6371310, 6400132, 28822
37132, 6371320, 6400146, 28826
37133, 6371330, 6400159, 28829
37134, 6371340, 6400172, 28832
37135, 6371350, 6400186, 28836
37136, 6371360, 6400199, 28839
37138, 6371380, 6400212, 28832
37139, 6371390, 6400226, 28836
37140, 6371400, 6400239, 28839
37141, 6371410, 6400252, 28842
37142, 6371420, 6400266, 28846
37143, 6371430, 6400279, 28849
37144, 6371440, 6400293, 28853
37145, 6371450, 6400306, 28856
37146, 6371460, 6400319, 28859
37147, 6371470, 6400333, 28863
37148, 6371480, 6400346, 28866
37151, 6371510, 6400373, 28863
37152, 6371520, 6400386, 28866
37153, 6371530, 6400400, 28870
37154, 6371540, 6400413, 28873
37155, 6371550, 6400426, 28876
37156, 6371560, 6400440, 28880
37157, 6371570, 6400453, 28883
37158, 6371580, 6400466, 28886
37159, 6371590, 6400480, 28890
37161, 6371610, 6400493, 28883
37162, 6371620, 6400506, 28886
37163, 6371630, 6400520, 28890
37164, 6371640, 6400533, 28893
37165, 6371650, 6400546, 28896
37166, 6371660, 6400560, 28900
37167, 6371670, 6400573, 28903
37168, 6371680, 6400587, 28907
37169, 6371690, 6400600, 28910
37170, 6371700, 6400613, 28913
37171, 6371710, 6400627, 28917
37173, 6371730, 6400640, 28910
37174, 6371740, 6400653, 28913
37175, 6371750, 6400667, 28917
37176, 6371760, 6400680, 28920
37177, 6371770, 6400693, 28923
37178, 6371780, 6400707, 28927
37179, 6371790, 6400720, 28930
37180, 6371800, 6400734, 28934
37181, 6371810, 6400747, 28937
37182, 6371820, 6400760, 28940
37184, 6371840, 6400774, 28934
37185, 6371850, 6400787, 28937
37186, 6371860, 6400800, 28940
37187, 6371870, 6400814, 28944
37188, 6371880, 6400827, 28947
37189, 6371890, 6400840, 28950
37190, 6371900, 6400854, 28954
37191, 6371910, 6400867, 28957
37192, 6371920, 6400880, 28960
37193, 6371930, 6400894, 28964
37195, 6371950, 6400907, 28957
37196, 6371960, 6400921, 28961
37197, 6371970, 6400934, 28964
37198, 6371980, 6400947, 28967
37199, 6371990, 6400961, 28971
37602, 6376020, 6400987, 24967
37603, 6376030, 6401001, 24971
37604, 6376040, 6401014, 24974
37605, 6376050, 6401028, 24978
37606, 6376060, 6401041, 24981
37607, 6376070, 6401054, 24984
37608, 6376080, 6401068, 24988
37609, 6376090, 6401081, 24991
37610, 6376100, 6401094, 24994
37611, 6376110, 6401108, 24998
37613, 6376130, 6401121, 24991
37614, 6376140, 6401134, 24994
37615, 6376150, 6401148, 24998
37616, 6376160, 6401161, 25001
37617, 6376170, 6401174, 25004
37618, 6376180, 6401188, 25008
37619, 6376190, 6401201, 25011
37620, 6376200, 6401215, 25015
37621, 6376210, 6401228, 25018
37622, 6376220, 6401241, 25021
37624, 6376240, 6401255, 25015
37625, 6376250, 6401268, 25018
37626, 6376260, 6401281, 25021
37627, 6376270, 6401295, 25025
37628, 6376280, 6401308, 25028
37629, 6376290, 6401321, 25031
37630, 6376300, 6401335, 25035
37631, 6376310, 6401348, 25038
37632, 6376320, 6401362, 25042
37633, 6376330, 6401375, 25045
37634, 6376340, 6401388, 25048
37636, 6376360, 6401402, 25042
37637, 6376370, 6401415, 25045
37638, 6376380, 6401428, 25048
37639, 6376390, 6401442, 25052
37640, 6376400, 6401455, 25055
37641, 6376410, 6401468, 25058
37642, 6376420, 6401482, 25062
37643, 6376430, 6401495, 25065
37644, 6376440, 6401508, 25068
37645, 6376450, 6401522, 25072
37647, 6376470, 6401535, 25065
37648, 6376480, 6401549, 25069
37649, 6376490, 6401562, 25072
37651, 6376510, 6401589, 25079
37652, 6376520, 6401602, 25082
37653, 6376530, 6401615, 25085
37654, 6376540, 6401629, 25089
37655, 6376550, 6401642, 25092
37656, 6376560, 6401656, 25096
37657, 6376570, 6401669, 25099
37659, 6376590, 6401682, 25092
37660, 6376600, 6401696, 25096
37661, 6376610, 6401709, 25099
37662, 6376620, 6401722, 25102
37663, 6376630, 6401736, 25106
37664, 6376640, 6401749, 25109
37665, 6376650, 6401762, 25112
37666, 6376660, 6401776, 25116
37667, 6376670, 6401789, 25119
37668, 6376680, 6401802, 25122
37670, 6376700, 6401816, 25116
37671, 6376710, 6401829, 25119
37672, 6376720, 6401843, 25123
37673, 6376730, 6401856, 25126
37674, 6376740, 6401869, 25129
37675, 6376750, 6401883, 25133
37676, 6376760, 6401896, 25136
37677, 6376770, 6401909, 25139
37678, 6376780, 6401923, 25143
37679, 6376790, 6401936, 25146
37681, 6376810, 6401949, 25139
37682, 6376820, 6401963, 25143
37683, 6376830, 6401976, 25146
37684, 6376840, 6401990, 25150
37685, 6376850, 6402003, 25153
37686, 6376860, 6402016, 25156
37687, 6376870, 6402030, 25160
37688, 6376880, 6402043, 25163
37689, 6376890, 6402056, 25166
37690, 6376900, 6402070, 25170
37691, 6376910, 6402083, 25173
37693, 6376930, 6402096, 25166
37694, 6376940, 6402110, 25170
37695, 6376950, 6402123, 25173
37696, 6376960, 6402136, 25176
37697, 6376970, 6402150, 25180
37698, 6376980, 6402163, 25183
37699, 6376990, 6402177, 25187
37701, 6377010, 6402203, 25193
37702, 6377020, 6402217, 25197
37704, 6377040, 6402230, 25190
37705, 6377050, 6402243, 25193
37706, 6377060, 6402257, 25197
37707, 6377070, 6402270, 25200
37708, 6377080, 6402284, 25204
37709, 6377090, 6402297, 25207
37710, 6377100, 6402310, 25210
37711, 6377110, 6402324, 25214
37712, 6377120, 6402337, 25217
37713, 6377130, 6402350, 25220
37714, 6377140, 6402364, 25224
37716, 6377160, 6402377, 25217
37717, 6377170, 6402390, 25220
37718, 6377180, 6402404, 25224
37719, 6377190, 6402417, 25227
37720, 6377200, 6402430, 25230
37721, 6377210, 6406012, 28802
37722, 6377220, 6406025, 28805
37723, 6377230, 6406039, 28809
37724, 6377240, 6406052, 28812
37725, 6377250, 6406065, 28815
37727, 6377270, 6406079, 28809
37728, 6377280, 6406092, 28812
37729, 6377290, 6406106, 28816
37730, 6377300, 6406119, 28819
37731, 6377310, 6406132, 28822
37732, 6377320, 6406146, 28826
37733, 6377330, 6406159, 28829
37734, 6377340, 6406172, 28832
37735, 6377350, 6406186, 28836
37736, 6377360, 6406199, 28839
37738, 6377380, 6406212, 28832
37739, 6377390, 6406226, 28836
37740, 6377400, 6406239, 28839
37741, 6377410, 6406252, 28842
37742, 6377420, 6406266, 28846
37743, 6377430, 6406279, 28849
37744, 6377440, 6406293, 28853
37745, 6377450, 6406306, 28856
37746, 6377460, 6406319, 28859
37747, 6377470, 6406333, 28863
37748, 6377480, 6406346, 28866
37751, 6377510, 6406373, 28863
37752, 6377520, 6406386, 28866
37753, 6377530, 6406400, 28870
37754, 6377540, 6406413, 28873
37755, 6377550, 6406426, 28876
37756, 6377560, 6406440, 28880
37757, 6377570, 6406453, 28883
37758, 6377580, 6406466, 28886
37759, 6377590, 6406480, 28890
37761, 6377610, 6406493, 28883
37762, 6377620, 6406506, 28886
37763, 6377630, 6406520, 28890
37764, 6377640, 6406533, 28893
37765, 6377650, 6406546, 28896
37766, 6377660, 6406560, 28900
37767, 6377670, 6406573, 28903
37768, 6377680, 6406587, 28907
37769, 6377690, 6406600, 28910
37770, 6377700, 6406613, 28913
37771, 6377710, 6406627, 28917
37773, 6377730, 6406640, 28910
37774, 6377740, 6406653, 28913
37775, 6377750, 6406667, 28917
37776, 6377760, 6406680, 28920
37777, 6377770, 6406693, 28923
37778, 6377780, 6406707, 28927
37779, 6377790, 6406720, 28930
37780, 6377800, 6406734, 28934
37781, 6377810, 6406747, 28937
37782, 6377820, 6406760, 28940
37784, 6377840, 6406774, 28934
37785, 6377850, 6406787, 28937
37786, 6377860, 6406800, 28940
37787, 6377870, 6406814, 28944
37788, 6377880, 6406827, 28947
37789, 6377890, 6406840, 28950
37790, 6377900, 6406854, 28954
37791, 6377910, 6406867, 28957
37792, 6377920, 6406880, 28960
37793, 6377930, 6406894, 28964
37795, 6377950, 6406907, 28957
37796, 6377960, 6406921, 28961
37797, 6377970, 6406934, 28964
37798, 6377980, 6406947, 28967
37799, 6377990, 6406961, 28971
38202, 6382020, 6406987, 24967
38203, 6382030, 6407001, 24971
38204, 6382040, 6407014, 24974
38205, 6382050, 6407028, 24978
38206, 6382060, 6407041, 24981
38207, 6382070, 6407054, 24984
38208, 6382080, 6407068, 24988
38209, 6382090, 6407081, 24991
38210, 6382100, 6407094, 24994
38211, 6382110, 6407108, 24998
38213, 6382130, 6407121, 24991
38214, 6382140, 6407134, 24994
38215, 6382150, 6407148, 24998
38216, 6382160, 6407161, 25001
38217, 6382170, 6407174, 25004
38218, 6382180, 6407188, 25008
38219, 6382190, 6407201, 25011
38220, 6382200, 6407215, 25015
38221, 6382210, 6407228, 25018
38222, 6382220, 6407241, 25021
38224, 6382240, 6407255, 25015
38225, 6382250, 6407268, 25018
38226, 6382260, 6407281, 25021
38227, 6382270, 6407295, 25025
38228, 6382280, 6407308, 25028
38229, 6382290, 6407321, 25031
38230, 6382300, 6407335, 25035
38231, 6382310, 6407348, 25038
38232, 6382320, 6407362, 25042
38233, 6382330, 6407375, 25045
38234, 6382340, 6407388, 25048
38236, 6382360, 6407402, 25042
38237, 6382370, 6407415, 25045
38238, 6382380, 6407428, 25048
38239, 6382390, 6407442, 25052
38240, 6382400, 6407455, 25055
38241, 6382410, 6407468, 25058
38242, 6382420, 6407482, 25062
38243, 6382430, 6407495, 25065
38244, 6382440, 6407508, 25068
38245, 6382450, 6407522, 25072
38247, 6382470, 6407535, 25065
38248, 6382480, 6407549, 25069
38249, 6382490, 6407562, 25072
38251, 6382510, 6407589, 25079
38252, 6382520, 6407602, 25082
38253, 6382530, 6407615, 25085
38254, 6382540, 6407629, 25089
38255, 6382550, 6407642, 25092
38256, 6382560, 6407656, 25096
38257, 6382570, 6407669, 25099
38259, 6382590, 6407682, 25092
38260, 6382600, 6407696, 25096
38261, 6382610, 6407709, 25099
38262, 6382620, 6407722, 25102
38263, 6382630, 6407736, 25106
38264, 6382640, 6407749, 25109
38265, 6382650, 6407762, 25112
38266, 6382660, 6407776, 25116
38267, 6382670, 6407789, 25119
38268, 6382680, 6407802, 25122
38270, 6382700, 6407816, 25116
38271, 6382710, 6407829, 25119
38272, 6382720, 6407843, 25123
38273, 6382730, 6407856, 25126
38274, 6382740, 6407869, 25129
38275, 6382750, 6407883, 25133
38276, 6382760, 6407896, 25136
38277, 6382770, 6407909, 25139
38278, 6382780, 6407923, 25143
38279, 6382790, 6407936, 25146
38281, 6382810, 6407949, 25139
38282, 6382820, 6407963, 25143
38283, 6382830, 6407976, 25146
38284, 6382840, 6407990, 25150
38285, 6382850, 6408003, 25153
38286, 6382860, 6408016, 25156
38287, 6382870, 6408030, 25160
38288, 6382880, 6408043, 25163
38289, 6382890, 6408056, 25166
38290, 6382900, 6408070, 25170
38291, 6382910, 6408083, 25173
38293, 6382930, 6408096, 25166
38294, 6382940, 6408110, 25170
38295, 6382950, 6408123, 25173
38296, 6382960, 6408136, 25176
38297, 6382970, 6408150, 25180
38298, 6382980, 6408163, 25183
38299, 6382990, 6408177, 25187
38301, 6383010, 6408203, 25193
38302, 6383020, 6408217, 25197
38304, 6383040, 6408230, 25190
38305, 6383050, 6408243, 25193
38306, 6383060, 6408257, 25197
38307, 6383070, 6408270, 25200
38308, 6383080, 6408284, 25204
38309, 6383090, 6408297, 25207
38310, 6383100, 6408310, 25210
38311, 6383110, 6408324, 25214
38312, 6383120, 6408337, 25217
38313, 6383130, 6408350, 25220
38314, 6383140, 6408364, 25224
38316, 6383160, 6408377, 25217
38317, 6383170, 6408390, 25220
38318, 6383180, 6408404, 25224
38319, 6383190, 6408417, 25227
38320, 6383200, 6408430, 25230
38321, 6383210, 6412012, 28802
38322, 6383220, 6412025, 28805
38323, 6383230, 6412039, 28809
38324, 6383240, 6412052, 28812
38325, 6383250, 6412065, 28815
38327, 6383270, 6412079, 28809
38328, 6383280, 6412092, 28812
38329, 6383290, 6412106, 28816
38330, 6383300, 6412119, 28819
38331, 6383310, 6412132, 28822
38332, 6383320, 6412146, 28826
38333, 6383330, 6412159, 28829
38334, 6383340, 6412172, 28832
38335, 6383350, 6412186, 28836
38336, 6383360, 6412199, 28839
38338, 6383380, 6412212, 28832
38339, 6383390, 6412226, 28836
38340, 6383400, 6412239, 28839
38341, 6383410, 6412252, 28842
38342, 6383420, 6412266, 28846
38343, 6383430, 6412279, 28849
38344, 6383440, 6412293, 28853
38345, 6383450, 6412306, 28856
38346, 6383460, 6412319, 28859
38347, 6383470, 6412333, 28863
38348, 6383480, 6412346, 28866
38351, 6383510, 6412373, 28863
38352, 6383520, 6412386, 28866
38353, 6383530, 6412400, 28870
38354, 6383540, 6412413, 28873
38355, 6383550, 6412426, 28876
38356, 6383560, 6412440, 28880
38357, 6383570, 6412453, 28883
38358, 6383580, 6412466, 28886
38359, 6383590, 6412480, 28890
38361, 6383610, 6412493, 28883
38362, 6383620, 6412506, 28886
38363, 6383630, 6412520, 28890
38364, 6383640, 6412533, 28893
38365, 6383650, 6412546, 28896
38366, 6383660, 6412560, 28900
38367, 6383670, 6412573, 28903
38368, 6383680, 6412587, 28907
38369, 6383690, 6412600, 28910
38370, 6383700, 6412613, 28913
38371, 6383710, 6412627, 28917
38373, 6383730, 6412640, 28910
38374, 6383740, 6412653, 28913
38375, 6383750, 6412667, 28917
38376, 6383760, 6412680, 28920
38377, 6383770, 6412693, 28923
38378, 6383780, 6412707, 28927
38379, 6383790, 6412720, 28930
38380, 6383800, 6412734, 28934
38381, 6383810, 6412747, 28937
38382, 6383820, 6412760, 28940
38384, 6383840, 6412774, 28934
38385, 6383850, 6412787, 28937
38386, 6383860, 6412800, 28940
38387, 6383870, 6412814, 28944
38388, 6383880, 6412827, 28947
38389, 6383890, 6412840, 28950
38390, 6383900, 6412854, 28954
38391, 6383910, 6412867, 28957
38392, 6383920, 6412880, 28960
38393, 6383930, 6412894, 28964
38395, 6383950, 6412907, 28957
38396, 6383960, 6412921, 28961
38397, 6383970, 6412934, 28964
38398, 6383980, 6412947, 28967
38399, 6383990, 6412961, 28971
38802, 6388020, 6412987, 24967
38803, 6388030, 6413001, 24971
38804, 6388040, 6413014, 24974
38805, 6388050, 6413028, 24978
38806, 6388060, 6413041, 24981
38807, 6388070, 6413054, 24984
38808, 6388080, 6413068, 24988
38809, 6388090, 6413081, 24991
38810, 6388100, 6413094, 24994
38811, 6388110, 6413108, 24998
38813, 6388130, 6413121, 24991
38814, 6388140, 6413134, 24994
38815, 6388150, 6413148, 24998
38816, 6388160, 6413161, 25001
38817, 6388170, 6413174, 25004
38818, 6388180, 6413188, 25008
38819, 6388190, 6413201, 25011
38820, 6388200, 6413215, 25015
38821, 6388210, 6413228, 25018
38822, 6388220, 6413241, 25021
38824, 6388240, 6413255, 25015
38825, 6388250, 6413268, 25018
38826, 6388260, 6413281, 25021
38827, 6388270, 6413295, 25025
38828, 6388280, 6413308, 25028
38829, 6388290, 6413321, 25031
38830, 6388300, 6413335, 25035
38831, 6388310, 6413348, 25038
38832, 6388320, 6413362, 25042
38833, 6388330, 6413375, 25045
38834, 6388340, 6413388, 25048
38836, 6388360, 6413402, 25042
38837, 6388370, 6413415, 25045
38838, 6388380, 6413428, 25048
38839, 6388390, 6413442, 25052
38840, 6388400, 6413455, 25055
38841, 6388410, 6413468, 25058
38842, 6388420, 6413482, 25062
38843, 6388430, 6413495, 25065
38844, 6388440, 6413508, 25068
38845, 6388450, 6413522, 25072
38847, 6388470, 6413535, 25065
38848, 6388480, 6413549, 25069
38849, 6388490, 6413562, 25072
38851, 6388510, 6413589, 25079
38852, 6388520, 6413602, 25082
38853, 6388530, 6413615, 25085
38854, 6388540, 6413629, 25089
38855, 6388550, 6413642, 25092
38856, 6388560, 6413656, 25096
38857, 6388570, 6413669, 25099
38859, 6388590, 6413682, 25092
38860, 6388600, 6413696, 25096
38861, 6388610, 6413709, 25099
38862, 6388620, 6413722, 25102
38863, 6388630, 6413736, 25106
38864, 6388640, 6413749, 25109
38865, 6388650, 6413762, 25112
38866, 6388660, 6413776, 25116
38867, 6388670, 6413789, 25119
38868, 6388680, 6413802, 25122
38870, 6388700, 6413816, 25116
38871, 6388710, 6413829, 25119
38872, 6388720, 6413843, 25123
38873, 6388730, 6413856, 25126
38874, 6388740, 6413869, 25129
38875, 6388750, 6413883, 25133
38876, 6388760, 6413896, 25136
38877, 6388770, 6413909, 25139
38878, 6388780, 6413923, 25143
38879, 6388790, 6413936, 25146
38881, 6388810, 6413949, 25139
38882, 6388820, 6413963, 25143
38883, 6388830, 6413976, 25146
38884, 6388840, 6413990, 25150
38885, 6388850, 6414003, 25153
38886, 6388860, 6414016, 25156
38887, 6388870, 6414030, 25160
38888, 6388880, 6414043, 25163
38889, 6388890, 6414056, 25166
38890, 6388900, 6414070, 25170
38891, 6388910, 6414083, 25173
38893, 6388930, 6414096, 25166
38894, 6388940, 6414110, 25170
38895, 6388950, 6414123, 25173
38896, 6388960, 6414136, 25176
38897, 6388970, 6414150, 25180
38898, 6388980, 6414163, 25183
38899, 6388990, 6414177, 25187
38901, 6389010, 6414203, 25193
38902, 6389020, 6414217, 25197
38904, 6389040, 6414230, 25190
38905, 6389050, 6414243, 25193
38906, 6389060, 6414257, 25197
38907, 6389070, 6414270, 25200
38908, 6389080, 6414284, 25204
38909, 6389090, 6414297, 25207
38910, 6389100, 6414310, 25210
38911, 6389110, 6414324, 25214
38912, 6389120, 6414337, 25217
38913, 6389130, 6414350, 25220
38914, 6389140, 6414364, 25224
38916, 6389160, 6414377, 25217
38917, 6389170, 6414390, 25220
38918, 6389180, 6414404, 25224
38919, 6389190, 6414417, 25227
38920, 6389200, 6414430, 25230
38921, 6389210, 6418012, 28802
38922, 6389220, 6418025, 28805
38923, 6389230, 6418039, 28809
38924, 6389240, 6418052, 28812
38925, 6389250, 6418065, 28815
38927, 6389270, 6418079, 28809
38928, 6389280, 6418092, 28812
38929, 6389290, 6418106, 28816
38930, 6389300, 6418119, 28819
38931, 6389310, 6418132, 28822
38932, 6389320, 6418146, 28826
38933, 6389330, 6418159, 28829
38934, 6389340, 6418172, 28832
38935, 6389350, 6418186, 28836
38936, 6389360, 6418199, 28839
38938, 6389380, 6418212, 28832
38939, 6389390, 6418226, 28836
38940, 6389400, 6418239, 28839
38941, 6389410, 6418252, 28842
38942, 6389420, 6418266, 28846
38943, 6389430, 6418279, 28849
38944, 6389440, 6418293, 28853
38945, 6389450, 6418306, 28856
38946, 6389460, 6418319, 28859
38947, 6389470, 6418333, 28863
38948, 6389480, 6418346, 28866
38951, 6389510, 6418373, 28863
38952, 6389520, 6418386, 28866
38953, 6389530, 6418400, 28870
38954, 6389540, 6418413, 28873
38955, 6389550, 6418426, 28876
38956, 6389560, 6418440, 28880
38957, 6389570, 6418453, 28883
38958, 6389580, 6418466, 28886
38959, 6389590, 6418480, 28890
38961, 6389610, 6418493, 28883
38962, 6389620, 6418506, 28886
38963, 6389630, 6418520, 28890
38964, 6389640, 6418533, 28893
38965, 6389650, 6418546, 28896
38966, 6389660, 6418560, 28900
38967, 6389670, 6418573, 28903
38968, 6389680, 6418587, 28907
38969, 6389690, 6418600, 28910
38970, 6389700, 6418613, 28913
38971, 6389710, 6418627, 28917
38973, 6389730, 6418640, 28910
38974, 6389740, 6418653, 28913
38975, 6389750, 6418667, 28917
38976, 6389760, 6418680, 28920
38977, 6389770, 6418693, 28923
38978, 6389780, 6418707, 28927
38979, 6389790, 6418720, 28930
38980, 6389800, 6418734, 28934
38981, 6389810, 6418747, 28937
38982, 6389820, 6418760, 28940
38984, 6389840, 6418774, 28934
38985, 6389850, 6418787, 28937
38986, 6389860, 6418800, 28940
38987, 6389870, 6418814, 28944
38988, 6389880, 6418827, 28947
38989, 6389890, 6418840, 28950
38990, 6389900, 6418854, 28954
38991, 6389910, 6418867, 28957
38992, 6389920, 6418880, 28960
38993, 6389930, 6418894, 28964
38995, 6389950, 6418907, 28957
38996, 6389960, 6418921, 28961
38997, 6389970, 6418934, 28964
38998, 6389980, 6418947, 28967
38999, 6389990, 6418961, 28971
39402, 6394020, 6418987, 24967
39403, 6394030, 6419001, 24971
39404, 6394040, 6419014, 24974
39405, 6394050, 6419028, 24978
39406, 6394060, 6419041, 24981
39407, 6394070, 6419054, 24984
39408, 6394080, 6419068, 24988
39409, 6394090, 6419081, 24991
39410, 6394100, 6419094, 24994
39411, 6394110, 6419108, 24998
39413, 6394130, 6419121, 24991
39414, 6394140, 6419134, 24994
39415, 6394150, 6419148, 24998
39416, 6394160, 6419161, 25001
39417, 6394170, 6419174, 25004
39418, 6394180, 6419188, 25008
39419, 6394190, 6419201, 25011
39420, 6394200, 6419215, 25015
39421, 6394210, 6419228, 25018
39422, 6394220, 6419241, 25021
39424, 6394240, 6419255, 25015
39425, 6394250, 6419268, 25018
39426, 6394260, 6419281, 25021
39427, 6394270, 6419295, 25025
39428, 6394280, 6419308, 25028
39429, 6394290, 6419321, 25031
39430, 6394300, 6419335, 25035
39431, 6394310, 6419348, 25038
39432, 6394320, 6419362, 25042
39433, 6394330, 6419375, 25045
39434, 6394340, 6419388, 25048
39436, 6394360, 6419402, 25042
39437, 6394370, 6419415, 25045
39438, 6394380, 6419428, 25048
39439, 6394390, 6419442, 25052
39440, 6394400, 6419455, 25055
39441, 6394410, 6419468, 25058
39442, 6394420, 6419482, 25062
39443, 6394430, 6419495, 25065
39444, 6394440, 6419508, 25068
39445, 6394450, 6419522, 25072
39447, 6394470, 6419535, 25065
39448, 6394480, 6419549, 25069
39449, 6394490, 6419562, 25072
39451, 6394510, 6419589, 25079
39452, 6394520, 6419602, 25082
39453, 6394530, 6419615, 25085
39454, 6394540, 6419629, 25089
39455, 6394550, 6419642, 25092
39456, 6394560, 6419656, 25096
39457, 6394570, 6419669, 25099
39459, 6394590, 6419682, 25092
39460, 6394600, 6419696, 25096
39461, 6394610, 6419709, 25099
39462, 6394620, 6419722, 25102
39463, 6394630, 6419736, 25106
39464, 6394640, 6419749, 25109
39465, 6394650, 6419762, 25112
39466, 6394660, 6419776, 25116
39467, 6394670, 6419789, 25119
39468, 6394680, 6419802, 25122
39470, 6394700, 6419816, 25116
39471, 6394710, 6419829, 25119
39472, 6394720, 6419843, 25123
39473, 6394730, 6419856, 25126
39474, 6394740, 6419869, 25129
39475, 6394750, 6419883, 25133
39476, 6394760, 6419896, 25136
39477, 6394770, 6419909, 25139
39478, 6394780, 6419923, 25143
39479, 6394790, 6419936, 25146
39480, 6394800, 6419949, 25149
39482, 6394820, 6419963, 25143
39483, 6394830, 6419976, 25146
39484, 6394840, 6419990, 25150
39485, 6394850, 6420003, 25153
39486, 6394860, 6420016, 25156
39487, 6394870, 6420030, 25160
39488, 6394880, 6420043, 25163
39489, 6394890, 6420056, 25166
39490, 6394900, 6420070, 25170
39491, 6394910, 6420083, 25173
39493, 6394930, 6420096, 25166
39494, 6394940, 6420110, 25170
39495, 6394950, 6420123, 25173
39496, 6394960, 6420136, 25176
39497, 6394970, 6420150, 25180
39498, 6394980, 6420163, 25183
39499, 6394990, 6420177, 25187
39501, 6395010, 6420203, 25193
39502, 6395020, 6420217, 25197
39504, 6395040, 6420230, 25190
39505, 6395050, 6420243, 25193
39506, 6395060, 6420257, 25197
39507, 6395070, 6420270, 25200
39508, 6395080, 6420284, 25204
39509, 6395090, 6420297, 25207
39510, 6395100, 6420310, 25210
39511, 6395110, 6420324, 25214
39512, 6395120, 6420337, 25217
39513, 6395130, 6420350, 25220
39514, 6395140, 6420364, 25224
39516, 6395160, 6420377, 25217
39517, 6395170, 6420390, 25220
39518, 6395180, 6420404, 25224
39519, 6395190, 6420417, 25227
39520, 6395200, 6420430, 25230
39521, 6395210, 6424012, 28802
39522, 6395220, 6424025, 28805
39523, 6395230, 6424039, 28809
39524, 6395240, 6424052, 28812
39525, 6395250, 6424065, 28815
39527, 6395270, 6424079, 28809
39528, 6395280, 6424092, 28812
39529, 6395290, 6424106, 28816
39530, 6395300, 6424119, 28819
39531, 6395310, 6424132, 28822
39532, 6395320, 6424146, 28826
39533, 6395330, 6424159, 28829
39534, 6395340, 6424172, 28832
39535, 6395350, 6424186, 28836
39536, 6395360, 6424199, 28839
39537, 6395370, 6424212, 28842
39539, 6395390, 6424226, 28836
39540, 6395400, 6424239, 28839
39541, 6395410, 6424252, 28842
39542, 6395420, 6424266, 28846
39543, 6395430, 6424279, 28849
39544, 6395440, 6424293, 28853
39545, 6395450, 6424306, 28856
39546, 6395460, 6424319, 28859
39547, 6395470, 6424333, 28863
39548, 6395480, 6424346, 28866
39551, 6395510, 6424373, 28863
39552, 6395520, 6424386, 28866
39553, 6395530, 6424400, 28870
39554, 6395540, 6424413, 28873
39555, 6395550, 6424426, 28876
39556, 6395560, 6424440, 28880
39557, 6395570, 6424453, 28883
39558, 6395580, 6424466, 28886
39559, 6395590, 6424480, 28890
39561, 6395610, 6424493, 28883
39562, 6395620, 6424506, 28886
39563, 6395630, 6424520, 28890
39564, 6395640, 6424533, 28893
39565, 6395650, 6424546, 28896
39566, 6395660, 6424560, 28900
39567, 6395670, 6424573, 28903
39568, 6395680, 6424587, 28907
39569, 6395690, 6424600, 28910
39570, 6395700, 6424613, 28913
39571, 6395710, 6424627, 28917
39573, 6395730, 6424640, 28910
39574, 6395740, 6424653, 28913
39575, 6395750, 6424667, 28917
39576, 6395760, 6424680, 28920
39577, 6395770, 6424693, 28923
39578, 6395780, 6424707, 28927
39579, 6395790, 6424720, 28930
39580, 6395800, 6424734, 28934
39581, 6395810, 6424747, 28937
39582, 6395820, 6424760, 28940
39584, 6395840, 6424774, 28934
39585, 6395850, 6424787, 28937
39586, 6395860, 6424800, 28940
39587, 6395870, 6424814, 28944
39588, 6395880, 6424827, 28947
39589, 6395890, 6424840, 28950
39590, 6395900, 6424854, 28954
39591, 6395910, 6424867, 28957
39592, 6395920, 6424880, 28960
39593, 6395930, 6424894, 28964
39594, 6395940, 6424907, 28967
39596, 6395960, 6424921, 28961
39597, 6395970, 6424934, 28964
39598, 6395980, 6424947, 28967
39599, 6395990, 6424961, 28971
40002, 6400020, 6424987, 24967
40003, 6400030, 6425001, 24971
40004, 6400040, 6425014, 24974
40005, 6400050, 6425027, 24977
40006, 6400060, 6425041, 24981
40007, 6400070, 6425054, 24984
40008, 6400080, 6425067, 24987
40009, 6400090, 6425081, 24991
40010, 6400100, 6425094, 24994
40011, 6400110, 6425108, 24998
40013, 6400130, 6425121, 24991
40014, 6400140, 6425134, 24994
40015, 6400150, 6425148, 24998
40016, 6400160, 6425161, 25001
40017, 6400170, 6425174, 25004
40018, 6400180, 6425188, 25008
40019, 6400190, 6425201, 25011
40020, 6400200, 6425214, 25014
40021, 6400210, 6425228, 25018
40022, 6400220, 6425241, 25021
40024, 6400240, 6425254, 25014
40025, 6400250, 6425268, 25018
40026, 6400260, 6425281, 25021
40027, 6400270, 6425295, 25025
40028, 6400280, 6425308, 25028
40029, 6400290, 6425321, 25031
40030, 6400300, 6425335, 25035
40031, 6400310, 6425348, 25038
40032, 6400320, 6425361, 25041
40033, 6400330, 6425375, 25045
40034, 6400340, 6425388, 25048
40036, 6400360, 6425401, 25041
40037, 6400370, 6425415, 25045
40038, 6400380, 6425428, 25048
40039, 6400390, 6425442, 25052
40040, 6400400, 6425455, 25055
40041, 6400410, 6425468, 25058
40042, 6400420, 6425482, 25062
40043, 6400430, 6425495, 25065
40044, 6400440, 6425508, 25068
40045, 6400450, 6425522, 25072
40047, 6400470, 6425535, 25065
40048, 6400480, 6425548, 25068
40049, 6400490, 6425562, 25072
40051, 6400510, 6425589, 25079
40052, 6400520, 6425602, 25082
40053, 6400530, 6425615, 25085
40054, 6400540, 6425629, 25089
40055, 6400550, 6425642, 25092
40056, 6400560, 6425655, 25095
40057, 6400570, 6425669, 25099
40059, 6400590, 6425682, 25092
40060, 6400600, 6425695, 25095
40061, 6400610, 6425709, 25099
40062, 6400620, 6425722, 25102
40063, 6400630, 6425736, 25106
40064, 6400640, 6425749, 25109
40065, 6400650, 6425762, 25112
40066, 6400660, 6425776, 25116
40067, 6400670, 6425789, 25119
40068, 6400680, 6425802, 25122
40070, 6400700, 6425816, 25116
40071, 6400710, 6425829, 25119
40072, 6400720, 6425842, 25122
40073, 6400730, 6425856, 25126
40074, 6400740, 6425869, 25129
40075, 6400750, 6425882, 25132
40076, 6400760, 6425896, 25136
40077, 6400770, 6425909, 25139
40078, 6400780, 6425923, 25143
40079, 6400790, 6425936, 25146
40081, 6400810, 6425949, 25139
40082, 6400820, 6425963, 25143
40083, 6400830, 6425976, 25146
40084, 6400840, 6425989, 25149
40085, 6400850, 6426003, 25153
40086, 6400860, 6426016, 25156
40087, 6400870, 6426029, 25159
40088, 6400880, 6426043, 25163
40089, 6400890, 6426056, 25166
40090, 6400900, 6426070, 25170
40091, 6400910, 6426083, 25173
40093, 6400930, 6426096, 25166
40094, 6400940, 6426110, 25170
40095, 6400950, 6426123, 25173
40096, 6400960, 6426136, 25176
40097, 6400970, 6426150, 25180
40098, 6400980, 6426163, 25183
40099, 6400990, 6426176, 25186
40101, 6401010, 6426203, 25193
40102, 6401020, 6426217, 25197
40104, 6401040, 6426230, 25190
40105, 6401050, 6426243, 25193
40106, 6401060, 6426257, 25197
40107, 6401070, 6426270, 25200
40108, 6401080, 6426283, 25203
40109, 6401090, 6426297, 25207
40110, 6401100, 6426310, 25210
40111, 6401110, 6426323, 25213
40112, 6401120, 6426337, 25217
40113, 6401130, 6426350, 25220
40114, 6401140, 6426364, 25224
40116, 6401160, 6426377, 25217
40117, 6401170, 6426390, 25220
40118, 6401180, 6426404, 25224
40119, 6401190, 6426417, 25227
40120, 6401200, 6426430, 25230
40121, 6401210, 6430012, 28802
40122, 6401220, 6430025, 28805
40123, 6401230, 6430039, 28809
40124, 6401240, 6430052, 28812
40125, 6401250, 6430065, 28815
40127, 6401270, 6430079, 28809
40128, 6401280, 6430092, 28812
40129, 6401290, 6430106, 28816
40130, 6401300, 6430119, 28819
40131, 6401310, 6430132, 28822
40132, 6401320, 6430146, 28826
40133, 6401330, 6430159, 28829
40134, 6401340, 6430172, 28832
40135, 6401350, 6430186, 28836
40136, 6401360, 6430199, 28839
40138, 6401380, 6430212, 28832
40139, 6401390, 6430226, 28836
40140, 6401400, 6430239, 28839
40141, 6401410, 6430252, 28842
40142, 6401420, 6430266, 28846
40143, 6401430, 6430279, 28849
40144, 6401440, 6430293, 28853
40145, 6401450, 6430306, 28856
40146, 6401460, 6430319, 28859
40147, 6401470, 6430333, 28863
40148, 6401480, 6430346, 28866
40151, 6401510, 6430373, 28863
40152, 6401520, 6430386, 28866
40153, 6401530, 6430400, 28870
40154, 6401540, 6430413, 28873
40155, 6401550, 6430426, 28876
40156, 6401560, 6430440, 28880
40157, 6401570, 6430453, 28883
40158, 6401580, 6430466, 28886
40159, 6401590, 6430480, 28890
40161, 6401610, 6430493, 28883
40162, 6401620, 6430506, 28886
40163, 6401630, 6430520, 28890
40164, 6401640, 6430533, 28893
40165, 6401650, 6430546, 28896
40166, 6401660, 6430560, 28900
40167, 6401670, 6430573, 28903
40168, 6401680, 6430587, 28907
40169, 6401690, 6430600, 28910
40170, 6401700, 6430613, 28913
40171, 6401710, 6430627, 28917
40173, 6401730, 6430640, 28910
40174, 6401740, 6430653, 28913
40175, 6401750, 6430667, 28917
40176, 6401760, 6430680, 28920
40177, 6401770, 6430693, 28923
40178, 6401780, 6430707, 28927
40179, 6401790, 6430720, 28930
40180, 6401800, 6430734, 28934
40181, 6401810, 6430747, 28937
40182, 6401820, 6430760, 28940
40184, 6401840, 6430774, 28934
40185, 6401850, 6430787, 28937
40186, 6401860, 6430800, 28940
40187, 6401870, 6430814, 28944
40188, 6401880, 6430827, 28947
40189, 6401890, 6430840, 28950
40190, 6401900, 6430854, 28954
40191, 6401910, 6430867, 28957
40192, 6401920, 6430880, 28960
40193, 6401930, 6430894, 28964
40195, 6401950, 6430907, 28957
40196, 6401960, 6430921, 28961
40197, 6401970, 6430934, 28964
40198, 6401980, 6430947, 28967
40199, 6401990, 6430961, 28971
40602, 6406020, 6430987, 24967
40603, 6406030, 6431001, 24971
40604, 6406040, 6431014, 24974
40605, 6406050, 6431028, 24978
40606, 6406060, 6431041, 24981
40607, 6406070, 6431054, 24984
40608, 6406080, 6431068, 24988
40609, 6406090, 6431081, 24991
40610, 6406100, 6431094, 24994
40611, 6406110, 6431108, 24998
40613, 6406130, 6431121, 24991
40614, 6406140, 6431134, 24994
40615, 6406150, 6431148, 24998
40616, 6406160, 6431161, 25001
40617, 6406170, 6431174, 25004
40618, 6406180, 6431188, 25008
40619, 6406190, 6431201, 25011
40620, 6406200, 6431215, 25015
40621, 6406210, 6431228, 25018
40622, 6406220, 6431241, 25021
40624, 6406240, 6431255, 25015
40625, 6406250, 6431268, 25018
40626, 6406260, 6431281, 25021
40627, 6406270, 6431295, 25025
40628, 6406280, 6431308, 25028
40629, 6406290, 6431321, 25031
40630, 6406300, 6431335, 25035
40631, 6406310, 6431348, 25038
40632, 6406320, 6431362, 25042
40633, 6406330, 6431375, 25045
40634, 6406340, 6431388, 25048
40636, 6406360, 6431402, 25042
40637, 6406370, 6431415, 25045
40638, 6406380, 6431428, 25048
40639, 6406390, 6431442, 25052
40640, 6406400, 6431455, 25055
40641, 6406410, 6431468, 25058
40642, 6406420, 6431482, 25062
40643, 6406430, 6431495, 25065
40644, 6406440, 6431508, 25068
40645, 6406450, 6431522, 25072
40647, 6406470, 6431535, 25065
40648, 6406480, 6431549, 25069
40649, 6406490, 6431562, 25072
40651, 6406510, 6431589, 25079
40652, 6406520, 6431602, 25082
40653, 6406530, 6431615, 25085
40654, 6406540, 6431629, 25089
40655, 6406550, 6431642, 25092
40656, 6406560, 6431656, 25096
40657, 6406570, 6431669, 25099
40659, 6406590, 6431682, 25092
40660, 6406600, 6431696, 25096
40661, 6406610, 6431709, 25099
40662, 6406620, 6431722, 25102
40663, 6406630, 6431736, 25106
40664, 6406640, 6431749, 25109
40665, 6406650, 6431762, 25112
40666, 6406660, 6431776, 25116
40667, 6406670, 6431789, 25119
40668, 6406680, 6431802, 25122
40670, 6406700, 6431816, 25116
40671, 6406710, 6431829, 25119
40672, 6406720, 6431843, 25123
40673, 6406730, 6431856, 25126
40674, 6406740, 6431869, 25129
40675, 6406750, 6431883, 25133
40676, 6406760, 6431896, 25136
40677, 6406770, 6431909, 25139
40678, 6406780, 6431923, 25143
40679, 6406790, 6431936, 25146
40681, 6406810, 6431949, 25139
40682, 6406820, 6431963, 25143
40683, 6406830, 6431976, 25146
40684, 6406840, 6431990, 25150
40685, 6406850, 6432003, 25153
40686, 6406860, 6432016, 25156
40687, 6406870, 6432030, 25160
40688, 6406880, 6432043, 25163
40689, 6406890, 6432056, 25166
40690, 6406900, 6432070, 25170
40691, 6406910, 6432083, 25173
40693, 6406930, 6432096, 25166
40694, 6406940, 6432110, 25170
40695, 6406950, 6432123, 25173
40696, 6406960, 6432136, 25176
40697, 6406970, 6432150, 25180
40698, 6406980, 6432163, 25183
40699, 6406990, 6432177, 25187
40701, 6407010, 6432203, 25193
40702, 6407020, 6432217, 25197
40704, 6407040, 6432230, 25190
40705, 6407050, 6432243, 25193
40706, 6407060, 6432257, 25197
40707, 6407070, 6432270, 25200
40708, 6407080, 6432284, 25204
40709, 6407090, 6432297, 25207
40710, 6407100, 6432310, 25210
40711, 6407110, 6432324, 25214
40712, 6407120, 6432337, 25217
40713, 6407130, 6432350, 25220
40714, 6407140, 6432364, 25224
40716, 6407160, 6432377, 25217
40717, 6407170, 6432390, 25220
40718, 6407180, 6432404, 25224
40719, 6407190, 6432417, 25227
40720, 6407200, 6432430, 25230
40721, 6407210, 6436012, 28802
40722, 6407220, 6436025, 28805
40723, 6407230, 6436039, 28809
40724, 6407240, 6436052, 28812
40725, 6407250, 6436065, 28815
40727, 6407270, 6436079, 28809
40728, 6407280, 6436092, 28812
40729, 6407290, 6436106, 28816
40730, 6407300, 6436119, 28819
40731, 6407310, 6436132, 28822
40732, 6407320, 6436146, 28826
40733, 6407330, 6436159, 28829
40734, 6407340, 6436172, 28832
40735, 6407350, 6436186, 28836
40736, 6407360, 6436199, 28839
40738, 6407380, 6436212, 28832
40739, 6407390, 6436226, 28836
40740, 6407400, 6436239, 28839
40741, 6407410, 6436252, 28842
40742, 6407420, 6436266, 28846
40743, 6407430, 6436279, 28849
40744, 6407440, 6436293, 28853
40745, 6407450, 6436306, 28856
40746, 6407460, 6436319, 28859
40747, 6407470, 6436333, 28863
40748, 6407480, 6436346, 28866
40751, 6407510, 6436373, 28863
40752, 6407520, 6436386, 28866
40753, 6407530, 6436400, 28870
40754, 6407540, 6436413, 28873
40755, 6407550, 6436426, 28876
40756, 6407560, 6436440, 28880
40757, 6407570, 6436453, 28883
40758, 6407580, 6436466, 28886
40759, 6407590, 6436480, 28890
40761, 6407610, 6436493, 28883
40762, 6407620, 6436506, 28886
40763, 6407630, 6436520, 28890
40764, 6407640, 6436533, 28893
40765, 6407650, 6436546, 28896
40766, 6407660, 6436560, 28900
40767, 6407670, 6436573, 28903
40768, 6407680, 6436587, 28907
40769, 6407690, 6436600, 28910
40770, 6407700, 6436613, 28913
40771, 6407710, 6436627, 28917
40773, 6407730, 6436640, 28910
40774, 6407740, 6436653, 28913
40775, 6407750, 6436667, 28917
40776, 6407760, 6436680, 28920
40777, 6407770, 6436693, 28923
40778, 6407780, 6436707, 28927
40779, 6407790, 6436720, 28930
40780, 6407800, 6436734, 28934
40781, 6407810, 6436747, 28937
40782, 6407820, 6436760, 28940
40784, 6407840, 6436774, 28934
40785, 6407850, 6436787, 28937
40786, 6407860, 6436800, 28940
40787, 6407870, 6436814, 28944
40788, 6407880, 6436827, 28947
40789, 6407890, 6436840, 28950
40790, 6407900, 6436854, 28954
40791, 6407910, 6436867, 28957
40792, 6407920, 6436880, 28960
40793, 6407930, 6436894, 28964
40795, 6407950, 6436907, 28957
40796, 6407960, 6436921, 28961
40797, 6407970, 6436934, 28964
40798, 6407980, 6436947, 28967
40799, 6407990, 6436961, 28971
41202, 6412020, 6436987, 24967
41203, 6412030, 6437001, 24971
41204, 6412040, 6437014, 24974
41205, 6412050, 6437028, 24978
41206, 6412060, 6437041, 24981
41207, 6412070, 6437054, 24984
41208, 6412080, 6437068, 24988
41209, 6412090, 6437081, 24991
41210, 6412100, 6437094, 24994
41211, 6412110, 6437108, 24998
41213, 6412130, 6437121, 24991
41214, 6412140, 6437134, 24994
41215, 6412150, 6437148, 24998
41216, 6412160, 6437161, 25001
41217, 6412170, 6437174, 25004
41218, 6412180, 6437188, 25008
41219, 6412190, 6437201, 25011
41220, 6412200, 6437215, 25015
41221, 6412210, 6437228, 25018
41222, 6412220, 6437241, 25021
41224, 6412240, 6437255, 25015
41225, 6412250, 6437268, 25018
41226, 6412260, 6437281, 25021
41227, 6412270, 6437295, 25025
41228, 6412280, 6437308, 25028
41229, 6412290, 6437321, 25031
41230, 6412300, 6437335, 25035
41231, 6412310, 6437348, 25038
41232, 6412320, 6437362, 25042
41233, 6412330, 6437375, 25045
41234, 6412340, 6437388, 25048
41236, 6412360, 6437402, 25042
41237, 6412370, 6437415, 25045
41238, 6412380, 6437428, 25048
41239, 6412390, 6437442, 25052
41240, 6412400, 6437455, 25055
41241, 6412410, 6437468, 25058
41242, 6412420, 6437482, 25062
41243, 6412430, 6437495, 25065
41244, 6412440, 6437508, 25068
41245, 6412450, 6437522, 25072
41247, 6412470, 6437535, 25065
41248, 6412480, 6437549, 25069
41249, 6412490, 6437562, 25072
41251, 6412510, 6437589, 25079
41252, 6412520, 6437602, 25082
41253, 6412530, 6437615, 25085
41254, 6412540, 6437629, 25089
41255, 6412550, 6437642, 25092
41256, 6412560, 6437656, 25096
41257, 6412570, 6437669, 25099
41259, 6412590, 6437682, 25092
41260, 6412600, 6437696, 25096
41261, 6412610, 6437709, 25099
41262, 6412620, 6437722, 25102
41263, 6412630, 6437736, 25106
41264, 6412640, 6437749, 25109
41265, 6412650, 6437762, 25112
41266, 6412660, 6437776, 25116
41267, 6412670, 6437789, 25119
41268, 6412680, 6437802, 25122
41270, 6412700, 6437816, 25116
41271, 6412710, 6437829, 25119
41272, 6412720, 6437843, 25123
41273, 6412730, 6437856, 25126
41274, 6412740, 6437869, 25129
41275, 6412750, 6437883, 25133
41276, 6412760, 6437896, 25136
41277, 6412770, 6437909, 25139
41278, 6412780, 6437923, 25143
41279, 6412790, 6437936, 25146
41281, 6412810, 6437949, 25139
41282, 6412820, 6437963, 25143
41283, 6412830, 6437976, 25146
41284, 6412840, 6437990, 25150
41285, 6412850, 6438003, 25153
41286, 6412860, 6438016, 25156
41287, 6412870, 6438030, 25160
41288, 6412880, 6438043, 25163
41289, 6412890, 6438056, 25166
41290, 6412900, 6438070, 25170
41291, 6412910, 6438083, 25173
41293, 6412930, 6438096, 25166
41294, 6412940, 6438110, 25170
41295, 6412950, 6438123, 25173
41296, 6412960, 6438136, 25176
41297, 6412970, 6438150, 25180
41298, 6412980, 6438163, 25183
41299, 6412990, 6438177, 25187
41301, 6413010, 6438203, 25193
41302, 6413020, 6438217, 25197
41304, 6413040, 6438230, 25190
41305, 6413050, 6438243, 25193
41306, 6413060, 6438257, 25197
41307, 6413070, 6438270, 25200
41308, 6413080, 6438284, 25204
41309, 6413090, 6438297, 25207
41310, 6413100, 6438310, 25210
41311, 6413110, 6438324, 25214
41312, 6413120, 6438337, 25217
41313, 6413130, 6438350, 25220
41314, 6413140, 6438364, 25224
41316, 6413160, 6438377, 25217
41317, 6413170, 6438390, 25220
41318, 6413180, 6438404, 25224
41319, 6413190, 6438417, 25227
41320, 6413200, 6438430, 25230
41321, 6413210, 6442012, 28802
41322, 6413220, 6442025, 28805
41323, 6413230, 6442039, 28809
41324, 6413240, 6442052, 28812
41325, 6413250, 6442065, 28815
41327, 6413270, 6442079, 28809
41328, 6413280, 6442092, 28812
41329, 6413290, 6442106, 28816
41330, 6413300, 6442119, 28819
41331, 6413310, 6442132, 28822
41332, 6413320, 6442146, 28826
41333, 6413330, 6442159, 28829
41334, 6413340, 6442172, 28832
41335, 6413350, 6442186, 28836
41336, 6413360, 6442199, 28839
41338, 6413380, 6442212, 28832
41339, 6413390, 6442226, 28836
41340, 6413400, 6442239, 28839
41341, 6413410, 6442252, 28842
41342, 6413420, 6442266, 28846
41343, 6413430, 6442279, 28849
41344, 6413440, 6442293, 28853
41345, 6413450, 6442306, 28856
41346, 6413460, 6442319, 28859
41347, 6413470, 6442333, 28863
41348, 6413480, 6442346, 28866
41351, 6413510, 6442373, 28863
41352, 6413520, 6442386, 28866
41353, 6413530, 6442400, 28870
41354, 6413540, 6442413, 28873
41355, 6413550, 6442426, 28876
41356, 6413560, 6442440, 28880
41357, 6413570, 6442453, 28883
41358, 6413580, 6442466, 28886
41359, 6413590, 6442480, 28890
41361, 6413610, 6442493, 28883
41362, 6413620, 6442506, 28886
41363, 6413630, 6442520, 28890
41364, 6413640, 6442533, 28893
41365, 6413650, 6442546, 28896
41366, 6413660, 6442560, 28900
41367, 6413670, 6442573, 28903
41368, 6413680, 6442587, 28907
41369, 6413690, 6442600, 28910
41370, 6413700, 6442613, 28913
41371, 6413710, 6442627, 28917
41373, 6413730, 6442640, 28910
41374, 6413740, 6442653, 28913
41375, 6413750, 6442667, 28917
41376, 6413760, 6442680, 28920
41377, 6413770, 6442693, 28923
41378, 6413780, 6442707, 28927
41379, 6413790, 6442720, 28930
41380, 6413800, 6442734, 28934
41381, 6413810, 6442747, 28937
41382, 6413820, 6442760, 28940
41384, 6413840, 6442774, 28934
41385, 6413850, 6442787, 28937
41386, 6413860, 6442800, 28940
41387, 6413870, 6442814, 28944
41388, 6413880, 6442827, 28947
41389, 6413890, 6442840, 28950
41390, 6413900, 6442854, 28954
41391, 6413910, 6442867, 28957
41392, 6413920, 6442880, 28960
41393, 6413930, 6442894, 28964
41395, 6413950, 6442907, 28957
41396, 6413960, 6442921, 28961
41397, 6413970, 6442934, 28964
41398, 6413980, 6442947, 28967
41399, 6413990, 6442961, 28971
41802, 6418020, 6442987, 24967
41803, 6418030, 6443001, 24971
41804, 6418040, 6443014, 24974
41805, 6418050, 6443028, 24978
41806, 6418060, 6443041, 24981
41807, 6418070, 6443054, 24984
41808, 6418080, 6443068, 24988
41809, 6418090, 6443081, 24991
41810, 6418100, 6443094, 24994
41811, 6418110, 6443108, 24998
41813, 6418130, 6443121, 24991
41814, 6418140, 6443134, 24994
41815, 6418150, 6443148, 24998
41816, 6418160, 6443161, 25001
41817, 6418170, 6443174, 25004
41818, 6418180, 6443188, 25008
41819, 6418190, 6443201, 25011
41820, 6418200, 6443215, 25015
41821, 6418210, 6443228, 25018
41822, 6418220, 6443241, 25021
41824, 6418240, 6443255, 25015
41825, 6418250, 6443268, 25018
41826, 6418260, 6443281, 25021
41827, 6418270, 6443295, 25025
41828, 6418280, 6443308, 25028
41829, 6418290, 6443321, 25031
41830, 6418300, 6443335, 25035
41831, 6418310, 6443348, 25038
41832, 6418320, 6443362, 25042
41833, 6418330, 6443375, 25045
41834, 6418340, 6443388, 25048
41836, 6418360, 6443402, 25042
41837, 6418370, 6443415, 25045
41838, 6418380, 6443428, 25048
41839, 6418390, 6443442, 25052
41840, 6418400, 6443455, 25055
41841, 6418410, 6443468, 25058
41842, 6418420, 6443482, 25062
41843, 6418430, 6443495, 25065
41844, 6418440, 6443508, 25068
41845, 6418450, 6443522, 25072
41847, 6418470, 6443535, 25065
41848, 6418480, 6443549, 25069
41849, 6418490, 6443562, 25072
41851, 6418510, 6443589, 25079
41852, 6418520, 6443602, 25082
41853, 6418530, 6443615, 25085
41854, 6418540, 6443629, 25089
41855, 6418550, 6443642, 25092
41856, 6418560, 6443656, 25096
41857, 6418570, 6443669, 25099
41859, 6418590, 6443682, 25092
41860, 6418600, 6443696, 25096
41861, 6418610, 6443709, 25099
41862, 6418620, 6443722, 25102
41863, 6418630, 6443736, 25106
41864, 6418640, 6443749, 25109
41865, 6418650, 6443762, 25112
41866, 6418660, 6443776, 25116
41867, 6418670, 6443789, 25119
41868, 6418680, 6443802, 25122
41870, 6418700, 6443816, 25116
41871, 6418710, 6443829, 25119
41872, 6418720, 6443843, 25123
41873, 6418730, 6443856, 25126
41874, 6418740, 6443869, 25129
41875, 6418750, 6443883, 25133
41876, 6418760, 6443896, 25136
41877, 6418770, 6443909, 25139
41878, 6418780, 6443923, 25143
41879, 6418790, 6443936, 25146
41881, 6418810, 6443949, 25139
41882, 6418820, 6443963, 25143
41883, 6418830, 6443976, 25146
41884, 6418840, 6443990, 25150
41885, 6418850, 6444003, 25153
41886, 6418860, 6444016, 25156
41887, 6418870, 6444030, 25160
41888, 6418880, 6444043, 25163
41889, 6418890, 6444056, 25166
41890, 6418900, 6444070, 25170
41891, 6418910, 6444083, 25173
41893, 6418930, 6444096, 25166
41894, 6418940, 6444110, 25170
41895, 6418950, 6444123, 25173
41896, 6418960, 6444136, 25176
41897, 6418970, 6444150, 25180
41898, 6418980, 6444163, 25183
41899, 6418990, 6444177, 25187
41901, 6419010, 6444203, 25193
41902, 6419020, 6444217, 25197
41904, 6419040, 6444230, 25190
41905, 6419050, 6444243, 25193
41906, 6419060, 6444257, 25197
41907, 6419070, 6444270, 25200
41908, 6419080, 6444284, 25204
41909, 6419090, 6444297, 25207
41910, 6419100, 6444310, 25210
41911, 6419110, 6444324, 25214
41912, 6419120, 6444337, 25217
41913, 6419130, 6444350, 25220
41914, 6419140, 6444364, 25224
41916, 6419160, 6444377, 25217
41917, 6419170, 6444390, 25220
41918, 6419180, 6444404, 25224
41919, 6419190, 6444417, 25227
41920, 6419200, 6444430, 25230
41921, 6419210, 6448012, 28802
41922, 6419220, 6448025, 28805
41923, 6419230, 6448039, 28809
41924, 6419240, 6448052, 28812
41925, 6419250, 6448065, 28815
41927, 6419270, 6448079, 28809
41928, 6419280, 6448092, 28812
41929, 6419290, 6448106, 28816
41930, 6419300, 6448119, 28819
41931, 6419310, 6448132, 28822
41932, 6419320, 6448146, 28826
41933, 6419330, 6448159, 28829
41934, 6419340, 6448172, 28832
41935, 6419350, 6448186, 28836
41936, 6419360, 6448199, 28839
41938, 6419380, 6448212, 28832
41939, 6419390, 6448226, 28836
41940, 6419400, 6448239, 28839
41941, 6419410, 6448252, 28842
41942, 6419420, 6448266, 28846
41943, 6419430, 6448279, 28849
41944, 6419440, 6448293, 28853
41945, 6419450, 6448306, 28856
41946, 6419460, 6448319, 28859
41947, 6419470, 6448333, 28863
41948, 6419480, 6448346, 28866
41951, 6419510, 6448373, 28863
41952, 6419520, 6448386, 28866
41953, 6419530, 6448400, 28870
41954, 6419540, 6448413, 28873
41955, 6419550, 6448426, 28876
41956, 6419560, 6448440, 28880
41957, 6419570, 6448453, 28883
41958, 6419580, 6448466, 28886
41959, 6419590, 6448480, 28890
41961, 6419610, 6448493, 28883
41962, 6419620, 6448506, 28886
41963, 6419630, 6448520, 28890
41964, 6419640, 6448533, 28893
41965, 6419650, 6448546, 28896
41966, 6419660, 6448560, 28900
41967, 6419670, 6448573, 28903
41968, 6419680, 6448587, 28907
41969, 6419690, 6448600, 28910
41970, 6419700, 6448613, 28913
41971, 6419710, 6448627, 28917
41973, 6419730, 6448640, 28910
41974, 6419740, 6448653, 28913
41975, 6419750, 6448667, 28917
41976, 6419760, 6448680, 28920
41977, 6419770, 6448693, 28923
41978, 6419780, 6448707, 28927
41979, 6419790, 6448720, 28930
41980, 6419800, 6448734, 28934
41981, 6419810, 6448747, 28937
41982, 6419820, 6448760, 28940
41984, 6419840, 6448774, 28934
41985, 6419850, 6448787, 28937
41986, 6419860, 6448800, 28940
41987, 6419870, 6448814, 28944
41988, 6419880, 6448827, 28947
41989, 6419890, 6448840, 28950
41990, 6419900, 6448854, 28954
41991, 6419910, 6448867, 28957
41992, 6419920, 6448880, 28960
41993, 6419930, 6448894, 28964
41995, 6419950, 6448907, 28957
41996, 6419960, 6448921, 28961
41997, 6419970, 6448934, 28964
41998, 6419980, 6448947, 28967
41999, 6419990, 6448961, 28971
42402, 6424020, 6448987, 24967
42403, 6424030, 6449001, 24971
42404, 6424040, 6449014, 24974
42405, 6424050, 6449028, 24978
42406, 6424060, 6449041, 24981
42407, 6424070, 6449054, 24984
42408, 6424080, 6449068, 24988
42409, 6424090, 6449081, 24991
42410, 6424100, 6449094, 24994
42411, 6424110, 6449108, 24998
42413, 6424130, 6449121, 24991
42414, 6424140, 6449134, 24994
42415, 6424150, 6449148, 24998
42416, 6424160, 6449161, 25001
42417, 6424170, 6449174, 25004
42418, 6424180, 6449188, 25008
42419, 6424190, 6449201, 25011
42420, 6424200, 6449215, 25015
42421, 6424210, 6449228, 25018
42422, 6424220, 6449241, 25021
42424, 6424240, 6449255, 25015
42425, 6424250, 6449268, 25018
42426, 6424260, 6449281, 25021
42427, 6424270, 6449295, 25025
42428, 6424280, 6449308, 25028
42429, 6424290, 6449321, 25031
42430, 6424300, 6449335, 25035
42431, 6424310, 6449348, 25038
42432, 6424320, 6449362, 25042
42433, 6424330, 6449375, 25045
42434, 6424340, 6449388, 25048
42436, 6424360, 6449402, 25042
42437, 6424370, 6449415, 25045
42438, 6424380, 6449428, 25048
42439, 6424390, 6449442, 25052
42440, 6424400, 6449455, 25055
42441, 6424410, 6449468, 25058
42442, 6424420, 6449482, 25062
42443, 6424430, 6449495, 25065
42444, 6424440, 6449508, 25068
42445, 6424450, 6449522, 25072
42447, 6424470, 6449535, 25065
42448, 6424480, 6449549, 25069
42449, 6424490, 6449562, 25072
42451, 6424510, 6449589, 25079
42452, 6424520, 6449602, 25082
42453, 6424530, 6449615, 25085
42454, 6424540, 6449629, 25089
42455, 6424550, 6449642, 25092
42456, 6424560, 6449656, 25096
42457, 6424570, 6449669, 25099
42459, 6424590, 6449682, 25092
42460, 6424600, 6449696, 25096
42461, 6424610, 6449709, 25099
42462, 6424620, 6449722, 25102
42463, 6424630, 6449736, 25106
42464, 6424640, 6449749, 25109
42465, 6424650, 6449762, 25112
42466, 6424660, 6449776, 25116
42467, 6424670, 6449789, 25119
42468, 6424680, 6449802, 25122
42470, 6424700, 6449816, 25116
42471, 6424710, 6449829, 25119
42472, 6424720, 6449843, 25123
42473, 6424730, 6449856, 25126
42474, 6424740, 6449869, 25129
42475, 6424750, 6449883, 25133
42476, 6424760, 6449896, 25136
42477, 6424770, 6449909, 25139
42478, 6424780, 6449923, 25143
42479, 6424790, 6449936, 25146
42480, 6424800, 6449949, 25149
42482, 6424820, 6449963, 25143
42483, 6424830, 6449976, 25146
42484, 6424840, 6449990, 25150
42485, 6424850, 6450003, 25153
42486, 6424860, 6450016, 25156
42487, 6424870, 6450030, 25160
42488, 6424880, 6450043, 25163
42489, 6424890, 6450056, 25166
42490, 6424900, 6450070, 25170
42491, 6424910, 6450083, 25173
42493, 6424930, 6450096, 25166
42494, 6424940, 6450110, 25170
42495, 6424950, 6450123, 25173
42496, 6424960, 6450136, 25176
42497, 6424970, 6450150, 25180
42498, 6424980, 6450163, 25183
42499, 6424990, 6450177, 25187
42501, 6425010, 6450203, 25193
42502, 6425020, 6450217, 25197
42504, 6425040, 6450230, 25190
42505, 6425050, 6450243, 25193
42506, 6425060, 6450257, 25197
42507, 6425070, 6450270, 25200
42508, 6425080, 6450284, 25204
42509, 6425090, 6450297, 25207
42510, 6425100, 6450310, 25210
42511, 6425110, 6450324, 25214
42512, 6425120, 6450337, 25217
42513, 6425130, 6450350, 25220
42514, 6425140, 6450364, 25224
42516, 6425160, 6450377, 25217
42517, 6425170, 6450390, 25220
42518, 6425180, 6450404, 25224
42519, 6425190, 6450417, 25227
42520, 6425200, 6450430, 25230
42521, 6425210, 6454012, 28802
42522, 6425220, 6454025, 28805
42523, 6425230, 6454039, 28809
42524, 6425240, 6454052, 28812
42525, 6425250, 6454065, 28815
42527, 6425270, 6454079, 28809
42528, 6425280, 6454092, 28812
42529, 6425290, 6454106, 28816
42530, 6425300, 6454119, 28819
42531, 6425310, 6454132, 28822
42532, 6425320, 6454146, 28826
42533, 6425330, 6454159, 28829
42534, 6425340, 6454172, 28832
42535, 6425350, 6454186, 28836
42536, 6425360, 6454199, 28839
42537, 6425370, 6454212, 28842
42539, 6425390, 6454226, 28836
42540, 6425400, 6454239, 28839
42541, 6425410, 6454252, 28842
42542, 6425420, 6454266, 28846
42543, 6425430, 6454279, 28849
42544, 6425440, 6454293, 28853
42545, 6425450, 6454306, 28856
42546, 6425460, 6454319, 28859
42547, 6425470, 6454333, 28863
42548, 6425480, 6454346, 28866
42551, 6425510, 6454373, 28863
42552, 6425520, 6454386, 28866
42553, 6425530, 6454400, 28870
42554, 6425540, 6454413, 28873
42555, 6425550, 6454426, 28876
42556, 6425560, 6454440, 28880
42557, 6425570, 6454453, 28883
42558, 6425580, 6454466, 28886
42559, 6425590, 6454480, 28890
42561, 6425610, 6454493, 28883
42562, 6425620, 6454506, 28886
42563, 6425630, 6454520, 28890
42564, 6425640, 6454533, 28893
42565, 6425650, 6454546, 28896
42566, 6425660, 6454560, 28900
42567, 6425670, 6454573, 28903
42568, 6425680, 6454587, 28907
42569, 6425690, 6454600, 28910
42570, 6425700, 6454613, 28913
42571, 6425710, 6454627, 28917
42573, 6425730, 6454640, 28910
42574, 6425740, 6454653, 28913
42575, 6425750, 6454667, 28917
42576, 6425760, 6454680, 28920
42577, 6425770, 6454693, 28923
42578, 6425780, 6454707, 28927
42579, 6425790, 6454720, 28930
42580, 6425800, 6454734, 28934
42581, 6425810, 6454747, 28937
42582, 6425820, 6454760, 28940
42584, 6425840, 6454774, 28934
42585, 6425850, 6454787, 28937
42586, 6425860, 6454800, 28940
42587, 6425870, 6454814, 28944
42588, 6425880, 6454827, 28947
42589, 6425890, 6454840, 28950
42590, 6425900, 6454854, 28954
42591, 6425910, 6454867, 28957
42592, 6425920, 6454880, 28960
42593, 6425930, 6454894, 28964
42594, 6425940, 6454907, 28967
42596, 6425960, 6454921, 28961
42597, 6425970, 6454934, 28964
42598, 6425980, 6454947, 28967
42599, 6425990, 6454961, 28971
43002, 6430020, 6454987, 24967
43003, 6430030, 6455001, 24971
43004, 6430040, 6455014, 24974
43005, 6430050, 6455027, 24977
43006, 6430060, 6455041, 24981
43007, 6430070, 6455054, 24984
43008, 6430080, 6455067, 24987
43009, 6430090, 6455081, 24991
43010, 6430100, 6455094, 24994
43011, 6430110, 6455108, 24998
43013, 6430130, 6455121, 24991
43014, 6430140, 6455134, 24994
43015, 6430150, 6455148, 24998
43016, 6430160, 6455161, 25001
43017, 6430170, 6455174, 25004
43018, 6430180, 6455188, 25008
43019, 6430190, 6455201, 25011
43020, 6430200, 6455214, 25014
43021, 6430210, 6455228, 25018
43022, 6430220, 6455241, 25021
43024, 6430240, 6455254, 25014
43025, 6430250, 6455268, 25018
43026, 6430260, 6455281, 25021
43027, 6430270, 6455295, 25025
43028, 6430280, 6455308, 25028
43029, 6430290, 6455321, 25031
43030, 6430300, 6455335, 25035
43031, 6430310, 6455348, 25038
43032, 6430320, 6455361, 25041
43033, 6430330, 6455375, 25045
43034, 6430340, 6455388, 25048
43036, 6430360, 6455401, 25041
43037, 6430370, 6455415, 25045
43038, 6430380, 6455428, 25048
43039, 6430390, 6455442, 25052
43040, 6430400, 6455455, 25055
43041, 6430410, 6455468, 25058
43042, 6430420, 6455482, 25062
43043, 6430430, 6455495, 25065
43044, 6430440, 6455508, 25068
43045, 6430450, 6455522, 25072
43047, 6430470, 6455535, 25065
43048, 6430480, 6455548, 25068
43049, 6430490, 6455562, 25072
43051, 6430510, 6455589, 25079
43052, 6430520, 6455602, 25082
43053, 6430530, 6455615, 25085
43054, 6430540, 6455629, 25089
43055, 6430550, 6455642, 25092
43056, 6430560, 6455655, 25095
43057, 6430570, 6455669, 25099
43059, 6430590, 6455682, 25092
43060, 6430600, 6455695, 25095
43061, 6430610, 6455709, 25099
43062, 6430620, 6455722, 25102
43063, 6430630, 6455736, 25106
43064, 6430640, 6455749, 25109
43065, 6430650, 6455762, 25112
43066, 6430660, 6455776, 25116
43067, 6430670, 6455789, 25119
43068, 6430680, 6455802, 25122
43070, 6430700, 6455816, 25116
43071, 6430710, 6455829, 25119
43072, 6430720, 6455842, 25122
43073, 6430730, 6455856, 25126
43074, 6430740, 6455869, 25129
43075, 6430750, 6455882, 25132
43076, 6430760, 6455896, 25136
43077, 6430770, 6455909, 25139
43078, 6430780, 6455923, 25143
43079, 6430790, 6455936, 25146
43081, 6430810, 6455949, 25139
43082, 6430820, 6455963, 25143
43083, 6430830, 6455976, 25146
43084, 6430840, 6455989, 25149
43085, 6430850, 6456003, 25153
43086, 6430860, 6456016, 25156
43087, 6430870, 6456029, 25159
43088, 6430880, 6456043, 25163
43089, 6430890, 6456056, 25166
43090, 6430900, 6456070, 25170
43091, 6430910, 6456083, 25173
43093, 6430930, 6456096, 25166
43094, 6430940, 6456110, 25170
43095, 6430950, 6456123, 25173
43096, 6430960, 6456136, 25176
43097, 6430970, 6456150, 25180
43098, 6430980, 6456163, 25183
43099, 6430990, 6456176, 25186
43101, 6431010, 6456203, 25193
43102, 6431020, 6456217, 25197
43104, 6431040, 6456230, 25190
43105, 6431050, 6456243, 25193
43106, 6431060, 6456257, 25197
43107, 6431070, 6456270, 25200
43108, 6431080, 6456283, 25203
43109, 6431090, 6456297, 25207
43110, 6431100, 6456310, 25210
43111, 6431110, 6456323, 25213
43112, 6431120, 6456337, 25217
43113, 6431130, 6456350, 25220
43114, 6431140, 6456364, 25224
43116, 6431160, 6456377, 25217
43117, 6431170, 6456390, 25220
43118, 6431180, 6456404, 25224
43119, 6431190, 6456417, 25227
43120, 6431200, 6456430, 25230
43121, 6431210, 6460012, 28802
43122, 6431220, 6460025, 28805
43123, 6431230, 6460039, 28809
43124, 6431240, 6460052, 28812
43125, 6431250, 6460065, 28815
43127, 6431270, 6460079, 28809
43128, 6431280, 6460092, 28812
43129, 6431290, 6460106, 28816
43130, 6431300, 6460119, 28819
43131, 6431310, 6460132, 28822
43132, 6431320, 6460146, 28826
43133, 6431330, 6460159, 28829
43134, 6431340, 6460172, 28832
43135, 6431350, 6460186, 28836
43136, 6431360, 6460199, 28839
43138, 6431380, 6460212, 28832
43139, 6431390, 6460226, 28836
43140, 6431400, 6460239, 28839
43141, 6431410, 6460252, 28842
43142, 6431420, 6460266, 28846
43143, 6431430, 6460279, 28849
43144, 6431440, 6460293, 28853
43145, 6431450, 6460306, 28856
43146, 6431460, 6460319, 28859
43147, 6431470, 6460333, 28863
43148, 6431480, 6460346, 28866
43151, 6431510, 6460373, 28863
43152, 6431520, 6460386, 28866
43153, 6431530, 6460400, 28870
43154, 6431540, 6460413, 28873
43155, 6431550, 6460426, 28876
43156, 6431560, 6460440, 28880
43157, 6431570, 6460453, 28883
43158, 6431580, 6460466, 28886
43159, 6431590, 6460480, 28890
43161, 6431610, 6460493, 28883
43162, 6431620, 6460506, 28886
43163, 6431630, 6460520, 28890
43164, 6431640, 6460533, 28893
43165, 6431650, 6460546, 28896
43166, 6431660, 6460560, 28900
43167, 6431670, 6460573, 28903
43168, 6431680, 6460587, 28907
43169, 6431690, 6460600, 28910
43170, 6431700, 6460613, 28913
43171, 6431710, 6460627, 28917
43173, 6431730, 6460640, 28910
43174, 6431740, 6460653, 28913
43175, 6431750, 6460667, 28917
43176, 6431760, 6460680, 28920
43177, 6431770, 6460693, 28923
43178, 6431780, 6460707, 28927
43179, 6431790, 6460720, 28930
43180, 6431800, 6460734, 28934
43181, 6431810, 6460747, 28937
43182, 6431820, 6460760, 28940
43184, 6431840, 6460774, 28934
43185, 6431850, 6460787, 28937
43186, 6431860, 6460800, 28940
43187, 6431870, 6460814, 28944
43188, 6431880, 6460827, 28947
43189, 6431890, 6460840, 28950
43190, 6431900, 6460854, 28954
43191, 6431910, 6460867, 28957
43192, 6431920, 6460880, 28960
43193, 6431930, 6460894, 28964
43195, 6431950, 6460907, 28957
43196, 6431960, 6460921, 28961
43197, 6431970, 6460934, 28964
43198, 6431980, 6460947, 28967
43199, 6431990, 6460961, 28971
43602, 6436020, 6460987, 24967
43603, 6436030, 6461001, 24971
43604, 6436040, 6461014, 24974
43605, 6436050, 6461028, 24978
43606, 6436060, 6461041, 24981
43607, 6436070, 6461054, 24984
43608, 6436080, 6461068, 24988
43609, 6436090, 6461081, 24991
43610, 6436100, 6461094, 24994
43611, 6436110, 6461108, 24998
43613, 6436130, 6461121, 24991
43614, 6436140, 6461134, 24994
43615, 6436150, 6461148, 24998
43616, 6436160, 6461161, 25001
43617, 6436170, 6461174, 25004
43618, 6436180, 6461188, 25008
43619, 6436190, 6461201, 25011
43620, 6436200, 6461215, 25015
43621, 6436210, 6461228, 25018
43622, 6436220, 6461241, 25021
43624, 6436240, 6461255, 25015
43625, 6436250, 6461268, 25018
43626, 6436260, 6461281, 25021
43627, 6436270, 6461295, 25025
43628, 6436280, 6461308, 25028
43629, 6436290, 6461321, 25031
43630, 6436300, 6461335, 25035
43631, 6436310, 6461348, 25038
43632, 6436320, 6461362, 25042
43633, 6436330, 6461375, 25045
43634, 6436340, 6461388, 25048
43636, 6436360, 6461402, 25042
43637, 6436370, 6461415, 25045
43638, 6436380, 6461428, 25048
43639, 6436390, 6461442, 25052
43640, 6436400, 6461455, 25055
43641, 6436410, 6461468, 25058
43642, 6436420, 6461482, 25062
43643, 6436430, 6461495, 25065
43644, 6436440, 6461508, 25068
43645, 6436450, 6461522, 25072
43647, 6436470, 6461535, 25065
43648, 6436480, 6461549, 25069
43649, 6436490, 6461562, 25072
43651, 6436510, 6461589, 25079
43652, 6436520, 6461602, 25082
43653, 6436530, 6461615, 25085
43654, 6436540, 6461629, 25089
43655, 6436550, 6461642, 25092
43656, 6436560, 6461656, 25096
43657, 6436570, 6461669, 25099
43659, 6436590, 6461682, 25092
43660, 6436600, 6461696, 25096
43661, 6436610, 6461709, 25099
43662, 6436620, 6461722, 25102
43663, 6436630, 6461736, 25106
43664, 6436640, 6461749, 25109
43665, 6436650, 6461762, 25112
43666, 6436660, 6461776, 25116
43667, 6436670, 6461789, 25119
43668, 6436680, 6461802, 25122
43670, 6436700, 6461816, 25116
43671, 6436710, 6461829, 25119
43672, 6436720, 6461843, 25123
43673, 6436730, 6461856, 25126
43674, 6436740, 6461869, 25129
43675, 6436750, 6461883, 25133
43676, 6436760, 6461896, 25136
43677, 6436770, 6461909, 25139
43678, 6436780, 6461923, 25143
43679, 6436790, 6461936, 25146
43681, 6436810, 6461949, 25139
43682, 6436820, 6461963, 25143
43683, 6436830, 6461976, 25146
43684, 6436840, 6461990, 25150
43685, 6436850, 6462003, 25153
43686, 6436860, 6462016, 25156
43687, 6436870, 6462030, 25160
43688, 6436880, 6462043, 25163
43689, 6436890, 6462056, 25166
43690, 6436900, 6462070, 25170
43691, 6436910, 6462083, 25173
43693, 6436930, 6462096, 25166
43694, 6436940, 6462110, 25170
43695, 6436950, 6462123, 25173
43696, 6436960, 6462136, 25176
43697, 6436970, 6462150, 25180
43698, 6436980, 6462163, 25183
43699, 6436990, 6462177, 25187
43701, 6437010, 6462203, 25193
43702, 6437020, 6462217, 25197
43704, 6437040, 6462230, 25190
43705, 6437050, 6462243, 25193
43706, 6437060, 6462257, 25197
43707, 6437070, 6462270, 25200
43708, 6437080, 6462284, 25204
43709, 6437090, 6462297, 25207
43710, 6437100, 6462310, 25210
43711, 6437110, 6462324, 25214
43712, 6437120, 6462337, 25217
43713, 6437130, 6462350, 25220
43714, 6437140, 6462364, 25224
43716, 6437160, 6462377, 25217
43717, 6437170, 6462390, 25220
43718, 6437180, 6462404, 25224
43719, 6437190, 6462417, 25227
43720, 6437200, 6462430, 25230
43721, 6437210, 6466012, 28802
43722, 6437220, 6466025, 28805
43723, 6437230, 6466039, 28809
43724, 6437240, 6466052, 28812
43725, 6437250, 6466065, 28815
43727, 6437270, 6466079, 28809
43728, 6437280, 6466092, 28812
43729, 6437290, 6466106, 28816
43730, 6437300, 6466119, 28819
43731, 6437310, 6466132, 28822
43732, 6437320, 6466146, 28826
43733, 6437330, 6466159, 28829
43734, 6437340, 6466172, 28832
43735, 6437350, 6466186, 28836
43736, 6437360, 6466199, 28839
43738, 6437380, 6466212, 28832
43739, 6437390, 6466226, 28836
43740, 6437400, 6466239, 28839
43741, 6437410, 6466252, 28842
43742, 6437420, 6466266, 28846
43743, 6437430, 6466279, 28849
43744, 6437440, 6466293, 28853
43745, 6437450, 6466306, 28856
43746, 6437460, 6466319, 28859
43747, 6437470, 6466333, 28863
43748, 6437480, 6466346, 28866
43751, 6437510, 6466373, 28863
43752, 6437520, 6466386, 28866
43753, 6437530, 6466400, 28870
43754, 6437540, 6466413, 28873
43755, 6437550, 6466426, 28876
43756, 6437560, 6466440, 28880
43757, 6437570, 6466453, 28883
43758, 6437580, 6466466, 28886
43759, 6437590, 6466480, 28890
43761, 6437610, 6466493, 28883
43762, 6437620, 6466506, 28886
43763, 6437630, 6466520, 28890
43764, 6437640, 6466533, 28893
43765, 6437650, 6466546, 28896
43766, 6437660, 6466560, 28900
43767, 6437670, 6466573, 28903
43768, 6437680, 6466587, 28907
43769, 6437690, 6466600, 28910
43770, 6437700, 6466613, 28913
43771, 6437710, 6466627, 28917
43773, 6437730, 6466640, 28910
43774, 6437740, 6466653, 28913
43775, 6437750, 6466667, 28917
43776, 6437760, 6466680, 28920
43777, 6437770, 6466693, 28923
43778, 6437780, 6466707, 28927
43779, 6437790, 6466720, 28930
43780, 6437800, 6466734, 28934
43781, 6437810, 6466747, 28937
43782, 6437820, 6466760, 28940
43784, 6437840, 6466774, 28934
43785, 6437850, 6466787, 28937
43786, 6437860, 6466800, 28940
43787, 6437870, 6466814, 28944
43788, 6437880, 6466827, 28947
43789, 6437890, 6466840, 28950
43790, 6437900, 6466854, 28954
43791, 6437910, 6466867, 28957
43792, 6437920, 6466880, 28960
43793, 6437930, 6466894, 28964
43795, 6437950, 6466907, 28957
43796, 6437960, 6466921, 28961
43797, 6437970, 6466934, 28964
43798, 6437980, 6466947, 28967
43799, 6437990, 6466961, 28971
44202, 6442020, 6466987, 24967
44203, 6442030, 6467001, 24971
44204, 6442040, 6467014, 24974
44205, 6442050, 6467028, 24978
44206, 6442060, 6467041, 24981
44207, 6442070, 6467054, 24984
44208, 6442080, 6467068, 24988
44209, 6442090, 6467081, 24991
44210, 6442100, 6467094, 24994
44211, 6442110, 6467108, 24998
44213, 6442130, 6467121, 24991
44214, 6442140, 6467134, 24994
44215, 6442150, 6467148, 24998
44216, 6442160, 6467161, 25001
44217, 6442170, 6467174, 25004
44218, 6442180, 6467188, 25008
44219, 6442190, 6467201, 25011
44220, 6442200, 6467215, 25015
44221, 6442210, 6467228, 25018
44222, 6442220, 6467241, 25021
44224, 6442240, 6467255, 25015
44225, 6442250, 6467268, 25018
44226, 6442260, 6467281, 25021
44227, 6442270, 6467295, 25025
44228, 6442280, 6467308, 25028
44229, 6442290, 6467321, 25031
44230, 6442300, 6467335, 25035
44231, 6442310, 6467348, 25038
44232, 6442320, 6467362, 25042
44233, 6442330, 6467375, 25045
44234, 6442340, 6467388, 25048
44236, 6442360, 6467402, 25042
44237, 6442370, 6467415, 25045
44238, 6442380, 6467428, 25048
44239, 6442390, 6467442, 25052
44240, 6442400, 6467455, 25055
44241, 6442410, 6467468, 25058
44242, 6442420, 6467482, 25062
44243, 6442430, 6467495, 25065
44244, 6442440, 6467508, 25068
44245, 6442450, 6467522, 25072
44247, 6442470, 6467535, 25065
44248, 6442480, 6467549, 25069
44249, 6442490, 6467562, 25072
44251, 6442510, 6467589, 25079
44252, 6442520, 6467602, 25082
44253, 6442530, 6467615, 25085
44254, 6442540, 6467629, 25089
44255, 6442550, 6467642, 25092
44256, 6442560, 6467656, 25096
44257, 6442570, 6467669, 25099
44259, 6442590, 6467682, 25092
44260, 6442600, 6467696, 25096
44261, 6442610, 6467709, 25099
44262, 6442620, 6467722, 25102
44263, 6442630, 6467736, 25106
44264, 6442640, 6467749, 25109
44265, 6442650, 6467762, 25112
44266, 6442660, 6467776, 25116
44267, 6442670, 6467789, 25119
44268, 6442680, 6467802, 25122
44270, 6442700, 6467816, 25116
44271, 6442710, 6467829, 25119
44272, 6442720, 6467843, 25123
44273, 6442730, 6467856, 25126
44274, 6442740, 6467869, 25129
44275, 6442750, 6467883, 25133
44276, 6442760, 6467896, 25136
44277, 6442770, 6467909, 25139
44278, 6442780, 6467923, 25143
44279, 6442790, 6467936, 25146
44281, 6442810, 6467949, 25139
44282, 6442820, 6467963, 25143
44283, 6442830, 6467976, 25146
44284, 6442840, 6467990, 25150
44285, 6442850, 6468003, 25153
44286, 6442860, 6468016, 25156
44287, 6442870, 6468030, 25160
44288, 6442880, 6468043, 25163
44289, 6442890, 6468056, 25166
44290, 6442900, 6468070, 25170
44291, 6442910, 6468083, 25173
44293, 6442930, 6468096, 25166
44294, 6442940, 6468110, 25170
44295, 6442950, 6468123, 25173
44296, 6442960, 6468136, 25176
44297, 6442970, 6468150, 25180
44298, 6442980, 6468163, 25183
44299, 6442990, 6468177, 25187
44301, 6443010, 6468203, 25193
44302, 6443020, 6468217, 25197
44304, 6443040, 6468230, 25190
44305, 6443050, 6468243, 25193
44306, 6443060, 6468257, 25197
44307, 6443070, 6468270, 25200
44308, 6443080, 6468284, 25204
44309, 6443090, 6468297, 25207
44310, 6443100, 6468310, 25210
44311, 6443110, 6468324, 25214
44312, 6443120, 6468337, 25217
44313, 6443130, 6468350, 25220
44314, 6443140, 6468364, 25224
44316, 6443160, 6468377, 25217
44317, 6443170, 6468390, 25220
44318, 6443180, 6468404, 25224
44319, 6443190, 6468417, 25227
44320, 6443200, 6468430, 25230
44321, 6443210, 6472012, 28802
44322, 6443220, 6472025, 28805
44323, 6443230, 6472039, 28809
44324, 6443240, 6472052, 28812
44325, 6443250, 6472065, 28815
44327, 6443270, 6472079, 28809
44328, 6443280, 6472092, 28812
44329, 6443290, 6472106, 28816
44330, 6443300, 6472119, 28819
44331, 6443310, 6472132, 28822
44332, 6443320, 6472146, 28826
44333, 6443330, 6472159, 28829
44334, 6443340, 6472172, 28832
44335, 6443350, 6472186, 28836
44336, 6443360, 6472199, 28839
44338, 6443380, 6472212, 28832
44339, 6443390, 6472226, 28836
44340, 6443400, 6472239, 28839
44341, 6443410, 6472252, 28842
44342, 6443420, 6472266, 28846
44343, 6443430, 6472279, 28849
44344, 6443440, 6472293, 28853
44345, 6443450, 6472306, 28856
44346, 6443460, 6472319, 28859
44347, 6443470, 6472333, 28863
44348, 6443480, 6472346, 28866
44351, 6443510, 6472373, 28863
44352, 6443520, 6472386, 28866
44353, 6443530, 6472400, 28870
44354, 6443540, 6472413, 28873
44355, 6443550, 6472426, 28876
44356, 6443560, 6472440, 28880
44357, 6443570, 6472453, 28883
44358, 6443580, 6472466, 28886
44359, 6443590, 6472480, 28890
44361, 6443610, 6472493, 28883
44362, 6443620, 6472506, 28886
44363, 6443630, 6472520, 28890
44364, 6443640, 6472533, 28893
44365, 6443650, 6472546, 28896
44366, 6443660, 6472560, 28900
44367, 6443670, 6472573, 28903
44368, 6443680, 6472587, 28907
44369, 6443690, 6472600, 28910
44370, 6443700, 6472613, 28913
44371, 6443710, 6472627, 28917
44373, 6443730, 6472640, 28910
44374, 6443740, 6472653, 28913
44375, 6443750, 6472667, 28917
44376, 6443760, 6472680, 28920
44377, 6443770, 6472693, 28923
44378, 6443780, 6472707, 28927
44379, 6443790, 6472720, 28930
44380, 6443800, 6472734, 28934
44381, 6443810, 6472747, 28937
44382, 6443820, 6472760, 28940
44384, 6443840, 6472774, 28934
44385, 6443850, 6472787, 28937
44386, 6443860, 6472800, 28940
44387, 6443870, 6472814, 28944
44388, 6443880, 6472827, 28947
44389, 6443890, 6472840, 28950
44390, 6443900, 6472854, 28954
44391, 6443910, 6472867, 28957
44392, 6443920, 6472880, 28960
44393, 6443930, 6472894, 28964
44395, 6443950, 6472907, 28957
44396, 6443960, 6472921, 28961
44397, 6443970, 6472934, 28964
44398, 6443980, 6472947, 28967
44399, 6443990, 6472961, 28971
44802, 6448020, 6472987, 24967
44803, 6448030, 6473001, 24971
44804, 6448040, 6473014, 24974
44805, 6448050, 6473028, 24978
44806, 6448060, 6473041, 24981
44807, 6448070, 6473054, 24984
44808, 6448080, 6473068, 24988
44809, 6448090, 6473081, 24991
44810, 6448100, 6473094, 24994
44811, 6448110, 6473108, 24998
44813, 6448130, 6473121, 24991
44814, 6448140, 6473134, 24994
44815, 6448150, 6473148, 24998
44816, 6448160, 6473161, 25001
44817, 6448170, 6473174, 25004
44818, 6448180, 6473188, 25008
44819, 6448190, 6473201, 25011
44820, 6448200, 6473215, 25015
44821, 6448210, 6473228, 25018
44822, 6448220, 6473241, 25021
44824, 6448240, 6473255, 25015
44825, 6448250, 6473268, 25018
44826, 6448260, 6473281, 25021
44827, 6448270, 6473295, 25025
44828, 6448280, 6473308, 25028
44829, 6448290, 6473321, 25031
44830, 6448300, 6473335, 25035
44831, 6448310, 6473348, 25038
44832, 6448320, 6473362, 25042
44833, 6448330, 6473375, 25045
44834, 6448340, 6473388, 25048
44836, 6448360, 6473402, 25042
44837, 6448370, 6473415, 25045
44838, 6448380, 6473428, 25048
44839, 6448390, 6473442, 25052
44840, 6448400, 6473455, 25055
44841, 6448410, 6473468, 25058
44842, 6448420, 6473482, 25062
44843, 6448430, 6473495, 25065
44844, 6448440, 6473508, 25068
44845, 6448450, 6473522, 25072
44847, 6448470, 6473535, 25065
44848, 6448480, 6473549, 25069
44849, 6448490, 6473562, 25072
44851, 6448510, 6473589, 25079
44852, 6448520, 6473602, 25082
44853, 6448530, 6473615, 25085
44854, 6448540, 6473629, 25089
44855, 6448550, 6473642, 25092
44856, 6448560, 6473656, 25096
44857, 6448570, 6473669, 25099
44859, 6448590, 6473682, 25092
44860, 6448600, 6473696, 25096
44861, 6448610, 6473709, 25099
44862, 6448620, 6473722, 25102
44863, 6448630, 6473736, 25106
44864, 6448640, 6473749, 25109
44865, 6448650, 6473762, 25112
44866, 6448660, 6473776, 25116
44867, 6448670, 6473789, 25119
44868, 6448680, 6473802, 25122
44870, 6448700, 6473816, 25116
44871, 6448710, 6473829, 25119
44872, 6448720, 6473843, 25123
44873, 6448730, 6473856, 25126
44874, 6448740, 6473869, 25129
44875, 6448750, 6473883, 25133
44876, 6448760, 6473896, 25136
44877, 6448770, 6473909, 25139
44878, 6448780, 6473923, 25143
44879, 6448790, 6473936, 25146
44881, 6448810, 6473949, 25139
44882, 6448820, 6473963, 25143
44883, 6448830, 6473976, 25146
44884, 6448840, 6473990, 25150
44885, 6448850, 6474003, 25153
44886, 6448860, 6474016, 25156
44887, 6448870, 6474030, 25160
44888, 6448880, 6474043, 25163
44889, 6448890, 6474056, 25166
44890, 6448900, 6474070, 25170
44891, 6448910, 6474083, 25173
44893, 6448930, 6474096, 25166
44894, 6448940, 6474110, 25170
44895, 6448950, 6474123, 25173
44896, 6448960, 6474136, 25176
44897, 6448970, 6474150, 25180
44898, 6448980, 6474163, 25183
44899, 6448990, 6474177, 25187
44901, 6449010, 6474203, 25193
44902, 6449020, 6474217, 25197
44904, 6449040, 6474230, 25190
44905, 6449050, 6474243, 25193
44906, 6449060, 6474257, 25197
44907, 6449070, 6474270, 25200
44908, 6449080, 6474284, 25204
44909, 6449090, 6474297, 25207
44910, 6449100, 6474310, 25210
44911, 6449110, 6474324, 25214
44912, 6449120, 6474337, 25217
44913, 6449130, 6474350, 25220
44914, 6449140, 6474364, 25224
44916, 6449160, 6474377, 25217
44917, 6449170, 6474390, 25220
44918, 6449180, 6474404, 25224
44919, 6449190, 6474417, 25227
44920, 6449200, 6474430, 25230
44921, 6449210, 6478012, 28802
44922, 6449220, 6478025, 28805
44923, 6449230, 6478039, 28809
44924, 6449240, 6478052, 28812
44925, 6449250, 6478065, 28815
44927, 6449270, 6478079, 28809
44928, 6449280, 6478092, 28812
44929, 6449290, 6478106, 28816
44930, 6449300, 6478119, 28819
44931, 6449310, 6478132, 28822
44932, 6449320, 6478146, 28826
44933, 6449330, 6478159, 28829
44934, 6449340, 6478172, 28832
44935, 6449350, 6478186, 28836
44936, 6449360, 6478199, 28839
44938, 6449380, 6478212, 28832
44939, 6449390, 6478226, 28836
44940, 6449400, 6478239, 28839
44941, 6449410, 6478252, 28842
44942, 6449420, 6478266, 28846
44943, 6449430, 6478279, 28849
44944, 6449440, 6478293, 28853
44945, 6449450, 6478306, 28856
44946, 6449460, 6478319, 28859
44947, 6449470, 6478333, 28863
44948, 6449480, 6478346, 28866
44951, 6449510, 6478373, 28863
44952, 6449520, 6478386, 28866
44953, 6449530, 6478400, 28870
44954, 6449540, 6478413, 28873
44955, 6449550, 6478426, 28876
44956, 6449560, 6478440, 28880
44957, 6449570, 6478453, 28883
44958, 6449580, 6478466, 28886
44959, 6449590, 6478480, 28890
44961, 6449610, 6478493, 28883
44962, 6449620, 6478506, 28886
44963, 6449630, 6478520, 28890
44964, 6449640, 6478533, 28893
44965, 6449650, 6478546, 28896
44966, 6449660, 6478560, 28900
44967, 6449670, 6478573, 28903
44968, 6449680, 6478587, 28907
44969, 6449690, 6478600, 28910
44970, 6449700, 6478613, 28913
44971, 6449710, 6478627, 28917
44973, 6449730, 6478640, 28910
44974, 6449740, 6478653, 28913
44975, 6449750, 6478667, 28917
44976, 6449760, 6478680, 28920
44977, 6449770, 6478693, 28923
44978, 6449780, 6478707, 28927
44979, 6449790, 6478720, 28930
44980, 6449800, 6478734, 28934
44981, 6449810, 6478747, 28937
44982, 6449820, 6478760, 28940
44984, 6449840, 6478774, 28934
44985, 6449850, 6478787, 28937
44986, 6449860, 6478800, 28940
44987, 6449870, 6478814, 28944
44988, 6449880, 6478827, 28947
44989, 6449890, 6478840, 28950
44990, 6449900, 6478854, 28954
44991, 6449910, 6478867, 28957
44992, 6449920, 6478880, 28960
44993, 6449930, 6478894, 28964
44995, 6449950, 6478907, 28957
44996, 6449960, 6478921, 28961
44997, 6449970, 6478934, 28964
44998, 6449980, 6478947, 28967
44999, 6449990, 6478961, 28971
45402, 6454020, 6478987, 24967
45403, 6454030, 6479001, 24971
45404, 6454040, 6479014, 24974
45405, 6454050, 6479028, 24978
45406, 6454060, 6479041, 24981
45407, 6454070, 6479054, 24984
45408, 6454080, 6479068, 24988
45409, 6454090, 6479081, 24991
45410, 6454100, 6479094, 24994
45411, 6454110, 6479108, 24998
45413, 6454130, 6479121, 24991
45414, 6454140, 6479134, 24994
45415, 6454150, 6479148, 24998
45416, 6454160, 6479161, 25001
45417, 6454170, 6479174, 25004
45418, 6454180, 6479188, 25008
45419, 6454190, 6479201, 25011
45420, 6454200, 6479215, 25015
45421, 6454210, 6479228, 25018
45422, 6454220, 6479241, 25021
45424, 6454240, 6479255, 25015
45425, 6454250, 6479268, 25018
45426, 6454260, 6479281, 25021
45427, 6454270, 6479295, 25025
45428, 6454280, 6479308, 25028
45429, 6454290, 6479321, 25031
45430, 6454300, 6479335, 25035
45431, 6454310, 6479348, 25038
45432, 6454320, 6479362, 25042
45433, 6454330, 6479375, 25045
45434, 6454340, 6479388, 25048
45436, 6454360, 6479402, 25042
45437, 6454370, 6479415, 25045
45438, 6454380, 6479428, 25048
45439, 6454390, 6479442, 25052
45440, 6454400, 6479455, 25055
45441, 6454410, 6479468, 25058
45442, 6454420, 6479482, 25062
45443, 6454430, 6479495, 25065
45444, 6454440, 6479508, 25068
45445, 6454450, 6479522, 25072
45447, 6454470, 6479535, 25065
45448, 6454480, 6479549, 25069
45449, 6454490, 6479562, 25072
45451, 6454510, 6479589, 25079
45452, 6454520, 6479602, 25082
45453, 6454530, 6479615, 25085
45454, 6454540, 6479629, 25089
45455, 6454550, 6479642, 25092
45456, 6454560, 6479656, 25096
45457, 6454570, 6479669, 25099
45459, 6454590, 6479682, 25092
45460, 6454600, 6479696, 25096
45461, 6454610, 6479709, 25099
45462, 6454620, 6479722, 25102
45463, 6454630, 6479736, 25106
45464, 6454640, 6479749, 25109
45465, 6454650, 6479762, 25112
45466, 6454660, 6479776, 25116
45467, 6454670, 6479789, 25119
45468, 6454680, 6479802, 25122
45470, 6454700, 6479816, 25116
45471, 6454710, 6479829, 25119
45472, 6454720, 6479843, 25123
45473, 6454730, 6479856, 25126
45474, 6454740, 6479869, 25129
45475, 6454750, 6479883, 25133
45476, 6454760, 6479896, 25136
45477, 6454770, 6479909, 25139
45478, 6454780, 6479923, 25143
45479, 6454790, 6479936, 25146
45480, 6454800, 6479949, 25149
45482, 6454820, 6479963, 25143
45483, 6454830, 6479976, 25146
45484, 6454840, 6479990, 25150
45485, 6454850, 6480003, 25153
45486, 6454860, 6480016, 25156
45487, 6454870, 6480030, 25160
45488, 6454880, 6480043, 25163
45489, 6454890, 6480056, 25166
45490, 6454900, 6480070, 25170
45491, 6454910, 6480083, 25173
45493, 6454930, 6480096, 25166
45494, 6454940, 6480110, 25170
45495, 6454950, 6480123, 25173
45496, 6454960, 6480136, 25176
45497, 6454970, 6480150, 25180
45498, 6454980, 6480163, 25183
45499, 6454990, 6480177, 25187
45501, 6455010, 6480203, 25193
45502, 6455020, 6480217, 25197
45504, 6455040, 6480230, 25190
45505, 6455050, 6480243, 25193
45506, 6455060, 6480257, 25197
45507, 6455070, 6480270, 25200
45508, 6455080, 6480284, 25204
45509, 6455090, 6480297, 25207
45510, 6455100, 6480310, 25210
45511, 6455110, 6480324, 25214
45512, 6455120, 6480337, 25217
45513, 6455130, 6480350, 25220
45514, 6455140, 6480364, 25224
45516, 6455160, 6480377, 25217
45517, 6455170, 6480390, 25220
45518, 6455180, 6480404, 25224
45519, 6455190, 6480417, 25227
45520, 6455200, 6480430, 25230
45521, 6455210, 6484012, 28802
45522, 6455220, 6484025, 28805
45523, 6455230, 6484039, 28809
45524, 6455240, 6484052, 28812
45525, 6455250, 6484065, 28815
45527, 6455270, 6484079, 28809
45528, 6455280, 6484092, 28812
45529, 6455290, 6484106, 28816
45530, 6455300, 6484119, 28819
45531, 6455310, 6484132, 28822
45532, 6455320, 6484146, 28826
45533, 6455330, 6484159, 28829
45534, 6455340, 6484172, 28832
45535, 6455350, 6484186, 28836
45536, 6455360, 6484199, 28839
45537, 6455370, 6484212, 28842
45539, 6455390, 6484226, 28836
45540, 6455400, 6484239, 28839
45541, 6455410, 6484252, 28842
45542, 6455420, 6484266, 28846
45543, 6455430, 6484279, 28849
45544, 6455440, 6484293, 28853
45545, 6455450, 6484306, 28856
45546, 6455460, 6484319, 28859
45547, 6455470, 6484333, 28863
45548, 6455480, 6484346, 28866
45551, 6455510, 6484373, 28863
45552, 6455520, 6484386, 28866
45553, 6455530, 6484400, 28870
45554, 6455540, 6484413, 28873
45555, 6455550, 6484426, 28876
45556, 6455560, 6484440, 28880
45557, 6455570, 6484453, 28883
45558, 6455580, 6484466, 28886
45559, 6455590, 6484480, 28890
45561, 6455610, 6484493, 28883
45562, 6455620, 6484506, 28886
45563, 6455630, 6484520, 28890
45564, 6455640, 6484533, 28893
45565, 6455650, 6484546, 28896
45566, 6455660, 6484560, 28900
45567, 6455670, 6484573, 28903
45568, 6455680, 6484587, 28907
45569, 6455690, 6484600, 28910
45570, 6455700, 6484613, 28913
45571, 6455710, 6484627, 28917
45573, 6455730, 6484640, 28910
45574, 6455740, 6484653, 28913
45575, 6455750, 6484667, 28917
45576, 6455760, 6484680, 28920
45577, 6455770, 6484693, 28923
45578, 6455780, 6484707, 28927
45579, 6455790, 6484720, 28930
45580, 6455800, 6484734, 28934
45581, 6455810, 6484747, 28937
45582, 6455820, 6484760, 28940
45584, 6455840, 6484774, 28934
45585, 6455850, 6484787, 28937
45586, 6455860, 6484800, 28940
45587, 6455870, 6484814, 28944
45588, 6455880, 6484827, 28947
45589, 6455890, 6484840, 28950
45590, 6455900, 6484854, 28954
45591, 6455910, 6484867, 28957
45592, 6455920, 6484880, 28960
45593, 6455930, 6484894, 28964
45594, 6455940, 6484907, 28967
45596, 6455960, 6484921, 28961
45597, 6455970, 6484934, 28964
45598, 6455980, 6484947, 28967
45599, 6455990, 6484961, 28971
46002, 6460020, 6484987, 24967
46003, 6460030, 6485001, 24971
46004, 6460040, 6485014, 24974
46005, 6460050, 6485027, 24977
46006, 6460060, 6485041, 24981
46007, 6460070, 6485054, 24984
46008, 6460080, 6485067, 24987
46009, 6460090, 6485081, 24991
46010, 6460100, 6485094, 24994
46011, 6460110, 6485108, 24998
46013, 6460130, 6485121, 24991
46014, 6460140, 6485134, 24994
46015, 6460150, 6485148, 24998
46016, 6460160, 6485161, 25001
46017, 6460170, 6485174, 25004
46018, 6460180, 6485188, 25008
46019, 6460190, 6485201, 25011
46020, 6460200, 6485214, 25014
46021, 6460210, 6485228, 25018
46022, 6460220, 6485241, 25021
46024, 6460240, 6485254, 25014
46025, 6460250, 6485268, 25018
46026, 6460260, 6485281, 25021
46027, 6460270, 6485295, 25025
46028, 6460280, 6485308, 25028
46029, 6460290, 6485321, 25031
46030, 6460300, 6485335, 25035
46031, 6460310, 6485348, 25038
46032, 6460320, 6485361, 25041
46033, 6460330, 6485375, 25045
46034, 6460340, 6485388, 25048
46036, 6460360, 6485401, 25041
46037, 6460370, 6485415, 25045
46038, 6460380, 6485428, 25048
46039, 6460390, 6485442, 25052
46040, 6460400, 6485455, 25055
46041, 6460410, 6485468, 25058
46042, 6460420, 6485482, 25062
46043, 6460430, 6485495, 25065
46044, 6460440, 6485508, 25068
46045, 6460450, 6485522, 25072
46047, 6460470, 6485535, 25065
46048, 6460480, 6485548, 25068
46049, 6460490, 6485562, 25072
46051, 6460510, 6485589, 25079
46052, 6460520, 6485602, 25082
46053, 6460530, 6485615, 25085
46054, 6460540, 6485629, 25089
46055, 6460550, 6485642, 25092
46056, 6460560, 6485655, 25095
46057, 6460570, 6485669, 25099
46059, 6460590, 6485682, 25092
46060, 6460600, 6485695, 25095
46061, 6460610, 6485709, 25099
46062, 6460620, 6485722, 25102
46063, 6460630, 6485736, 25106
46064, 6460640, 6485749, 25109
46065, 6460650, 6485762, 25112
46066, 6460660, 6485776, 25116
46067, 6460670, 6485789, 25119
46068, 6460680, 6485802, 25122
46070, 6460700, 6485816, 25116
46071, 6460710, 6485829, 25119
46072, 6460720, 6485842, 25122
46073, 6460730, 6485856, 25126
46074, 6460740, 6485869, 25129
46075, 6460750, 6485882, 25132
46076, 6460760, 6485896, 25136
46077, 6460770, 6485909, 25139
46078, 6460780, 6485923, 25143
46079, 6460790, 6485936, 25146
46081, 6460810, 6485949, 25139
46082, 6460820, 6485963, 25143
46083, 6460830, 6485976, 25146
46084, 6460840, 6485989, 25149
46085, 6460850, 6486003, 25153
46086, 6460860, 6486016, 25156
46087, 6460870, 6486029, 25159
46088, 6460880, 6486043, 25163
46089, 6460890, 6486056, 25166
46090, 6460900, 6486070, 25170
46091, 6460910, 6486083, 25173
46093, 6460930, 6486096, 25166
46094, 6460940, 6486110, 25170
46095, 6460950, 6486123, 25173
46096, 6460960, 6486136, 25176
46097, 6460970, 6486150, 25180
46098, 6460980, 6486163, 25183
46099, 6460990, 6486176, 25186
46101, 6461010, 6486203, 25193
46102, 6461020, 6486217, 25197
46104, 6461040, 6486230, 25190
46105, 6461050, 6486243, 25193
46106, 6461060, 6486257, 25197
46107, 6461070, 6486270, 25200
46108, 6461080, 6486283, 25203
46109, 6461090, 6486297, 25207
46110, 6461100, 6486310, 25210
46111, 6461110, 6486323, 25213
46112, 6461120, 6486337, 25217
46113, 6461130, 6486350, 25220
46114, 6461140, 6486364, 25224
46116, 6461160, 6486377, 25217
46117, 6461170, 6486390, 25220
46118, 6461180, 6486404, 25224
46119, 6461190, 6486417, 25227
46120, 6461200, 6486430, 25230
46121, 6461210, 6490012, 28802
46122, 6461220, 6490025, 28805
46123, 6461230, 6490039, 28809
46124, 6461240, 6490052, 28812
46125, 6461250, 6490065, 28815
46127, 6461270, 6490079, 28809
46128, 6461280, 6490092, 28812
46129, 6461290, 6490106, 28816
46130, 6461300, 6490119, 28819
46131, 6461310, 6490132, 28822
46132, 6461320, 6490146, 28826
46133, 6461330, 6490159, 28829
46134, 6461340, 6490172, 28832
46135, 6461350, 6490186, 28836
46136, 6461360, 6490199, 28839
46138, 6461380, 6490212, 28832
46139, 6461390, 6490226, 28836
46140, 6461400, 6490239, 28839
46141, 6461410, 6490252, 28842
46142, 6461420, 6490266, 28846
46143, 6461430, 6490279, 28849
46144, 6461440, 6490293, 28853
46145, 6461450, 6490306, 28856
46146, 6461460, 6490319, 28859
46147, 6461470, 6490333, 28863
46148, 6461480, 6490346, 28866
46151, 6461510, 6490373, 28863
46152, 6461520, 6490386, 28866
46153, 6461530, 6490400, 28870
46154, 6461540, 6490413, 28873
46155, 6461550, 6490426, 28876
46156, 6461560, 6490440, 28880
46157, 6461570, 6490453, 28883
46158, 6461580, 6490466, 28886
46159, 6461590, 6490480, 28890
46161, 6461610, 6490493, 28883
46162, 6461620, 6490506, 28886
46163, 6461630, 6490520, 28890
46164, 6461640, 6490533, 28893
46165, 6461650, 6490546, 28896
46166, 6461660, 6490560, 28900
46167, 6461670, 6490573, 28903
46168, 6461680, 6490587, 28907
46169, 6461690, 6490600, 28910
46170, 6461700, 6490613, 28913
46171, 6461710, 6490627, 28917
46173, 6461730, 6490640, 28910
46174, 6461740, 6490653, 28913
46175, 6461750, 6490667, 28917
46176, 6461760, 6490680, 28920
46177, 6461770, 6490693, 28923
46178, 6461780, 6490707, 28927
46179, 6461790, 6490720, 28930
46180, 6461800, 6490734, 28934
46181, 6461810, 6490747, 28937
46182, 6461820, 6490760, 28940
46184, 6461840, 6490774, 28934
46185, 6461850, 6490787, 28937
46186, 6461860, 6490800, 28940
46187, 6461870, 6490814, 28944
46188, 6461880, 6490827, 28947
46189, 6461890, 6490840, 28950
46190, 6461900, 6490854, 28954
46191, 6461910, 6490867, 28957
46192, 6461920, 6490880, 28960
46193, 6461930, 6490894, 28964
46195, 6461950, 6490907, 28957
46196, 6461960, 6490921, 28961
46197, 6461970, 6490934, 28964
46198, 6461980, 6490947, 28967
46199, 6461990, 6490961, 28971
46602, 6466020, 6490987, 24967
46603, 6466030, 6491001, 24971
46604, 6466040, 6491014, 24974
46605, 6466050, 6491028, 24978
46606, 6466060, 6491041, 24981
46607, 6466070, 6491054, 24984
46608, 6466080, 6491068, 24988
46609, 6466090, 6491081, 24991
46610, 6466100, 6491094, 24994
46611, 6466110, 6491108, 24998
46613, 6466130, 6491121, 24991
46614, 6466140, 6491134, 24994
46615, 6466150, 6491148, 24998
46616, 6466160, 6491161, 25001
46617, 6466170, 6491174, 25004
46618, 6466180, 6491188, 25008
46619, 6466190, 6491201, 25011
46620, 6466200, 6491215, 25015
46621, 6466210, 6491228, 25018
46622, 6466220, 6491241, 25021
46624, 6466240, 6491255, 25015
46625, 6466250, 6491268, 25018
46626, 6466260, 6491281, 25021
46627, 6466270, 6491295, 25025
46628, 6466280, 6491308, 25028
46629, 6466290, 6491321, 25031
46630, 6466300, 6491335, 25035
46631, 6466310, 6491348, 25038
46632, 6466320, 6491362, 25042
46633, 6466330, 6491375, 25045
46634, 6466340, 6491388, 25048
46636, 6466360, 6491402, 25042
46637, 6466370, 6491415, 25045
46638, 6466380, 6491428, 25048
46639, 6466390, 6491442, 25052
46640, 6466400, 6491455, 25055
46641, 6466410, 6491468, 25058
46642, 6466420, 6491482, 25062
46643, 6466430, 6491495, 25065
46644, 6466440, 6491508, 25068
46645, 6466450, 6491522, 25072
46647, 6466470, 6491535, 25065
46648, 6466480, 6491549, 25069
46649, 6466490, 6491562, 25072
46651, 6466510, 6491589, 25079
46652, 6466520, 6491602, 25082
46653, 6466530, 6491615, 25085
46654, 6466540, 6491629, 25089
46655, 6466550, 6491642, 25092
46656, 6466560, 6491656, 25096
46657, 6466570, 6491669, 25099
46659, 6466590, 6491682, 25092
46660, 6466600, 6491696, 25096
46661, 6466610, 6491709, 25099
46662, 6466620, 6491722, 25102
46663, 6466630, 6491736, 25106
46664, 6466640, 6491749, 25109
46665, 6466650, 6491762, 25112
46666, 6466660, 6491776, 25116
46667, 6466670, 6491789, 25119
46668, 6466680, 6491802, 25122
46670, 6466700, 6491816, 25116
46671, 6466710, 6491829, 25119
46672, 6466720, 6491843, 25123
46673, 6466730, 6491856, 25126
46674, 6466740, 6491869, 25129
46675, 6466750, 6491883, 25133
46676, 6466760, 6491896, 25136
46677, 6466770, 6491909, 25139
46678, 6466780, 6491923, 25143
46679, 6466790, 6491936, 25146
46681, 6466810, 6491949, 25139
46682, 6466820, 6491963, 25143
46683, 6466830, 6491976, 25146
46684, 6466840, 6491990, 25150
46685, 6466850, 6492003, 25153
46686, 6466860, 6492016, 25156
46687, 6466870, 6492030, 25160
46688, 6466880, 6492043, 25163
46689, 6466890, 6492056, 25166
46690, 6466900, 6492070, 25170
46691, 6466910, 6492083, 25173
46693, 6466930, 6492096, 25166
46694, 6466940, 6492110, 25170
46695, 6466950, 6492123, 25173
46696, 6466960, 6492136, 25176
46697, 6466970, 6492150, 25180
46698, 6466980, 6492163, 25183
46699, 6466990, 6492177, 25187
46701, 6467010, 6492203, 25193
46702, 6467020, 6492217, 25197
46704, 6467040, 6492230, 25190
46705, 6467050, 6492243, 25193
46706, 6467060, 6492257, 25197
46707, 6467070, 6492270, 25200
46708, 6467080, 6492284, 25204
46709, 6467090, 6492297, 25207
46710, 6467100, 6492310, 25210
46711, 6467110, 6492324, 25214
46712, 6467120, 6492337, 25217
46713, 6467130, 6492350, 25220
46714, 6467140, 6492364, 25224
46716, 6467160, 6492377, 25217
46717, 6467170, 6492390, 25220
46718, 6467180, 6492404, 25224
46719, 6467190, 6492417, 25227
46720, 6467200, 6492430, 25230
46721, 6467210, 6496012, 28802
46722, 6467220, 6496025, 28805
46723, 6467230, 6496039, 28809
46724, 6467240, 6496052, 28812
46725, 6467250, 6496065, 28815
46727, 6467270, 6496079, 28809
46728, 6467280, 6496092, 28812
46729, 6467290, 6496106, 28816
46730, 6467300, 6496119, 28819
46731, 6467310, 6496132, 28822
46732, 6467320, 6496146, 28826
46733, 6467330, 6496159, 28829
46734, 6467340, 6496172, 28832
46735, 6467350, 6496186, 28836
46736, 6467360, 6496199, 28839
46738, 6467380, 6496212, 28832
46739, 6467390, 6496226, 28836
46740, 6467400, 6496239, 28839
46741, 6467410, 6496252, 28842
46742, 6467420, 6496266, 28846
46743, 6467430, 6496279, 28849
46744, 6467440, 6496293, 28853
46745, 6467450, 6496306, 28856
46746, 6467460, 6496319, 28859
46747, 6467470, 6496333, 28863
46748, 6467480, 6496346, 28866
46751, 6467510, 6496373, 28863
46752, 6467520, 6496386, 28866
46753, 6467530, 6496400, 28870
46754, 6467540, 6496413, 28873
46755, 6467550, 6496426, 28876
46756, 6467560, 6496440, 28880
46757, 6467570, 6496453, 28883
46758, 6467580, 6496466, 28886
46759, 6467590, 6496480, 28890
46761, 6467610, 6496493, 28883
46762, 6467620, 6496506, 28886
46763, 6467630, 6496520, 28890
46764, 6467640, 6496533, 28893
46765, 6467650, 6496546, 28896
46766, 6467660, 6496560, 28900
46767, 6467670, 6496573, 28903
46768, 6467680, 6496587, 28907
46769, 6467690, 6496600, 28910
46770, 6467700, 6496613, 28913
46771, 6467710, 6496627, 28917
46773, 6467730, 6496640, 28910
46774, 6467740, 6496653, 28913
46775, 6467750, 6496667, 28917
46776, 6467760, 6496680, 28920
46777, 6467770, 6496693, 28923
46778, 6467780, 6496707, 28927
46779, 6467790, 6496720, 28930
46780, 6467800, 6496734, 28934
46781, 6467810, 6496747, 28937
46782, 6467820, 6496760, 28940
46784, 6467840, 6496774, 28934
46785, 6467850, 6496787, 28937
46786, 6467860, 6496800, 28940
46787, 6467870, 6496814, 28944
46788, 6467880, 6496827, 28947
46789, 6467890, 6496840, 28950
46790, 6467900, 6496854, 28954
46791, 6467910, 6496867, 28957
46792, 6467920, 6496880, 28960
46793, 6467930, 6496894, 28964
46795, 6467950, 6496907, 28957
46796, 6467960, 6496921, 28961
46797, 6467970, 6496934, 28964
46798, 6467980, 6496947, 28967
46799, 6467990, 6496961, 28971
47202, 6472020, 6496987, 24967
47203, 6472030, 6497001, 24971
47204, 6472040, 6497014, 24974
47205, 6472050, 6497028, 24978
47206, 6472060, 6497041, 24981
47207, 6472070, 6497054, 24984
47208, 6472080, 6497068, 24988
47209, 6472090, 6497081, 24991
47210, 6472100, 6497094, 24994
47211, 6472110, 6497108, 24998
47213, 6472130, 6497121, 24991
47214, 6472140, 6497134, 24994
47215, 6472150, 6497148, 24998
47216, 6472160, 6497161, 25001
47217, 6472170, 6497174, 25004
47218, 6472180, 6497188, 25008
47219, 6472190, 6497201, 25011
47220, 6472200, 6497215, 25015
47221, 6472210, 6497228, 25018
47222, 6472220, 6497241, 25021
47224, 6472240, 6497255, 25015
47225, 6472250, 6497268, 25018
47226, 6472260, 6497281, 25021
47227, 6472270, 6497295, 25025
47228, 6472280, 6497308, 25028
47229, 6472290, 6497321, 25031
47230, 6472300, 6497335, 25035
47231, 6472310, 6497348, 25038
47232, 6472320, 6497362, 25042
47233, 6472330, 6497375, 25045
47234, 6472340, 6497388, 25048
47236, 6472360, 6497402, 25042
47237, 6472370, 6497415, 25045
47238, 6472380, 6497428, 25048
47239, 6472390, 6497442, 25052
47240, 6472400, 6497455, 25055
47241, 6472410, 6497468, 25058
47242, 6472420, 6497482, 25062
47243, 6472430, 6497495, 25065
47244, 6472440, 6497508, 25068
47245, 6472450, 6497522, 25072
47247, 6472470, 6497535, 25065
47248, 6472480, 6497549, 25069
47249, 6472490, 6497562, 25072
47251, 6472510, 6497589, 25079
47252, 6472520, 6497602, 25082
47253, 6472530, 6497615, 25085
47254, 6472540, 6497629, 25089
47255, 6472550, 6497642, 25092
47256, 6472560, 6497656, 25096
47257, 6472570, 6497669, 25099
47259, 6472590, 6497682, 25092
47260, 6472600, 6497696, 25096
47261, 6472610, 6497709, 25099
47262, 6472620, 6497722, 25102
47263, 6472630, 6497736, 25106
47264, 6472640, 6497749, 25109
47265, 6472650, 6497762, 25112
47266, 6472660, 6497776, 25116
47267, 6472670, 6497789, 25119
47268, 6472680, 6497802, 25122
47270, 6472700, 6497816, 25116
47271, 6472710, 6497829, 25119
47272, 6472720, 6497843, 25123
47273, 6472730, 6497856, 25126
47274, 6472740, 6497869, 25129
47275, 6472750, 6497883, 25133
47276, 6472760, 6497896, 25136
47277, 6472770, 6497909, 25139
47278, 6472780, 6497923, 25143
47279, 6472790, 6497936, 25146
47281, 6472810, 6497949, 25139
47282, 6472820, 6497963, 25143
47283, 6472830, 6497976, 25146
47284, 6472840, 6497990, 25150
47285, 6472850, 6498003, 25153
47286, 6472860, 6498016, 25156
47287, 6472870, 6498030, 25160
47288, 6472880, 6498043, 25163
47289, 6472890, 6498056, 25166
47290, 6472900, 6498070, 25170
47291, 6472910, 6498083, 25173
47293, 6472930, 6498096, 25166
47294, 6472940, 6498110, 25170
47295, 6472950, 6498123, 25173
47296, 6472960, 6498136, 25176
47297, 6472970, 6498150, 25180
47298, 6472980, 6498163, 25183
47299, 6472990, 6498177, 25187
47301, 6473010, 6498203, 25193
47302, 6473020, 6498217, 25197
47304, 6473040, 6498230, 25190
47305, 6473050, 6498243, 25193
47306, 6473060, 6498257, 25197
47307, 6473070, 6498270, 25200
47308, 6473080, 6498284, 25204
47309, 6473090, 6498297, 25207
47310, 6473100, 6498310, 25210
47311, 6473110, 6498324, 25214
47312, 6473120, 6498337, 25217
47313, 6473130, 6498350, 25220
47314, 6473140, 6498364, 25224
47316, 6473160, 6498377, 25217
47317, 6473170, 6498390, 25220
47318, 6473180, 6498404, 25224
47319, 6473190, 6498417, 25227
47320, 6473200, 6498430, 25230
47321, 6473210, 6502012, 28802
47322, 6473220, 6502025, 28805
47323, 6473230, 6502039, 28809
47324, 6473240, 6502052, 28812
47325, 6473250, 6502065, 28815
47327, 6473270, 6502079, 28809
47328, 6473280, 6502092, 28812
47329, 6473290, 6502106, 28816
47330, 6473300, 6502119, 28819
47331, 6473310, 6502132, 28822
47332, 6473320, 6502146, 28826
47333, 6473330, 6502159, 28829
47334, 6473340, 6502172, 28832
47335, 6473350, 6502186, 28836
47336, 6473360, 6502199, 28839
47338, 6473380, 6502212, 28832
47339, 6473390, 6502226, 28836
47340, 6473400, 6502239, 28839
47341, 6473410, 6502252, 28842
47342, 6473420, 6502266, 28846
47343, 6473430, 6502279, 28849
47344, 6473440, 6502293, 28853
47345, 6473450, 6502306, 28856
47346, 6473460, 6502319, 28859
47347, 6473470, 6502333, 28863
47348, 6473480, 6502346, 28866
47351, 6473510, 6502373, 28863
47352, 6473520, 6502386, 28866
47353, 6473530, 6502400, 28870
47354, 6473540, 6502413, 28873
47355, 6473550, 6502426, 28876
47356, 6473560, 6502440, 28880
47357, 6473570, 6502453, 28883
47358, 6473580, 6502466, 28886
47359, 6473590, 6502480, 28890
47361, 6473610, 6502493, 28883
47362, 6473620, 6502506, 28886
47363, 6473630, 6502520, 28890
47364, 6473640, 6502533, 28893
47365, 6473650, 6502546, 28896
47366, 6473660, 6502560, 28900
47367, 6473670, 6502573, 28903
47368, 6473680, 6502587, 28907
47369, 6473690, 6502600, 28910
47370, 6473700, 6502613, 28913
47371, 6473710, 6502627, 28917
47373, 6473730, 6502640, 28910
47374, 6473740, 6502653, 28913
47375, 6473750, 6502667, 28917
47376, 6473760, 6502680, 28920
47377, 6473770, 6502693, 28923
47378, 6473780, 6502707, 28927
47379, 6473790, 6502720, 28930
47380, 6473800, 6502734, 28934
47381, 6473810, 6502747, 28937
47382, 6473820, 6502760, 28940
47384, 6473840, 6502774, 28934
47385, 6473850, 6502787, 28937
47386, 6473860, 6502800, 28940
47387, 6473870, 6502814, 28944
47388, 6473880, 6502827, 28947
47389, 6473890, 6502840, 28950
47390, 6473900, 6502854, 28954
47391, 6473910, 6502867, 28957
47392, 6473920, 6502880, 28960
47393, 6473930, 6502894, 28964
47395, 6473950, 6502907, 28957
47396, 6473960, 6502921, 28961
47397, 6473970, 6502934, 28964
47398, 6473980, 6502947, 28967
47399, 6473990, 6502961, 28971
47802, 6478020, 6502987, 24967
47803, 6478030, 6503001, 24971
47804, 6478040, 6503014, 24974
47805, 6478050, 6503028, 24978
47806, 6478060, 6503041, 24981
47807, 6478070, 6503054, 24984
47808, 6478080, 6503068, 24988
47809, 6478090, 6503081, 24991
47810, 6478100, 6503094, 24994
47811, 6478110, 6503108, 24998
47813, 6478130, 6503121, 24991
47814, 6478140, 6503134, 24994
47815, 6478150, 6503148, 24998
47816, 6478160, 6503161, 25001
47817, 6478170, 6503174, 25004
47818, 6478180, 6503188, 25008
47819, 6478190, 6503201, 25011
47820, 6478200, 6503215, 25015
47821, 6478210, 6503228, 25018
47822, 6478220, 6503241, 25021
47824, 6478240, 6503255, 25015
47825, 6478250, 6503268, 25018
47826, 6478260, 6503281, 25021
47827, 6478270, 6503295, 25025
47828, 6478280, 6503308, 25028
47829, 6478290, 6503321, 25031
47830, 6478300, 6503335, 25035
47831, 6478310, 6503348, 25038
47832, 6478320, 6503362, 25042
47833, 6478330, 6503375, 25045
47834, 6478340, 6503388, 25048
47836, 6478360, 6503402, 25042
47837, 6478370, 6503415, 25045
47838, 6478380, 6503428, 25048
47839, 6478390, 6503442, 25052
47840, 6478400, 6503455, 25055
47841, 6478410, 6503468, 25058
47842, 6478420, 6503482, 25062
47843, 6478430, 6503495, 25065
47844, 6478440, 6503508, 25068
47845, 6478450, 6503522, 25072
47847, 6478470, 6503535, 25065
47848, 6478480, 6503549, 25069
47849, 6478490, 6503562, 25072
47851, 6478510, 6503589, 25079
47852, 6478520, 6503602, 25082
47853, 6478530, 6503615, 25085
47854, 6478540, 6503629, 25089
47855, 6478550, 6503642, 25092
47856, 6478560, 6503656, 25096
47857, 6478570, 6503669, 25099
47859, 6478590, 6503682, 25092
47860, 6478600, 6503696, 25096
47861, 6478610, 6503709, 25099
47862, 6478620, 6503722, 25102
47863, 6478630, 6503736, 25106
47864, 6478640, 6503749, 25109
47865, 6478650, 6503762, 25112
47866, 6478660, 6503776, 25116
47867, 6478670, 6503789, 25119
47868, 6478680, 6503802, 25122
47870, 6478700, 6503816, 25116
47871, 6478710, 6503829, 25119
47872, 6478720, 6503843, 25123
47873, 6478730, 6503856, 25126
47874, 6478740, 6503869, 25129
47875, 6478750, 6503883, 25133
47876, 6478760, 6503896, 25136
47877, 6478770, 6503909, 25139
47878, 6478780, 6503923, 25143
47879, 6478790, 6503936, 25146
47881, 6478810, 6503949, 25139
47882, 6478820, 6503963, 25143
47883, 6478830, 6503976, 25146
47884, 6478840, 6503990, 25150
47885, 6478850, 6504003, 25153
47886, 6478860, 6504016, 25156
47887, 6478870, 6504030, 25160
47888, 6478880, 6504043, 25163
47889, 6478890, 6504056, 25166
47890, 6478900, 6504070, 25170
47891, 6478910, 6504083, 25173
47893, 6478930, 6504096, 25166
47894, 6478940, 6504110, 25170
47895, 6478950, 6504123, 25173
47896, 6478960, 6504136, 25176
47897, 6478970, 6504150, 25180
47898, 6478980, 6504163, 25183
47899, 6478990, 6504177, 25187
47901, 6479010, 6504203, 25193
47902, 6479020, 6504217, 25197
47904, 6479040, 6504230, 25190
47905, 6479050, 6504243, 25193
47906, 6479060, 6504257, 25197
47907, 6479070, 6504270, 25200
47908, 6479080, 6504284, 25204
47909, 6479090, 6504297, 25207
47910, 6479100, 6504310, 25210
47911, 6479110, 6504324, 25214
47912, 6479120, 6504337, 25217
47913, 6479130, 6504350, 25220
47914, 6479140, 6504364, 25224
47916, 6479160, 6504377, 25217
47917, 6479170, 6504390, 25220
47918, 6479180, 6504404, 25224
47919, 6479190, 6504417, 25227
47920, 6479200, 6504430, 25230
47921, 6479210, 6508012, 28802
47922, 6479220, 6508025, 28805
47923, 6479230, 6508039, 28809
47924, 6479240, 6508052, 28812
47925, 6479250, 6508065, 28815
47927, 6479270, 6508079, 28809
47928, 6479280, 6508092, 28812
47929, 6479290, 6508106, 28816
47930, 6479300, 6508119, 28819
47931, 6479310, 6508132, 28822
47932, 6479320, 6508146, 28826
47933, 6479330, 6508159, 28829
47934, 6479340, 6508172, 28832
47935, 6479350, 6508186, 28836
47936, 6479360, 6508199, 28839
47938, 6479380, 6508212, 28832
47939, 6479390, 6508226, 28836
47940, 6479400, 6508239, 28839
47941, 6479410, 6508252, 28842
47942, 6479420, 6508266, 28846
47943, 6479430, 6508279, 28849
47944, 6479440, 6508293, 28853
47945, 6479450, 6508306, 28856
47946, 6479460, 6508319, 28859
47947, 6479470, 6508333, 28863
47948, 6479480, 6508346, 28866
47951, 6479510, 6508373, 28863
47952, 6479520, 6508386, 28866
47953, 6479530, 6508400, 28870
47954, 6479540, 6508413, 28873
47955, 6479550, 6508426, 28876
47956, 6479560, 6508440, 28880
47957, 6479570, 6508453, 28883
47958, 6479580, 6508466, 28886
47959, 6479590, 6508480, 28890
47961, 6479610, 6508493, 28883
47962, 6479620, 6508506, 28886
47963, 6479630, 6508520, 28890
47964, 6479640, 6508533, 28893
47965, 6479650, 6508546, 28896
47966, 6479660, 6508560, 28900
47967, 6479670, 6508573, 28903
47968, 6479680, 6508587, 28907
47969, 6479690, 6508600, 28910
47970, 6479700, 6508613, 28913
47971, 6479710, 6508627, 28917
47973, 6479730, 6508640, 28910
47974, 6479740, 6508653, 28913
47975, 6479750, 6508667, 28917
47976, 6479760, 6508680, 28920
47977, 6479770, 6508693, 28923
47978, 6479780, 6508707, 28927
47979, 6479790, 6508720, 28930
47980, 6479800, 6508734, 28934
47981, 6479810, 6508747, 28937
47982, 6479820, 6508760, 28940
47984, 6479840, 6508774, 28934
47985, 6479850, 6508787, 28937
47986, 6479860, 6508800, 28940
47987, 6479870, 6508814, 28944
47988, 6479880, 6508827, 28947
47989, 6479890, 6508840, 28950
47990, 6479900, 6508854, 28954
47991, 6479910, 6508867, 28957
47992, 6479920, 6508880, 28960
47993, 6479930, 6508894, 28964
47995, 6479950, 6508907, 28957
47996, 6479960, 6508921, 28961
47997, 6479970, 6508934, 28964
47998, 6479980, 6508947, 28967
47999, 6479990, 6508961, 28971
48402, 6484020, 6508987, 24967
48403, 6484030, 6509001, 24971
48404, 6484040, 6509014, 24974
48405, 6484050, 6509028, 24978
48406, 6484060, 6509041, 24981
48407, 6484070, 6509054, 24984
48408, 6484080, 6509068, 24988
48409, 6484090, 6509081, 24991
48410, 6484100, 6509094, 24994
48411, 6484110, 6509108, 24998
48413, 6484130, 6509121, 24991
48414, 6484140, 6509134, 24994
48415, 6484150, 6509148, 24998
48416, 6484160, 6509161, 25001
48417, 6484170, 6509174, 25004
48418, 6484180, 6509188, 25008
48419, 6484190, 6509201, 25011
48420, 6484200, 6509215, 25015
48421, 6484210, 6509228, 25018
48422, 6484220, 6509241, 25021
48424, 6484240, 6509255, 25015
48425, 6484250, 6509268, 25018
48426, 6484260, 6509281, 25021
48427, 6484270, 6509295, 25025
48428, 6484280, 6509308, 25028
48429, 6484290, 6509321, 25031
48430, 6484300, 6509335, 25035
48431, 6484310, 6509348, 25038
48432, 6484320, 6509362, 25042
48433, 6484330, 6509375, 25045
48434, 6484340, 6509388, 25048
48436, 6484360, 6509402, 25042
48437, 6484370, 6509415, 25045
48438, 6484380, 6509428, 25048
48439, 6484390, 6509442, 25052
48440, 6484400, 6509455, 25055
48441, 6484410, 6509468, 25058
48442, 6484420, 6509482, 25062
48443, 6484430, 6509495, 25065
48444, 6484440, 6509508, 25068
48445, 6484450, 6509522, 25072
48447, 6484470, 6509535, 25065
48448, 6484480, 6509549, 25069
48449, 6484490, 6509562, 25072
48451, 6484510, 6509589, 25079
48452, 6484520, 6509602, 25082
48453, 6484530, 6509615, 25085
48454, 6484540, 6509629, 25089
48455, 6484550, 6509642, 25092
48456, 6484560, 6509656, 25096
48457, 6484570, 6509669, 25099
48459, 6484590, 6509682, 25092
48460, 6484600, 6509696, 25096
48461, 6484610, 6509709, 25099
48462, 6484620, 6509722, 25102
48463, 6484630, 6509736, 25106
48464, 6484640, 6509749, 25109
48465, 6484650, 6509762, 25112
48466, 6484660, 6509776, 25116
48467, 6484670, 6509789, 25119
48468, 6484680, 6509802, 25122
48470, 6484700, 6509816, 25116
48471, 6484710, 6509829, 25119
48472, 6484720, 6509843, 25123
48473, 6484730, 6509856, 25126
48474, 6484740, 6509869, 25129
48475, 6484750, 6509883, 25133
48476, 6484760, 6509896, 25136
48477, 6484770, 6509909, 25139
48478, 6484780, 6509923, 25143
48479, 6484790, 6509936, 25146
48480, 6484800, 6509949, 25149
48482, 6484820, 6509963, 25143
48483, 6484830, 6509976, 25146
48484, 6484840, 6509990, 25150
48485, 6484850, 6510003, 25153
48486, 6484860, 6510016, 25156
48487, 6484870, 6510030, 25160
48488, 6484880, 6510043, 25163
48489, 6484890, 6510056, 25166
48490, 6484900, 6510070, 25170
48491, 6484910, 6510083, 25173
48493, 6484930, 6510096, 25166
48494, 6484940, 6510110, 25170
48495, 6484950, 6510123, 25173
48496, 6484960, 6510136, 25176
48497, 6484970, 6510150, 25180
48498, 6484980, 6510163, 25183
48499, 6484990, 6510177, 25187
48501, 6485010, 6510203, 25193
48502, 6485020, 6510217, 25197
48504, 6485040, 6510230, 25190
48505, 6485050, 6510243, 25193
48506, 6485060, 6510257, 25197
48507, 6485070, 6510270, 25200
48508, 6485080, 6510284, 25204
48509, 6485090, 6510297, 25207
48510, 6485100, 6510310, 25210
48511, 6485110, 6510324, 25214
48512, 6485120, 6510337, 25217
48513, 6485130, 6510350, 25220
48514, 6485140, 6510364, 25224
48516, 6485160, 6510377, 25217
48517, 6485170, 6510390, 25220
48518, 6485180, 6510404, 25224
48519, 6485190, 6510417, 25227
48520, 6485200, 6510430, 25230
48521, 6485210, 6514012, 28802
48522, 6485220, 6514025, 28805
48523, 6485230, 6514039, 28809
48524, 6485240, 6514052, 28812
48525, 6485250, 6514065, 28815
48527, 6485270, 6514079, 28809
48528, 6485280, 6514092, 28812
48529, 6485290, 6514106, 28816
48530, 6485300, 6514119, 28819
48531, 6485310, 6514132, 28822
48532, 6485320, 6514146, 28826
48533, 6485330, 6514159, 28829
48534, 6485340, 6514172, 28832
48535, 6485350, 6514186, 28836
48536, 6485360, 6514199, 28839
48537, 6485370, 6514212, 28842
48539, 6485390, 6514226, 28836
48540, 6485400, 6514239, 28839
48541, 6485410, 6514252, 28842
48542, 6485420, 6514266, 28846
48543, 6485430, 6514279, 28849
48544, 6485440, 6514293, 28853
48545, 6485450, 6514306, 28856
48546, 6485460, 6514319, 28859
48547, 6485470, 6514333, 28863
48548, 6485480, 6514346, 28866
48551, 6485510, 6514373, 28863
48552, 6485520, 6514386, 28866
48553, 6485530, 6514400, 28870
48554, 6485540, 6514413, 28873
48555, 6485550, 6514426, 28876
48556, 6485560, 6514440, 28880
48557, 6485570, 6514453, 28883
48558, 6485580, 6514466, 28886
48559, 6485590, 6514480, 28890
48561, 6485610, 6514493, 28883
48562, 6485620, 6514506, 28886
48563, 6485630, 6514520, 28890
48564, 6485640, 6514533, 28893
48565, 6485650, 6514546, 28896
48566, 6485660, 6514560, 28900
48567, 6485670, 6514573, 28903
48568, 6485680, 6514587, 28907
48569, 6485690, 6514600, 28910
48570, 6485700, 6514613, 28913
48571, 6485710, 6514627, 28917
48573, 6485730, 6514640, 28910
48574, 6485740, 6514653, 28913
48575, 6485750, 6514667, 28917
48576, 6485760, 6514680, 28920
48577, 6485770, 6514693, 28923
48578, 6485780, 6514707, 28927
48579, 6485790, 6514720, 28930
48580, 6485800, 6514734, 28934
48581, 6485810, 6514747, 28937
48582, 6485820, 6514760, 28940
48584, 6485840, 6514774, 28934
48585, 6485850, 6514787, 28937
48586, 6485860, 6514800, 28940
48587, 6485870, 6514814, 28944
48588, 6485880, 6514827, 28947
48589, 6485890, 6514840, 28950
48590, 6485900, 6514854, 28954
48591, 6485910, 6514867, 28957
48592, 6485920, 6514880, 28960
48593, 6485930, 6514894, 28964
48594, 6485940, 6514907, 28967
48596, 6485960, 6514921, 28961
48597, 6485970, 6514934, 28964
48598, 6485980, 6514947, 28967
48599, 6485990, 6514961, 28971
49002, 6490020, 6514987, 24967
49003, 6490030, 6515001, 24971
49004, 6490040, 6515014, 24974
49005, 6490050, 6515027, 24977
49006, 6490060, 6515041, 24981
49007, 6490070, 6515054, 24984
49008, 6490080, 6515067, 24987
49009, 6490090, 6515081, 24991
49010, 6490100, 6515094, 24994
49011, 6490110, 6515108, 24998
49013, 6490130, 6515121, 24991
49014, 6490140, 6515134, 24994
49015, 6490150, 6515148, 24998
49016, 6490160, 6515161, 25001
49017, 6490170, 6515174, 25004
49018, 6490180, 6515188, 25008
49019, 6490190, 6515201, 25011
49020, 6490200, 6515214, 25014
49021, 6490210, 6515228, 25018
49022, 6490220, 6515241, 25021
49024, 6490240, 6515254, 25014
49025, 6490250, 6515268, 25018
49026, 6490260, 6515281, 25021
49027, 6490270, 6515295, 25025
49028, 6490280, 6515308, 25028
49029, 6490290, 6515321, 25031
49030, 6490300, 6515335, 25035
49031, 6490310, 6515348, 25038
49032, 6490320, 6515361, 25041
49033, 6490330, 6515375, 25045
49034, 6490340, 6515388, 25048
49036, 6490360, 6515401, 25041
49037, 6490370, 6515415, 25045
49038, 6490380, 6515428, 25048
49039, 6490390, 6515442, 25052
49040, 6490400, 6515455, 25055
49041, 6490410, 6515468, 25058
49042, 6490420, 6515482, 25062
49043, 6490430, 6515495, 25065
49044, 6490440, 6515508, 25068
49045, 6490450, 6515522, 25072
49047, 6490470, 6515535, 25065
49048, 6490480, 6515548, 25068
49049, 6490490, 6515562, 25072
49051, 6490510, 6515589, 25079
49052, 6490520, 6515602, 25082
49053, 6490530, 6515615, 25085
49054, 6490540, 6515629, 25089
49055, 6490550, 6515642, 25092
49056, 6490560, 6515655, 25095
49057, 6490570, 6515669, 25099
49059, 6490590, 6515682, 25092
49060, 6490600, 6515695, 25095
49061, 6490610, 6515709, 25099
49062, 6490620, 6515722, 25102
49063, 6490630, 6515736, 25106
49064, 6490640, 6515749, 25109
49065, 6490650, 6515762, 25112
49066, 6490660, 6515776, 25116
49067, 6490670, 6515789, 25119
49068, 6490680, 6515802, 25122
49070, 6490700, 6515816, 25116
49071, 6490710, 6515829, 25119
49072, 6490720, 6515842, 25122
49073, 6490730, 6515856, 25126
49074, 6490740, 6515869, 25129
49075, 6490750, 6515882, 25132
49076, 6490760, 6515896, 25136
49077, 6490770, 6515909, 25139
49078, 6490780, 6515923, 25143
49079, 6490790, 6515936, 25146
49081, 6490810, 6515949, 25139
49082, 6490820, 6515963, 25143
49083, 6490830, 6515976, 25146
49084, 6490840, 6515989, 25149
49085, 6490850, 6516003, 25153
49086, 6490860, 6516016, 25156
49087, 6490870, 6516029, 25159
49088, 6490880, 6516043, 25163
49089, 6490890, 6516056, 25166
49090, 6490900, 6516070, 25170
49091, 6490910, 6516083, 25173
49093, 6490930, 6516096, 25166
49094, 6490940, 6516110, 25170
49095, 6490950, 6516123, 25173
49096, 6490960, 6516136, 25176
49097, 6490970, 6516150, 25180
49098, 6490980, 6516163, 25183
49099, 6490990, 6516176, 25186
49101, 6491010, 6516203, 25193
49102, 6491020, 6516217, 25197
49104, 6491040, 6516230, 25190
49105, 6491050, 6516243, 25193
49106, 6491060, 6516257, 25197
49107, 6491070, 6516270, 25200
49108, 6491080, 6516283, 25203
49109, 6491090, 6516297, 25207
49110, 6491100, 6516310, 25210
49111, 6491110, 6516323, 25213
49112, 6491120, 6516337, 25217
49113, 6491130, 6516350, 25220
49114, 6491140, 6516364, 25224
49116, 6491160, 6516377, 25217
49117, 6491170, 6516390, 25220
49118, 6491180, 6516404, 25224
49119, 6491190, 6516417, 25227
49120, 6491200, 6516430, 25230
49121, 6491210, 6520012, 28802
49122, 6491220, 6520025, 28805
49123, 6491230, 6520039, 28809
49124, 6491240, 6520052, 28812
49125, 6491250, 6520065, 28815
49127, 6491270, 6520079, 28809
49128, 6491280, 6520092, 28812
49129, 6491290, 6520106, 28816
49130, 6491300, 6520119, 28819
49131, 6491310, 6520132, 28822
49132, 6491320, 6520146, 28826
49133, 6491330, 6520159, 28829
49134, 6491340, 6520172, 28832
49135, 6491350, 6520186, 28836
49136, 6491360, 6520199, 28839
49138, 6491380, 6520212, 28832
49139, 6491390, 6520226, 28836
49140, 6491400, 6520239, 28839
49141, 6491410, 6520252, 28842
49142, 6491420, 6520266, 28846
49143, 6491430, 6520279, 28849
49144, 6491440, 6520293, 28853
49145, 6491450, 6520306, 28856
49146, 6491460, 6520319, 28859
49147, 6491470, 6520333, 28863
49148, 6491480, 6520346, 28866
49151, 6491510, 6520373, 28863
49152, 6491520, 6520386, 28866
49153, 6491530, 6520400, 28870
49154, 6491540, 6520413, 28873
49155, 6491550, 6520426, 28876
49156, 6491560, 6520440, 28880
49157, 6491570, 6520453, 28883
49158, 6491580, 6520466, 28886
49159, 6491590, 6520480, 28890
49161, 6491610, 6520493, 28883
49162, 6491620, 6520506, 28886
49163, 6491630, 6520520, 28890
49164, 6491640, 6520533, 28893
49165, 6491650, 6520546, 28896
49166, 6491660, 6520560, 28900
49167, 6491670, 6520573, 28903
49168, 6491680, 6520587, 28907
49169, 6491690, 6520600, 28910
49170, 6491700, 6520613, 28913
49171, 6491710, 6520627, 28917
49173, 6491730, 6520640, 28910
49174, 6491740, 6520653, 28913
49175, 6491750, 6520667, 28917
49176, 6491760, 6520680, 28920
49177, 6491770, 6520693, 28923
49178, 6491780, 6520707, 28927
49179, 6491790, 6520720, 28930
49180, 6491800, 6520734, 28934
49181, 6491810, 6520747, 28937
49182, 6491820, 6520760, 28940
49184, 6491840, 6520774, 28934
49185, 6491850, 6520787, 28937
49186, 6491860, 6520800, 28940
49187, 6491870, 6520814, 28944
49188, 6491880, 6520827, 28947
49189, 6491890, 6520840, 28950
49190, 6491900, 6520854, 28954
49191, 6491910, 6520867, 28957
49192, 6491920, 6520880, 28960
49193, 6491930, 6520894, 28964
49195, 6491950, 6520907, 28957
49196, 6491960, 6520921, 28961
49197, 6491970, 6520934, 28964
49198, 6491980, 6520947, 28967
49199, 6491990, 6520961, 28971
49602, 6496020, 6520987, 24967
49603, 6496030, 6521001, 24971
49604, 6496040, 6521014, 24974
49605, 6496050, 6521028, 24978
49606, 6496060, 6521041, 24981
49607, 6496070, 6521054, 24984
49608, 6496080, 6521068, 24988
49609, 6496090, 6521081, 24991
49610, 6496100, 6521094, 24994
49611, 6496110, 6521108, 24998
49613, 6496130, 6521121, 24991
49614, 6496140, 6521134, 24994
49615, 6496150, 6521148, 24998
49616, 6496160, 6521161, 25001
49617, 6496170, 6521174, 25004
49618, 6496180, 6521188, 25008
49619, 6496190, 6521201, 25011
49620, 6496200, 6521215, 25015
49621, 6496210, 6521228, 25018
49622, 6496220, 6521241, 25021
49624, 6496240, 6521255, 25015
49625, 6496250, 6521268, 25018
49626, 6496260, 6521281, 25021
49627, 6496270, 6521295, 25025
49628, 6496280, 6521308, 25028
49629, 6496290, 6521321, 25031
49630, 6496300, 6521335, 25035
49631, 6496310, 6521348, 25038
49632, 6496320, 6521362, 25042
49633, 6496330, 6521375, 25045
49634, 6496340, 6521388, 25048
49636, 6496360, 6521402, 25042
49637, 6496370, 6521415, 25045
49638, 6496380, 6521428, 25048
49639, 6496390, 6521442, 25052
49640, 6496400, 6521455, 25055
49641, 6496410, 6521468, 25058
49642, 6496420, 6521482, 25062
49643, 6496430, 6521495, 25065
49644, 6496440, 6521508, 25068
49645, 6496450, 6521522, 25072
49647, 6496470, 6521535, 25065
49648, 6496480, 6521549, 25069
49649, 6496490, 6521562, 25072
49651, 6496510, 6521589, 25079
49652, 6496520, 6521602, 25082
49653, 6496530, 6521615, 25085
49654, 6496540, 6521629, 25089
49655, 6496550, 6521642, 25092
49656, 6496560, 6521656, 25096
49657, 6496570, 6521669, 25099
49659, 6496590, 6521682, 25092
49660, 6496600, 6521696, 25096
49661, 6496610, 6521709, 25099
49662, 6496620, 6521722, 25102
49663, 6496630, 6521736, 25106
49664, 6496640, 6521749, 25109
49665, 6496650, 6521762, 25112
49666, 6496660, 6521776, 25116
49667, 6496670, 6521789, 25119
49668, 6496680, 6521802, 25122
49670, 6496700, 6521816, 25116
49671, 6496710, 6521829, 25119
49672, 6496720, 6521843, 25123
49673, 6496730, 6521856, 25126
49674, 6496740, 6521869, 25129
49675, 6496750, 6521883, 25133
49676, 6496760, 6521896, 25136
49677, 6496770, 6521909, 25139
49678, 6496780, 6521923, 25143
49679, 6496790, 6521936, 25146
49681, 6496810, 6521949, 25139
49682, 6496820, 6521963, 25143
49683, 6496830, 6521976, 25146
49684, 6496840, 6521990, 25150
49685, 6496850, 6522003, 25153
49686, 6496860, 6522016, 25156
49687, 6496870, 6522030, 25160
49688, 6496880, 6522043, 25163
49689, 6496890, 6522056, 25166
49690, 6496900, 6522070, 25170
49691, 6496910, 6522083, 25173
49693, 6496930, 6522096, 25166
49694, 6496940, 6522110, 25170
49695, 6496950, 6522123, 25173
49696, 6496960, 6522136, 25176
49697, 6496970, 6522150, 25180
49698, 6496980, 6522163, 25183
49699, 6496990, 6522177, 25187
49701, 6497010, 6522203, 25193
49702, 6497020, 6522217, 25197
49704, 6497040, 6522230, 25190
49705, 6497050, 6522243, 25193
49706, 6497060, 6522257, 25197
49707, 6497070, 6522270, 25200
49708, 6497080, 6522284, 25204
49709, 6497090, 6522297, 25207
49710, 6497100, 6522310, 25210
49711, 6497110, 6522324, 25214
49712, 6497120, 6522337, 25217
49713, 6497130, 6522350, 25220
49714, 6497140, 6522364, 25224
49716, 6497160, 6522377, 25217
49717, 6497170, 6522390, 25220
49718, 6497180, 6522404, 25224
49719, 6497190, 6522417, 25227
49720, 6497200, 6522430, 25230
49721, 6497210, 6526012, 28802
49722, 6497220, 6526025, 28805
49723, 6497230, 6526039, 28809
49724, 6497240, 6526052, 28812
49725, 6497250, 6526065, 28815
49727, 6497270, 6526079, 28809
49728, 6497280, 6526092, 28812
49729, 6497290, 6526106, 28816
49730, 6497300, 6526119, 28819
49731, 6497310, 6526132, 28822
49732, 6497320, 6526146, 28826
49733, 6497330, 6526159, 28829
49734, 6497340, 6526172, 28832
49735, 6497350, 6526186, 28836
49736, 6497360, 6526199, 28839
49738, 6497380, 6526212, 28832
49739, 6497390, 6526226, 28836
49740, 6497400, 6526239, 28839
49741, 6497410, 6526252, 28842
49742, 6497420, 6526266, 28846
49743, 6497430, 6526279, 28849
49744, 6497440, 6526293, 28853
49745, 6497450, 6526306, 28856
49746, 6497460, 6526319, 28859
49747, 6497470, 6526333, 28863
49748, 6497480, 6526346, 28866
49751, 6497510, 6526373, 28863
49752, 6497520, 6526386, 28866
49753, 6497530, 6526400, 28870
49754, 6497540, 6526413, 28873
49755, 6497550, 6526426, 28876
49756, 6497560, 6526440, 28880
49757, 6497570, 6526453, 28883
49758, 6497580, 6526466, 28886
49759, 6497590, 6526480, 28890
49761, 6497610, 6526493, 28883
49762, 6497620, 6526506, 28886
49763, 6497630, 6526520, 28890
49764, 6497640, 6526533, 28893
49765, 6497650, 6526546, 28896
49766, 6497660, 6526560, 28900
49767, 6497670, 6526573, 28903
49768, 6497680, 6526587, 28907
49769, 6497690, 6526600, 28910
49770, 6497700, 6526613, 28913
49771, 6497710, 6526627, 28917
49773, 6497730, 6526640, 28910
49774, 6497740, 6526653, 28913
49775, 6497750, 6526667, 28917
49776, 6497760, 6526680, 28920
49777, 6497770, 6526693, 28923
49778, 6497780, 6526707, 28927
49779, 6497790, 6526720, 28930
49780, 6497800, 6526734, 28934
49781, 6497810, 6526747, 28937
49782, 6497820, 6526760, 28940
49784, 6497840, 6526774, 28934
49785, 6497850, 6526787, 28937
49786, 6497860, 6526800, 28940
49787, 6497870, 6526814, 28944
49788, 6497880, 6526827, 28947
49789, 6497890, 6526840, 28950
49790, 6497900, 6526854, 28954
49791, 6497910, 6526867, 28957
49792, 6497920, 6526880, 28960
49793, 6497930, 6526894, 28964
49795, 6497950, 6526907, 28957
49796, 6497960, 6526921, 28961
49797, 6497970, 6526934, 28964
49798, 6497980, 6526947, 28967
49799, 6497990, 6526961, 28971
50202, 6502020, 6526987, 24967
50203, 6502030, 6527001, 24971
50204, 6502040, 6527014, 24974
50205, 6502050, 6527028, 24978
50206, 6502060, 6527041, 24981
50207, 6502070, 6527054, 24984
50208, 6502080, 6527068, 24988
50209, 6502090, 6527081, 24991
50210, 6502100, 6527094, 24994
50211, 6502110, 6527108, 24998
50213, 6502130, 6527121, 24991
50214, 6502140, 6527134, 24994
50215, 6502150, 6527148, 24998
50216, 6502160, 6527161, 25001
50217, 6502170, 6527174, 25004
50218, 6502180, 6527188, 25008
50219, 6502190, 6527201, 25011
50220, 6502200, 6527215, 25015
50221, 6502210, 6527228, 25018
50222, 6502220, 6527241, 25021
50224, 6502240, 6527255, 25015
50225, 6502250, 6527268, 25018
50226, 6502260, 6527281, 25021
50227, 6502270, 6527295, 25025
50228, 6502280, 6527308, 25028
50229, 6502290, 6527321, 25031
50230, 6502300, 6527335, 25035
50231, 6502310, 6527348, 25038
50232, 6502320, 6527362, 25042
50233, 6502330, 6527375, 25045
50234, 6502340, 6527388, 25048
50236, 6502360, 6527402, 25042
50237, 6502370, 6527415, 25045
50238, 6502380, 6527428, 25048
50239, 6502390, 6527442, 25052
50240, 6502400, 6527455, 25055
50241, 6502410, 6527468, 25058
50242, 6502420, 6527482, 25062
50243, 6502430, 6527495, 25065
50244, 6502440, 6527508, 25068
50245, 6502450, 6527522, 25072
50247, 6502470, 6527535, 25065
50248, 6502480, 6527549, 25069
50249, 6502490, 6527562, 25072
50251, 6502510, 6527589, 25079
50252, 6502520, 6527602, 25082
50253, 6502530, 6527615, 25085
50254, 6502540, 6527629, 25089
50255, 6502550, 6527642, 25092
50256, 6502560, 6527656, 25096
50257, 6502570, 6527669, 25099
50259, 6502590, 6527682, 25092
50260, 6502600, 6527696, 25096
50261, 6502610, 6527709, 25099
50262, 6502620, 6527722, 25102
50263, 6502630, 6527736, 25106
50264, 6502640, 6527749, 25109
50265, 6502650, 6527762, 25112
50266, 6502660, 6527776, 25116
50267, 6502670, 6527789, 25119
50268, 6502680, 6527802, 25122
50270, 6502700, 6527816, 25116
50271, 6502710, 6527829, 25119
50272, 6502720, 6527843, 25123
50273, 6502730, 6527856, 25126
50274, 6502740, 6527869, 25129
50275, 6502750, 6527883, 25133
50276, 6502760, 6527896, 25136
50277, 6502770, 6527909, 25139
50278, 6502780, 6527923, 25143
50279, 6502790, 6527936, 25146
50281, 6502810, 6527949, 25139
50282, 6502820, 6527963, 25143
50283, 6502830, 6527976, 25146
50284, 6502840, 6527990, 25150
50285, 6502850, 6528003, 25153
50286, 6502860, 6528016, 25156
50287, 6502870, 6528030, 25160
50288, 6502880, 6528043, 25163
50289, 6502890, 6528056, 25166
50290, 6502900, 6528070, 25170
50291, 6502910, 6528083, 25173
50293, 6502930, 6528096, 25166
50294, 6502940, 6528110, 25170
50295, 6502950, 6528123, 25173
50296, 6502960, 6528136, 25176
50297, 6502970, 6528150, 25180
50298, 6502980, 6528163, 25183
50299, 6502990, 6528177, 25187
50301, 6503010, 6528203, 25193
50302, 6503020, 6528217, 25197
50304, 6503040, 6528230, 25190
50305, 6503050, 6528243, 25193
50306, 6503060, 6528257, 25197
50307, 6503070, 6528270, 25200
50308, 6503080, 6528284, 25204
50309, 6503090, 6528297, 25207
50310, 6503100, 6528310, 25210
50311, 6503110, 6528324, 25214
50312, 6503120, 6528337, 25217
50313, 6503130, 6528350, 25220
50314, 6503140, 6528364, 25224
50316, 6503160, 6528377, 25217
50317, 6503170, 6528390, 25220
50318, 6503180, 6528404, 25224
50319, 6503190, 6528417, 25227
50320, 6503200, 6528430, 25230
50321, 6503210, 6532012, 28802
50322, 6503220, 6532025, 28805
50323, 6503230, 6532039, 28809
50324, 6503240, 6532052, 28812
50325, 6503250, 6532065, 28815
50327, 6503270, 6532079, 28809
50328, 6503280, 6532092, 28812
50329, 6503290, 6532106, 28816
50330, 6503300, 6532119, 28819
50331, 6503310, 6532132, 28822
50332, 6503320, 6532146, 28826
50333, 6503330, 6532159, 28829
50334, 6503340, 6532172, 28832
50335, 6503350, 6532186, 28836
50336, 6503360, 6532199, 28839
50338, 6503380, 6532212, 28832
50339, 6503390, 6532226, 28836
50340, 6503400, 6532239, 28839
50341, 6503410, 6532252, 28842
50342, 6503420, 6532266, 28846
50343, 6503430, 6532279, 28849
50344, 6503440, 6532293, 28853
50345, 6503450, 6532306, 28856
50346, 6503460, 6532319, 28859
50347, 6503470, 6532333, 28863
50348, 6503480, 6532346, 28866
50351, 6503510, 6532373, 28863
50352, 6503520, 6532386, 28866
50353, 6503530, 6532400, 28870
50354, 6503540, 6532413, 28873
50355, 6503550, 6532426, 28876
50356, 6503560, 6532440, 28880
50357, 6503570, 6532453, 28883
50358, 6503580, 6532466, 28886
50359, 6503590, 6532480, 28890
50361, 6503610, 6532493, 28883
50362, 6503620, 6532506, 28886
50363, 6503630, 6532520, 28890
50364, 6503640, 6532533, 28893
50365, 6503650, 6532546, 28896
50366, 6503660, 6532560, 28900
50367, 6503670, 6532573, 28903
50368, 6503680, 6532587, 28907
50369, 6503690, 6532600, 28910
50370, 6503700, 6532613, 28913
50371, 6503710, 6532627, 28917
50373, 6503730, 6532640, 28910
50374, 6503740, 6532653, 28913
50375, 6503750, 6532667, 28917
50376, 6503760, 6532680, 28920
50377, 6503770, 6532693, 28923
50378, 6503780, 6532707, 28927
50379, 6503790, 6532720, 28930
50380, 6503800, 6532734, 28934
50381, 6503810, 6532747, 28937
50382, 6503820, 6532760, 28940
50384, 6503840, 6532774, 28934
50385, 6503850, 6532787, 28937
50386, 6503860, 6532800, 28940
50387, 6503870, 6532814, 28944
50388, 6503880, 6532827, 28947
50389, 6503890, 6532840, 28950
50390, 6503900, 6532854, 28954
50391, 6503910, 6532867, 28957
50392, 6503920, 6532880, 28960
50393, 6503930, 6532894, 28964
50395, 6503950, 6532907, 28957
50396, 6503960, 6532921, 28961
50397, 6503970, 6532934, 28964
50398, 6503980, 6532947, 28967
50399, 6503990, 6532961, 28971
50802, 6508020, 6532987, 24967
50803, 6508030, 6533001, 24971
50804, 6508040, 6533014, 24974
50805, 6508050, 6533028, 24978
50806, 6508060, 6533041, 24981
50807, 6508070, 6533054, 24984
50808, 6508080, 6533068, 24988
50809, 6508090, 6533081, 24991
50810, 6508100, 6533094, 24994
50811, 6508110, 6533108, 24998
50813, 6508130, 6533121, 24991
50814, 6508140, 6533134, 24994
50815, 6508150, 6533148, 24998
50816, 6508160, 6533161, 25001
50817, 6508170, 6533174, 25004
50818, 6508180, 6533188, 25008
50819, 6508190, 6533201, 25011
50820, 6508200, 6533215, 25015
50821, 6508210, 6533228, 25018
50822, 6508220, 6533241, 25021
50824, 6508240, 6533255, 25015
50825, 6508250, 6533268, 25018
50826, 6508260, 6533281, 25021
50827, 6508270, 6533295, 25025
50828, 6508280, 6533308, 25028
50829, 6508290, 6533321, 25031
50830, 6508300, 6533335, 25035
50831, 6508310, 6533348, 25038
50832, 6508320, 6533362, 25042
50833, 6508330, 6533375, 25045
50834, 6508340, 6533388, 25048
50836, 6508360, 6533402, 25042
50837, 6508370, 6533415, 25045
50838, 6508380, 6533428, 25048
50839, 6508390, 6533442, 25052
50840, 6508400, 6533455, 25055
50841, 6508410, 6533468, 25058
50842, 6508420, 6533482, 25062
50843, 6508430, 6533495, 25065
50844, 6508440, 6533508, 25068
50845, 6508450, 6533522, 25072
50847, 6508470, 6533535, 25065
50848, 6508480, 6533549, 25069
50849, 6508490, 6533562, 25072
50851, 6508510, 6533589, 25079
50852, 6508520, 6533602, 25082
50853, 6508530, 6533615, 25085
50854, 6508540, 6533629, 25089
50855, 6508550, 6533642, 25092
50856, 6508560, 6533656, 25096
50857, 6508570, 6533669, 25099
50859, 6508590, 6533682, 25092
50860, 6508600, 6533696, 25096
50861, 6508610, 6533709, 25099
50862, 6508620, 6533722, 25102
50863, 6508630, 6533736, 25106
50864, 6508640, 6533749, 25109
50865, 6508650, 6533762, 25112
50866, 6508660, 6533776, 25116
50867, 6508670, 6533789, 25119
50868, 6508680, 6533802, 25122
50870, 6508700, 6533816, 25116
50871, 6508710, 6533829, 25119
50872, 6508720, 6533843, 25123
50873, 6508730, 6533856, 25126
50874, 6508740, 6533869, 25129
50875, 6508750, 6533883, 25133
50876, 6508760, 6533896, 25136
50877, 6508770, 6533909, 25139
50878, 6508780, 6533923, 25143
50879, 6508790, 6533936, 25146
50881, 6508810, 6533949, 25139
50882, 6508820, 6533963, 25143
50883, 6508830, 6533976, 25146
50884, 6508840, 6533990, 25150
50885, 6508850, 6534003, 25153
50886, 6508860, 6534016, 25156
50887, 6508870, 6534030, 25160
50888, 6508880, 6534043, 25163
50889, 6508890, 6534056, 25166
50890, 6508900, 6534070, 25170
50891, 6508910, 6534083, 25173
50893, 6508930, 6534096, 25166
50894, 6508940, 6534110, 25170
50895, 6508950, 6534123, 25173
50896, 6508960, 6534136, 25176
50897, 6508970, 6534150, 25180
50898, 6508980, 6534163, 25183
50899, 6508990, 6534177, 25187
50901, 6509010, 6534203, 25193
50902, 6509020, 6534217, 25197
50904, 6509040, 6534230, 25190
50905, 6509050, 6534243, 25193
50906, 6509060, 6534257, 25197
50907, 6509070, 6534270, 25200
50908, 6509080, 6534284, 25204
50909, 6509090, 6534297, 25207
50910, 6509100, 6534310, 25210
50911, 6509110, 6534324, 25214
50912, 6509120, 6534337, 25217
50913, 6509130, 6534350, 25220
50914, 6509140, 6534364, 25224
50916, 6509160, 6534377, 25217
50917, 6509170, 6534390, 25220
50918, 6509180, 6534404, 25224
50919, 6509190, 6534417, 25227
50920, 6509200, 6534430, 25230
50921, 6509210, 6538012, 28802
50922, 6509220, 6538025, 28805
50923, 6509230, 6538039, 28809
50924, 6509240, 6538052, 28812
50925, 6509250, 6538065, 28815
50927, 6509270, 6538079, 28809
50928, 6509280, 6538092, 28812
50929, 6509290, 6538106, 28816
50930, 6509300, 6538119, 28819
50931, 6509310, 6538132, 28822
50932, 6509320, 6538146, 28826
50933, 6509330, 6538159, 28829
50934, 6509340, 6538172, 28832
50935, 6509350, 6538186, 28836
50936, 6509360, 6538199, 28839
50938, 6509380, 6538212, 28832
50939, 6509390, 6538226, 28836
50940, 6509400, 6538239, 28839
50941, 6509410, 6538252, 28842
50942, 6509420, 6538266, 28846
50943, 6509430, 6538279, 28849
50944, 6509440, 6538293, 28853
50945, 6509450, 6538306, 28856
50946, 6509460, 6538319, 28859
50947, 6509470, 6538333, 28863
50948, 6509480, 6538346, 28866
50951, 6509510, 6538373, 28863
50952, 6509520, 6538386, 28866
50953, 6509530, 6538400, 28870
50954, 6509540, 6538413, 28873
50955, 6509550, 6538426, 28876
50956, 6509560, 6538440, 28880
50957, 6509570, 6538453, 28883
50958, 6509580, 6538466, 28886
50959, 6509590, 6538480, 28890
50961, 6509610, 6538493, 28883
50962, 6509620, 6538506, 28886
50963, 6509630, 6538520, 28890
50964, 6509640, 6538533, 28893
50965, 6509650, 6538546, 28896
50966, 6509660, 6538560, 28900
50967, 6509670, 6538573, 28903
50968, 6509680, 6538587, 28907
50969, 6509690, 6538600, 28910
50970, 6509700, 6538613, 28913
50971, 6509710, 6538627, 28917
50973, 6509730, 6538640, 28910
50974, 6509740, 6538653, 28913
50975, 6509750, 6538667, 28917
50976, 6509760, 6538680, 28920
50977, 6509770, 6538693, 28923
50978, 6509780, 6538707, 28927
50979, 6509790, 6538720, 28930
50980, 6509800, 6538734, 28934
50981, 6509810, 6538747, 28937
50982, 6509820, 6538760, 28940
50984, 6509840, 6538774, 28934
50985, 6509850, 6538787, 28937
50986, 6509860, 6538800, 28940
50987, 6509870, 6538814, 28944
50988, 6509880, 6538827, 28947
50989, 6509890, 6538840, 28950
50990, 6509900, 6538854, 28954
50991, 6509910, 6538867, 28957
50992, 6509920, 6538880, 28960
50993, 6509930, 6538894, 28964
50995, 6509950, 6538907, 28957
50996, 6509960, 6538921, 28961
50997, 6509970, 6538934, 28964
50998, 6509980, 6538947, 28967
50999, 6509990, 6538961, 28971
51402, 6514020, 6538987, 24967
51403, 6514030, 6539001, 24971
51404, 6514040, 6539014, 24974
51405, 6514050, 6539028, 24978
51406, 6514060, 6539041, 24981
51407, 6514070, 6539054, 24984
51408, 6514080, 6539068, 24988
51409, 6514090, 6539081, 24991
51410, 6514100, 6539094, 24994
51411, 6514110, 6539108, 24998
51413, 6514130, 6539121, 24991
51414, 6514140, 6539134, 24994
51415, 6514150, 6539148, 24998
51416, 6514160, 6539161, 25001
51417, 6514170, 6539174, 25004
51418, 6514180, 6539188, 25008
51419, 6514190, 6539201, 25011
51420, 6514200, 6539215, 25015
51421, 6514210, 6539228, 25018
51422, 6514220, 6539241, 25021
51424, 6514240, 6539255, 25015
51425, 6514250, 6539268, 25018
51426, 6514260, 6539281, 25021
51427, 6514270, 6539295, 25025
51428, 6514280, 6539308, 25028
51429, 6514290, 6539321, 25031
51430, 6514300, 6539335, 25035
51431, 6514310, 6539348, 25038
51432, 6514320, 6539362, 25042
51433, 6514330, 6539375, 25045
51434, 6514340, 6539388, 25048
51436, 6514360, 6539402, 25042
51437, 6514370, 6539415, 25045
51438, 6514380, 6539428, 25048
51439, 6514390, 6539442, 25052
51440, 6514400, 6539455, 25055
51441, 6514410, 6539468, 25058
51442, 6514420, 6539482, 25062
51443, 6514430, 6539495, 25065
51444, 6514440, 6539508, 25068
51445, 6514450, 6539522, 25072
51447, 6514470, 6539535, 25065
51448, 6514480, 6539549, 25069
51449, 6514490, 6539562, 25072
51451, 6514510, 6539589, 25079
51452, 6514520, 6539602, 25082
51453, 6514530, 6539615, 25085
51454, 6514540, 6539629, 25089
51455, 6514550, 6539642, 25092
51456, 6514560, 6539656, 25096
51457, 6514570, 6539669, 25099
51459, 6514590, 6539682, 25092
51460, 6514600, 6539696, 25096
51461, 6514610, 6539709, 25099
51462, 6514620, 6539722, 25102
51463, 6514630, 6539736, 25106
51464, 6514640, 6539749, 25109
51465, 6514650, 6539762, 25112
51466, 6514660, 6539776, 25116
51467, 6514670, 6539789, 25119
51468, 6514680, 6539802, 25122
51470, 6514700, 6539816, 25116
51471, 6514710, 6539829, 25119
51472, 6514720, 6539843, 25123
51473, 6514730, 6539856, 25126
51474, 6514740, 6539869, 25129
51475, 6514750, 6539883, 25133
51476, 6514760, 6539896, 25136
51477, 6514770, 6539909, 25139
51478, 6514780, 6539923, 25143
51479, 6514790, 6539936, 25146
51480, 6514800, 6539949, 25149
51482, 6514820, 6539963, 25143
51483, 6514830, 6539976, 25146
51484, 6514840, 6539990, 25150
51485, 6514850, 6540003, 25153
51486, 6514860, 6540016, 25156
51487, 6514870, 6540030, 25160
51488, 6514880, 6540043, 25163
51489, 6514890, 6540056, 25166
51490, 6514900, 6540070, 25170
51491, 6514910, 6540083, 25173
51493, 6514930, 6540096, 25166
51494, 6514940, 6540110, 25170
51495, 6514950, 6540123, 25173
51496, 6514960, 6540136, 25176
51497, 6514970, 6540150, 25180
51498, 6514980, 6540163, 25183
51499, 6514990, 6540177, 25187
51501, 6515010, 6540203, 25193
51502, 6515020, 6540217, 25197
51504, 6515040, 6540230, 25190
51505, 6515050, 6540243, 25193
51506, 6515060, 6540257, 25197
51507, 6515070, 6540270, 25200
51508, 6515080, 6540284, 25204
51509, 6515090, 6540297, 25207
51510, 6515100, 6540310, 25210
51511, 6515110, 6540324, 25214
51512, 6515120, 6540337, 25217
51513, 6515130, 6540350, 25220
51514, 6515140, 6540364, 25224
51516, 6515160, 6540377, 25217
51517, 6515170, 6540390, 25220
51518, 6515180, 6540404, 25224
51519, 6515190, 6540417, 25227
51520, 6515200, 6540430, 25230
51521, 6515210, 6544012, 28802
51522, 6515220, 6544025, 28805
51523, 6515230, 6544039, 28809
51524, 6515240, 6544052, 28812
51525, 6515250, 6544065, 28815
51527, 6515270, 6544079, 28809
51528, 6515280, 6544092, 28812
51529, 6515290, 6544106, 28816
51530, 6515300, 6544119, 28819
51531, 6515310, 6544132, 28822
51532, 6515320, 6544146, 28826
51533, 6515330, 6544159, 28829
51534, 6515340, 6544172, 28832
51535, 6515350, 6544186, 28836
51536, 6515360, 6544199, 28839
51537, 6515370, 6544212, 28842
51539, 6515390, 6544226, 28836
51540, 6515400, 6544239, 28839
51541, 6515410, 6544252, 28842
51542, 6515420, 6544266, 28846
51543, 6515430, 6544279, 28849
51544, 6515440, 6544293, 28853
51545, 6515450, 6544306, 28856
51546, 6515460, 6544319, 28859
51547, 6515470, 6544333, 28863
51548, 6515480, 6544346, 28866
51551, 6515510, 6544373, 28863
51552, 6515520, 6544386, 28866
51553, 6515530, 6544400, 28870
51554, 6515540, 6544413, 28873
51555, 6515550, 6544426, 28876
51556, 6515560, 6544440, 28880
51557, 6515570, 6544453, 28883
51558, 6515580, 6544466, 28886
51559, 6515590, 6544480, 28890
51561, 6515610, 6544493, 28883
51562, 6515620, 6544506, 28886
51563, 6515630, 6544520, 28890
51564, 6515640, 6544533, 28893
51565, 6515650, 6544546, 28896
51566, 6515660, 6544560, 28900
51567, 6515670, 6544573, 28903
51568, 6515680, 6544587, 28907
51569, 6515690, 6544600, 28910
51570, 6515700, 6544613, 28913
51571, 6515710, 6544627, 28917
51573, 6515730, 6544640, 28910
51574, 6515740, 6544653, 28913
51575, 6515750, 6544667, 28917
51576, 6515760, 6544680, 28920
51577, 6515770, 6544693, 28923
51578, 6515780, 6544707, 28927
51579, 6515790, 6544720, 28930
51580, 6515800, 6544734, 28934
51581, 6515810, 6544747, 28937
51582, 6515820, 6544760, 28940
51584, 6515840, 6544774, 28934
51585, 6515850, 6544787, 28937
51586, 6515860, 6544800, 28940
51587, 6515870, 6544814, 28944
51588, 6515880, 6544827, 28947
51589, 6515890, 6544840, 28950
51590, 6515900, 6544854, 28954
51591, 6515910, 6544867, 28957
51592, 6515920, 6544880, 28960
51593, 6515930, 6544894, 28964
51594, 6515940, 6544907, 28967
51596, 6515960, 6544921, 28961
51597, 6515970, 6544934, 28964
51598, 6515980, 6544947, 28967
51599, 6515990, 6544961, 28971
52002, 6520020, 6544987, 24967
52003, 6520030, 6545001, 24971
52004, 6520040, 6545014, 24974
52005, 6520050, 6545027, 24977
52006, 6520060, 6545041, 24981
52007, 6520070, 6545054, 24984
52008, 6520080, 6545067, 24987
52009, 6520090, 6545081, 24991
52010, 6520100, 6545094, 24994
52011, 6520110, 6545108, 24998
52013, 6520130, 6545121, 24991
52014, 6520140, 6545134, 24994
52015, 6520150, 6545148, 24998
52016, 6520160, 6545161, 25001
52017, 6520170, 6545174, 25004
52018, 6520180, 6545188, 25008
52019, 6520190, 6545201, 25011
52020, 6520200, 6545214, 25014
52021, 6520210, 6545228, 25018
52022, 6520220, 6545241, 25021
52024, 6520240, 6545254, 25014
52025, 6520250, 6545268, 25018
52026, 6520260, 6545281, 25021
52027, 6520270, 6545295, 25025
52028, 6520280, 6545308, 25028
52029, 6520290, 6545321, 25031
52030, 6520300, 6545335, 25035
52031, 6520310, 6545348, 25038
52032, 6520320, 6545361, 25041
52033, 6520330, 6545375, 25045
52034, 6520340, 6545388, 25048
52036, 6520360, 6545401, 25041
52037, 6520370, 6545415, 25045
52038, 6520380, 6545428, 25048
52039, 6520390, 6545442, 25052
52040, 6520400, 6545455, 25055
52041, 6520410, 6545468, 25058
52042, 6520420, 6545482, 25062
52043, 6520430, 6545495, 25065
52044, 6520440, 6545508, 25068
52045, 6520450, 6545522, 25072
52047, 6520470, 6545535, 25065
52048, 6520480, 6545548, 25068
52049, 6520490, 6545562, 25072
52051, 6520510, 6545589, 25079
52052, 6520520, 6545602, 25082
52053, 6520530, 6545615, 25085
52054, 6520540, 6545629, 25089
52055, 6520550, 6545642, 25092
52056, 6520560, 6545655, 25095
52057, 6520570, 6545669, 25099
52059, 6520590, 6545682, 25092
52060, 6520600, 6545695, 25095
52061, 6520610, 6545709, 25099
52062, 6520620, 6545722, 25102
52063, 6520630, 6545736, 25106
52064, 6520640, 6545749, 25109
52065, 6520650, 6545762, 25112
52066, 6520660, 6545776, 25116
52067, 6520670, 6545789, 25119
52068, 6520680, 6545802, 25122
52070, 6520700, 6545816, 25116
52071, 6520710, 6545829, 25119
52072, 6520720, 6545842, 25122
52073, 6520730, 6545856, 25126
52074, 6520740, 6545869, 25129
52075, 6520750, 6545882, 25132
52076, 6520760, 6545896, 25136
52077, 6520770, 6545909, 25139
52078, 6520780, 6545923, 25143
52079, 6520790, 6545936, 25146
52081, 6520810, 6545949, 25139
52082, 6520820, 6545963, 25143
52083, 6520830, 6545976, 25146
52084, 6520840, 6545989, 25149
52085, 6520850, 6546003, 25153
52086, 6520860, 6546016, 25156
52087, 6520870, 6546029, 25159
52088, 6520880, 6546043, 25163
52089, 6520890, 6546056, 25166
52090, 6520900, 6546070, 25170
52091, 6520910, 6546083, 25173
52093, 6520930, 6546096, 25166
52094, 6520940, 6546110, 25170
52095, 6520950, 6546123, 25173
52096, 6520960, 6546136, 25176
52097, 6520970, 6546150, 25180
52098, 6520980, 6546163, 25183
52099, 6520990, 6546176, 25186
52101, 6521010, 6546203, 25193
52102, 6521020, 6546217, 25197
52104, 6521040, 6546230, 25190
52105, 6521050, 6546243, 25193
52106, 6521060, 6546257, 25197
52107, 6521070, 6546270, 25200
52108, 6521080, 6546283, 25203
52109, 6521090, 6546297, 25207
52110, 6521100, 6546310, 25210
52111, 6521110, 6546323, 25213
52112, 6521120, 6546337, 25217
52113, 6521130, 6546350, 25220
52114, 6521140, 6546364, 25224
52116, 6521160, 6546377, 25217
52117, 6521170, 6546390, 25220
52118, 6521180, 6546404, 25224
52119, 6521190, 6546417, 25227
52120, 6521200, 6546430, 25230
52121, 6521210, 6550012, 28802
52122, 6521220, 6550025, 28805
52123, 6521230, 6550039, 28809
52124, 6521240, 6550052, 28812
52125, 6521250, 6550065, 28815
52127, 6521270, 6550079, 28809
52128, 6521280, 6550092, 28812
52129, 6521290, 6550106, 28816
52130, 6521300, 6550119, 28819
52131, 6521310, 6550132, 28822
52132, 6521320, 6550146, 28826
52133, 6521330, 6550159, 28829
52134, 6521340, 6550172, 28832
52135, 6521350, 6550186, 28836
52136, 6521360, 6550199, 28839
52138, 6521380, 6550212, 28832
52139, 6521390, 6550226, 28836
52140, 6521400, 6550239, 28839
52141, 6521410, 6550252, 28842
52142, 6521420, 6550266, 28846
52143, 6521430, 6550279, 28849
52144, 6521440, 6550293, 28853
52145, 6521450, 6550306, 28856
52146, 6521460, 6550319, 28859
52147, 6521470, 6550333, 28863
52148, 6521480, 6550346, 28866
52151, 6521510, 6550373, 28863
52152, 6521520, 6550386, 28866
52153, 6521530, 6550400, 28870
52154, 6521540, 6550413, 28873
52155, 6521550, 6550426, 28876
52156, 6521560, 6550440, 28880
52157, 6521570, 6550453, 28883
52158, 6521580, 6550466, 28886
52159, 6521590, 6550480, 28890
52161, 6521610, 6550493, 28883
52162, 6521620, 6550506, 28886
52163, 6521630, 6550520, 28890
52164, 6521640, 6550533, 28893
52165, 6521650, 6550546, 28896
52166, 6521660, 6550560, 28900
52167, 6521670, 6550573, 28903
52168, 6521680, 6550587, 28907
52169, 6521690, 6550600, 28910
52170, 6521700, 6550613, 28913
52171, 6521710, 6550627, 28917
52173, 6521730, 6550640, 28910
52174, 6521740, 6550653, 28913
52175, 6521750, 6550667, 28917
52176, 6521760, 6550680, 28920
52177, 6521770, 6550693, 28923
52178, 6521780, 6550707, 28927
52179, 6521790, 6550720, 28930
52180, 6521800, 6550734, 28934
52181, 6521810, 6550747, 28937
52182, 6521820, 6550760, 28940
52184, 6521840, 6550774, 28934
52185, 6521850, 6550787, 28937
52186, 6521860, 6550800, 28940
52187, 6521870, 6550814, 28944
52188, 6521880, 6550827, 28947
52189, 6521890, 6550840, 28950
52190, 6521900, 6550854, 28954
52191, 6521910, 6550867, 28957
52192, 6521920, 6550880, 28960
52193, 6521930, 6550894, 28964
52195, 6521950, 6550907, 28957
52196, 6521960, 6550921, 28961
52197, 6521970, 6550934, 28964
52198, 6521980, 6550947, 28967
52199, 6521990, 6550961, 28971
52602, 6526020, 6550987, 24967
52603, 6526030, 6551001, 24971
52604, 6526040, 6551014, 24974
52605, 6526050, 6551028, 24978
52606, 6526060, 6551041, 24981
52607, 6526070, 6551054, 24984
52608, 6526080, 6551068, 24988
52609, 6526090, 6551081, 24991
52610, 6526100, 6551094, 24994
52611, 6526110, 6551108, 24998
52613, 6526130, 6551121, 24991
52614, 6526140, 6551134, 24994
52615, 6526150, 6551148, 24998
52616, 6526160, 6551161, 25001
52617, 6526170, 6551174, 25004
52618, 6526180, 6551188, 25008
52619, 6526190, 6551201, 25011
52620, 6526200, 6551215, 25015
52621, 6526210, 6551228, 25018
52622, 6526220, 6551241, 25021
52624, 6526240, 6551255, 25015
52625, 6526250, 6551268, 25018
52626, 6526260, 6551281, 25021
52627, 6526270, 6551295, 25025
52628, 6526280, 6551308, 25028
52629, 6526290, 6551321, 25031
52630, 6526300, 6551335, 25035
52631, 6526310, 6551348, 25038
52632, 6526320, 6551362, 25042
52633, 6526330, 6551375, 25045
52634, 6526340, 6551388, 25048
52636, 6526360, 6551402, 25042
52637, 6526370, 6551415, 25045
52638, 6526380, 6551428, 25048
52639, 6526390, 6551442, 25052
52640, 6526400, 6551455, 25055
52641, 6526410, 6551468, 25058
52642, 6526420, 6551482, 25062
52643, 6526430, 6551495, 25065
52644, 6526440, 6551508, 25068
52645, 6526450, 6551522, 25072
52647, 6526470, 6551535, 25065
52648, 6526480, 6551549, 25069
52649, 6526490, 6551562, 25072
52651, 6526510, 6551589, 25079
52652, 6526520, 6551602, 25082
52653, 6526530, 6551615, 25085
52654, 6526540, 6551629, 25089
52655, 6526550, 6551642, 25092
52656, 6526560, 6551656, 25096
52657, 6526570, 6551669, 25099
52659, 6526590, 6551682, 25092
52660, 6526600, 6551696, 25096
52661, 6526610, 6551709, 25099
52662, 6526620, 6551722, 25102
52663, 6526630, 6551736, 25106
52664, 6526640, 6551749, 25109
52665, 6526650, 6551762, 25112
52666, 6526660, 6551776, 25116
52667, 6526670, 6551789, 25119
52668, 6526680, 6551802, 25122
52670, 6526700, 6551816, 25116
52671, 6526710, 6551829, 25119
52672, 6526720, 6551843, 25123
52673, 6526730, 6551856, 25126
52674, 6526740, 6551869, 25129
52675, 6526750, 6551883, 25133
52676, 6526760, 6551896, 25136
52677, 6526770, 6551909, 25139
52678, 6526780, 6551923, 25143
52679, 6526790, 6551936, 25146
52681, 6526810, 6551949, 25139
52682, 6526820, 6551963, 25143
52683, 6526830, 6551976, 25146
52684, 6526840, 6551990, 25150
52685, 6526850, 6552003, 25153
52686, 6526860, 6552016, 25156
52687, 6526870, 6552030, 25160
52688, 6526880, 6552043, 25163
52689, 6526890, 6552056, 25166
52690, 6526900, 6552070, 25170
52691, 6526910, 6552083, 25173
52693, 6526930, 6552096, 25166
52694, 6526940, 6552110, 25170
52695, 6526950, 6552123, 25173
52696, 6526960, 6552136, 25176
52697, 6526970, 6552150, 25180
52698, 6526980, 6552163, 25183
52699, 6526990, 6552177, 25187
52701, 6527010, 6552203, 25193
52702, 6527020, 6552217, 25197
52704, 6527040, 6552230, 25190
52705, 6527050, 6552243, 25193
52706, 6527060, 6552257, 25197
52707, 6527070, 6552270, 25200
52708, 6527080, 6552284, 25204
52709, 6527090, 6552297, 25207
52710, 6527100, 6552310, 25210
52711, 6527110, 6552324, 25214
52712, 6527120, 6552337, 25217
52713, 6527130, 6552350, 25220
52714, 6527140, 6552364, 25224
52716, 6527160, 6552377, 25217
52717, 6527170, 6552390, 25220
52718, 6527180, 6552404, 25224
52719, 6527190, 6552417, 25227
52720, 6527200, 6552430, 25230
52721, 6527210, 6556012, 28802
52722, 6527220, 6556025, 28805
52723, 6527230, 6556039, 28809
52724, 6527240, 6556052, 28812
52725, 6527250, 6556065, 28815
52727, 6527270, 6556079, 28809
52728, 6527280, 6556092, 28812
52729, 6527290, 6556106, 28816
52730, 6527300, 6556119, 28819
52731, 6527310, 6556132, 28822
52732, 6527320, 6556146, 28826
52733, 6527330, 6556159, 28829
52734, 6527340, 6556172, 28832
52735, 6527350, 6556186, 28836
52736, 6527360, 6556199, 28839
52738, 6527380, 6556212, 28832
52739, 6527390, 6556226, 28836
52740, 6527400, 6556239, 28839
52741, 6527410, 6556252, 28842
52742, 6527420, 6556266, 28846
52743, 6527430, 6556279, 28849
52744, 6527440, 6556293, 28853
52745, 6527450, 6556306, 28856
52746, 6527460, 6556319, 28859
52747, 6527470, 6556333, 28863
52748, 6527480, 6556346, 28866
52751, 6527510, 6556373, 28863
52752, 6527520, 6556386, 28866
52753, 6527530, 6556400, 28870
52754, 6527540, 6556413, 28873
52755, 6527550, 6556426, 28876
52756, 6527560, 6556440, 28880
52757, 6527570, 6556453, 28883
52758, 6527580, 6556466, 28886
52759, 6527590, 6556480, 28890
52761, 6527610, 6556493, 28883
52762, 6527620, 6556506, 28886
52763, 6527630, 6556520, 28890
52764, 6527640, 6556533, 28893
52765, 6527650, 6556546, 28896
52766, 6527660, 6556560, 28900
52767, 6527670, 6556573, 28903
52768, 6527680, 6556587, 28907
52769, 6527690, 6556600, 28910
52770, 6527700, 6556613, 28913
52771, 6527710, 6556627, 28917
52773, 6527730, 6556640, 28910
52774, 6527740, 6556653, 28913
52775, 6527750, 6556667, 28917
52776, 6527760, 6556680, 28920
52777, 6527770, 6556693, 28923
52778, 6527780, 6556707, 28927
52779, 6527790, 6556720, 28930
52780, 6527800, 6556734, 28934
52781, 6527810, 6556747, 28937
52782, 6527820, 6556760, 28940
52784, 6527840, 6556774, 28934
52785, 6527850, 6556787, 28937
52786, 6527860, 6556800, 28940
52787, 6527870, 6556814, 28944
52788, 6527880, 6556827, 28947
52789, 6527890, 6556840, 28950
52790, 6527900, 6556854, 28954
52791, 6527910, 6556867, 28957
52792, 6527920, 6556880, 28960
52793, 6527930, 6556894, 28964
52795, 6527950, 6556907, 28957
52796, 6527960, 6556921, 28961
52797, 6527970, 6556934, 28964
52798, 6527980, 6556947, 28967
52799, 6527990, 6556961, 28971
53202, 6532020, 6556987, 24967
53203, 6532030, 6557001, 24971
53204, 6532040, 6557014, 24974
53205, 6532050, 6557028, 24978
53206, 6532060, 6557041, 24981
53207, 6532070, 6557054, 24984
53208, 6532080, 6557068, 24988
53209, 6532090, 6557081, 24991
53210, 6532100, 6557094, 24994
53211, 6532110, 6557108, 24998
53213, 6532130, 6557121, 24991
53214, 6532140, 6557134, 24994
53215, 6532150, 6557148, 24998
53216, 6532160, 6557161, 25001
53217, 6532170, 6557174, 25004
53218, 6532180, 6557188, 25008
53219, 6532190, 6557201, 25011
53220, 6532200, 6557215, 25015
53221, 6532210, 6557228, 25018
53222, 6532220, 6557241, 25021
53224, 6532240, 6557255, 25015
53225, 6532250, 6557268, 25018
53226, 6532260, 6557281, 25021
53227, 6532270, 6557295, 25025
53228, 6532280, 6557308, 25028
53229, 6532290, 6557321, 25031
53230, 6532300, 6557335, 25035
53231, 6532310, 6557348, 25038
53232, 6532320, 6557362, 25042
53233, 6532330, 6557375, 25045
53234, 6532340, 6557388, 25048
53236, 6532360, 6557402, 25042
53237, 6532370, 6557415, 25045
53238, 6532380, 6557428, 25048
53239, 6532390, 6557442, 25052
53240, 6532400, 6557455, 25055
53241, 6532410, 6557468, 25058
53242, 6532420, 6557482, 25062
53243, 6532430, 6557495, 25065
53244, 6532440, 6557508, 25068
53245, 6532450, 6557522, 25072
53247, 6532470, 6557535, 25065
53248, 6532480, 6557549, 25069
53249, 6532490, 6557562, 25072
53251, 6532510, 6557589, 25079
53252, 6532520, 6557602, 25082
53253, 6532530, 6557615, 25085
53254, 6532540, 6557629, 25089
53255, 6532550, 6557642, 25092
53256, 6532560, 6557656, 25096
53257, 6532570, 6557669, 25099
53259, 6532590, 6557682, 25092
53260, 6532600, 6557696, 25096
53261, 6532610, 6557709, 25099
53262, 6532620, 6557722, 25102
53263, 6532630, 6557736, 25106
53264, 6532640, 6557749, 25109
53265, 6532650, 6557762, 25112
53266, 6532660, 6557776, 25116
53267, 6532670, 6557789, 25119
53268, 6532680, 6557802, 25122
53270, 6532700, 6557816, 25116
53271, 6532710, 6557829, 25119
53272, 6532720, 6557843, 25123
53273, 6532730, 6557856, 25126
53274, 6532740, 6557869, 25129
53275, 6532750, 6557883, 25133
53276, 6532760, 6557896, 25136
53277, 6532770, 6557909, 25139
53278, 6532780, 6557923, 25143
53279, 6532790, 6557936, 25146
53281, 6532810, 6557949, 25139
53282, 6532820, 6557963, 25143
53283, 6532830, 6557976, 25146
53284, 6532840, 6557990, 25150
53285, 6532850, 6558003, 25153
53286, 6532860, 6558016, 25156
53287, 6532870, 6558030, 25160
53288, 6532880, 6558043, 25163
53289, 6532890, 6558056, 25166
53290, 6532900, 6558070, 25170
53291, 6532910, 6558083, 25173
53293, 6532930, 6558096, 25166
53294, 6532940, 6558110, 25170
53295, 6532950, 6558123, 25173
53296, 6532960, 6558136, 25176
53297, 6532970, 6558150, 25180
53298, 6532980, 6558163, 25183
53299, 6532990, 6558177, 25187
53301, 6533010, 6558203, 25193
53302, 6533020, 6558217, 25197
53304, 6533040, 6558230, 25190
53305, 6533050, 6558243, 25193
53306, 6533060, 6558257, 25197
53307, 6533070, 6558270, 25200
53308, 6533080, 6558284, 25204
53309, 6533090, 6558297, 25207
53310, 6533100, 6558310, 25210
53311, 6533110, 6558324, 25214
53312, 6533120, 6558337, 25217
53313, 6533130, 6558350, 25220
53314, 6533140, 6558364, 25224
53316, 6533160, 6558377, 25217
53317, 6533170, 6558390, 25220
53318, 6533180, 6558404, 25224
53319, 6533190, 6558417, 25227
53320, 6533200, 6558430, 25230
53321, 6533210, 6562012, 28802
53322, 6533220, 6562025, 28805
53323, 6533230, 6562039, 28809
53324, 6533240, 6562052, 28812
53325, 6533250, 6562065, 28815
53327, 6533270, 6562079, 28809
53328, 6533280, 6562092, 28812
53329, 6533290, 6562106, 28816
53330, 6533300, 6562119, 28819
53331, 6533310, 6562132, 28822
53332, 6533320, 6562146, 28826
53333, 6533330, 6562159, 28829
53334, 6533340, 6562172, 28832
53335, 6533350, 6562186, 28836
53336, 6533360, 6562199, 28839
53338, 6533380, 6562212, 28832
53339, 6533390, 6562226, 28836
53340, 6533400, 6562239, 28839
53341, 6533410, 6562252, 28842
53342, 6533420, 6562266, 28846
53343, 6533430, 6562279, 28849
53344, 6533440, 6562293, 28853
53345, 6533450, 6562306, 28856
53346, 6533460, 6562319, 28859
53347, 6533470, 6562333, 28863
53348, 6533480, 6562346, 28866
53351, 6533510, 6562373, 28863
53352, 6533520, 6562386, 28866
53353, 6533530, 6562400, 28870
53354, 6533540, 6562413, 28873
53355, 6533550, 6562426, 28876
53356, 6533560, 6562440, 28880
53357, 6533570, 6562453, 28883
53358, 6533580, 6562466, 28886
53359, 6533590, 6562480, 28890
53361, 6533610, 6562493, 28883
53362, 6533620, 6562506, 28886
53363, 6533630, 6562520, 28890
53364, 6533640, 6562533, 28893
53365, 6533650, 6562546, 28896
53366, 6533660, 6562560, 28900
53367, 6533670, 6562573, 28903
53368, 6533680, 6562587, 28907
53369, 6533690, 6562600, 28910
53370, 6533700, 6562613, 28913
53371, 6533710, 6562627, 28917
53373, 6533730, 6562640, 28910
53374, 6533740, 6562653, 28913
53375, 6533750, 6562667, 28917
53376, 6533760, 6562680, 28920
53377, 6533770, 6562693, 28923
53378, 6533780, 6562707, 28927
53379, 6533790, 6562720, 28930
53380, 6533800, 6562734, 28934
53381, 6533810, 6562747, 28937
53382, 6533820, 6562760, 28940
53384, 6533840, 6562774, 28934
53385, 6533850, 6562787, 28937
53386, 6533860, 6562800, 28940
53387, 6533870, 6562814, 28944
53388, 6533880, 6562827, 28947
53389, 6533890, 6562840, 28950
53390, 6533900, 6562854, 28954
53391, 6533910, 6562867, 28957
53392, 6533920, 6562880, 28960
53393, 6533930, 6562894, 28964
53395, 6533950, 6562907, 28957
53396, 6533960, 6562921, 28961
53397, 6533970, 6562934, 28964
53398, 6533980, 6562947, 28967
53399, 6533990, 6562961, 28971
53802, 6538020, 6562987, 24967
53803, 6538030, 6563001, 24971
53804, 6538040, 6563014, 24974
53805, 6538050, 6563028, 24978
53806, 6538060, 6563041, 24981
53807, 6538070, 6563054, 24984
53808, 6538080, 6563068, 24988
53809, 6538090, 6563081, 24991
53810, 6538100, 6563094, 24994
53811, 6538110, 6563108, 24998
53813, 6538130, 6563121, 24991
53814, 6538140, 6563134, 24994
53815, 6538150, 6563148, 24998
53816, 6538160, 6563161, 25001
53817, 6538170, 6563174, 25004
53818, 6538180, 6563188, 25008
53819, 6538190, 6563201, 25011
53820, 6538200, 6563215, 25015
53821, 6538210, 6563228, 25018
53822, 6538220, 6563241, 25021
53824, 6538240, 6563255, 25015
53825, 6538250, 6563268, 25018
53826, 6538260, 6563281, 25021
53827, 6538270, 6563295, 25025
53828, 6538280, 6563308, 25028
53829, 6538290, 6563321, 25031
53830, 6538300, 6563335, 25035
53831, 6538310, 6563348, 25038
53832, 6538320, 6563362, 25042
53833, 6538330, 6563375, 25045
53834, 6538340, 6563388, 25048
53836, 6538360, 6563402, 25042
53837, 6538370, 6563415, 25045
53838, 6538380, 6563428, 25048
53839, 6538390, 6563442, 25052
53840, 6538400, 6563455, 25055
53841, 6538410, 6563468, 25058
53842, 6538420, 6563482, 25062
53843, 6538430, 6563495, 25065
53844, 6538440, 6563508, 25068
53845, 6538450, 6563522, 25072
53847, 6538470, 6563535, 25065
53848, 6538480, 6563549, 25069
53849, 6538490, 6563562, 25072
53851, 6538510, 6563589, 25079
53852, 6538520, 6563602, 25082
53853, 6538530, 6563615, 25085
53854, 6538540, 6563629, 25089
53855, 6538550, 6563642, 25092
53856, 6538560, 6563656, 25096
53857, 6538570, 6563669, 25099
53859, 6538590, 6563682, 25092
53860, 6538600, 6563696, 25096
53861, 6538610, 6563709, 25099
53862, 6538620, 6563722, 25102
53863, 6538630, 6563736, 25106
53864, 6538640, 6563749, 25109
53865, 6538650, 6563762, 25112
53866, 6538660, 6563776, 25116
53867, 6538670, 6563789, 25119
53868, 6538680, 6563802, 25122
53870, 6538700, 6563816, 25116
53871, 6538710, 6563829, 25119
53872, 6538720, 6563843, 25123
53873, 6538730, 6563856, 25126
53874, 6538740, 6563869, 25129
53875, 6538750, 6563883, 25133
53876, 6538760, 6563896, 25136
53877, 6538770, 6563909, 25139
53878, 6538780, 6563923, 25143
53879, 6538790, 6563936, 25146
53881, 6538810, 6563949, 25139
53882, 6538820, 6563963, 25143
53883, 6538830, 6563976, 25146
53884, 6538840, 6563990, 25150
53885, 6538850, 6564003, 25153
53886, 6538860, 6564016, 25156
53887, 6538870, 6564030, 25160
53888, 6538880, 6564043, 25163
53889, 6538890, 6564056, 25166
53890, 6538900, 6564070, 25170
53891, 6538910, 6564083, 25173
53893, 6538930, 6564096, 25166
53894, 6538940, 6564110, 25170
53895, 6538950, 6564123, 25173
53896, 6538960, 6564136, 25176
53897, 6538970, 6564150, 25180
53898, 6538980, 6564163, 25183
53899, 6538990, 6564177, 25187
53901, 6539010, 6564203, 25193
53902, 6539020, 6564217, 25197
53904, 6539040, 6564230, 25190
53905, 6539050, 6564243, 25193
53906, 6539060, 6564257, 25197
53907, 6539070, 6564270, 25200
53908, 6539080, 6564284, 25204
53909, 6539090, 6564297, 25207
53910, 6539100, 6564310, 25210
53911, 6539110, 6564324, 25214
53912, 6539120, 6564337, 25217
53913, 6539130, 6564350, 25220
53914, 6539140, 6564364, 25224
53916, 6539160, 6564377, 25217
53917, 6539170, 6564390, 25220
53918, 6539180, 6564404, 25224
53919, 6539190, 6564417, 25227
53920, 6539200, 6564430, 25230
53921, 6539210, 6568012, 28802
53922, 6539220, 6568025, 28805
53923, 6539230, 6568039, 28809
53924, 6539240, 6568052, 28812
53925, 6539250, 6568065, 28815
53927, 6539270, 6568079, 28809
53928, 6539280, 6568092, 28812
53929, 6539290, 6568106, 28816
53930, 6539300, 6568119, 28819
53931, 6539310, 6568132, 28822
53932, 6539320, 6568146, 28826
53933, 6539330, 6568159, 28829
53934, 6539340, 6568172, 28832
53935, 6539350, 6568186, 28836
53936, 6539360, 6568199, 28839
53938, 6539380, 6568212, 28832
53939, 6539390, 6568226, 28836
53940, 6539400, 6568239, 28839
53941, 6539410, 6568252, 28842
53942, 6539420, 6568266, 28846
53943, 6539430, 6568279, 28849
53944, 6539440, 6568293, 28853
53945, 6539450, 6568306, 28856
53946, 6539460, 6568319, 28859
53947, 6539470, 6568333, 28863
53948, 6539480, 6568346, 28866
53951, 6539510, 6568373, 28863
53952, 6539520, 6568386, 28866
53953, 6539530, 6568400, 28870
53954, 6539540, 6568413, 28873
53955, 6539550, 6568426, 28876
53956, 6539560, 6568440, 28880
53957, 6539570, 6568453, 28883
53958, 6539580, 6568466, 28886
53959, 6539590, 6568480, 28890
53961, 6539610, 6568493, 28883
53962, 6539620, 6568506, 28886
53963, 6539630, 6568520, 28890
53964, 6539640, 6568533, 28893
53965, 6539650, 6568546, 28896
53966, 6539660, 6568560, 28900
53967, 6539670, 6568573, 28903
53968, 6539680, 6568587, 28907
53969, 6539690, 6568600, 28910
53970, 6539700, 6568613, 28913
53971, 6539710, 6568627, 28917
53973, 6539730, 6568640, 28910
53974, 6539740, 6568653, 28913
53975, 6539750, 6568667, 28917
53976, 6539760, 6568680, 28920
53977, 6539770, 6568693, 28923
53978, 6539780, 6568707, 28927
53979, 6539790, 6568720, 28930
53980, 6539800, 6568734, 28934
53981, 6539810, 6568747, 28937
53982, 6539820, 6568760, 28940
53984, 6539840, 6568774, 28934
53985, 6539850, 6568787, 28937
53986, 6539860, 6568800, 28940
53987, 6539870, 6568814, 28944
53988, 6539880, 6568827, 28947
53989, 6539890, 6568840, 28950
53990, 6539900, 6568854, 28954
53991, 6539910, 6568867, 28957
53992, 6539920, 6568880, 28960
53993, 6539930, 6568894, 28964
53995, 6539950, 6568907, 28957
53996, 6539960, 6568921, 28961
53997, 6539970, 6568934, 28964
53998, 6539980, 6568947, 28967
53999, 6539990, 6568961, 28971
54402, 6544020, 6568987, 24967
54403, 6544030, 6569001, 24971
54404, 6544040, 6569014, 24974
54405, 6544050, 6569028, 24978
54406, 6544060, 6569041, 24981
54407, 6544070, 6569054, 24984
54408, 6544080, 6569068, 24988
54409, 6544090, 6569081, 24991
54410, 6544100, 6569094, 24994
54411, 6544110, 6569108, 24998
54413, 6544130, 6569121, 24991
54414, 6544140, 6569134, 24994
54415, 6544150, 6569148, 24998
54416, 6544160, 6569161, 25001
54417, 6544170, 6569174, 25004
54418, 6544180, 6569188, 25008
54419, 6544190, 6569201, 25011
54420, 6544200, 6569215, 25015
54421, 6544210, 6569228, 25018
54422, 6544220, 6569241, 25021
54424, 6544240, 6569255, 25015
54425, 6544250, 6569268, 25018
54426, 6544260, 6569281, 25021
54427, 6544270, 6569295, 25025
54428, 6544280, 6569308, 25028
54429, 6544290, 6569321, 25031
54430, 6544300, 6569335, 25035
54431, 6544310, 6569348, 25038
54432, 6544320, 6569362, 25042
54433, 6544330, 6569375, 25045
54434, 6544340, 6569388, 25048
54436, 6544360, 6569402, 25042
54437, 6544370, 6569415, 25045
54438, 6544380, 6569428, 25048
54439, 6544390, 6569442, 25052
54440, 6544400, 6569455, 25055
54441, 6544410, 6569468, 25058
54442, 6544420, 6569482, 25062
54443, 6544430, 6569495, 25065
54444, 6544440, 6569508, 25068
54445, 6544450, 6569522, 25072
54447, 6544470, 6569535, 25065
54448, 6544480, 6569549, 25069
54449, 6544490, 6569562, 25072
54451, 6544510, 6569589, 25079
54452, 6544520, 6569602, 25082
54453, 6544530, 6569615, 25085
54454, 6544540, 6569629, 25089
54455, 6544550, 6569642, 25092
54456, 6544560, 6569656, 25096
54457, 6544570, 6569669, 25099
54459, 6544590, 6569682, 25092
54460, 6544600, 6569696, 25096
54461, 6544610, 6569709, 25099
54462, 6544620, 6569722, 25102
54463, 6544630, 6569736, 25106
54464, 6544640, 6569749, 25109
54465, 6544650, 6569762, 25112
54466, 6544660, 6569776, 25116
54467, 6544670, 6569789, 25119
54468, 6544680, 6569802, 25122
54470, 6544700, 6569816, 25116
54471, 6544710, 6569829, 25119
54472, 6544720, 6569843, 25123
54473, 6544730, 6569856, 25126
54474, 6544740, 6569869, 25129
54475, 6544750, 6569883, 25133
54476, 6544760, 6569896, 25136
54477, 6544770, 6569909, 25139
54478, 6544780, 6569923, 25143
54479, 6544790, 6569936, 25146
54480, 6544800, 6569949, 25149
54482, 6544820, 6569963, 25143
54483, 6544830, 6569976, 25146
54484, 6544840, 6569990, 25150
54485, 6544850, 6570003, 25153
54486, 6544860, 6570016, 25156
54487, 6544870, 6570030, 25160
54488, 6544880, 6570043, 25163
54489, 6544890, 6570056, 25166
54490, 6544900, 6570070, 25170
54491, 6544910, 6570083, 25173
54493, 6544930, 6570096, 25166
54494, 6544940, 6570110, 25170
54495, 6544950, 6570123, 25173
54496, 6544960, 6570136, 25176
54497, 6544970, 6570150, 25180
54498, 6544980, 6570163, 25183
54499, 6544990, 6570177, 25187
54501, 6545010, 6570203, 25193
54502, 6545020, 6570217, 25197
54504, 6545040, 6570230, 25190
54505, 6545050, 6570243, 25193
54506, 6545060, 6570257, 25197
54507, 6545070, 6570270, 25200
54508, 6545080, 6570284, 25204
54509, 6545090, 6570297, 25207
54510, 6545100, 6570310, 25210
54511, 6545110, 6570324, 25214
54512, 6545120, 6570337, 25217
54513, 6545130, 6570350, 25220
54514, 6545140, 6570364, 25224
54516, 6545160, 6570377, 25217
54517, 6545170, 6570390, 25220
54518, 6545180, 6570404, 25224
54519, 6545190, 6570417, 25227
54520, 6545200, 6570430, 25230
54521, 6545210, 6574012, 28802
54522, 6545220, 6574025, 28805
54523, 6545230, 6574039, 28809
54524, 6545240, 6574052, 28812
54525, 6545250, 6574065, 28815
54527, 6545270, 6574079, 28809
54528, 6545280, 6574092, 28812
54529, 6545290, 6574106, 28816
54530, 6545300, 6574119, 28819
54531, 6545310, 6574132, 28822
54532, 6545320, 6574146, 28826
54533, 6545330, 6574159, 28829
54534, 6545340, 6574172, 28832
54535, 6545350, 6574186, 28836
54536, 6545360, 6574199, 28839
54537, 6545370, 6574212, 28842
54539, 6545390, 6574226, 28836
54540, 6545400, 6574239, 28839
54541, 6545410, 6574252, 28842
54542, 6545420, 6574266, 28846
54543, 6545430, 6574279, 28849
54544, 6545440, 6574293, 28853
54545, 6545450, 6574306, 28856
54546, 6545460, 6574319, 28859
54547, 6545470, 6574333, 28863
54548, 6545480, 6574346, 28866
54551, 6545510, 6574373, 28863
54552, 6545520, 6574386, 28866
54553, 6545530, 6574400, 28870
54554, 6545540, 6574413, 28873
54555, 6545550, 6574426, 28876
54556, 6545560, 6574440, 28880
54557, 6545570, 6574453, 28883
54558, 6545580, 6574466, 28886
54559, 6545590, 6574480, 28890
54561, 6545610, 6574493, 28883
54562, 6545620, 6574506, 28886
54563, 6545630, 6574520, 28890
54564, 6545640, 6574533, 28893
54565, 6545650, 6574546, 28896
54566, 6545660, 6574560, 28900
54567, 6545670, 6574573, 28903
54568, 6545680, 6574587, 28907
54569, 6545690, 6574600, 28910
54570, 6545700, 6574613, 28913
54571, 6545710, 6574627, 28917
54573, 6545730, 6574640, 28910
54574, 6545740, 6574653, 28913
54575, 6545750, 6574667, 28917
54576, 6545760, 6574680, 28920
54577, 6545770, 6574693, 28923
54578, 6545780, 6574707, 28927
54579, 6545790, 6574720, 28930
54580, 6545800, 6574734, 28934
54581, 6545810, 6574747, 28937
54582, 6545820, 6574760, 28940
54584, 6545840, 6574774, 28934
54585, 6545850, 6574787, 28937
54586, 6545860, 6574800, 28940
54587, 6545870, 6574814, 28944
54588, 6545880, 6574827, 28947
54589, 6545890, 6574840, 28950
54590, 6545900, 6574854, 28954
54591, 6545910, 6574867, 28957
54592, 6545920, 6574880, 28960
54593, 6545930, 6574894, 28964
54594, 6545940, 6574907, 28967
54596, 6545960, 6574921, 28961
54597, 6545970, 6574934, 28964
54598, 6545980, 6574947, 28967
54599, 6545990, 6574961, 28971
55002, 6550020, 6574987, 24967
55003, 6550030, 6575001, 24971
55004, 6550040, 6575014, 24974
55005, 6550050, 6575027, 24977
55006, 6550060, 6575041, 24981
55007, 6550070, 6575054, 24984
55008, 6550080, 6575067, 24987
55009, 6550090, 6575081, 24991
55010, 6550100, 6575094, 24994
55011, 6550110, 6575108, 24998
55013, 6550130, 6575121, 24991
55014, 6550140, 6575134, 24994
55015, 6550150, 6575148, 24998
55016, 6550160, 6575161, 25001
55017, 6550170, 6575174, 25004
55018, 6550180, 6575188, 25008
55019, 6550190, 6575201, 25011
55020, 6550200, 6575214, 25014
55021, 6550210, 6575228, 25018
55022, 6550220, 6575241, 25021
55024, 6550240, 6575254, 25014
55025, 6550250, 6575268, 25018
55026, 6550260, 6575281, 25021
55027, 6550270, 6575295, 25025
55028, 6550280, 6575308, 25028
55029, 6550290, 6575321, 25031
55030, 6550300, 6575335, 25035
55031, 6550310, 6575348, 25038
55032, 6550320, 6575361, 25041
55033, 6550330, 6575375, 25045
55034, 6550340, 6575388, 25048
55036, 6550360, 6575401, 25041
55037, 6550370, 6575415, 25045
55038, 6550380, 6575428, 25048
55039, 6550390, 6575442, 25052
55040, 6550400, 6575455, 25055
55041, 6550410, 6575468, 25058
55042, 6550420, 6575482, 25062
55043, 6550430, 6575495, 25065
55044, 6550440, 6575508, 25068
55045, 6550450, 6575522, 25072
55047, 6550470, 6575535, 25065
55048, 6550480, 6575548, 25068
55049, 6550490, 6575562, 25072
55051, 6550510, 6575589, 25079
55052, 6550520, 6575602, 25082
55053, 6550530, 6575615, 25085
55054, 6550540, 6575629, 25089
55055, 6550550, 6575642, 25092
55056, 6550560, 6575655, 25095
55057, 6550570, 6575669, 25099
55059, 6550590, 6575682, 25092
55060, 6550600, 6575695, 25095
55061, 6550610, 6575709, 25099
55062, 6550620, 6575722, 25102
55063, 6550630, 6575736, 25106
55064, 6550640, 6575749, 25109
55065, 6550650, 6575762, 25112
55066, 6550660, 6575776, 25116
55067, 6550670, 6575789, 25119
55068, 6550680, 6575802, 25122
55070, 6550700, 6575816, 25116
55071, 6550710, 6575829, 25119
55072, 6550720, 6575842, 25122
55073, 6550730, 6575856, 25126
55074, 6550740, 6575869, 25129
55075, 6550750, 6575882, 25132
55076, 6550760, 6575896, 25136
55077, 6550770, 6575909, 25139
55078, 6550780, 6575923, 25143
55079, 6550790, 6575936, 25146
55081, 6550810, 6575949, 25139
55082, 6550820, 6575963, 25143
55083, 6550830, 6575976, 25146
55084, 6550840, 6575989, 25149
55085, 6550850, 6576003, 25153
55086, 6550860, 6576016, 25156
55087, 6550870, 6576029, 25159
55088, 6550880, 6576043, 25163
55089, 6550890, 6576056, 25166
55090, 6550900, 6576070, 25170
55091, 6550910, 6576083, 25173
55093, 6550930, 6576096, 25166
55094, 6550940, 6576110, 25170
55095, 6550950, 6576123, 25173
55096, 6550960, 6576136, 25176
55097, 6550970, 6576150, 25180
55098, 6550980, 6576163, 25183
55099, 6550990, 6576176, 25186
55101, 6551010, 6576203, 25193
55102, 6551020, 6576217, 25197
55104, 6551040, 6576230, 25190
55105, 6551050, 6576243, 25193
55106, 6551060, 6576257, 25197
55107, 6551070, 6576270, 25200
55108, 6551080, 6576283, 25203
55109, 6551090, 6576297, 25207
55110, 6551100, 6576310, 25210
55111, 6551110, 6576323, 25213
55112, 6551120, 6576337, 25217
55113, 6551130, 6576350, 25220
55114, 6551140, 6576364, 25224
55116, 6551160, 6576377, 25217
55117, 6551170, 6576390, 25220
55118, 6551180, 6576404, 25224
55119, 6551190, 6576417, 25227
55120, 6551200, 6576430, 25230
55121, 6551210, 6580012, 28802
55122, 6551220, 6580025, 28805
55123, 6551230, 6580039, 28809
55124, 6551240, 6580052, 28812
55125, 6551250, 6580065, 28815
55127, 6551270, 6580079, 28809
55128, 6551280, 6580092, 28812
55129, 6551290, 6580106, 28816
55130, 6551300, 6580119, 28819
55131, 6551310, 6580132, 28822
55132, 6551320, 6580146, 28826
55133, 6551330, 6580159, 28829
55134, 6551340, 6580172, 28832
55135, 6551350, 6580186, 28836
55136, 6551360, 6580199, 28839
55138, 6551380, 6580212, 28832
55139, 6551390, 6580226, 28836
55140, 6551400, 6580239, 28839
55141, 6551410, 6580252, 28842
55142, 6551420, 6580266, 28846
55143, 6551430, 6580279, 28849
55144, 6551440, 6580293, 28853
55145, 6551450, 6580306, 28856
55146, 6551460, 6580319, 28859
55147, 6551470, 6580333, 28863
55148, 6551480, 6580346, 28866
55151, 6551510, 6580373, 28863
55152, 6551520, 6580386, 28866
55153, 6551530, 6580400, 28870
55154, 6551540, 6580413, 28873
55155, 6551550, 6580426, 28876
55156, 6551560, 6580440, 28880
55157, 6551570, 6580453, 28883
55158, 6551580, 6580466, 28886
55159, 6551590, 6580480, 28890
55161, 6551610, 6580493, 28883
55162, 6551620, 6580506, 28886
55163, 6551630, 6580520, 28890
55164, 6551640, 6580533, 28893
55165, 6551650, 6580546, 28896
55166, 6551660, 6580560, 28900
55167, 6551670, 6580573, 28903
55168, 6551680, 6580587, 28907
55169, 6551690, 6580600, 28910
55170, 6551700, 6580613, 28913
55171, 6551710, 6580627, 28917
55173, 6551730, 6580640, 28910
55174, 6551740, 6580653, 28913
55175, 6551750, 6580667, 28917
55176, 6551760, 6580680, 28920
55177, 6551770, 6580693, 28923
55178, 6551780, 6580707, 28927
55179, 6551790, 6580720, 28930
55180, 6551800, 6580734, 28934
55181, 6551810, 6580747, 28937
55182, 6551820, 6580760, 28940
55184, 6551840, 6580774, 28934
55185, 6551850, 6580787, 28937
55186, 6551860, 6580800, 28940
55187, 6551870, 6580814, 28944
55188, 6551880, 6580827, 28947
55189, 6551890, 6580840, 28950
55190, 6551900, 6580854, 28954
55191, 6551910, 6580867, 28957
55192, 6551920, 6580880, 28960
55193, 6551930, 6580894, 28964
55195, 6551950, 6580907, 28957
55196, 6551960, 6580921, 28961
55197, 6551970, 6580934, 28964
55198, 6551980, 6580947, 28967
55199, 6551990, 6580961, 28971
55602, 6556020, 6580987, 24967
55603, 6556030, 6581001, 24971
55604, 6556040, 6581014, 24974
55605, 6556050, 6581028, 24978
55606, 6556060, 6581041, 24981
55607, 6556070, 6581054, 24984
55608, 6556080, 6581068, 24988
55609, 6556090, 6581081, 24991
55610, 6556100, 6581094, 24994
55611, 6556110, 6581108, 24998
55613, 6556130, 6581121, 24991
55614, 6556140, 6581134, 24994
55615, 6556150, 6581148, 24998
55616, 6556160, 6581161, 25001
55617, 6556170, 6581174, 25004
55618, 6556180, 6581188, 25008
55619, 6556190, 6581201, 25011
55620, 6556200, 6581215, 25015
55621, 6556210, 6581228, 25018
55622, 6556220, 6581241, 25021
55624, 6556240, 6581255, 25015
55625, 6556250, 6581268, 25018
55626, 6556260, 6581281, 25021
55627, 6556270, 6581295, 25025
55628, 6556280, 6581308, 25028
55629, 6556290, 6581321, 25031
55630, 6556300, 6581335, 25035
55631, 6556310, 6581348, 25038
55632, 6556320, 6581362, 25042
55633, 6556330, 6581375, 25045
55634, 6556340, 6581388, 25048
55636, 6556360, 6581402, 25042
55637, 6556370, 6581415, 25045
55638, 6556380, 6581428, 25048
55639, 6556390, 6581442, 25052
55640, 6556400, 6581455, 25055
55641, 6556410, 6581468, 25058
55642, 6556420, 6581482, 25062
55643, 6556430, 6581495, 25065
55644, 6556440, 6581508, 25068
55645, 6556450, 6581522, 25072
55647, 6556470, 6581535, 25065
55648, 6556480, 6581549, 25069
55649, 6556490, 6581562, 25072
55651, 6556510, 6581589, 25079
55652, 6556520, 6581602, 25082
55653, 6556530, 6581615, 25085
55654, 6556540, 6581629, 25089
55655, 6556550, 6581642, 25092
55656, 6556560, 6581656, 25096
55657, 6556570, 6581669, 25099
55659, 6556590, 6581682, 25092
55660, 6556600, 6581696, 25096
55661, 6556610, 6581709, 25099
55662, 6556620, 6581722, 25102
55663, 6556630, 6581736, 25106
55664, 6556640, 6581749, 25109
55665, 6556650, 6581762, 25112
55666, 6556660, 6581776, 25116
55667, 6556670, 6581789, 25119
55668, 6556680, 6581802, 25122
55670, 6556700, 6581816, 25116
55671, 6556710, 6581829, 25119
55672, 6556720, 6581843, 25123
55673, 6556730, 6581856, 25126
55674, 6556740, 6581869, 25129
55675, 6556750, 6581883, 25133
55676, 6556760, 6581896, 25136
55677, 6556770, 6581909, 25139
55678, 6556780, 6581923, 25143
55679, 6556790, 6581936, 25146
55681, 6556810, 6581949, 25139
55682, 6556820, 6581963, 25143
55683, 6556830, 6581976, 25146
55684, 6556840, 6581990, 25150
55685, 6556850, 6582003, 25153
55686, 6556860, 6582016, 25156
55687, 6556870, 6582030, 25160
55688, 6556880, 6582043, 25163
55689, 6556890, 6582056, 25166
55690, 6556900, 6582070, 25170
55691, 6556910, 6582083, 25173
55693, 6556930, 6582096, 25166
55694, 6556940, 6582110, 25170
55695, 6556950, 6582123, 25173
55696, 6556960, 6582136, 25176
55697, 6556970, 6582150, 25180
55698, 6556980, 6582163, 25183
55699, 6556990, 6582177, 25187
55701, 6557010, 6582203, 25193
55702, 6557020, 6582217, 25197
55704, 6557040, 6582230, 25190
55705, 6557050, 6582243, 25193
55706, 6557060, 6582257, 25197
55707, 6557070, 6582270, 25200
55708, 6557080, 6582284, 25204
55709, 6557090, 6582297, 25207
55710, 6557100, 6582310, 25210
55711, 6557110, 6582324, 25214
55712, 6557120, 6582337, 25217
55713, 6557130, 6582350, 25220
55714, 6557140, 6582364, 25224
55716, 6557160, 6582377, 25217
55717, 6557170, 6582390, 25220
55718, 6557180, 6582404, 25224
55719, 6557190, 6582417, 25227
55720, 6557200, 6582430, 25230
55721, 6557210, 6586012, 28802
55722, 6557220, 6586025, 28805
55723, 6557230, 6586039, 28809
55724, 6557240, 6586052, 28812
55725, 6557250, 6586065, 28815
55727, 6557270, 6586079, 28809
55728, 6557280, 6586092, 28812
55729, 6557290, 6586106, 28816
55730, 6557300, 6586119, 28819
55731, 6557310, 6586132, 28822
55732, 6557320, 6586146, 28826
55733, 6557330, 6586159, 28829
55734, 6557340, 6586172, 28832
55735, 6557350, 6586186, 28836
55736, 6557360, 6586199, 28839
55738, 6557380, 6586212, 28832
55739, 6557390, 6586226, 28836
55740, 6557400, 6586239, 28839
55741, 6557410, 6586252, 28842
55742, 6557420, 6586266, 28846
55743, 6557430, 6586279, 28849
55744, 6557440, 6586293, 28853
55745, 6557450, 6586306, 28856
55746, 6557460, 6586319, 28859
55747, 6557470, 6586333, 28863
55748, 6557480, 6586346, 28866
55751, 6557510, 6586373, 28863
55752, 6557520, 6586386, 28866
55753, 6557530, 6586400, 28870
55754, 6557540, 6586413, 28873
55755, 6557550, 6586426, 28876
55756, 6557560, 6586440, 28880
55757, 6557570, 6586453, 28883
55758, 6557580, 6586466, 28886
55759, 6557590, 6586480, 28890
55761, 6557610, 6586493, 28883
55762, 6557620, 6586506, 28886
55763, 6557630, 6586520, 28890
55764, 6557640, 6586533, 28893
55765, 6557650, 6586546, 28896
55766, 6557660, 6586560, 28900
55767, 6557670, 6586573, 28903
55768, 6557680, 6586587, 28907
55769, 6557690, 6586600, 28910
55770, 6557700, 6586613, 28913
55771, 6557710, 6586627, 28917
55773, 6557730, 6586640, 28910
55774, 6557740, 6586653, 28913
55775, 6557750, 6586667, 28917
55776, 6557760, 6586680, 28920
55777, 6557770, 6586693, 28923
55778, 6557780, 6586707, 28927
55779, 6557790, 6586720, 28930
55780, 6557800, 6586734, 28934
55781, 6557810, 6586747, 28937
55782, 6557820, 6586760, 28940
55784, 6557840, 6586774, 28934
55785, 6557850, 6586787, 28937
55786, 6557860, 6586800, 28940
55787, 6557870, 6586814, 28944
55788, 6557880, 6586827, 28947
55789, 6557890, 6586840, 28950
55790, 6557900, 6586854, 28954
55791, 6557910, 6586867, 28957
55792, 6557920, 6586880, 28960
55793, 6557930, 6586894, 28964
55795, 6557950, 6586907, 28957
55796, 6557960, 6586921, 28961
55797, 6557970, 6586934, 28964
55798, 6557980, 6586947, 28967
55799, 6557990, 6586961, 28971
56202, 6562020, 6586987, 24967
56203, 6562030, 6587001, 24971
56204, 6562040, 6587014, 24974
56205, 6562050, 6587028, 24978
56206, 6562060, 6587041, 24981
56207, 6562070, 6587054, 24984
56208, 6562080, 6587068, 24988
56209, 6562090, 6587081, 24991
56210, 6562100, 6587094, 24994
56211, 6562110, 6587108, 24998
56213, 6562130, 6587121, 24991
56214, 6562140, 6587134, 24994
56215, 6562150, 6587148, 24998
56216, 6562160, 6587161, 25001
56217, 6562170, 6587174, 25004
56218, 6562180, 6587188, 25008
56219, 6562190, 6587201, 25011
56220, 6562200, 6587215, 25015
56221, 6562210, 6587228, 25018
56222, 6562220, 6587241, 25021
56224, 6562240, 6587255, 25015
56225, 6562250, 6587268, 25018
56226, 6562260, 6587281, 25021
56227, 6562270, 6587295, 25025
56228, 6562280, 6587308, 25028
56229, 6562290, 6587321, 25031
56230, 6562300, 6587335, 25035
56231, 6562310, 6587348, 25038
56232, 6562320, 6587362, 25042
56233, 6562330, 6587375, 25045
56234, 6562340, 6587388, 25048
56236, 6562360, 6587402, 25042
56237, 6562370, 6587415, 25045
56238, 6562380, 6587428, 25048
56239, 6562390, 6587442, 25052
56240, 6562400, 6587455, 25055
56241, 6562410, 6587468, 25058
56242, 6562420, 6587482, 25062
56243, 6562430, 6587495, 25065
56244, 6562440, 6587508, 25068
56245, 6562450, 6587522, 25072
56247, 6562470, 6587535, 25065
56248, 6562480, 6587549, 25069
56249, 6562490, 6587562, 25072
56251, 6562510, 6587589, 25079
56252, 6562520, 6587602, 25082
56253, 6562530, 6587615, 25085
56254, 6562540, 6587629, 25089
56255, 6562550, 6587642, 25092
56256, 6562560, 6587656, 25096
56257, 6562570, 6587669, 25099
56259, 6562590, 6587682, 25092
56260, 6562600, 6587696, 25096
56261, 6562610, 6587709, 25099
56262, 6562620, 6587722, 25102
56263, 6562630, 6587736, 25106
56264, 6562640, 6587749, 25109
56265, 6562650, 6587762, 25112
56266, 6562660, 6587776, 25116
56267, 6562670, 6587789, 25119
56268, 6562680, 6587802, 25122
56270, 6562700, 6587816, 25116
56271, 6562710, 6587829, 25119
56272, 6562720, 6587843, 25123
56273, 6562730, 6587856, 25126
56274, 6562740, 6587869, 25129
56275, 6562750, 6587883, 25133
56276, 6562760, 6587896, 25136
56277, 6562770, 6587909, 25139
56278, 6562780, 6587923, 25143
56279, 6562790, 6587936, 25146
56281, 6562810, 6587949, 25139
56282, 6562820, 6587963, 25143
56283, 6562830, 6587976, 25146
56284, 6562840, 6587990, 25150
56285, 6562850, 6588003, 25153
56286, 6562860, 6588016, 25156
56287, 6562870, 6588030, 25160
56288, 6562880, 6588043, 25163
56289, 6562890, 6588056, 25166
56290, 6562900, 6588070, 25170
56291, 6562910, 6588083, 25173
56293, 6562930, 6588096, 25166
56294, 6562940, 6588110, 25170
56295, 6562950, 6588123, 25173
56296, 6562960, 6588136, 25176
56297, 6562970, 6588150, 25180
56298, 6562980, 6588163, 25183
56299, 6562990, 6588177, 25187
56301, 6563010, 6588203, 25193
56302, 6563020, 6588217, 25197
56304, 6563040, 6588230, 25190
56305, 6563050, 6588243, 25193
56306, 6563060, 6588257, 25197
56307, 6563070, 6588270, 25200
56308, 6563080, 6588284, 25204
56309, 6563090, 6588297, 25207
56310, 6563100, 6588310, 25210
56311, 6563110, 6588324, 25214
56312, 6563120, 6588337, 25217
56313, 6563130, 6588350, 25220
56314, 6563140, 6588364, 25224
56316, 6563160, 6588377, 25217
56317, 6563170, 6588390, 25220
56318, 6563180, 6588404, 25224
56319, 6563190, 6588417, 25227
56320, 6563200, 6588430, 25230
56321, 6563210, 6592012, 28802
56322, 6563220, 6592025, 28805
56323, 6563230, 6592039, 28809
56324, 6563240, 6592052, 28812
56325, 6563250, 6592065, 28815
56327, 6563270, 6592079, 28809
56328, 6563280, 6592092, 28812
56329, 6563290, 6592106, 28816
56330, 6563300, 6592119, 28819
56331, 6563310, 6592132, 28822
56332, 6563320, 6592146, 28826
56333, 6563330, 6592159, 28829
56334, 6563340, 6592172, 28832
56335, 6563350, 6592186, 28836
56336, 6563360, 6592199, 28839
56338, 6563380, 6592212, 28832
56339, 6563390, 6592226, 28836
56340, 6563400, 6592239, 28839
56341, 6563410, 6592252, 28842
56342, 6563420, 6592266, 28846
56343, 6563430, 6592279, 28849
56344, 6563440, 6592293, 28853
56345, 6563450, 6592306, 28856
56346, 6563460, 6592319, 28859
56347, 6563470, 6592333, 28863
56348, 6563480, 6592346, 28866
56351, 6563510, 6592373, 28863
56352, 6563520, 6592386, 28866
56353, 6563530, 6592400, 28870
56354, 6563540, 6592413, 28873
56355, 6563550, 6592426, 28876
56356, 6563560, 6592440, 28880
56357, 6563570, 6592453, 28883
56358, 6563580, 6592466, 28886
56359, 6563590, 6592480, 28890
56361, 6563610, 6592493, 28883
56362, 6563620, 6592506, 28886
56363, 6563630, 6592520, 28890
56364, 6563640, 6592533, 28893
56365, 6563650, 6592546, 28896
56366, 6563660, 6592560, 28900
56367, 6563670, 6592573, 28903
56368, 6563680, 6592587, 28907
56369, 6563690, 6592600, 28910
56370, 6563700, 6592613, 28913
56371, 6563710, 6592627, 28917
56373, 6563730, 6592640, 28910
56374, 6563740, 6592653, 28913
56375, 6563750, 6592667, 28917
56376, 6563760, 6592680, 28920
56377, 6563770, 6592693, 28923
56378, 6563780, 6592707, 28927
56379, 6563790, 6592720, 28930
56380, 6563800, 6592734, 28934
56381, 6563810, 6592747, 28937
56382, 6563820, 6592760, 28940
56384, 6563840, 6592774, 28934
56385, 6563850, 6592787, 28937
56386, 6563860, 6592800, 28940
56387, 6563870, 6592814, 28944
56388, 6563880, 6592827, 28947
56389, 6563890, 6592840, 28950
56390, 6563900, 6592854, 28954
56391, 6563910, 6592867, 28957
56392, 6563920, 6592880, 28960
56393, 6563930, 6592894, 28964
56395, 6563950, 6592907, 28957
56396, 6563960, 6592921, 28961
56397, 6563970, 6592934, 28964
56398, 6563980, 6592947, 28967
56399, 6563990, 6592961, 28971
56802, 6568020, 6592987, 24967
56803, 6568030, 6593001, 24971
56804, 6568040, 6593014, 24974
56805, 6568050, 6593028, 24978
56806, 6568060, 6593041, 24981
56807, 6568070, 6593054, 24984
56808, 6568080, 6593068, 24988
56809, 6568090, 6593081, 24991
56810, 6568100, 6593094, 24994
56811, 6568110, 6593108, 24998
56813, 6568130, 6593121, 24991
56814, 6568140, 6593134, 24994
56815, 6568150, 6593148, 24998
56816, 6568160, 6593161, 25001
56817, 6568170, 6593174, 25004
56818, 6568180, 6593188, 25008
56819, 6568190, 6593201, 25011
56820, 6568200, 6593215, 25015
56821, 6568210, 6593228, 25018
56822, 6568220, 6593241, 25021
56824, 6568240, 6593255, 25015
56825, 6568250, 6593268, 25018
56826, 6568260, 6593281, 25021
56827, 6568270, 6593295, 25025
56828, 6568280, 6593308, 25028
56829, 6568290, 6593321, 25031
56830, 6568300, 6593335, 25035
56831, 6568310, 6593348, 25038
56832, 6568320, 6593362, 25042
56833, 6568330, 6593375, 25045
56834, 6568340, 6593388, 25048
56836, 6568360, 6593402, 25042
56837, 6568370, 6593415, 25045
56838, 6568380, 6593428, 25048
56839, 6568390, 6593442, 25052
56840, 6568400, 6593455, 25055
56841, 6568410, 6593468, 25058
56842, 6568420, 6593482, 25062
56843, 6568430, 6593495, 25065
56844, 6568440, 6593508, 25068
56845, 6568450, 6593522, 25072
56847, 6568470, 6593535, 25065
56848, 6568480, 6593549, 25069
56849, 6568490, 6593562, 25072
56851, 6568510, 6593589, 25079
56852, 6568520, 6593602, 25082
56853, 6568530, 6593615, 25085
56854, 6568540, 6593629, 25089
56855, 6568550, 6593642, 25092
56856, 6568560, 6593656, 25096
56857, 6568570, 6593669, 25099
56859, 6568590, 6593682, 25092
56860, 6568600, 6593696, 25096
56861, 6568610, 6593709, 25099
56862, 6568620, 6593722, 25102
56863, 6568630, 6593736, 25106
56864, 6568640, 6593749, 25109
56865, 6568650, 6593762, 25112
56866, 6568660, 6593776, 25116
56867, 6568670, 6593789, 25119
56868, 6568680, 6593802, 25122
56870, 6568700, 6593816, 25116
56871, 6568710, 6593829, 25119
56872, 6568720, 6593843, 25123
56873, 6568730, 6593856, 25126
56874, 6568740, 6593869, 25129
56875, 6568750, 6593883, 25133
56876, 6568760, 6593896, 25136
56877, 6568770, 6593909, 25139
56878, 6568780, 6593923, 25143
56879, 6568790, 6593936, 25146
56881, 6568810, 6593949, 25139
56882, 6568820, 6593963, 25143
56883, 6568830, 6593976, 25146
56884, 6568840, 6593990, 25150
56885, 6568850, 6594003, 25153
56886, 6568860, 6594016, 25156
56887, 6568870, 6594030, 25160
56888, 6568880, 6594043, 25163
56889, 6568890, 6594056, 25166
56890, 6568900, 6594070, 25170
56891, 6568910, 6594083, 25173
56893, 6568930, 6594096, 25166
56894, 6568940, 6594110, 25170
56895, 6568950, 6594123, 25173
56896, 6568960, 6594136, 25176
56897, 6568970, 6594150, 25180
56898, 6568980, 6594163, 25183
56899, 6568990, 6594177, 25187
56901, 6569010, 6594203, 25193
56902, 6569020, 6594217, 25197
56904, 6569040, 6594230, 25190
56905, 6569050, 6594243, 25193
56906, 6569060, 6594257, 25197
56907, 6569070, 6594270, 25200
56908, 6569080, 6594284, 25204
56909, 6569090, 6594297, 25207
56910, 6569100, 6594310, 25210
56911, 6569110, 6594324, 25214
56912, 6569120, 6594337, 25217
56913, 6569130, 6594350, 25220
56914, 6569140, 6594364, 25224
56916, 6569160, 6594377, 25217
56917, 6569170, 6594390, 25220
56918, 6569180, 6594404, 25224
56919, 6569190, 6594417, 25227
56920, 6569200, 6594430, 25230
56921, 6569210, 6598012, 28802
56922, 6569220, 6598025, 28805
56923, 6569230, 6598039, 28809
56924, 6569240, 6598052, 28812
56925, 6569250, 6598065, 28815
56927, 6569270, 6598079, 28809
56928, 6569280, 6598092, 28812
56929, 6569290, 6598106, 28816
56930, 6569300, 6598119, 28819
56931, 6569310, 6598132, 28822
56932, 6569320, 6598146, 28826
56933, 6569330, 6598159, 28829
56934, 6569340, 6598172, 28832
56935, 6569350, 6598186, 28836
56936, 6569360, 6598199, 28839
56938, 6569380, 6598212, 28832
56939, 6569390, 6598226, 28836
56940, 6569400, 6598239, 28839
56941, 6569410, 6598252, 28842
56942, 6569420, 6598266, 28846
56943, 6569430, 6598279, 28849
56944, 6569440, 6598293, 28853
56945, 6569450, 6598306, 28856
56946, 6569460, 6598319, 28859
56947, 6569470, 6598333, 28863
56948, 6569480, 6598346, 28866
56951, 6569510, 6598373, 28863
56952, 6569520, 6598386, 28866
56953, 6569530, 6598400, 28870
56954, 6569540, 6598413, 28873
56955, 6569550, 6598426, 28876
56956, 6569560, 6598440, 28880
56957, 6569570, 6598453, 28883
56958, 6569580, 6598466, 28886
56959, 6569590, 6598480, 28890
56961, 6569610, 6598493, 28883
56962, 6569620, 6598506, 28886
56963, 6569630, 6598520, 28890
56964, 6569640, 6598533, 28893
56965, 6569650, 6598546, 28896
56966, 6569660, 6598560, 28900
56967, 6569670, 6598573, 28903
56968, 6569680, 6598587, 28907
56969, 6569690, 6598600, 28910
56970, 6569700, 6598613, 28913
56971, 6569710, 6598627, 28917
56973, 6569730, 6598640, 28910
56974, 6569740, 6598653, 28913
56975, 6569750, 6598667, 28917
56976, 6569760, 6598680, 28920
56977, 6569770, 6598693, 28923
56978, 6569780, 6598707, 28927
56979, 6569790, 6598720, 28930
56980, 6569800, 6598734, 28934
56981, 6569810, 6598747, 28937
56982, 6569820, 6598760, 28940
56984, 6569840, 6598774, 28934
56985, 6569850, 6598787, 28937
56986, 6569860, 6598800, 28940
56987, 6569870, 6598814, 28944
56988, 6569880, 6598827, 28947
56989, 6569890, 6598840, 28950
56990, 6569900, 6598854, 28954
56991, 6569910, 6598867, 28957
56992, 6569920, 6598880, 28960
56993, 6569930, 6598894, 28964
56995, 6569950, 6598907, 28957
56996, 6569960, 6598921, 28961
56997, 6569970, 6598934, 28964
56998, 6569980, 6598947, 28967
56999, 6569990, 6598961, 28971
57402, 6574020, 6598987, 24967
57403, 6574030, 6599001, 24971
57404, 6574040, 6599014, 24974
57405, 6574050, 6599028, 24978
57406, 6574060, 6599041, 24981
57407, 6574070, 6599054, 24984
57408, 6574080, 6599068, 24988
57409, 6574090, 6599081, 24991
57410, 6574100, 6599094, 24994
57411, 6574110, 6599108, 24998
57413, 6574130, 6599121, 24991
57414, 6574140, 6599134, 24994
57415, 6574150, 6599148, 24998
57416, 6574160, 6599161, 25001
57417, 6574170, 6599174, 25004
57418, 6574180, 6599188, 25008
57419, 6574190, 6599201, 25011
57420, 6574200, 6599215, 25015
57421, 6574210, 6599228, 25018
57422, 6574220, 6599241, 25021
57424, 6574240, 6599255, 25015
57425, 6574250, 6599268, 25018
57426, 6574260, 6599281, 25021
57427, 6574270, 6599295, 25025
57428, 6574280, 6599308, 25028
57429, 6574290, 6599321, 25031
57430, 6574300, 6599335, 25035
57431, 6574310, 6599348, 25038
57432, 6574320, 6599362, 25042
57433, 6574330, 6599375, 25045
57434, 6574340, 6599388, 25048
57436, 6574360, 6599402, 25042
57437, 6574370, 6599415, 25045
57438, 6574380, 6599428, 25048
57439, 6574390, 6599442, 25052
57440, 6574400, 6599455, 25055
57441, 6574410, 6599468, 25058
57442, 6574420, 6599482, 25062
57443, 6574430, 6599495, 25065
57444, 6574440, 6599508, 25068
57445, 6574450, 6599522, 25072
57447, 6574470, 6599535, 25065
57448, 6574480, 6599549, 25069
57449, 6574490, 6599562, 25072
57451, 6574510, 6599589, 25079
57452, 6574520, 6599602, 25082
57453, 6574530, 6599615, 25085
57454, 6574540, 6599629, 25089
57455, 6574550, 6599642, 25092
57456, 6574560, 6599656, 25096
57457, 6574570, 6599669, 25099
57459, 6574590, 6599682, 25092
57460, 6574600, 6599696, 25096
57461, 6574610, 6599709, 25099
57462, 6574620, 6599722, 25102
57463, 6574630, 6599736, 25106
57464, 6574640, 6599749, 25109
57465, 6574650, 6599762, 25112
57466, 6574660, 6599776, 25116
57467, 6574670, 6599789, 25119
57468, 6574680, 6599802, 25122
57470, 6574700, 6599816, 25116
57471, 6574710, 6599829, 25119
57472, 6574720, 6599843, 25123
57473, 6574730, 6599856, 25126
57474, 6574740, 6599869, 25129
57475, 6574750, 6599883, 25133
57476, 6574760, 6599896, 25136
57477, 6574770, 6599909, 25139
57478, 6574780, 6599923, 25143
57479, 6574790, 6599936, 25146
57480, 6574800, 6599949, 25149
57482, 6574820, 6599963, 25143
57483, 6574830, 6599976, 25146
57484, 6574840, 6599990, 25150
57485, 6574850, 6600003, 25153
57486, 6574860, 6600016, 25156
57487, 6574870, 6600030, 25160
57488, 6574880, 6600043, 25163
57489, 6574890, 6600056, 25166
57490, 6574900, 6600070, 25170
57491, 6574910, 6600083, 25173
57493, 6574930, 6600096, 25166
57494, 6574940, 6600110, 25170
57495, 6574950, 6600123, 25173
57496, 6574960, 6600136, 25176
57497, 6574970, 6600150, 25180
57498, 6574980, 6600163, 25183
57499, 6574990, 6600177, 25187
57501, 6575010, 6600203, 25193
57502, 6575020, 6600217, 25197
57504, 6575040, 6600230, 25190
57505, 6575050, 6600243, 25193
57506, 6575060, 6600257, 25197
57507, 6575070, 6600270, 25200
57508, 6575080, 6600284, 25204
57509, 6575090, 6600297, 25207
57510, 6575100, 6600310, 25210
57511, 6575110, 6600324, 25214
57512, 6575120, 6600337, 25217
57513, 6575130, 6600350, 25220
57514, 6575140, 6600364, 25224
57516, 6575160, 6600377, 25217
57517, 6575170, 6600390, 25220
57518, 6575180, 6600404, 25224
57519, 6575190, 6600417, 25227
57520, 6575200, 6600430, 25230
57521, 6575210, 6604012, 28802
57522, 6575220, 6604025, 28805
57523, 6575230, 6604039, 28809
57524, 6575240, 6604052, 28812
57525, 6575250, 6604065, 28815
57527, 6575270, 6604079, 28809
57528, 6575280, 6604092, 28812
57529, 6575290, 6604106, 28816
57530, 6575300, 6604119, 28819
57531, 6575310, 6604132, 28822
57532, 6575320, 6604146, 28826
57533, 6575330, 6604159, 28829
57534, 6575340, 6604172, 28832
57535, 6575350, 6604186, 28836
57536, 6575360, 6604199, 28839
57537, 6575370, 6604212, 28842
57539, 6575390, 6604226, 28836
57540, 6575400, 6604239, 28839
57541, 6575410, 6604252, 28842
57542, 6575420, 6604266, 28846
57543, 6575430, 6604279, 28849
57544, 6575440, 6604293, 28853
57545, 6575450, 6604306, 28856
57546, 6575460, 6604319, 28859
57547, 6575470, 6604333, 28863
57548, 6575480, 6604346, 28866
57551, 6575510, 6604373, 28863
57552, 6575520, 6604386, 28866
57553, 6575530, 6604400, 28870
57554, 6575540, 6604413, 28873
57555, 6575550, 6604426, 28876
57556, 6575560, 6604440, 28880
57557, 6575570, 6604453, 28883
57558, 6575580, 6604466, 28886
57559, 6575590, 6604480, 28890
57561, 6575610, 6604493, 28883
57562, 6575620, 6604506, 28886
57563, 6575630, 6604520, 28890
57564, 6575640, 6604533, 28893
57565, 6575650, 6604546, 28896
57566, 6575660, 6604560, 28900
57567, 6575670, 6604573, 28903
57568, 6575680, 6604587, 28907
57569, 6575690, 6604600, 28910
57570, 6575700, 6604613, 28913
57571, 6575710, 6604627, 28917
57573, 6575730, 6604640, 28910
57574, 6575740, 6604653, 28913
57575, 6575750, 6604667, 28917
57576, 6575760, 6604680, 28920
57577, 6575770, 6604693, 28923
57578, 6575780, 6604707, 28927
57579, 6575790, 6604720, 28930
57580, 6575800, 6604734, 28934
57581, 6575810, 6604747, 28937
57582, 6575820, 6604760, 28940
57584, 6575840, 6604774, 28934
57585, 6575850, 6604787, 28937
57586, 6575860, 6604800, 28940
57587, 6575870, 6604814, 28944
57588, 6575880, 6604827, 28947
57589, 6575890, 6604840, 28950
57590, 6575900, 6604854, 28954
57591, 6575910, 6604867, 28957
57592, 6575920, 6604880, 28960
57593, 6575930, 6604894, 28964
57594, 6575940, 6604907, 28967
57596, 6575960, 6604921, 28961
57597, 6575970, 6604934, 28964
57598, 6575980, 6604947, 28967
57599, 6575990, 6604961, 28971
58002, 6580020, 6604987, 24967
58003, 6580030, 6605001, 24971
58004, 6580040, 6605014, 24974
58005, 6580050, 6605027, 24977
58006, 6580060, 6605041, 24981
58007, 6580070, 6605054, 24984
58008, 6580080, 6605067, 24987
58009, 6580090, 6605081, 24991
58010, 6580100, 6605094, 24994
58011, 6580110, 6605108, 24998
58013, 6580130, 6605121, 24991
58014, 6580140, 6605134, 24994
58015, 6580150, 6605148, 24998
58016, 6580160, 6605161, 25001
58017, 6580170, 6605174, 25004
58018, 6580180, 6605188, 25008
58019, 6580190, 6605201, 25011
58020, 6580200, 6605214, 25014
58021, 6580210, 6605228, 25018
58022, 6580220, 6605241, 25021
58024, 6580240, 6605254, 25014
58025, 6580250, 6605268, 25018
58026, 6580260, 6605281, 25021
58027, 6580270, 6605295, 25025
58028, 6580280, 6605308, 25028
58029, 6580290, 6605321, 25031
58030, 6580300, 6605335, 25035
58031, 6580310, 6605348, 25038
58032, 6580320, 6605361, 25041
58033, 6580330, 6605375, 25045
58034, 6580340, 6605388, 25048
58036, 6580360, 6605401, 25041
58037, 6580370, 6605415, 25045
58038, 6580380, 6605428, 25048
58039, 6580390, 6605442, 25052
58040, 6580400, 6605455, 25055
58041, 6580410, 6605468, 25058
58042, 6580420, 6605482, 25062
58043, 6580430, 6605495, 25065
58044, 6580440, 6605508, 25068
58045, 6580450, 6605522, 25072
58047, 6580470, 6605535, 25065
58048, 6580480, 6605548, 25068
58049, 6580490, 6605562, 25072
58051, 6580510, 6605589, 25079
58052, 6580520, 6605602, 25082
58053, 6580530, 6605615, 25085
58054, 6580540, 6605629, 25089
58055, 6580550, 6605642, 25092
58056, 6580560, 6605655, 25095
58057, 6580570, 6605669, 25099
58059, 6580590, 6605682, 25092
58060, 6580600, 6605695, 25095
58061, 6580610, 6605709, 25099
58062, 6580620, 6605722, 25102
58063, 6580630, 6605736, 25106
58064, 6580640, 6605749, 25109
58065, 6580650, 6605762, 25112
58066, 6580660, 6605776, 25116
58067, 6580670, 6605789, 25119
58068, 6580680, 6605802, 25122
58070, 6580700, 6605816, 25116
58071, 6580710, 6605829, 25119
58072, 6580720, 6605842, 25122
58073, 6580730, 6605856, 25126
58074, 6580740, 6605869, 25129
58075, 6580750, 6605882, 25132
58076, 6580760, 6605896, 25136
58077, 6580770, 6605909, 25139
58078, 6580780, 6605923, 25143
58079, 6580790, 6605936, 25146
58081, 6580810, 6605949, 25139
58082, 6580820, 6605963, 25143
58083, 6580830, 6605976, 25146
58084, 6580840, 6605989, 25149
58085, 6580850, 6606003, 25153
58086, 6580860, 6606016, 25156
58087, 6580870, 6606029, 25159
58088, 6580880, 6606043, 25163
58089, 6580890, 6606056, 25166
58090, 6580900, 6606070, 25170
58091, 6580910, 6606083, 25173
58093, 6580930, 6606096, 25166
58094, 6580940, 6606110, 25170
58095, 6580950, 6606123, 25173
58096, 6580960, 6606136, 25176
58097, 6580970, 6606150, 25180
58098, 6580980, 6606163, 25183
58099, 6580990, 6606176, 25186
58101, 6581010, 6606203, 25193
58102, 6581020, 6606217, 25197
58104, 6581040, 6606230, 25190
58105, 6581050, 6606243, 25193
58106, 6581060, 6606257, 25197
58107, 6581070, 6606270, 25200
58108, 6581080, 6606283, 25203
58109, 6581090, 6606297, 25207
58110, 6581100, 6606310, 25210
58111, 6581110, 6606323, 25213
58112, 6581120, 6606337, 25217
58113, 6581130, 6606350, 25220
58114, 6581140, 6606364, 25224
58116, 6581160, 6606377, 25217
58117, 6581170, 6606390, 25220
58118, 6581180, 6606404, 25224
58119, 6581190, 6606417, 25227
58120, 6581200, 6606430, 25230
58121, 6581210, 6610012, 28802
58122, 6581220, 6610025, 28805
58123, 6581230, 6610039, 28809
58124, 6581240, 6610052, 28812
58125, 6581250, 6610065, 28815
58127, 6581270, 6610079, 28809
58128, 6581280, 6610092, 28812
58129, 6581290, 6610106, 28816
58130, 6581300, 6610119, 28819
58131, 6581310, 6610132, 28822
58132, 6581320, 6610146, 28826
58133, 6581330, 6610159, 28829
58134, 6581340, 6610172, 28832
58135, 6581350, 6610186, 28836
58136, 6581360, 6610199, 28839
58138, 6581380, 6610212, 28832
58139, 6581390, 6610226, 28836
58140, 6581400, 6610239, 28839
58141, 6581410, 6610252, 28842
58142, 6581420, 6610266, 28846
58143, 6581430, 6610279, 28849
58144, 6581440, 6610293, 28853
58145, 6581450, 6610306, 28856
58146, 6581460, 6610319, 28859
58147, 6581470, 6610333, 28863
58148, 6581480, 6610346, 28866
58151, 6581510, 6610373, 28863
58152, 6581520, 6610386, 28866
58153, 6581530, 6610400, 28870
58154, 6581540, 6610413, 28873
58155, 6581550, 6610426, 28876
58156, 6581560, 6610440, 28880
58157, 6581570, 6610453, 28883
58158, 6581580, 6610466, 28886
58159, 6581590, 6610480, 28890
58161, 6581610, 6610493, 28883
58162, 6581620, 6610506, 28886
58163, 6581630, 6610520, 28890
58164, 6581640, 6610533, 28893
58165, 6581650, 6610546, 28896
58166, 6581660, 6610560, 28900
58167, 6581670, 6610573, 28903
58168, 6581680, 6610587, 28907
58169, 6581690, 6610600, 28910
58170, 6581700, 6610613, 28913
58171, 6581710, 6610627, 28917
58173, 6581730, 6610640, 28910
58174, 6581740, 6610653, 28913
58175, 6581750, 6610667, 28917
58176, 6581760, 6610680, 28920
58177, 6581770, 6610693, 28923
58178, 6581780, 6610707, 28927
58179, 6581790, 6610720, 28930
58180, 6581800, 6610734, 28934
58181, 6581810, 6610747, 28937
58182, 6581820, 6610760, 28940
58184, 6581840, 6610774, 28934
58185, 6581850, 6610787, 28937
58186, 6581860, 6610800, 28940
58187, 6581870, 6610814, 28944
58188, 6581880, 6610827, 28947
58189, 6581890, 6610840, 28950
58190, 6581900, 6610854, 28954
58191, 6581910, 6610867, 28957
58192, 6581920, 6610880, 28960
58193, 6581930, 6610894, 28964
58195, 6581950, 6610907, 28957
58196, 6581960, 6610921, 28961
58197, 6581970, 6610934, 28964
58198, 6581980, 6610947, 28967
58199, 6581990, 6610961, 28971
58602, 6586020, 6610987, 24967
58603, 6586030, 6611001, 24971
58604, 6586040, 6611014, 24974
58605, 6586050, 6611028, 24978
58606, 6586060, 6611041, 24981
58607, 6586070, 6611054, 24984
58608, 6586080, 6611068, 24988
58609, 6586090, 6611081, 24991
58610, 6586100, 6611094, 24994
58611, 6586110, 6611108, 24998
58613, 6586130, 6611121, 24991
58614, 6586140, 6611134, 24994
58615, 6586150, 6611148, 24998
58616, 6586160, 6611161, 25001
58617, 6586170, 6611174, 25004
58618, 6586180, 6611188, 25008
58619, 6586190, 6611201, 25011
58620, 6586200, 6611215, 25015
58621, 6586210, 6611228, 25018
58622, 6586220, 6611241, 25021
58624, 6586240, 6611255, 25015
58625, 6586250, 6611268, 25018
58626, 6586260, 6611281, 25021
58627, 6586270, 6611295, 25025
58628, 6586280, 6611308, 25028
58629, 6586290, 6611321, 25031
58630, 6586300, 6611335, 25035
58631, 6586310, 6611348, 25038
58632, 6586320, 6611362, 25042
58633, 6586330, 6611375, 25045
58634, 6586340, 6611388, 25048
58636, 6586360, 6611402, 25042
58637, 6586370, 6611415, 25045
58638, 6586380, 6611428, 25048
58639, 6586390, 6611442, 25052
58640, 6586400, 6611455, 25055
58641, 6586410, 6611468, 25058
58642, 6586420, 6611482, 25062
58643, 6586430, 6611495, 25065
58644, 6586440, 6611508, 25068
58645, 6586450, 6611522, 25072
58647, 6586470, 6611535, 25065
58648, 6586480, 6611549, 25069
58649, 6586490, 6611562, 25072
58651, 6586510, 6611589, 25079
58652, 6586520, 6611602, 25082
58653, 6586530, 6611615, 25085
58654, 6586540, 6611629, 25089
58655, 6586550, 6611642, 25092
58656, 6586560, 6611656, 25096
58657, 6586570, 6611669, 25099
58659, 6586590, 6611682, 25092
58660, 6586600, 6611696, 25096
58661, 6586610, 6611709, 25099
58662, 6586620, 6611722, 25102
58663, 6586630, 6611736, 25106
58664, 6586640, 6611749, 25109
58665, 6586650, 6611762, 25112
58666, 6586660, 6611776, 25116
58667, 6586670, 6611789, 25119
58668, 6586680, 6611802, 25122
58670, 6586700, 6611816, 25116
58671, 6586710, 6611829, 25119
58672, 6586720, 6611843, 25123
58673, 6586730, 6611856, 25126
58674, 6586740, 6611869, 25129
58675, 6586750, 6611883, 25133
58676, 6586760, 6611896, 25136
58677, 6586770, 6611909, 25139
58678, 6586780, 6611923, 25143
58679, 6586790, 6611936, 25146
58681, 6586810, 6611949, 25139
58682, 6586820, 6611963, 25143
58683, 6586830, 6611976, 25146
58684, 6586840, 6611990, 25150
58685, 6586850, 6612003, 25153
58686, 6586860, 6612016, 25156
58687, 6586870, 6612030, 25160
58688, 6586880, 6612043, 25163
58689, 6586890, 6612056, 25166
58690, 6586900, 6612070, 25170
58691, 6586910, 6612083, 25173
58693, 6586930, 6612096, 25166
58694, 6586940, 6612110, 25170
58695, 6586950, 6612123, 25173
58696, 6586960, 6612136, 25176
58697, 6586970, 6612150, 25180
58698, 6586980, 6612163, 25183
58699, 6586990, 6612177, 25187
58701, 6587010, 6612203, 25193
58702, 6587020, 6612217, 25197
58704, 6587040, 6612230, 25190
58705, 6587050, 6612243, 25193
58706, 6587060, 6612257, 25197
58707, 6587070, 6612270, 25200
58708, 6587080, 6612284, 25204
58709, 6587090, 6612297, 25207
58710, 6587100, 6612310, 25210
58711, 6587110, 6612324, 25214
58712, 6587120, 6612337, 25217
58713, 6587130, 6612350, 25220
58714, 6587140, 6612364, 25224
58716, 6587160, 6612377, 25217
58717, 6587170, 6612390, 25220
58718, 6587180, 6612404, 25224
58719, 6587190, 6612417, 25227
58720, 6587200, 6612430, 25230
58721, 6587210, 6616012, 28802
58722, 6587220, 6616025, 28805
58723, 6587230, 6616039, 28809
58724, 6587240, 6616052, 28812
58725, 6587250, 6616065, 28815
58727, 6587270, 6616079, 28809
58728, 6587280, 6616092, 28812
58729, 6587290, 6616106, 28816
58730, 6587300, 6616119, 28819
58731, 6587310, 6616132, 28822
58732, 6587320, 6616146, 28826
58733, 6587330, 6616159, 28829
58734, 6587340, 6616172, 28832
58735, 6587350, 6616186, 28836
58736, 6587360, 6616199, 28839
58738, 6587380, 6616212, 28832
58739, 6587390, 6616226, 28836
58740, 6587400, 6616239, 28839
58741, 6587410, 6616252, 28842
58742, 6587420, 6616266, 28846
58743, 6587430, 6616279, 28849
58744, 6587440, 6616293, 28853
58745, 6587450, 6616306, 28856
58746, 6587460, 6616319, 28859
58747, 6587470, 6616333, 28863
58748, 6587480, 6616346, 28866
58751, 6587510, 6616373, 28863
58752, 6587520, 6616386, 28866
58753, 6587530, 6616400, 28870
58754, 6587540, 6616413, 28873
58755, 6587550, 6616426, 28876
58756, 6587560, 6616440, 28880
58757, 6587570, 6616453, 28883
58758, 6587580, 6616466, 28886
58759, 6587590, 6616480, 28890
58761, 6587610, 6616493, 28883
58762, 6587620, 6616506, 28886
58763, 6587630, 6616520, 28890
58764, 6587640, 6616533, 28893
58765, 6587650, 6616546, 28896
58766, 6587660, 6616560, 28900
58767, 6587670, 6616573, 28903
58768, 6587680, 6616587, 28907
58769, 6587690, 6616600, 28910
58770, 6587700, 6616613, 28913
58771, 6587710, 6616627, 28917
58773, 6587730, 6616640, 28910
58774, 6587740, 6616653, 28913
58775, 6587750, 6616667, 28917
58776, 6587760, 6616680, 28920
58777, 6587770, 6616693, 28923
58778, 6587780, 6616707, 28927
58779, 6587790, 6616720, 28930
58780, 6587800, 6616734, 28934
58781, 6587810, 6616747, 28937
58782, 6587820, 6616760, 28940
58784, 6587840, 6616774, 28934
58785, 6587850, 6616787, 28937
58786, 6587860, 6616800, 28940
58787, 6587870, 6616814, 28944
58788, 6587880, 6616827, 28947
58789, 6587890, 6616840, 28950
58790, 6587900, 6616854, 28954
58791, 6587910, 6616867, 28957
58792, 6587920, 6616880, 28960
58793, 6587930, 6616894, 28964
58795, 6587950, 6616907, 28957
58796, 6587960, 6616921, 28961
58797, 6587970, 6616934, 28964
58798, 6587980, 6616947, 28967
58799, 6587990, 6616961, 28971
59202, 6592020, 6616987, 24967
59203, 6592030, 6617001, 24971
59204, 6592040, 6617014, 24974
59205, 6592050, 6617028, 24978
59206, 6592060, 6617041, 24981
59207, 6592070, 6617054, 24984
59208, 6592080, 6617068, 24988
59209, 6592090, 6617081, 24991
59210, 6592100, 6617094, 24994
59211, 6592110, 6617108, 24998
59213, 6592130, 6617121, 24991
59214, 6592140, 6617134, 24994
59215, 6592150, 6617148, 24998
59216, 6592160, 6617161, 25001
59217, 6592170, 6617174, 25004
59218, 6592180, 6617188, 25008
59219, 6592190, 6617201, 25011
59220, 6592200, 6617215, 25015
59221, 6592210, 6617228, 25018
59222, 6592220, 6617241, 25021
59224, 6592240, 6617255, 25015
59225, 6592250, 6617268, 25018
59226, 6592260, 6617281, 25021
59227, 6592270, 6617295, 25025
59228, 6592280, 6617308, 25028
59229, 6592290, 6617321, 25031
59230, 6592300, 6617335, 25035
59231, 6592310, 6617348, 25038
59232, 6592320, 6617362, 25042
59233, 6592330, 6617375, 25045
59234, 6592340, 6617388, 25048
59236, 6592360, 6617402, 25042
59237, 6592370, 6617415, 25045
59238, 6592380, 6617428, 25048
59239, 6592390, 6617442, 25052
59240, 6592400, 6617455, 25055
59241, 6592410, 6617468, 25058
59242, 6592420, 6617482, 25062
59243, 6592430, 6617495, 25065
59244, 6592440, 6617508, 25068
59245, 6592450, 6617522, 25072
59247, 6592470, 6617535, 25065
59248, 6592480, 6617549, 25069
59249, 6592490, 6617562, 25072
59251, 6592510, 6617589, 25079
59252, 6592520, 6617602, 25082
59253, 6592530, 6617615, 25085
59254, 6592540, 6617629, 25089
59255, 6592550, 6617642, 25092
59256, 6592560, 6617656, 25096
59257, 6592570, 6617669, 25099
59259, 6592590, 6617682, 25092
59260, 6592600, 6617696, 25096
59261, 6592610, 6617709, 25099
59262, 6592620, 6617722, 25102
59263, 6592630, 6617736, 25106
59264, 6592640, 6617749, 25109
59265, 6592650, 6617762, 25112
59266, 6592660, 6617776, 25116
59267, 6592670, 6617789, 25119
59268, 6592680, 6617802, 25122
59270, 6592700, 6617816, 25116
59271, 6592710, 6617829, 25119
59272, 6592720, 6617843, 25123
59273, 6592730, 6617856, 25126
59274, 6592740, 6617869, 25129
59275, 6592750, 6617883, 25133
59276, 6592760, 6617896, 25136
59277, 6592770, 6617909, 25139
59278, 6592780, 6617923, 25143
59279, 6592790, 6617936, 25146
59281, 6592810, 6617949, 25139
59282, 6592820, 6617963, 25143
59283, 6592830, 6617976, 25146
59284, 6592840, 6617990, 25150
59285, 6592850, 6618003, 25153
59286, 6592860, 6618016, 25156
59287, 6592870, 6618030, 25160
59288, 6592880, 6618043, 25163
59289, 6592890, 6618056, 25166
59290, 6592900, 6618070, 25170
59291, 6592910, 6618083, 25173
59293, 6592930, 6618096, 25166
59294, 6592940, 6618110, 25170
59295, 6592950, 6618123, 25173
59296, 6592960, 6618136, 25176
59297, 6592970, 6618150, 25180
59298, 6592980, 6618163, 25183
59299, 6592990, 6618177, 25187
59301, 6593010, 6618203, 25193
59302, 6593020, 6618217, 25197
59304, 6593040, 6618230, 25190
59305, 6593050, 6618243, 25193
59306, 6593060, 6618257, 25197
59307, 6593070, 6618270, 25200
59308, 6593080, 6618284, 25204
59309, 6593090, 6618297, 25207
59310, 6593100, 6618310, 25210
59311, 6593110, 6618324, 25214
59312, 6593120, 6618337, 25217
59313, 6593130, 6618350, 25220
59314, 6593140, 6618364, 25224
59316, 6593160, 6618377, 25217
59317, 6593170, 6618390, 25220
59318, 6593180, 6618404, 25224
59319, 6593190, 6618417, 25227
59320, 6593200, 6618430, 25230
59321, 6593210, 6622012, 28802
59322, 6593220, 6622025, 28805
59323, 6593230, 6622039, 28809
59324, 6593240, 6622052, 28812
59325, 6593250, 6622065, 28815
59327, 6593270, 6622079, 28809
59328, 6593280, 6622092, 28812
59329, 6593290, 6622106, 28816
59330, 6593300, 6622119, 28819
59331, 6593310, 6622132, 28822
59332, 6593320, 6622146, 28826
59333, 6593330, 6622159, 28829
59334, 6593340, 6622172, 28832
59335, 6593350, 6622186, 28836
59336, 6593360, 6622199, 28839
59338, 6593380, 6622212, 28832
59339, 6593390, 6622226, 28836
59340, 6593400, 6622239, 28839
59341, 6593410, 6622252, 28842
59342, 6593420, 6622266, 28846
59343, 6593430, 6622279, 28849
59344, 6593440, 6622293, 28853
59345, 6593450, 6622306, 28856
59346, 6593460, 6622319, 28859
59347, 6593470, 6622333, 28863
59348, 6593480, 6622346, 28866
59351, 6593510, 6622373, 28863
59352, 6593520, 6622386, 28866
59353, 6593530, 6622400, 28870
59354, 6593540, 6622413, 28873
59355, 6593550, 6622426, 28876
59356, 6593560, 6622440, 28880
59357, 6593570, 6622453, 28883
59358, 6593580, 6622466, 28886
59359, 6593590, 6622480, 28890
59361, 6593610, 6622493, 28883
59362, 6593620, 6622506, 28886
59363, 6593630, 6622520, 28890
59364, 6593640, 6622533, 28893
59365, 6593650, 6622546, 28896
59366, 6593660, 6622560, 28900
59367, 6593670, 6622573, 28903
59368, 6593680, 6622587, 28907
59369, 6593690, 6622600, 28910
59370, 6593700, 6622613, 28913
59371, 6593710, 6622627, 28917
59373, 6593730, 6622640, 28910
59374, 6593740, 6622653, 28913
59375, 6593750, 6622667, 28917
59376, 6593760, 6622680, 28920
59377, 6593770, 6622693, 28923
59378, 6593780, 6622707, 28927
59379, 6593790, 6622720, 28930
59380, 6593800, 6622734, 28934
59381, 6593810, 6622747, 28937
59382, 6593820, 6622760, 28940
59384, 6593840, 6622774, 28934
59385, 6593850, 6622787, 28937
59386, 6593860, 6622800, 28940
59387, 6593870, 6622814, 28944
59388, 6593880, 6622827, 28947
59389, 6593890, 6622840, 28950
59390, 6593900, 6622854, 28954
59391, 6593910, 6622867, 28957
59392, 6593920, 6622880, 28960
59393, 6593930, 6622894, 28964
59395, 6593950, 6622907, 28957
59396, 6593960, 6622921, 28961
59397, 6593970, 6622934, 28964
59398, 6593980, 6622947, 28967
59399, 6593990, 6622961, 28971
59802, 6598020, 6622987, 24967
59803, 6598030, 6623001, 24971
59804, 6598040, 6623014, 24974
59805, 6598050, 6623028, 24978
59806, 6598060, 6623041, 24981
59807, 6598070, 6623054, 24984
59808, 6598080, 6623068, 24988
59809, 6598090, 6623081, 24991
59810, 6598100, 6623094, 24994
59811, 6598110, 6623108, 24998
59813, 6598130, 6623121, 24991
59814, 6598140, 6623134, 24994
59815, 6598150, 6623148, 24998
59816, 6598160, 6623161, 25001
59817, 6598170, 6623174, 25004
59818, 6598180, 6623188, 25008
59819, 6598190, 6623201, 25011
59820, 6598200, 6623215, 25015
59821, 6598210, 6623228, 25018
59822, 6598220, 6623241, 25021
59824, 6598240, 6623255, 25015
59825, 6598250, 6623268, 25018
59826, 6598260, 6623281, 25021
59827, 6598270, 6623295, 25025
59828, 6598280, 6623308, 25028
59829, 6598290, 6623321, 25031
59830, 6598300, 6623335, 25035
59831, 6598310, 6623348, 25038
59832, 6598320, 6623362, 25042
59833, 6598330, 6623375, 25045
59834, 6598340, 6623388, 25048
59836, 6598360, 6623402, 25042
59837, 6598370, 6623415, 25045
59838, 6598380, 6623428, 25048
59839, 6598390, 6623442, 25052
59840, 6598400, 6623455, 25055
59841, 6598410, 6623468, 25058
59842, 6598420, 6623482, 25062
59843, 6598430, 6623495, 25065
59844, 6598440, 6623508, 25068
59845, 6598450, 6623522, 25072
59847, 6598470, 6623535, 25065
59848, 6598480, 6623549, 25069
59849, 6598490, 6623562, 25072
59851, 6598510, 6623589, 25079
59852, 6598520, 6623602, 25082
59853, 6598530, 6623615, 25085
59854, 6598540, 6623629, 25089
59855, 6598550, 6623642, 25092
59856, 6598560, 6623656, 25096
59857, 6598570, 6623669, 25099
59859, 6598590, 6623682, 25092
59860, 6598600, 6623696, 25096
59861, 6598610, 6623709, 25099
59862, 6598620, 6623722, 25102
59863, 6598630, 6623736, 25106
59864, 6598640, 6623749, 25109
59865, 6598650, 6623762, 25112
59866, 6598660, 6623776, 25116
59867, 6598670, 6623789, 25119
59868, 6598680, 6623802, 25122
59870, 6598700, 6623816, 25116
59871, 6598710, 6623829, 25119
59872, 6598720, 6623843, 25123
59873, 6598730, 6623856, 25126
59874, 6598740, 6623869, 25129
59875, 6598750, 6623883, 25133
59876, 6598760, 6623896, 25136
59877, 6598770, 6623909, 25139
59878, 6598780, 6623923, 25143
59879, 6598790, 6623936, 25146
59881, 6598810, 6623949, 25139
59882, 6598820, 6623963, 25143
59883, 6598830, 6623976, 25146
59884, 6598840, 6623990, 25150
59885, 6598850, 6624003, 25153
59886, 6598860, 6624016, 25156
59887, 6598870, 6624030, 25160
59888, 6598880, 6624043, 25163
59889, 6598890, 6624056, 25166
59890, 6598900, 6624070, 25170
59891, 6598910, 6624083, 25173
59893, 6598930, 6624096, 25166
59894, 6598940, 6624110, 25170
59895, 6598950, 6624123, 25173
59896, 6598960, 6624136, 25176
59897, 6598970, 6624150, 25180
59898, 6598980, 6624163, 25183
59899, 6598990, 6624177, 25187
59901, 6599010, 6624203, 25193
59902, 6599020, 6624217, 25197
59904, 6599040, 6624230, 25190
59905, 6599050, 6624243, 25193
59906, 6599060, 6624257, 25197
59907, 6599070, 6624270, 25200
59908, 6599080, 6624284, 25204
59909, 6599090, 6624297, 25207
59910, 6599100, 6624310, 25210
59911, 6599110, 6624324, 25214
59912, 6599120, 6624337, 25217
59913, 6599130, 6624350, 25220
59914, 6599140, 6624364, 25224
59916, 6599160, 6624377, 25217
59917, 6599170, 6624390, 25220
59918, 6599180, 6624404, 25224
59919, 6599190, 6624417, 25227
59920, 6599200, 6624430, 25230
59921, 6599210, 6628012, 28802
59922, 6599220, 6628025, 28805
59923, 6599230, 6628039, 28809
59924, 6599240, 6628052, 28812
59925, 6599250, 6628065, 28815
59927, 6599270, 6628079, 28809
59928, 6599280, 6628092, 28812
59929, 6599290, 6628106, 28816
59930, 6599300, 6628119, 28819
59931, 6599310, 6628132, 28822
59932, 6599320, 6628146, 28826
59933, 6599330, 6628159, 28829
59934, 6599340, 6628172, 28832
59935, 6599350, 6628186, 28836
59936, 6599360, 6628199, 28839
59938, 6599380, 6628212, 28832
59939, 6599390, 6628226, 28836
59940, 6599400, 6628239, 28839
59941, 6599410, 6628252, 28842
59942, 6599420, 6628266, 28846
59943, 6599430, 6628279, 28849
59944, 6599440, 6628293, 28853
59945, 6599450, 6628306, 28856
59946, 6599460, 6628319, 28859
59947, 6599470, 6628333, 28863
59948, 6599480, 6628346, 28866
59951, 6599510, 6628373, 28863
59952, 6599520, 6628386, 28866
59953, 6599530, 6628400, 28870
59954, 6599540, 6628413, 28873
59955, 6599550, 6628426, 28876
59956, 6599560, 6628440, 28880
59957, 6599570, 6628453, 28883
59958, 6599580, 6628466, 28886
59959, 6599590, 6628480, 28890
59961, 6599610, 6628493, 28883
59962, 6599620, 6628506, 28886
59963, 6599630, 6628520, 28890
59964, 6599640, 6628533, 28893
59965, 6599650, 6628546, 28896
59966, 6599660, 6628560, 28900
59967, 6599670, 6628573, 28903
59968, 6599680, 6628587, 28907
59969, 6599690, 6628600, 28910
59970, 6599700, 6628613, 28913
59971, 6599710, 6628627, 28917
59973, 6599730, 6628640, 28910
59974, 6599740, 6628653, 28913
59975, 6599750, 6628667, 28917
59976, 6599760, 6628680, 28920
59977, 6599770, 6628693, 28923
59978, 6599780, 6628707, 28927
59979, 6599790, 6628720, 28930
59980, 6599800, 6628734, 28934
59981, 6599810, 6628747, 28937
59982, 6599820, 6628760, 28940
59984, 6599840, 6628774, 28934
59985, 6599850, 6628787, 28937
59986, 6599860, 6628800, 28940
59987, 6599870, 6628814, 28944
59988, 6599880, 6628827, 28947
59989, 6599890, 6628840, 28950
59990, 6599900, 6628854, 28954
59991, 6599910, 6628867, 28957
59992, 6599920, 6628880, 28960
59993, 6599930, 6628894, 28964
59995, 6599950, 6628907, 28957
59996, 6599960, 6628921, 28961
59997, 6599970, 6628934, 28964
59998, 6599980, 6628947, 28967
59999, 6599990, 6628961, 28971
60402, 6604020, 6628987, 24967
60403, 6604030, 6629001, 24971
60404, 6604040, 6629014, 24974
60405, 6604050, 6629028, 24978
60406, 6604060, 6629041, 24981
60407, 6604070, 6629054, 24984
60408, 6604080, 6629068, 24988
60409, 6604090, 6629081, 24991
60410, 6604100, 6629094, 24994
60411, 6604110, 6629108, 24998
60413, 6604130, 6629121, 24991
60414, 6604140, 6629134, 24994
60415, 6604150, 6629148, 24998
60416, 6604160, 6629161, 25001
60417, 6604170, 6629174, 25004
60418, 6604180, 6629188, 25008
60419, 6604190, 6629201, 25011
60420, 6604200, 6629215, 25015
60421, 6604210, 6629228, 25018
60422, 6604220, 6629241, 25021
60424, 6604240, 6629255, 25015
60425, 6604250, 6629268, 25018
60426, 6604260, 6629281, 25021
60427, 6604270, 6629295, 25025
60428, 6604280, 6629308, 25028
60429, 6604290, 6629321, 25031
60430, 6604300, 6629335, 25035
60431, 6604310, 6629348, 25038
60432, 6604320, 6629362, 25042
60433, 6604330, 6629375, 25045
60434, 6604340, 6629388, 25048
60436, 6604360, 6629402, 25042
60437, 6604370, 6629415, 25045
60438, 6604380, 6629428, 25048
60439, 6604390, 6629442, 25052
60440, 6604400, 6629455, 25055
60441, 6604410, 6629468, 25058
60442, 6604420, 6629482, 25062
60443, 6604430, 6629495, 25065
60444, 6604440, 6629508, 25068
60445, 6604450, 6629522, 25072
60447, 6604470, 6629535, 25065
60448, 6604480, 6629549, 25069
60449, 6604490, 6629562, 25072
60451, 6604510, 6629589, 25079
60452, 6604520, 6629602, 25082
60453, 6604530, 6629615, 25085
60454, 6604540, 6629629, 25089
60455, 6604550, 6629642, 25092
60456, 6604560, 6629656, 25096
60457, 6604570, 6629669, 25099
60459, 6604590, 6629682, 25092
60460, 6604600, 6629696, 25096
60461, 6604610, 6629709, 25099
60462, 6604620, 6629722, 25102
60463, 6604630, 6629736, 25106
60464, 6604640, 6629749, 25109
60465, 6604650, 6629762, 25112
60466, 6604660, 6629776, 25116
60467, 6604670, 6629789, 25119
60468, 6604680, 6629802, 25122
60470, 6604700, 6629816, 25116
60471, 6604710, 6629829, 25119
60472, 6604720, 6629843, 25123
60473, 6604730, 6629856, 25126
60474, 6604740, 6629869, 25129
60475, 6604750, 6629883, 25133
60476, 6604760, 6629896, 25136
60477, 6604770, 6629909, 25139
60478, 6604780, 6629923, 25143
60479, 6604790, 6629936, 25146
60480, 6604800, 6629949, 25149
60482, 6604820, 6629963, 25143
60483, 6604830, 6629976, 25146
60484, 6604840, 6629990, 25150
60485, 6604850, 6630003, 25153
60486, 6604860, 6630016, 25156
60487, 6604870, 6630030, 25160
60488, 6604880, 6630043, 25163
60489, 6604890, 6630056, 25166
60490, 6604900, 6630070, 25170
60491, 6604910, 6630083, 25173
60493, 6604930, 6630096, 25166
60494, 6604940, 6630110, 25170
60495, 6604950, 6630123, 25173
60496, 6604960, 6630136, 25176
60497, 6604970, 6630150, 25180
60498, 6604980, 6630163, 25183
60499, 6604990, 6630177, 25187
60501, 6605010, 6630203, 25193
60502, 6605020, 6630217, 25197
60504, 6605040, 6630230, 25190
60505, 6605050, 6630243, 25193
60506, 6605060, 6630257, 25197
60507, 6605070, 6630270, 25200
60508, 6605080, 6630284, 25204
60509, 6605090, 6630297, 25207
60510, 6605100, 6630310, 25210
60511, 6605110, 6630324, 25214
60512, 6605120, 6630337, 25217
60513, 6605130, 6630350, 25220
60514, 6605140, 6630364, 25224
60516, 6605160, 6630377, 25217
60517, 6605170, 6630390, 25220
60518, 6605180, 6630404, 25224
60519, 6605190, 6630417, 25227
60520, 6605200, 6630430, 25230
60521, 6605210, 6634012, 28802
60522, 6605220, 6634025, 28805
60523, 6605230, 6634039, 28809
60524, 6605240, 6634052, 28812
60525, 6605250, 6634065, 28815
60527, 6605270, 6634079, 28809
60528, 6605280, 6634092, 28812
60529, 6605290, 6634106, 28816
60530, 6605300, 6634119, 28819
60531, 6605310, 6634132, 28822
60532, 6605320, 6634146, 28826
60533, 6605330, 6634159, 28829
60534, 6605340, 6634172, 28832
60535, 6605350, 6634186, 28836
60536, 6605360, 6634199, 28839
60537, 6605370, 6634212, 28842
60539, 6605390, 6634226, 28836
60540, 6605400, 6634239, 28839
60541, 6605410, 6634252, 28842
60542, 6605420, 6634266, 28846
60543, 6605430, 6634279, 28849
60544, 6605440, 6634293, 28853
60545, 6605450, 6634306, 28856
60546, 6605460, 6634319, 28859
60547, 6605470, 6634333, 28863
60548, 6605480, 6634346, 28866
60551, 6605510, 6634373, 28863
60552, 6605520, 6634386, 28866
60553, 6605530, 6634400, 28870
60554, 6605540, 6634413, 28873
60555, 6605550, 6634426, 28876
60556, 6605560, 6634440, 28880
60557, 6605570, 6634453, 28883
60558, 6605580, 6634466, 28886
60559, 6605590, 6634480, 28890
60561, 6605610, 6634493, 28883
60562, 6605620, 6634506, 28886
60563, 6605630, 6634520, 28890
60564, 6605640, 6634533, 28893
60565, 6605650, 6634546, 28896
60566, 6605660, 6634560, 28900
60567, 6605670, 6634573, 28903
60568, 6605680, 6634587, 28907
60569, 6605690, 6634600, 28910
60570, 6605700, 6634613, 28913
60571, 6605710, 6634627, 28917
60573, 6605730, 6634640, 28910
60574, 6605740, 6634653, 28913
60575, 6605750, 6634667, 28917
60576, 6605760, 6634680, 28920
60577, 6605770, 6634693, 28923
60578, 6605780, 6634707, 28927
60579, 6605790, 6634720, 28930
60580, 6605800, 6634734, 28934
60581, 6605810, 6634747, 28937
60582, 6605820, 6634760, 28940
60584, 6605840, 6634774, 28934
60585, 6605850, 6634787, 28937
60586, 6605860, 6634800, 28940
60587, 6605870, 6634814, 28944
60588, 6605880, 6634827, 28947
60589, 6605890, 6634840, 28950
60590, 6605900, 6634854, 28954
60591, 6605910, 6634867, 28957
60592, 6605920, 6634880, 28960
60593, 6605930, 6634894, 28964
60594, 6605940, 6634907, 28967
60596, 6605960, 6634921, 28961
60597, 6605970, 6634934, 28964
60598, 6605980, 6634947, 28967
60599, 6605990, 6634961, 28971
61002, 6610020, 6634987, 24967
61003, 6610030, 6635001, 24971
61004, 6610040, 6635014, 24974
61005, 6610050, 6635027, 24977
61006, 6610060, 6635041, 24981
61007, 6610070, 6635054, 24984
61008, 6610080, 6635067, 24987
61009, 6610090, 6635081, 24991
61010, 6610100, 6635094, 24994
61011, 6610110, 6635108, 24998
61013, 6610130, 6635121, 24991
61014, 6610140, 6635134, 24994
61015, 6610150, 6635148, 24998
61016, 6610160, 6635161, 25001
61017, 6610170, 6635174, 25004
61018, 6610180, 6635188, 25008
61019, 6610190, 6635201, 25011
61020, 6610200, 6635214, 25014
61021, 6610210, 6635228, 25018
61022, 6610220, 6635241, 25021
61024, 6610240, 6635254, 25014
61025, 6610250, 6635268, 25018
61026, 6610260, 6635281, 25021
61027, 6610270, 6635295, 25025
61028, 6610280, 6635308, 25028
61029, 6610290, 6635321, 25031
61030, 6610300, 6635335, 25035
61031, 6610310, 6635348, 25038
61032, 6610320, 6635361, 25041
61033, 6610330, 6635375, 25045
61034, 6610340, 6635388, 25048
61036, 6610360, 6635401, 25041
61037, 6610370, 6635415, 25045
61038, 6610380, 6635428, 25048
61039, 6610390, 6635442, 25052
61040, 6610400, 6635455, 25055
61041, 6610410, 6635468, 25058
61042, 6610420, 6635482, 25062
61043, 6610430, 6635495, 25065
61044, 6610440, 6635508, 25068
61045, 6610450, 6635522, 25072
61047, 6610470, 6635535, 25065
61048, 6610480, 6635548, 25068
61049, 6610490, 6635562, 25072
61051, 6610510, 6635589, 25079
61052, 6610520, 6635602, 25082
61053, 6610530, 6635615, 25085
61054, 6610540, 6635629, 25089
61055, 6610550, 6635642, 25092
61056, 6610560, 6635655, 25095
61057, 6610570, 6635669, 25099
61059, 6610590, 6635682, 25092
61060, 6610600, 6635695, 25095
61061, 6610610, 6635709, 25099
61062, 6610620, 6635722, 25102
61063, 6610630, 6635736, 25106
61064, 6610640, 6635749, 25109
61065, 6610650, 6635762, 25112
61066, 6610660, 6635776, 25116
61067, 6610670, 6635789, 25119
61068, 6610680, 6635802, 25122
61070, 6610700, 6635816, 25116
61071, 6610710, 6635829, 25119
61072, 6610720, 6635842, 25122
61073, 6610730, 6635856, 25126
61074, 6610740, 6635869, 25129
61075, 6610750, 6635882, 25132
61076, 6610760, 6635896, 25136
61077, 6610770, 6635909, 25139
61078, 6610780, 6635923, 25143
61079, 6610790, 6635936, 25146
61081, 6610810, 6635949, 25139
61082, 6610820, 6635963, 25143
61083, 6610830, 6635976, 25146
61084, 6610840, 6635989, 25149
61085, 6610850, 6636003, 25153
61086, 6610860, 6636016, 25156
61087, 6610870, 6636029, 25159
61088, 6610880, 6636043, 25163
61089, 6610890, 6636056, 25166
61090, 6610900, 6636070, 25170
61091, 6610910, 6636083, 25173
61093, 6610930, 6636096, 25166
61094, 6610940, 6636110, 25170
61095, 6610950, 6636123, 25173
61096, 6610960, 6636136, 25176
61097, 6610970, 6636150, 25180
61098, 6610980, 6636163, 25183
61099, 6610990, 6636176, 25186
61101, 6611010, 6636203, 25193
61102, 6611020, 6636217, 25197
61104, 6611040, 6636230, 25190
61105, 6611050, 6636243, 25193
61106, 6611060, 6636257, 25197
61107, 6611070, 6636270, 25200
61108, 6611080, 6636283, 25203
61109, 6611090, 6636297, 25207
61110, 6611100, 6636310, 25210
61111, 6611110, 6636323, 25213
61112, 6611120, 6636337, 25217
61113, 6611130, 6636350, 25220
61114, 6611140, 6636364, 25224
61116, 6611160, 6636377, 25217
61117, 6611170, 6636390, 25220
61118, 6611180, 6636404, 25224
61119, 6611190, 6636417, 25227
61120, 6611200, 6636430, 25230
61121, 6611210, 6640012, 28802
61122, 6611220, 6640025, 28805
61123, 6611230, 6640039, 28809
61124, 6611240, 6640052, 28812
61125, 6611250, 6640065, 28815
61127, 6611270, 6640079, 28809
61128, 6611280, 6640092, 28812
61129, 6611290, 6640106, 28816
61130, 6611300, 6640119, 28819
61131, 6611310, 6640132, 28822
61132, 6611320, 6640146, 28826
61133, 6611330, 6640159, 28829
61134, 6611340, 6640172, 28832
61135, 6611350, 6640186, 28836
61136, 6611360, 6640199, 28839
61138, 6611380, 6640212, 28832
61139, 6611390, 6640226, 28836
61140, 6611400, 6640239, 28839
61141, 6611410, 6640252, 28842
61142, 6611420, 6640266, 28846
61143, 6611430, 6640279, 28849
61144, 6611440, 6640293, 28853
61145, 6611450, 6640306, 28856
61146, 6611460, 6640319, 28859
61147, 6611470, 6640333, 28863
61148, 6611480, 6640346, 28866
61151, 6611510, 6640373, 28863
61152, 6611520, 6640386, 28866
61153, 6611530, 6640400, 28870
61154, 6611540, 6640413, 28873
61155, 6611550, 6640426, 28876
61156, 6611560, 6640440, 28880
61157, 6611570, 6640453, 28883
61158, 6611580, 6640466, 28886
61159, 6611590, 6640480, 28890
61161, 6611610, 6640493, 28883
61162, 6611620, 6640506, 28886
61163, 6611630, 6640520, 28890
61164, 6611640, 6640533, 28893
61165, 6611650, 6640546, 28896
61166, 6611660, 6640560, 28900
61167, 6611670, 6640573, 28903
61168, 6611680, 6640587, 28907
61169, 6611690, 6640600, 28910
61170, 6611700, 6640613, 28913
61171, 6611710, 6640627, 28917
61173, 6611730, 6640640, 28910
61174, 6611740, 6640653, 28913
61175, 6611750, 6640667, 28917
61176, 6611760, 6640680, 28920
61177, 6611770, 6640693, 28923
61178, 6611780, 6640707, 28927
61179, 6611790, 6640720, 28930
61180, 6611800, 6640734, 28934
61181, 6611810, 6640747, 28937
61182, 6611820, 6640760, 28940
61184, 6611840, 6640774, 28934
61185, 6611850, 6640787, 28937
61186, 6611860, 6640800, 28940
61187, 6611870, 6640814, 28944
61188, 6611880, 6640827, 28947
61189, 6611890, 6640840, 28950
61190, 6611900, 6640854, 28954
61191, 6611910, 6640867, 28957
61192, 6611920, 6640880, 28960
61193, 6611930, 6640894, 28964
61195, 6611950, 6640907, 28957
61196, 6611960, 6640921, 28961
61197, 6611970, 6640934, 28964
61198, 6611980, 6640947, 28967
61199, 6611990, 6640961, 28971
61602, 6616020, 6640987, 24967
61603, 6616030, 6641001, 24971
61604, 6616040, 6641014, 24974
61605, 6616050, 6641028, 24978
61606, 6616060, 6641041, 24981
61607, 6616070, 6641054, 24984
61608, 6616080, 6641068, 24988
61609, 6616090, 6641081, 24991
61610, 6616100, 6641094, 24994
61611, 6616110, 6641108, 24998
61613, 6616130, 6641121, 24991
61614, 6616140, 6641134, 24994
61615, 6616150, 6641148, 24998
61616, 6616160, 6641161, 25001
61617, 6616170, 6641174, 25004
61618, 6616180, 6641188, 25008
61619, 6616190, 6641201, 25011
61620, 6616200, 6641215, 25015
61621, 6616210, 6641228, 25018
61622, 6616220, 6641241, 25021
61624, 6616240, 6641255, 25015
61625, 6616250, 6641268, 25018
61626, 6616260, 6641281, 25021
61627, 6616270, 6641295, 25025
61628, 6616280, 6641308, 25028
61629, 6616290, 6641321, 25031
61630, 6616300, 6641335, 25035
61631, 6616310, 6641348, 25038
61632, 6616320, 6641362, 25042
61633, 6616330, 6641375, 25045
61634, 6616340, 6641388, 25048
61636, 6616360, 6641402, 25042
61637, 6616370, 6641415, 25045
61638, 6616380, 6641428, 25048
61639, 6616390, 6641442, 25052
61640, 6616400, 6641455, 25055
61641, 6616410, 6641468, 25058
61642, 6616420, 6641482, 25062
61643, 6616430, 6641495, 25065
61644, 6616440, 6641508, 25068
61645, 6616450, 6641522, 25072
61647, 6616470, 6641535, 25065
61648, 6616480, 6641549, 25069
61649, 6616490, 6641562, 25072
61651, 6616510, 6641589, 25079
61652, 6616520, 6641602, 25082
61653, 6616530, 6641615, 25085
61654, 6616540, 6641629, 25089
61655, 6616550, 6641642, 25092
61656, 6616560, 6641656, 25096
61657, 6616570, 6641669, 25099
61659, 6616590, 6641682, 25092
61660, 6616600, 6641696, 25096
61661, 6616610, 6641709, 25099
61662, 6616620, 6641722, 25102
61663, 6616630, 6641736, 25106
61664, 6616640, 6641749, 25109
61665, 6616650, 6641762, 25112
61666, 6616660, 6641776, 25116
61667, 6616670, 6641789, 25119
61668, 6616680, 6641802, 25122
61670, 6616700, 6641816, 25116
61671, 6616710, 6641829, 25119
61672, 6616720, 6641843, 25123
61673, 6616730, 6641856, 25126
61674, 6616740, 6641869, 25129
61675, 6616750, 6641883, 25133
61676, 6616760, 6641896, 25136
61677, 6616770, 6641909, 25139
61678, 6616780, 6641923, 25143
61679, 6616790, 6641936, 25146
61681, 6616810, 6641949, 25139
61682, 6616820, 6641963, 25143
61683, 6616830, 6641976, 25146
61684, 6616840, 6641990, 25150
61685, 6616850, 6642003, 25153
61686, 6616860, 6642016, 25156
61687, 6616870, 6642030, 25160
61688, 6616880, 6642043, 25163
61689, 6616890, 6642056, 25166
61690, 6616900, 6642070, 25170
61691, 6616910, 6642083, 25173
61693, 6616930, 6642096, 25166
61694, 6616940, 6642110, 25170
61695, 6616950, 6642123, 25173
61696, 6616960, 6642136, 25176
61697, 6616970, 6642150, 25180
61698, 6616980, 6642163, 25183
61699, 6616990, 6642177, 25187
61701, 6617010, 6642203, 25193
61702, 6617020, 6642217, 25197
61704, 6617040, 6642230, 25190
61705, 6617050, 6642243, 25193
61706, 6617060, 6642257, 25197
61707, 6617070, 6642270, 25200
61708, 6617080, 6642284, 25204
61709, 6617090, 6642297, 25207
61710, 6617100, 6642310, 25210
61711, 6617110, 6642324, 25214
61712, 6617120, 6642337, 25217
61713, 6617130, 6642350, 25220
61714, 6617140, 6642364, 25224
61716, 6617160, 6642377, 25217
61717, 6617170, 6642390, 25220
61718, 6617180, 6642404, 25224
61719, 6617190, 6642417, 25227
61720, 6617200, 6642430, 25230
61721, 6617210, 6646012, 28802
61722, 6617220, 6646025, 28805
61723, 6617230, 6646039, 28809
61724, 6617240, 6646052, 28812
61725, 6617250, 6646065, 28815
61727, 6617270, 6646079, 28809
61728, 6617280, 6646092, 28812
61729, 6617290, 6646106, 28816
61730, 6617300, 6646119, 28819
61731, 6617310, 6646132, 28822
61732, 6617320, 6646146, 28826
61733, 6617330, 6646159, 28829
61734, 6617340, 6646172, 28832
61735, 6617350, 6646186, 28836
61736, 6617360, 6646199, 28839
61738, 6617380, 6646212, 28832
61739, 6617390, 6646226, 28836
61740, 6617400, 6646239, 28839
61741, 6617410, 6646252, 28842
61742, 6617420, 6646266, 28846
61743, 6617430, 6646279, 28849
61744, 6617440, 6646293, 28853
61745, 6617450, 6646306, 28856
61746, 6617460, 6646319, 28859
61747, 6617470, 6646333, 28863
61748, 6617480, 6646346, 28866
61751, 6617510, 6646373, 28863
61752, 6617520, 6646386, 28866
61753, 6617530, 6646400, 28870
61754, 6617540, 6646413, 28873
61755, 6617550, 6646426, 28876
61756, 6617560, 6646440, 28880
61757, 6617570, 6646453, 28883
61758, 6617580, 6646466, 28886
61759, 6617590, 6646480, 28890
61761, 6617610, 6646493, 28883
61762, 6617620, 6646506, 28886
61763, 6617630, 6646520, 28890
61764, 6617640, 6646533, 28893
61765, 6617650, 6646546, 28896
61766, 6617660, 6646560, 28900
61767, 6617670, 6646573, 28903
61768, 6617680, 6646587, 28907
61769, 6617690, 6646600, 28910
61770, 6617700, 6646613, 28913
61771, 6617710, 6646627, 28917
61773, 6617730, 6646640, 28910
61774, 6617740, 6646653, 28913
61775, 6617750, 6646667, 28917
61776, 6617760, 6646680, 28920
61777, 6617770, 6646693, 28923
61778, 6617780, 6646707, 28927
61779, 6617790, 6646720, 28930
61780, 6617800, 6646734, 28934
61781, 6617810, 6646747, 28937
61782, 6617820, 6646760, 28940
61784, 6617840, 6646774, 28934
61785, 6617850, 6646787, 28937
61786, 6617860, 6646800, 28940
61787, 6617870, 6646814, 28944
61788, 6617880, 6646827, 28947
61789, 6617890, 6646840, 28950
61790, 6617900, 6646854, 28954
61791, 6617910, 6646867, 28957
61792, 6617920, 6646880, 28960
61793, 6617930, 6646894, 28964
61795, 6617950, 6646907, 28957
61796, 6617960, 6646921, 28961
61797, 6617970, 6646934, 28964
61798, 6617980, 6646947, 28967
61799, 6617990, 6646961, 28971
62202, 6622020, 6646987, 24967
62203, 6622030, 6647001, 24971
62204, 6622040, 6647014, 24974
62205, 6622050, 6647028, 24978
62206, 6622060, 6647041, 24981
62207, 6622070, 6647054, 24984
62208, 6622080, 6647068, 24988
62209, 6622090, 6647081, 24991
62210, 6622100, 6647094, 24994
62211, 6622110, 6647108, 24998
62213, 6622130, 6647121, 24991
62214, 6622140, 6647134, 24994
62215, 6622150, 6647148, 24998
62216, 6622160, 6647161, 25001
62217, 6622170, 6647174, 25004
62218, 6622180, 6647188, 25008
62219, 6622190, 6647201, 25011
62220, 6622200, 6647215, 25015
62221, 6622210, 6647228, 25018
62222, 6622220, 6647241, 25021
62224, 6622240, 6647255, 25015
62225, 6622250, 6647268, 25018
62226, 6622260, 6647281, 25021
62227, 6622270, 6647295, 25025
62228, 6622280, 6647308, 25028
62229, 6622290, 6647321, 25031
62230, 6622300, 6647335, 25035
62231, 6622310, 6647348, 25038
62232, 6622320, 6647362, 25042
62233, 6622330, 6647375, 25045
62234, 6622340, 6647388, 25048
62236, 6622360, 6647402, 25042
62237, 6622370, 6647415, 25045
62238, 6622380, 6647428, 25048
62239, 6622390, 6647442, 25052
62240, 6622400, 6647455, 25055
62241, 6622410, 6647468, 25058
62242, 6622420, 6647482, 25062
62243, 6622430, 6647495, 25065
62244, 6622440, 6647508, 25068
62245, 6622450, 6647522, 25072
62247, 6622470, 6647535, 25065
62248, 6622480, 6647549, 25069
62249, 6622490, 6647562, 25072
62251, 6622510, 6647589, 25079
62252, 6622520, 6647602, 25082
62253, 6622530, 6647615, 25085
62254, 6622540, 6647629, 25089
62255, 6622550, 6647642, 25092
62256, 6622560, 6647656, 25096
62257, 6622570, 6647669, 25099
62259, 6622590, 6647682, 25092
62260, 6622600, 6647696, 25096
62261, 6622610, 6647709, 25099
62262, 6622620, 6647722, 25102
62263, 6622630, 6647736, 25106
62264, 6622640, 6647749, 25109
62265, 6622650, 6647762, 25112
62266, 6622660, 6647776, 25116
62267, 6622670, 6647789, 25119
62268, 6622680, 6647802, 25122
62270, 6622700, 6647816, 25116
62271, 6622710, 6647829, 25119
62272, 6622720, 6647843, 25123
62273, 6622730, 6647856, 25126
62274, 6622740, 6647869, 25129
62275, 6622750, 6647883, 25133
62276, 6622760, 6647896, 25136
62277, 6622770, 6647909, 25139
62278, 6622780, 6647923, 25143
62279, 6622790, 6647936, 25146
62281, 6622810, 6647949, 25139
62282, 6622820, 6647963, 25143
62283, 6622830, 6647976, 25146
62284, 6622840, 6647990, 25150
62285, 6622850, 6648003, 25153
62286, 6622860, 6648016, 25156
62287, 6622870, 6648030, 25160
62288, 6622880, 6648043, 25163
62289, 6622890, 6648056, 25166
62290, 6622900, 6648070, 25170
62291, 6622910, 6648083, 25173
62293, 6622930, 6648096, 25166
62294, 6622940, 6648110, 25170
62295, 6622950, 6648123, 25173
62296, 6622960, 6648136, 25176
62297, 6622970, 6648150, 25180
62298, 6622980, 6648163, 25183
62299, 6622990, 6648177, 25187
62301, 6623010, 6648203, 25193
62302, 6623020, 6648217, 25197
62304, 6623040, 6648230, 25190
62305, 6623050, 6648243, 25193
62306, 6623060, 6648257, 25197
62307, 6623070, 6648270, 25200
62308, 6623080, 6648284, 25204
62309, 6623090, 6648297, 25207
62310, 6623100, 6648310, 25210
62311, 6623110, 6648324, 25214
62312, 6623120, 6648337, 25217
62313, 6623130, 6648350, 25220
62314, 6623140, 6648364, 25224
62316, 6623160, 6648377, 25217
62317, 6623170, 6648390, 25220
62318, 6623180, 6648404, 25224
62319, 6623190, 6648417, 25227
62320, 6623200, 6648430, 25230
62321, 6623210, 6652012, 28802
62322, 6623220, 6652025, 28805
62323, 6623230, 6652039, 28809
62324, 6623240, 6652052, 28812
62325, 6623250, 6652065, 28815
62327, 6623270, 6652079, 28809
62328, 6623280, 6652092, 28812
62329, 6623290, 6652106, 28816
62330, 6623300, 6652119, 28819
62331, 6623310, 6652132, 28822
62332, 6623320, 6652146, 28826
62333, 6623330, 6652159, 28829
62334, 6623340, 6652172, 28832
62335, 6623350, 6652186, 28836
62336, 6623360, 6652199, 28839
62338, 6623380, 6652212, 28832
62339, 6623390, 6652226, 28836
62340, 6623400, 6652239, 28839
62341, 6623410, 6652252, 28842
62342, 6623420, 6652266, 28846
62343, 6623430, 6652279, 28849
62344, 6623440, 6652293, 28853
62345, 6623450, 6652306, 28856
62346, 6623460, 6652319, 28859
62347, 6623470, 6652333, 28863
62348, 6623480, 6652346, 28866
62351, 6623510, 6652373, 28863
62352, 6623520, 6652386, 28866
62353, 6623530, 6652400, 28870
62354, 6623540, 6652413, 28873
62355, 6623550, 6652426, 28876
62356, 6623560, 6652440, 28880
62357, 6623570, 6652453, 28883
62358, 6623580, 6652466, 28886
62359, 6623590, 6652480, 28890
62361, 6623610, 6652493, 28883
62362, 6623620, 6652506, 28886
62363, 6623630, 6652520, 28890
62364, 6623640, 6652533, 28893
62365, 6623650, 6652546, 28896
62366, 6623660, 6652560, 28900
62367, 6623670, 6652573, 28903
62368, 6623680, 6652587, 28907
62369, 6623690, 6652600, 28910
62370, 6623700, 6652613, 28913
62371, 6623710, 6652627, 28917
62373, 6623730, 6652640, 28910
62374, 6623740, 6652653, 28913
62375, 6623750, 6652667, 28917
62376, 6623760, 6652680, 28920
62377, 6623770, 6652693, 28923
62378, 6623780, 6652707, 28927
62379, 6623790, 6652720, 28930
62380, 6623800, 6652734, 28934
62381, 6623810, 6652747, 28937
62382, 6623820, 6652760, 28940
62384, 6623840, 6652774, 28934
62385, 6623850, 6652787, 28937
62386, 6623860, 6652800, 28940
62387, 6623870, 6652814, 28944
62388, 6623880, 6652827, 28947
62389, 6623890, 6652840, 28950
62390, 6623900, 6652854, 28954
62391, 6623910, 6652867, 28957
62392, 6623920, 6652880, 28960
62393, 6623930, 6652894, 28964
62395, 6623950, 6652907, 28957
62396, 6623960, 6652921, 28961
62397, 6623970, 6652934, 28964
62398, 6623980, 6652947, 28967
62399, 6623990, 6652961, 28971
62802, 6628020, 6652987, 24967
62803, 6628030, 6653001, 24971
62804, 6628040, 6653014, 24974
62805, 6628050, 6653028, 24978
62806, 6628060, 6653041, 24981
62807, 6628070, 6653054, 24984
62808, 6628080, 6653068, 24988
62809, 6628090, 6653081, 24991
62810, 6628100, 6653094, 24994
62811, 6628110, 6653108, 24998
62813, 6628130, 6653121, 24991
62814, 6628140, 6653134, 24994
62815, 6628150, 6653148, 24998
62816, 6628160, 6653161, 25001
62817, 6628170, 6653174, 25004
62818, 6628180, 6653188, 25008
62819, 6628190, 6653201, 25011
62820, 6628200, 6653215, 25015
62821, 6628210, 6653228, 25018
62822, 6628220, 6653241, 25021
62824, 6628240, 6653255, 25015
62825, 6628250, 6653268, 25018
62826, 6628260, 6653281, 25021
62827, 6628270, 6653295, 25025
62828, 6628280, 6653308, 25028
62829, 6628290, 6653321, 25031
62830, 6628300, 6653335, 25035
62831, 6628310, 6653348, 25038
62832, 6628320, 6653362, 25042
62833, 6628330, 6653375, 25045
62834, 6628340, 6653388, 25048
62836, 6628360, 6653402, 25042
62837, 6628370, 6653415, 25045
62838, 6628380, 6653428, 25048
62839, 6628390, 6653442, 25052
62840, 6628400, 6653455, 25055
62841, 6628410, 6653468, 25058
62842, 6628420, 6653482, 25062
62843, 6628430, 6653495, 25065
62844, 6628440, 6653508, 25068
62845, 6628450, 6653522, 25072
62847, 6628470, 6653535, 25065
62848, 6628480, 6653549, 25069
62849, 6628490, 6653562, 25072
62851, 6628510, 6653589, 25079
62852, 6628520, 6653602, 25082
62853, 6628530, 6653615, 25085
62854, 6628540, 6653629, 25089
62855, 6628550, 6653642, 25092
62856, 6628560, 6653656, 25096
62857, 6628570, 6653669, 25099
62859, 6628590, 6653682, 25092
62860, 6628600, 6653696, 25096
62861, 6628610, 6653709, 25099
62862, 6628620, 6653722, 25102
62863, 6628630, 6653736, 25106
62864, 6628640, 6653749, 25109
62865, 6628650, 6653762, 25112
62866, 6628660, 6653776, 25116
62867, 6628670, 6653789, 25119
62868, 6628680, 6653802, 25122
62870, 6628700, 6653816, 25116
62871, 6628710, 6653829, 25119
62872, 6628720, 6653843, 25123
62873, 6628730, 6653856, 25126
62874, 6628740, 6653869, 25129
62875, 6628750, 6653883, 25133
62876, 6628760, 6653896, 25136
62877, 6628770, 6653909, 25139
62878, 6628780, 6653923, 25143
62879, 6628790, 6653936, 25146
62881, 6628810, 6653949, 25139
62882, 6628820, 6653963, 25143
62883, 6628830, 6653976, 25146
62884, 6628840, 6653990, 25150
62885, 6628850, 6654003, 25153
62886, 6628860, 6654016, 25156
62887, 6628870, 6654030, 25160
62888, 6628880, 6654043, 25163
62889, 6628890, 6654056, 25166
62890, 6628900, 6654070, 25170
62891, 6628910, 6654083, 25173
62893, 6628930, 6654096, 25166
62894, 6628940, 6654110, 25170
62895, 6628950, 6654123, 25173
62896, 6628960, 6654136, 25176
62897, 6628970, 6654150, 25180
62898, 6628980, 6654163, 25183
62899, 6628990, 6654177, 25187
62901, 6629010, 6654203, 25193
62902, 6629020, 6654217, 25197
62904, 6629040, 6654230, 25190
62905, 6629050, 6654243, 25193
62906, 6629060, 6654257, 25197
62907, 6629070, 6654270, 25200
62908, 6629080, 6654284, 25204
62909, 6629090, 6654297, 25207
62910, 6629100, 6654310, 25210
62911, 6629110, 6654324, 25214
62912, 6629120, 6654337, 25217
62913, 6629130, 6654350, 25220
62914, 6629140, 6654364, 25224
62916, 6629160, 6654377, 25217
62917, 6629170, 6654390, 25220
62918, 6629180, 6654404, 25224
62919, 6629190, 6654417, 25227
62920, 6629200, 6654430, 25230
62921, 6629210, 6658012, 28802
62922, 6629220, 6658025, 28805
62923, 6629230, 6658039, 28809
62924, 6629240, 6658052, 28812
62925, 6629250, 6658065, 28815
62927, 6629270, 6658079, 28809
62928, 6629280, 6658092, 28812
62929, 6629290, 6658106, 28816
62930, 6629300, 6658119, 28819
62931, 6629310, 6658132, 28822
62932, 6629320, 6658146, 28826
62933, 6629330, 6658159, 28829
62934, 6629340, 6658172, 28832
62935, 6629350, 6658186, 28836
62936, 6629360, 6658199, 28839
62938, 6629380, 6658212, 28832
62939, 6629390, 6658226, 28836
62940, 6629400, 6658239, 28839
62941, 6629410, 6658252, 28842
62942, 6629420, 6658266, 28846
62943, 6629430, 6658279, 28849
62944, 6629440, 6658293, 28853
62945, 6629450, 6658306, 28856
62946, 6629460, 6658319, 28859
62947, 6629470, 6658333, 28863
62948, 6629480, 6658346, 28866
62951, 6629510, 6658373, 28863
62952, 6629520, 6658386, 28866
62953, 6629530, 6658400, 28870
62954, 6629540, 6658413, 28873
62955, 6629550, 6658426, 28876
62956, 6629560, 6658440, 28880
62957, 6629570, 6658453, 28883
62958, 6629580, 6658466, 28886
62959, 6629590, 6658480, 28890
62961, 6629610, 6658493, 28883
62962, 6629620, 6658506, 28886
62963, 6629630, 6658520, 28890
62964, 6629640, 6658533, 28893
62965, 6629650, 6658546, 28896
62966, 6629660, 6658560, 28900
62967, 6629670, 6658573, 28903
62968, 6629680, 6658587, 28907
62969, 6629690, 6658600, 28910
62970, 6629700, 6658613, 28913
62971, 6629710, 6658627, 28917
62973, 6629730, 6658640, 28910
62974, 6629740, 6658653, 28913
62975, 6629750, 6658667, 28917
62976, 6629760, 6658680, 28920
62977, 6629770, 6658693, 28923
62978, 6629780, 6658707, 28927
62979, 6629790, 6658720, 28930
62980, 6629800, 6658734, 28934
62981, 6629810, 6658747, 28937
62982, 6629820, 6658760, 28940
62984, 6629840, 6658774, 28934
62985, 6629850, 6658787, 28937
62986, 6629860, 6658800, 28940
62987, 6629870, 6658814, 28944
62988, 6629880, 6658827, 28947
62989, 6629890, 6658840, 28950
62990, 6629900, 6658854, 28954
62991, 6629910, 6658867, 28957
62992, 6629920, 6658880, 28960
62993, 6629930, 6658894, 28964
62995, 6629950, 6658907, 28957
62996, 6629960, 6658921, 28961
62997, 6629970, 6658934, 28964
62998, 6629980, 6658947, 28967
62999, 6629990, 6658961, 28971
63402, 6634020, 6658987, 24967
63403, 6634030, 6659001, 24971
63404, 6634040, 6659014, 24974
63405, 6634050, 6659028, 24978
63406, 6634060, 6659041, 24981
63407, 6634070, 6659054, 24984
63408, 6634080, 6659068, 24988
63409, 6634090, 6659081, 24991
63410, 6634100, 6659094, 24994
63411, 6634110, 6659108, 24998
63413, 6634130, 6659121, 24991
63414, 6634140, 6659134, 24994
63415, 6634150, 6659148, 24998
63416, 6634160, 6659161, 25001
63417, 6634170, 6659174, 25004
63418, 6634180, 6659188, 25008
63419, 6634190, 6659201, 25011
63420, 6634200, 6659215, 25015
63421, 6634210, 6659228, 25018
63422, 6634220, 6659241, 25021
63424, 6634240, 6659255, 25015
63425, 6634250, 6659268, 25018
63426, 6634260, 6659281, 25021
63427, 6634270, 6659295, 25025
63428, 6634280, 6659308, 25028
63429, 6634290, 6659321, 25031
63430, 6634300, 6659335, 25035
63431, 6634310, 6659348, 25038
63432, 6634320, 6659362, 25042
63433, 6634330, 6659375, 25045
63434, 6634340, 6659388, 25048
63436, 6634360, 6659402, 25042
63437, 6634370, 6659415, 25045
63438, 6634380, 6659428, 25048
63439, 6634390, 6659442, 25052
63440, 6634400, 6659455, 25055
63441, 6634410, 6659468, 25058
63442, 6634420, 6659482, 25062
63443, 6634430, 6659495, 25065
63444, 6634440, 6659508, 25068
63445, 6634450, 6659522, 25072
63447, 6634470, 6659535, 25065
63448, 6634480, 6659549, 25069
63449, 6634490, 6659562, 25072
63451, 6634510, 6659589, 25079
63452, 6634520, 6659602, 25082
63453, 6634530, 6659615, 25085
63454, 6634540, 6659629, 25089
63455, 6634550, 6659642, 25092
63456, 6634560, 6659656, 25096
63457, 6634570, 6659669, 25099
63459, 6634590, 6659682, 25092
63460, 6634600, 6659696, 25096
63461, 6634610, 6659709, 25099
63462, 6634620, 6659722, 25102
63463, 6634630, 6659736, 25106
63464, 6634640, 6659749, 25109
63465, 6634650, 6659762, 25112
63466, 6634660, 6659776, 25116
63467, 6634670, 6659789, 25119
63468, 6634680, 6659802, 25122
63470, 6634700, 6659816, 25116
63471, 6634710, 6659829, 25119
63472, 6634720, 6659843, 25123
63473, 6634730, 6659856, 25126
63474, 6634740, 6659869, 25129
63475, 6634750, 6659883, 25133
63476, 6634760, 6659896, 25136
63477, 6634770, 6659909, 25139
63478, 6634780, 6659923, 25143
63479, 6634790, 6659936, 25146
63480, 6634800, 6659949, 25149
63482, 6634820, 6659963, 25143
63483, 6634830, 6659976, 25146
63484, 6634840, 6659990, 25150
63485, 6634850, 6660003, 25153
63486, 6634860, 6660016, 25156
63487, 6634870, 6660030, 25160
63488, 6634880, 6660043, 25163
63489, 6634890, 6660056, 25166
63490, 6634900, 6660070, 25170
63491, 6634910, 6660083, 25173
63493, 6634930, 6660096, 25166
63494, 6634940, 6660110, 25170
63495, 6634950, 6660123, 25173
63496, 6634960, 6660136, 25176
63497, 6634970, 6660150, 25180
63498, 6634980, 6660163, 25183
63499, 6634990, 6660177, 25187
63501, 6635010, 6660203, 25193
63502, 6635020, 6660217, 25197
63504, 6635040, 6660230, 25190
63505, 6635050, 6660243, 25193
63506, 6635060, 6660257, 25197
63507, 6635070, 6660270, 25200
63508, 6635080, 6660284, 25204
63509, 6635090, 6660297, 25207
63510, 6635100, 6660310, 25210
63511, 6635110, 6660324, 25214
63512, 6635120, 6660337, 25217
63513, 6635130, 6660350, 25220
63514, 6635140, 6660364, 25224
63516, 6635160, 6660377, 25217
63517, 6635170, 6660390, 25220
63518, 6635180, 6660404, 25224
63519, 6635190, 6660417, 25227
63520, 6635200, 6660430, 25230
63521, 6635210, 6664012, 28802
63522, 6635220, 6664025, 28805
63523, 6635230, 6664039, 28809
63524, 6635240, 6664052, 28812
63525, 6635250, 6664065, 28815
63527, 6635270, 6664079, 28809
63528, 6635280, 6664092, 28812
63529, 6635290, 6664106, 28816
63530, 6635300, 6664119, 28819
63531, 6635310, 6664132, 28822
63532, 6635320, 6664146, 28826
63533, 6635330, 6664159, 28829
63534, 6635340, 6664172, 28832
63535, 6635350, 6664186, 28836
63536, 6635360, 6664199, 28839
63537, 6635370, 6664212, 28842
63539, 6635390, 6664226, 28836
63540, 6635400, 6664239, 28839
63541, 6635410, 6664252, 28842
63542, 6635420, 6664266, 28846
63543, 6635430, 6664279, 28849
63544, 6635440, 6664293, 28853
63545, 6635450, 6664306, 28856
63546, 6635460, 6664319, 28859
63547, 6635470, 6664333, 28863
63548, 6635480, 6664346, 28866
63551, 6635510, 6664373, 28863
63552, 6635520, 6664386, 28866
63553, 6635530, 6664400, 28870
63554, 6635540, 6664413, 28873
63555, 6635550, 6664426, 28876
63556, 6635560, 6664440, 28880
63557, 6635570, 6664453, 28883
63558, 6635580, 6664466, 28886
63559, 6635590, 6664480, 28890
63561, 6635610, 6664493, 28883
63562, 6635620, 6664506, 28886
63563, 6635630, 6664520, 28890
63564, 6635640, 6664533, 28893
63565, 6635650, 6664546, 28896
63566, 6635660, 6664560, 28900
63567, 6635670, 6664573, 28903
63568, 6635680, 6664587, 28907
63569, 6635690, 6664600, 28910
63570, 6635700, 6664613, 28913
63571, 6635710, 6664627, 28917
63573, 6635730, 6664640, 28910
63574, 6635740, 6664653, 28913
63575, 6635750, 6664667, 28917
63576, 6635760, 6664680, 28920
63577, 6635770, 6664693, 28923
63578, 6635780, 6664707, 28927
63579, 6635790, 6664720, 28930
63580, 6635800, 6664734, 28934
63581, 6635810, 6664747, 28937
63582, 6635820, 6664760, 28940
63584, 6635840, 6664774, 28934
63585, 6635850, 6664787, 28937
63586, 6635860, 6664800, 28940
63587, 6635870, 6664814, 28944
63588, 6635880, 6664827, 28947
63589, 6635890, 6664840, 28950
63590, 6635900, 6664854, 28954
63591, 6635910, 6664867, 28957
63592, 6635920, 6664880, 28960
63593, 6635930, 6664894, 28964
63594, 6635940, 6664907, 28967
63596, 6635960, 6664921, 28961
63597, 6635970, 6664934, 28964
63598, 6635980, 6664947, 28967
63599, 6635990, 6664961, 28971
64002, 6640020, 6664987, 24967
64003, 6640030, 6665001, 24971
64004, 6640040, 6665014, 24974
64005, 6640050, 6665027, 24977
64006, 6640060, 6665041, 24981
64007, 6640070, 6665054, 24984
64008, 6640080, 6665067, 24987
64009, 6640090, 6665081, 24991
64010, 6640100, 6665094, 24994
64011, 6640110, 6665108, 24998
64013, 6640130, 6665121, 24991
64014, 6640140, 6665134, 24994
64015, 6640150, 6665148, 24998
64016, 6640160, 6665161, 25001
64017, 6640170, 6665174, 25004
64018, 6640180, 6665188, 25008
64019, 6640190, 6665201, 25011
64020, 6640200, 6665214, 25014
64021, 6640210, 6665228, 25018
64022, 6640220, 6665241, 25021
64024, 6640240, 6665254, 25014
64025, 6640250, 6665268, 25018
64026, 6640260, 6665281, 25021
64027, 6640270, 6665295, 25025
64028, 6640280, 6665308, 25028
64029, 6640290, 6665321, 25031
64030, 6640300, 6665335, 25035
64031, 6640310, 6665348, 25038
64032, 6640320, 6665361, 25041
64033, 6640330, 6665375, 25045
64034, 6640340, 6665388, 25048
64036, 6640360, 6665401, 25041
64037, 6640370, 6665415, 25045
64038, 6640380, 6665428, 25048
64039, 6640390, 6665442, 25052
64040, 6640400, 6665455, 25055
64041, 6640410, 6665468, 25058
64042, 6640420, 6665482, 25062
64043, 6640430, 6665495, 25065
64044, 6640440, 6665508, 25068
64045, 6640450, 6665522, 25072
64047, 6640470, 6665535, 25065
64048, 6640480, 6665548, 25068
64049, 6640490, 6665562, 25072
64051, 6640510, 6665589, 25079
64052, 6640520, 6665602, 25082
64053, 6640530, 6665615, 25085
64054, 6640540, 6665629, 25089
64055, 6640550, 6665642, 25092
64056, 6640560, 6665655, 25095
64057, 6640570, 6665669, 25099
64059, 6640590, 6665682, 25092
64060, 6640600, 6665695, 25095
64061, 6640610, 6665709, 25099
64062, 6640620, 6665722, 25102
64063, 6640630, 6665736, 25106
64064, 6640640, 6665749, 25109
64065, 6640650, 6665762, 25112
64066, 6640660, 6665776, 25116
64067, 6640670, 6665789, 25119
64068, 6640680, 6665802, 25122
64070, 6640700, 6665816, 25116
64071, 6640710, 6665829, 25119
64072, 6640720, 6665842, 25122
64073, 6640730, 6665856, 25126
64074, 6640740, 6665869, 25129
64075, 6640750, 6665882, 25132
64076, 6640760, 6665896, 25136
64077, 6640770, 6665909, 25139
64078, 6640780, 6665923, 25143
64079, 6640790, 6665936, 25146
64081, 6640810, 6665949, 25139
64082, 6640820, 6665963, 25143
64083, 6640830, 6665976, 25146
64084, 6640840, 6665989, 25149
64085, 6640850, 6666003, 25153
64086, 6640860, 6666016, 25156
64087, 6640870, 6666029, 25159
64088, 6640880, 6666043, 25163
64089, 6640890, 6666056, 25166
64090, 6640900, 6666070, 25170
64091, 6640910, 6666083, 25173
64093, 6640930, 6666096, 25166
64094, 6640940, 6666110, 25170
64095, 6640950, 6666123, 25173
64096, 6640960, 6666136, 25176
64097, 6640970, 6666150, 25180
64098, 6640980, 6666163, 25183
64099, 6640990, 6666176, 25186
64101, 6641010, 6666203, 25193
64102, 6641020, 6666217, 25197
64104, 6641040, 6666230, 25190
64105, 6641050, 6666243, 25193
64106, 6641060, 6666257, 25197
64107, 6641070, 6666270, 25200
64108, 6641080, 6666283, 25203
64109, 6641090, 6666297, 25207
64110, 6641100, 6666310, 25210
64111, 6641110, 6666323, 25213
64112, 6641120, 6666337, 25217
64113, 6641130, 6666350, 25220
64114, 6641140, 6666364, 25224
64116, 6641160, 6666377, 25217
64117, 6641170, 6666390, 25220
64118, 6641180, 6666404, 25224
64119, 6641190, 6666417, 25227
64120, 6641200, 6666430, 25230
64121, 6641210, 6670012, 28802
64122, 6641220, 6670025, 28805
64123, 6641230, 6670039, 28809
64124, 6641240, 6670052, 28812
64125, 6641250, 6670065, 28815
64127, 6641270, 6670079, 28809
64128, 6641280, 6670092, 28812
64129, 6641290, 6670106, 28816
64130, 6641300, 6670119, 28819
64131, 6641310, 6670132, 28822
64132, 6641320, 6670146, 28826
64133, 6641330, 6670159, 28829
64134, 6641340, 6670172, 28832
64135, 6641350, 6670186, 28836
64136, 6641360, 6670199, 28839
64138, 6641380, 6670212, 28832
64139, 6641390, 6670226, 28836
64140, 6641400, 6670239, 28839
64141, 6641410, 6670252, 28842
64142, 6641420, 6670266, 28846
64143, 6641430, 6670279, 28849
64144, 6641440, 6670293, 28853
64145, 6641450, 6670306, 28856
64146, 6641460, 6670319, 28859
64147, 6641470, 6670333, 28863
64148, 6641480, 6670346, 28866
64151, 6641510, 6670373, 28863
64152, 6641520, 6670386, 28866
64153, 6641530, 6670400, 28870
64154, 6641540, 6670413, 28873
64155, 6641550, 6670426, 28876
64156, 6641560, 6670440, 28880
64157, 6641570, 6670453, 28883
64158, 6641580, 6670466, 28886
64159, 6641590, 6670480, 28890
64161, 6641610, 6670493, 28883
64162, 6641620, 6670506, 28886
64163, 6641630, 6670520, 28890
64164, 6641640, 6670533, 28893
64165, 6641650, 6670546, 28896
64166, 6641660, 6670560, 28900
64167, 6641670, 6670573, 28903
64168, 6641680, 6670587, 28907
64169, 6641690, 6670600, 28910
64170, 6641700, 6670613, 28913
64171, 6641710, 6670627, 28917
64173, 6641730, 6670640, 28910
64174, 6641740, 6670653, 28913
64175, 6641750, 6670667, 28917
64176, 6641760, 6670680, 28920
64177, 6641770, 6670693, 28923
64178, 6641780, 6670707, 28927
64179, 6641790, 6670720, 28930
64180, 6641800, 6670734, 28934
64181, 6641810, 6670747, 28937
64182, 6641820, 6670760, 28940
64184, 6641840, 6670774, 28934
64185, 6641850, 6670787, 28937
64186, 6641860, 6670800, 28940
64187, 6641870, 6670814, 28944
64188, 6641880, 6670827, 28947
64189, 6641890, 6670840, 28950
64190, 6641900, 6670854, 28954
64191, 6641910, 6670867, 28957
64192, 6641920, 6670880, 28960
64193, 6641930, 6670894, 28964
64195, 6641950, 6670907, 28957
64196, 6641960, 6670921, 28961
64197, 6641970, 6670934, 28964
64198, 6641980, 6670947, 28967
64199, 6641990, 6670961, 28971
64602, 6646020, 6670987, 24967
64603, 6646030, 6671001, 24971
64604, 6646040, 6671014, 24974
64605, 6646050, 6671028, 24978
64606, 6646060, 6671041, 24981
64607, 6646070, 6671054, 24984
64608, 6646080, 6671068, 24988
64609, 6646090, 6671081, 24991
64610, 6646100, 6671094, 24994
64611, 6646110, 6671108, 24998
64613, 6646130, 6671121, 24991
64614, 6646140, 6671134, 24994
64615, 6646150, 6671148, 24998
64616, 6646160, 6671161, 25001
64617, 6646170, 6671174, 25004
64618, 6646180, 6671188, 25008
64619, 6646190, 6671201, 25011
64620, 6646200, 6671215, 25015
64621, 6646210, 6671228, 25018
64622, 6646220, 6671241, 25021
64624, 6646240, 6671255, 25015
64625, 6646250, 6671268, 25018
64626, 6646260, 6671281, 25021
64627, 6646270, 6671295, 25025
64628, 6646280, 6671308, 25028
64629, 6646290, 6671321, 25031
64630, 6646300, 6671335, 25035
64631, 6646310, 6671348, 25038
64632, 6646320, 6671362, 25042
64633, 6646330, 6671375, 25045
64634, 6646340, 6671388, 25048
64636, 6646360, 6671402, 25042
64637, 6646370, 6671415, 25045
64638, 6646380, 6671428, 25048
64639, 6646390, 6671442, 25052
64640, 6646400, 6671455, 25055
64641, 6646410, 6671468, 25058
64642, 6646420, 6671482, 25062
64643, 6646430, 6671495, 25065
64644, 6646440, 6671508, 25068
64645, 6646450, 6671522, 25072
64647, 6646470, 6671535, 25065
64648, 6646480, 6671549, 25069
64649, 6646490, 6671562, 25072
64651, 6646510, 6671589, 25079
64652, 6646520, 6671602, 25082
64653, 6646530, 6671615, 25085
64654, 6646540, 6671629, 25089
64655, 6646550, 6671642, 25092
64656, 6646560, 6671656, 25096
64657, 6646570, 6671669, 25099
64659, 6646590, 6671682, 25092
64660, 6646600, 6671696, 25096
64661, 6646610, 6671709, 25099
64662, 6646620, 6671722, 25102
64663, 6646630, 6671736, 25106
64664, 6646640, 6671749, 25109
64665, 6646650, 6671762, 25112
64666, 6646660, 6671776, 25116
64667, 6646670, 6671789, 25119
64668, 6646680, 6671802, 25122
64670, 6646700, 6671816, 25116
64671, 6646710, 6671829, 25119
64672, 6646720, 6671843, 25123
64673, 6646730, 6671856, 25126
64674, 6646740, 6671869, 25129
64675, 6646750, 6671883, 25133
64676, 6646760, 6671896, 25136
64677, 6646770, 6671909, 25139
64678, 6646780, 6671923, 25143
64679, 6646790, 6671936, 25146
64681, 6646810, 6671949, 25139
64682, 6646820, 6671963, 25143
64683, 6646830, 6671976, 25146
64684, 6646840, 6671990, 25150
64685, 6646850, 6672003, 25153
64686, 6646860, 6672016, 25156
64687, 6646870, 6672030, 25160
64688, 6646880, 6672043, 25163
64689, 6646890, 6672056, 25166
64690, 6646900, 6672070, 25170
64691, 6646910, 6672083, 25173
64693, 6646930, 6672096, 25166
64694, 6646940, 6672110, 25170
64695, 6646950, 6672123, 25173
64696, 6646960, 6672136, 25176
64697, 6646970, 6672150, 25180
64698, 6646980, 6672163, 25183
64699, 6646990, 6672177, 25187
64701, 6647010, 6672203, 25193
64702, 6647020, 6672217, 25197
64704, 6647040, 6672230, 25190
64705, 6647050, 6672243, 25193
64706, 6647060, 6672257, 25197
64707, 6647070, 6672270, 25200
64708, 6647080, 6672284, 25204
64709, 6647090, 6672297, 25207
64710, 6647100, 6672310, 25210
64711, 6647110, 6672324, 25214
64712, 6647120, 6672337, 25217
64713, 6647130, 6672350, 25220
64714, 6647140, 6672364, 25224
64716, 6647160, 6672377, 25217
64717, 6647170, 6672390, 25220
64718, 6647180, 6672404, 25224
64719, 6647190, 6672417, 25227
64720, 6647200, 6672430, 25230
64721, 6647210, 6676012, 28802
64722, 6647220, 6676025, 28805
64723, 6647230, 6676039, 28809
64724, 6647240, 6676052, 28812
64725, 6647250, 6676065, 28815
64727, 6647270, 6676079, 28809
64728, 6647280, 6676092, 28812
64729, 6647290, 6676106, 28816
64730, 6647300, 6676119, 28819
64731, 6647310, 6676132, 28822
64732, 6647320, 6676146, 28826
64733, 6647330, 6676159, 28829
64734, 6647340, 6676172, 28832
64735, 6647350, 6676186, 28836
64736, 6647360, 6676199, 28839
64738, 6647380, 6676212, 28832
64739, 6647390, 6676226, 28836
64740, 6647400, 6676239, 28839
64741, 6647410, 6676252, 28842
64742, 6647420, 6676266, 28846
64743, 6647430, 6676279, 28849
64744, 6647440, 6676293, 28853
64745, 6647450, 6676306, 28856
64746, 6647460, 6676319, 28859
64747, 6647470, 6676333, 28863
64748, 6647480, 6676346, 28866
64751, 6647510, 6676373, 28863
64752, 6647520, 6676386, 28866
64753, 6647530, 6676400, 28870
64754, 6647540, 6676413, 28873
64755, 6647550, 6676426, 28876
64756, 6647560, 6676440, 28880
64757, 6647570, 6676453, 28883
64758, 6647580, 6676466, 28886
64759, 6647590, 6676480, 28890
64761, 6647610, 6676493, 28883
64762, 6647620, 6676506, 28886
64763, 6647630, 6676520, 28890
64764, 6647640, 6676533, 28893
64765, 6647650, 6676546, 28896
64766, 6647660, 6676560, 28900
64767, 6647670, 6676573, 28903
64768, 6647680, 6676587, 28907
64769, 6647690, 6676600, 28910
64770, 6647700, 6676613, 28913
64771, 6647710, 6676627, 28917
64773, 6647730, 6676640, 28910
64774, 6647740, 6676653, 28913
64775, 6647750, 6676667, 28917
64776, 6647760, 6676680, 28920
64777, 6647770, 6676693, 28923
64778, 6647780, 6676707, 28927
64779, 6647790, 6676720, 28930
64780, 6647800, 6676734, 28934
64781, 6647810, 6676747, 28937
64782, 6647820, 6676760, 28940
64784, 6647840, 6676774, 28934
64785, 6647850, 6676787, 28937
64786, 6647860, 6676800, 28940
64787, 6647870, 6676814, 28944
64788, 6647880, 6676827, 28947
64789, 6647890, 6676840, 28950
64790, 6647900, 6676854, 28954
64791, 6647910, 6676867, 28957
64792, 6647920, 6676880, 28960
64793, 6647930, 6676894, 28964
64795, 6647950, 6676907, 28957
64796, 6647960, 6676921, 28961
64797, 6647970, 6676934, 28964
64798, 6647980, 6676947, 28967
64799, 6647990, 6676961, 28971
65202, 6652020, 6676987, 24967
65203, 6652030, 6677001, 24971
65204, 6652040, 6677014, 24974
65205, 6652050, 6677028, 24978
65206, 6652060, 6677041, 24981
65207, 6652070, 6677054, 24984
65208, 6652080, 6677068, 24988
65209, 6652090, 6677081, 24991
65210, 6652100, 6677094, 24994
65211, 6652110, 6677108, 24998
65213, 6652130, 6677121, 24991
65214, 6652140, 6677134, 24994
65215, 6652150, 6677148, 24998
65216, 6652160, 6677161, 25001
65217, 6652170, 6677174, 25004
65218, 6652180, 6677188, 25008
65219, 6652190, 6677201, 25011
65220, 6652200, 6677215, 25015
65221, 6652210, 6677228, 25018
65222, 6652220, 6677241, 25021
65224, 6652240, 6677255, 25015
65225, 6652250, 6677268, 25018
65226, 6652260, 6677281, 25021
65227, 6652270, 6677295, 25025
65228, 6652280, 6677308, 25028
65229, 6652290, 6677321, 25031
65230, 6652300, 6677335, 25035
65231, 6652310, 6677348, 25038
65232, 6652320, 6677362, 25042
65233, 6652330, 6677375, 25045
65234, 6652340, 6677388, 25048
65236, 6652360, 6677402, 25042
65237, 6652370, 6677415, 25045
65238, 6652380, 6677428, 25048
65239, 6652390, 6677442, 25052
65240, 6652400, 6677455, 25055
65241, 6652410, 6677468, 25058
65242, 6652420, 6677482, 25062
65243, 6652430, 6677495, 25065
65244, 6652440, 6677508, 25068
65245, 6652450, 6677522, 25072
65247, 6652470, 6677535, 25065
65248, 6652480, 6677549, 25069
65249, 6652490, 6677562, 25072
65251, 6652510, 6677589, 25079
65252, 6652520, 6677602, 25082
65253, 6652530, 6677615, 25085
65254, 6652540, 6677629, 25089
65255, 6652550, 6677642, 25092
65256, 6652560, 6677656, 25096
65257, 6652570, 6677669, 25099
65259, 6652590, 6677682, 25092
65260, 6652600, 6677696, 25096
65261, 6652610, 6677709, 25099
65262, 6652620, 6677722, 25102
65263, 6652630, 6677736, 25106
65264, 6652640, 6677749, 25109
65265, 6652650, 6677762, 25112
65266, 6652660, 6677776, 25116
65267, 6652670, 6677789, 25119
65268, 6652680, 6677802, 25122
65270, 6652700, 6677816, 25116
65271, 6652710, 6677829, 25119
65272, 6652720, 6677843, 25123
65273, 6652730, 6677856, 25126
65274, 6652740, 6677869, 25129
65275, 6652750, 6677883, 25133
65276, 6652760, 6677896, 25136
65277, 6652770, 6677909, 25139
65278, 6652780, 6677923, 25143
65279, 6652790, 6677936, 25146
65281, 6652810, 6677949, 25139
65282, 6652820, 6677963, 25143
65283, 6652830, 6677976, 25146
65284, 6652840, 6677990, 25150
65285, 6652850, 6678003, 25153
65286, 6652860, 6678016, 25156
65287, 6652870, 6678030, 25160
65288, 6652880, 6678043, 25163
65289, 6652890, 6678056, 25166
65290, 6652900, 6678070, 25170
65291, 6652910, 6678083, 25173
65293, 6652930, 6678096, 25166
65294, 6652940, 6678110, 25170
65295, 6652950, 6678123, 25173
65296, 6652960, 6678136, 25176
65297, 6652970, 6678150, 25180
65298, 6652980, 6678163, 25183
65299, 6652990, 6678177, 25187
65301, 6653010, 6678203, 25193
65302, 6653020, 6678217, 25197
65304, 6653040, 6678230, 25190
65305, 6653050, 6678243, 25193
65306, 6653060, 6678257, 25197
65307, 6653070, 6678270, 25200
65308, 6653080, 6678284, 25204
65309, 6653090, 6678297, 25207
65310, 6653100, 6678310, 25210
65311, 6653110, 6678324, 25214
65312, 6653120, 6678337, 25217
65313, 6653130, 6678350, 25220
65314, 6653140, 6678364, 25224
65316, 6653160, 6678377, 25217
65317, 6653170, 6678390, 25220
65318, 6653180, 6678404, 25224
65319, 6653190, 6678417, 25227
65320, 6653200, 6678430, 25230
65321, 6653210, 6682012, 28802
65322, 6653220, 6682025, 28805
65323, 6653230, 6682039, 28809
65324, 6653240, 6682052, 28812
65325, 6653250, 6682065, 28815
65327, 6653270, 6682079, 28809
65328, 6653280, 6682092, 28812
65329, 6653290, 6682106, 28816
65330, 6653300, 6682119, 28819
65331, 6653310, 6682132, 28822
65332, 6653320, 6682146, 28826
65333, 6653330, 6682159, 28829
65334, 6653340, 6682172, 28832
65335, 6653350, 6682186, 28836
65336, 6653360, 6682199, 28839
65338, 6653380, 6682212, 28832
65339, 6653390, 6682226, 28836
65340, 6653400, 6682239, 28839
65341, 6653410, 6682252, 28842
65342, 6653420, 6682266, 28846
65343, 6653430, 6682279, 28849
65344, 6653440, 6682293, 28853
65345, 6653450, 6682306, 28856
65346, 6653460, 6682319, 28859
65347, 6653470, 6682333, 28863
65348, 6653480, 6682346, 28866
65351, 6653510, 6682373, 28863
65352, 6653520, 6682386, 28866
65353, 6653530, 6682400, 28870
65354, 6653540, 6682413, 28873
65355, 6653550, 6682426, 28876
65356, 6653560, 6682440, 28880
65357, 6653570, 6682453, 28883
65358, 6653580, 6682466, 28886
65359, 6653590, 6682480, 28890
65361, 6653610, 6682493, 28883
65362, 6653620, 6682506, 28886
65363, 6653630, 6682520, 28890
65364, 6653640, 6682533, 28893
65365, 6653650, 6682546, 28896
65366, 6653660, 6682560, 28900
65367, 6653670, 6682573, 28903
65368, 6653680, 6682587, 28907
65369, 6653690, 6682600, 28910
65370, 6653700, 6682613, 28913
65371, 6653710, 6682627, 28917
65373, 6653730, 6682640, 28910
65374, 6653740, 6682653, 28913
65375, 6653750, 6682667, 28917
65376, 6653760, 6682680, 28920
65377, 6653770, 6682693, 28923
65378, 6653780, 6682707, 28927
65379, 6653790, 6682720, 28930
65380, 6653800, 6682734, 28934
65381, 6653810, 6682747, 28937
65382, 6653820, 6682760, 28940
65384, 6653840, 6682774, 28934
65385, 6653850, 6682787, 28937
65386, 6653860, 6682800, 28940
65387, 6653870, 6682814, 28944
65388, 6653880, 6682827, 28947
65389, 6653890, 6682840, 28950
65390, 6653900, 6682854, 28954
65391, 6653910, 6682867, 28957
65392, 6653920, 6682880, 28960
65393, 6653930, 6682894, 28964
65395, 6653950, 6682907, 28957
65396, 6653960, 6682921, 28961
65397, 6653970, 6682934, 28964
65398, 6653980, 6682947, 28967
65399, 6653990, 6682961, 28971
65802, 6658020, 6682987, 24967
65803, 6658030, 6683001, 24971
65804, 6658040, 6683014, 24974
65805, 6658050, 6683028, 24978
65806, 6658060, 6683041, 24981
65807, 6658070, 6683054, 24984
65808, 6658080, 6683068, 24988
65809, 6658090, 6683081, 24991
65810, 6658100, 6683094, 24994
65811, 6658110, 6683108, 24998
65813, 6658130, 6683121, 24991
65814, 6658140, 6683134, 24994
65815, 6658150, 6683148, 24998
65816, 6658160, 6683161, 25001
65817, 6658170, 6683174, 25004
65818, 6658180, 6683188, 25008
65819, 6658190, 6683201, 25011
65820, 6658200, 6683215, 25015
65821, 6658210, 6683228, 25018
65822, 6658220, 6683241, 25021
65824, 6658240, 6683255, 25015
65825, 6658250, 6683268, 25018
65826, 6658260, 6683281, 25021
65827, 6658270, 6683295, 25025
65828, 6658280, 6683308, 25028
65829, 6658290, 6683321, 25031
65830, 6658300, 6683335, 25035
65831, 6658310, 6683348, 25038
65832, 6658320, 6683362, 25042
65833, 6658330, 6683375, 25045
65834, 6658340, 6683388, 25048
65836, 6658360, 6683402, 25042
65837, 6658370, 6683415, 25045
65838, 6658380, 6683428, 25048
65839, 6658390, 6683442, 25052
65840, 6658400, 6683455, 25055
65841, 6658410, 6683468, 25058
65842, 6658420, 6683482, 25062
65843, 6658430, 6683495, 25065
65844, 6658440, 6683508, 25068
65845, 6658450, 6683522, 25072
65847, 6658470, 6683535, 25065
65848, 6658480, 6683549, 25069
65849, 6658490, 6683562, 25072
65851, 6658510, 6683589, 25079
65852, 6658520, 6683602, 25082
65853, 6658530, 6683615, 25085
65854, 6658540, 6683629, 25089
65855, 6658550, 6683642, 25092
65856, 6658560, 6683656, 25096
65857, 6658570, 6683669, 25099
65859, 6658590, 6683682, 25092
65860, 6658600, 6683696, 25096
65861, 6658610, 6683709, 25099
65862, 6658620, 6683722, 25102
65863, 6658630, 6683736, 25106
65864, 6658640, 6683749, 25109
65865, 6658650, 6683762, 25112
65866, 6658660, 6683776, 25116
65867, 6658670, 6683789, 25119
65868, 6658680, 6683802, 25122
65870, 6658700, 6683816, 25116
65871, 6658710, 6683829, 25119
65872, 6658720, 6683843, 25123
65873, 6658730, 6683856, 25126
65874, 6658740, 6683869, 25129
65875, 6658750, 6683883, 25133
65876, 6658760, 6683896, 25136
65877, 6658770, 6683909, 25139
65878, 6658780, 6683923, 25143
65879, 6658790, 6683936, 25146
65881, 6658810, 6683949, 25139
65882, 6658820, 6683963, 25143
65883, 6658830, 6683976, 25146
65884, 6658840, 6683990, 25150
65885, 6658850, 6684003, 25153
65886, 6658860, 6684016, 25156
65887, 6658870, 6684030, 25160
65888, 6658880, 6684043, 25163
65889, 6658890, 6684056, 25166
65890, 6658900, 6684070, 25170
65891, 6658910, 6684083, 25173
65893, 6658930, 6684096, 25166
65894, 6658940, 6684110, 25170
65895, 6658950, 6684123, 25173
65896, 6658960, 6684136, 25176
65897, 6658970, 6684150, 25180
65898, 6658980, 6684163, 25183
65899, 6658990, 6684177, 25187
65901, 6659010, 6684203, 25193
65902, 6659020, 6684217, 25197
65904, 6659040, 6684230, 25190
65905, 6659050, 6684243, 25193
65906, 6659060, 6684257, 25197
65907, 6659070, 6684270, 25200
65908, 6659080, 6684284, 25204
65909, 6659090, 6684297, 25207
65910, 6659100, 6684310, 25210
65911, 6659110, 6684324, 25214
65912, 6659120, 6684337, 25217
65913, 6659130, 6684350, 25220
65914, 6659140, 6684364, 25224
65916, 6659160, 6684377, 25217
65917, 6659170, 6684390, 25220
65918, 6659180, 6684404, 25224
65919, 6659190, 6684417, 25227
65920, 6659200, 6684430, 25230
65921, 6659210, 6688012, 28802
65922, 6659220, 6688025, 28805
65923, 6659230, 6688039, 28809
65924, 6659240, 6688052, 28812
65925, 6659250, 6688065, 28815
65927, 6659270, 6688079, 28809
65928, 6659280, 6688092, 28812
65929, 6659290, 6688106, 28816
65930, 6659300, 6688119, 28819
65931, 6659310, 6688132, 28822
65932, 6659320, 6688146, 28826
65933, 6659330, 6688159, 28829
65934, 6659340, 6688172, 28832
65935, 6659350, 6688186, 28836
65936, 6659360, 6688199, 28839
65938, 6659380, 6688212, 28832
65939, 6659390, 6688226, 28836
65940, 6659400, 6688239, 28839
65941, 6659410, 6688252, 28842
65942, 6659420, 6688266, 28846
65943, 6659430, 6688279, 28849
65944, 6659440, 6688293, 28853
65945, 6659450, 6688306, 28856
65946, 6659460, 6688319, 28859
65947, 6659470, 6688333, 28863
65948, 6659480, 6688346, 28866
65951, 6659510, 6688373, 28863
65952, 6659520, 6688386, 28866
65953, 6659530, 6688400, 28870
65954, 6659540, 6688413, 28873
65955, 6659550, 6688426, 28876
65956, 6659560, 6688440, 28880
65957, 6659570, 6688453, 28883
65958, 6659580, 6688466, 28886
65959, 6659590, 6688480, 28890
65961, 6659610, 6688493, 28883
65962, 6659620, 6688506, 28886
65963, 6659630, 6688520, 28890
65964, 6659640, 6688533, 28893
65965, 6659650, 6688546, 28896
65966, 6659660, 6688560, 28900
65967, 6659670, 6688573, 28903
65968, 6659680, 6688587, 28907
65969, 6659690, 6688600, 28910
65970, 6659700, 6688613, 28913
65971, 6659710, 6688627, 28917
65973, 6659730, 6688640, 28910
65974, 6659740, 6688653, 28913
65975, 6659750, 6688667, 28917
65976, 6659760, 6688680, 28920
65977, 6659770, 6688693, 28923
65978, 6659780, 6688707, 28927
65979, 6659790, 6688720, 28930
65980, 6659800, 6688734, 28934
65981, 6659810, 6688747, 28937
65982, 6659820, 6688760, 28940
65984, 6659840, 6688774, 28934
65985, 6659850, 6688787, 28937
65986, 6659860, 6688800, 28940
65987, 6659870, 6688814, 28944
65988, 6659880, 6688827, 28947
65989, 6659890, 6688840, 28950
65990, 6659900, 6688854, 28954
65991, 6659910, 6688867, 28957
65992, 6659920, 6688880, 28960
65993, 6659930, 6688894, 28964
65995, 6659950, 6688907, 28957
65996, 6659960, 6688921, 28961
65997, 6659970, 6688934, 28964
65998, 6659980, 6688947, 28967
65999, 6659990, 6688961, 28971
66402, 6664020, 6688987, 24967
66403, 6664030, 6689001, 24971
66404, 6664040, 6689014, 24974
66405, 6664050, 6689028, 24978
66406, 6664060, 6689041, 24981
66407, 6664070, 6689054, 24984
66408, 6664080, 6689068, 24988
66409, 6664090, 6689081, 24991
66410, 6664100, 6689094, 24994
66411, 6664110, 6689108, 24998
66413, 6664130, 6689121, 24991
66414, 6664140, 6689134, 24994
66415, 6664150, 6689148, 24998
66416, 6664160, 6689161, 25001
66417, 6664170, 6689174, 25004
66418, 6664180, 6689188, 25008
66419, 6664190, 6689201, 25011
66420, 6664200, 6689215, 25015
66421, 6664210, 6689228, 25018
66422, 6664220, 6689241, 25021
66424, 6664240, 6689255, 25015
66425, 6664250, 6689268, 25018
66426, 6664260, 6689281, 25021
66427, 6664270, 6689295, 25025
66428, 6664280, 6689308, 25028
66429, 6664290, 6689321, 25031
66430, 6664300, 6689335, 25035
66431, 6664310, 6689348, 25038
66432, 6664320, 6689362, 25042
66433, 6664330, 6689375, 25045
66434, 6664340, 6689388, 25048
66436, 6664360, 6689402, 25042
66437, 6664370, 6689415, 25045
66438, 6664380, 6689428, 25048
66439, 6664390, 6689442, 25052
66440, 6664400, 6689455, 25055
66441, 6664410, 6689468, 25058
66442, 6664420, 6689482, 25062
66443, 6664430, 6689495, 25065
66444, 6664440, 6689508, 25068
66445, 6664450, 6689522, 25072
66447, 6664470, 6689535, 25065
66448, 6664480, 6689549, 25069
66449, 6664490, 6689562, 25072
66451, 6664510, 6689589, 25079
66452, 6664520, 6689602, 25082
66453, 6664530, 6689615, 25085
66454, 6664540, 6689629, 25089
66455, 6664550, 6689642, 25092
66456, 6664560, 6689656, 25096
66457, 6664570, 6689669, 25099
66459, 6664590, 6689682, 25092
66460, 6664600, 6689696, 25096
66461, 6664610, 6689709, 25099
66462, 6664620, 6689722, 25102
66463, 6664630, 6689736, 25106
66464, 6664640, 6689749, 25109
66465, 6664650, 6689762, 25112
66466, 6664660, 6689776, 25116
66467, 6664670, 6689789, 25119
66468, 6664680, 6689802, 25122
66470, 6664700, 6689816, 25116
66471, 6664710, 6689829, 25119
66472, 6664720, 6689843, 25123
66473, 6664730, 6689856, 25126
66474, 6664740, 6689869, 25129
66475, 6664750, 6689883, 25133
66476, 6664760, 6689896, 25136
66477, 6664770, 6689909, 25139
66478, 6664780, 6689923, 25143
66479, 6664790, 6689936, 25146
66480, 6664800, 6689949, 25149
66482, 6664820, 6689963, 25143
66483, 6664830, 6689976, 25146
66484, 6664840, 6689990, 25150
66485, 6664850, 6690003, 25153
66486, 6664860, 6690016, 25156
66487, 6664870, 6690030, 25160
66488, 6664880, 6690043, 25163
66489, 6664890, 6690056, 25166
66490, 6664900, 6690070, 25170
66491, 6664910, 6690083, 25173
66493, 6664930, 6690096, 25166
66494, 6664940, 6690110, 25170
66495, 6664950, 6690123, 25173
66496, 6664960, 6690136, 25176
66497, 6664970, 6690150, 25180
66498, 6664980, 6690163, 25183
66499, 6664990, 6690177, 25187
66501, 6665010, 6690203, 25193
66502, 6665020, 6690217, 25197
66504, 6665040, 6690230, 25190
66505, 6665050, 6690243, 25193
66506, 6665060, 6690257, 25197
66507, 6665070, 6690270, 25200
66508, 6665080, 6690284, 25204
66509, 6665090, 6690297, 25207
66510, 6665100, 6690310, 25210
66511, 6665110, 6690324, 25214
66512, 6665120, 6690337, 25217
66513, 6665130, 6690350, 25220
66514, 6665140, 6690364, 25224
66516, 6665160, 6690377, 25217
66517, 6665170, 6690390, 25220
66518, 6665180, 6690404, 25224
66519, 6665190, 6690417, 25227
66520, 6665200, 6690430, 25230
66521, 6665210, 6694012, 28802
66522, 6665220, 6694025, 28805
66523, 6665230, 6694039, 28809
66524, 6665240, 6694052, 28812
66525, 6665250, 6694065, 28815
66527, 6665270, 6694079, 28809
66528, 6665280, 6694092, 28812
66529, 6665290, 6694106, 28816
66530, 6665300, 6694119, 28819
66531, 6665310, 6694132, 28822
66532, 6665320, 6694146, 28826
66533, 6665330, 6694159, 28829
66534, 6665340, 6694172, 28832
66535, 6665350, 6694186, 28836
66536, 6665360, 6694199, 28839
66537, 6665370, 6694212, 28842
66539, 6665390, 6694226, 28836
66540, 6665400, 6694239, 28839
66541, 6665410, 6694252, 28842
66542, 6665420, 6694266, 28846
66543, 6665430, 6694279, 28849
66544, 6665440, 6694293, 28853
66545, 6665450, 6694306, 28856
66546, 6665460, 6694319, 28859
66547, 6665470, 6694333, 28863
66548, 6665480, 6694346, 28866
66551, 6665510, 6694373, 28863
66552, 6665520, 6694386, 28866
66553, 6665530, 6694400, 28870
66554, 6665540, 6694413, 28873
66555, 6665550, 6694426, 28876
66556, 6665560, 6694440, 28880
66557, 6665570, 6694453, 28883
66558, 6665580, 6694466, 28886
66559, 6665590, 6694480, 28890
66561, 6665610, 6694493, 28883
66562, 6665620, 6694506, 28886
66563, 6665630, 6694520, 28890
66564, 6665640, 6694533, 28893
66565, 6665650, 6694546, 28896
66566, 6665660, 6694560, 28900
66567, 6665670, 6694573, 28903
66568, 6665680, 6694587, 28907
66569, 6665690, 6694600, 28910
66570, 6665700, 6694613, 28913
66571, 6665710, 6694627, 28917
66573, 6665730, 6694640, 28910
66574, 6665740, 6694653, 28913
66575, 6665750, 6694667, 28917
66576, 6665760, 6694680, 28920
66577, 6665770, 6694693, 28923
66578, 6665780, 6694707, 28927
66579, 6665790, 6694720, 28930
66580, 6665800, 6694734, 28934
66581, 6665810, 6694747, 28937
66582, 6665820, 6694760, 28940
66584, 6665840, 6694774, 28934
66585, 6665850, 6694787, 28937
66586, 6665860, 6694800, 28940
66587, 6665870, 6694814, 28944
66588, 6665880, 6694827, 28947
66589, 6665890, 6694840, 28950
66590, 6665900, 6694854, 28954
66591, 6665910, 6694867, 28957
66592, 6665920, 6694880, 28960
66593, 6665930, 6694894, 28964
66594, 6665940, 6694907, 28967
66596, 6665960, 6694921, 28961
66597, 6665970, 6694934, 28964
66598, 6665980, 6694947, 28967
66599, 6665990, 6694961, 28971
67002, 6670020, 6694987, 24967
67003, 6670030, 6695001, 24971
67004, 6670040, 6695014, 24974
67005, 6670050, 6695027, 24977
67006, 6670060, 6695041, 24981
67007, 6670070, 6695054, 24984
67008, 6670080, 6695067, 24987
67009, 6670090, 6695081, 24991
67010, 6670100, 6695094, 24994
67011, 6670110, 6695108, 24998
67013, 6670130, 6695121, 24991
67014, 6670140, 6695134, 24994
67015, 6670150, 6695148, 24998
67016, 6670160, 6695161, 25001
67017, 6670170, 6695174, 25004
67018, 6670180, 6695188, 25008
67019, 6670190, 6695201, 25011
67020, 6670200, 6695214, 25014
67021, 6670210, 6695228, 25018
67022, 6670220, 6695241, 25021
67024, 6670240, 6695254, 25014
67025, 6670250, 6695268, 25018
67026, 6670260, 6695281, 25021
67027, 6670270, 6695295, 25025
67028, 6670280, 6695308, 25028
67029, 6670290, 6695321, 25031
67030, 6670300, 6695335, 25035
67031, 6670310, 6695348, 25038
67032, 6670320, 6695361, 25041
67033, 6670330, 6695375, 25045
67034, 6670340, 6695388, 25048
67036, 6670360, 6695401, 25041
67037, 6670370, 6695415, 25045
67038, 6670380, 6695428, 25048
67039, 6670390, 6695442, 25052
67040, 6670400, 6695455, 25055
67041, 6670410, 6695468, 25058
67042, 6670420, 6695482, 25062
67043, 6670430, 6695495, 25065
67044, 6670440, 6695508, 25068
67045, 6670450, 6695522, 25072
67047, 6670470, 6695535, 25065
67048, 6670480, 6695548, 25068
67049, 6670490, 6695562, 25072
67051, 6670510, 6695589, 25079
67052, 6670520, 6695602, 25082
67053, 6670530, 6695615, 25085
67054, 6670540, 6695629, 25089
67055, 6670550, 6695642, 25092
67056, 6670560, 6695655, 25095
67057, 6670570, 6695669, 25099
67059, 6670590, 6695682, 25092
67060, 6670600, 6695695, 25095
67061, 6670610, 6695709, 25099
67062, 6670620, 6695722, 25102
67063, 6670630, 6695736, 25106
67064, 6670640, 6695749, 25109
67065, 6670650, 6695762, 25112
67066, 6670660, 6695776, 25116
67067, 6670670, 6695789, 25119
67068, 6670680, 6695802, 25122
67070, 6670700, 6695816, 25116
67071, 6670710, 6695829, 25119
67072, 6670720, 6695842, 25122
67073, 6670730, 6695856, 25126
67074, 6670740, 6695869, 25129
67075, 6670750, 6695882, 25132
67076, 6670760, 6695896, 25136
67077, 6670770, 6695909, 25139
67078, 6670780, 6695923, 25143
67079, 6670790, 6695936, 25146
67081, 6670810, 6695949, 25139
67082, 6670820, 6695963, 25143
67083, 6670830, 6695976, 25146
67084, 6670840, 6695989, 25149
67085, 6670850, 6696003, 25153
67086, 6670860, 6696016, 25156
67087, 6670870, 6696029, 25159
67088, 6670880, 6696043, 25163
67089, 6670890, 6696056, 25166
67090, 6670900, 6696070, 25170
67091, 6670910, 6696083, 25173
67093, 6670930, 6696096, 25166
67094, 6670940, 6696110, 25170
67095, 6670950, 6696123, 25173
67096, 6670960, 6696136, 25176
67097, 6670970, 6696150, 25180
67098, 6670980, 6696163, 25183
67099, 6670990, 6696176, 25186
67101, 6671010, 6696203, 25193
67102, 6671020, 6696217, 25197
67104, 6671040, 6696230, 25190
67105, 6671050, 6696243, 25193
67106, 6671060, 6696257, 25197
67107, 6671070, 6696270, 25200
67108, 6671080, 6696283, 25203
67109, 6671090, 6696297, 25207
67110, 6671100, 6696310, 25210
67111, 6671110, 6696323, 25213
67112, 6671120, 6696337, 25217
67113, 6671130, 6696350, 25220
67114, 6671140, 6696364, 25224
67116, 6671160, 6696377, 25217
67117, 6671170, 6696390, 25220
67118, 6671180, 6696404, 25224
67119, 6671190, 6696417, 25227
67120, 6671200, 6696430, 25230
67121, 6671210, 6700012, 28802
67122, 6671220, 6700025, 28805
67123, 6671230, 6700039, 28809
67124, 6671240, 6700052, 28812
67125, 6671250, 6700065, 28815
67127, 6671270, 6700079, 28809
67128, 6671280, 6700092, 28812
67129, 6671290, 6700106, 28816
67130, 6671300, 6700119, 28819
67131, 6671310, 6700132, 28822
67132, 6671320, 6700146, 28826
67133, 6671330, 6700159, 28829
67134, 6671340, 6700172, 28832
67135, 6671350, 6700186, 28836
67136, 6671360, 6700199, 28839
67138, 6671380, 6700212, 28832
67139, 6671390, 6700226, 28836
67140, 6671400, 6700239, 28839
67141, 6671410, 6700252, 28842
67142, 6671420, 6700266, 28846
67143, 6671430, 6700279, 28849
67144, 6671440, 6700293, 28853
67145, 6671450, 6700306, 28856
67146, 6671460, 6700319, 28859
67147, 6671470, 6700333, 28863
67148, 6671480, 6700346, 28866
67151, 6671510, 6700373, 28863
67152, 6671520, 6700386, 28866
67153, 6671530, 6700400, 28870
67154, 6671540, 6700413, 28873
67155, 6671550, 6700426, 28876
67156, 6671560, 6700440, 28880
67157, 6671570, 6700453, 28883
67158, 6671580, 6700466, 28886
67159, 6671590, 6700480, 28890
67161, 6671610, 6700493, 28883
67162, 6671620, 6700506, 28886
67163, 6671630, 6700520, 28890
67164, 6671640, 6700533, 28893
67165, 6671650, 6700546, 28896
67166, 6671660, 6700560, 28900
67167, 6671670, 6700573, 28903
67168, 6671680, 6700587, 28907
67169, 6671690, 6700600, 28910
67170, 6671700, 6700613, 28913
67171, 6671710, 6700627, 28917
67173, 6671730, 6700640, 28910
67174, 6671740, 6700653, 28913
67175, 6671750, 6700667, 28917
67176, 6671760, 6700680, 28920
67177, 6671770, 6700693, 28923
67178, 6671780, 6700707, 28927
67179, 6671790, 6700720, 28930
67180, 6671800, 6700734, 28934
67181, 6671810, 6700747, 28937
67182, 6671820, 6700760, 28940
67184, 6671840, 6700774, 28934
67185, 6671850, 6700787, 28937
67186, 6671860, 6700800, 28940
67187, 6671870, 6700814, 28944
67188, 6671880, 6700827, 28947
67189, 6671890, 6700840, 28950
67190, 6671900, 6700854, 28954
67191, 6671910, 6700867, 28957
67192, 6671920, 6700880, 28960
67193, 6671930, 6700894, 28964
67195, 6671950, 6700907, 28957
67196, 6671960, 6700921, 28961
67197, 6671970, 6700934, 28964
67198, 6671980, 6700947, 28967
67199, 6671990, 6700961, 28971
67602, 6676020, 6700987, 24967
67603, 6676030, 6701001, 24971
67604, 6676040, 6701014, 24974
67605, 6676050, 6701028, 24978
67606, 6676060, 6701041, 24981
67607, 6676070, 6701054, 24984
67608, 6676080, 6701068, 24988
67609, 6676090, 6701081, 24991
67610, 6676100, 6701094, 24994
67611, 6676110, 6701108, 24998
67613, 6676130, 6701121, 24991
67614, 6676140, 6701134, 24994
67615, 6676150, 6701148, 24998
67616, 6676160, 6701161, 25001
67617, 6676170, 6701174, 25004
67618, 6676180, 6701188, 25008
67619, 6676190, 6701201, 25011
67620, 6676200, 6701215, 25015
67621, 6676210, 6701228, 25018
67622, 6676220, 6701241, 25021
67624, 6676240, 6701255, 25015
67625, 6676250, 6701268, 25018
67626, 6676260, 6701281, 25021
67627, 6676270, 6701295, 25025
67628, 6676280, 6701308, 25028
67629, 6676290, 6701321, 25031
67630, 6676300, 6701335, 25035
67631, 6676310, 6701348, 25038
67632, 6676320, 6701362, 25042
67633, 6676330, 6701375, 25045
67634, 6676340, 6701388, 25048
67636, 6676360, 6701402, 25042
67637, 6676370, 6701415, 25045
67638, 6676380, 6701428, 25048
67639, 6676390, 6701442, 25052
67640, 6676400, 6701455, 25055
67641, 6676410, 6701468, 25058
67642, 6676420, 6701482, 25062
67643, 6676430, 6701495, 25065
67644, 6676440, 6701508, 25068
67645, 6676450, 6701522, 25072
67647, 6676470, 6701535, 25065
67648, 6676480, 6701549, 25069
67649, 6676490, 6701562, 25072
67651, 6676510, 6701589, 25079
67652, 6676520, 6701602, 25082
67653, 6676530, 6701615, 25085
67654, 6676540, 6701629, 25089
67655, 6676550, 6701642, 25092
67656, 6676560, 6701656, 25096
67657, 6676570, 6701669, 25099
67659, 6676590, 6701682, 25092
67660, 6676600, 6701696, 25096
67661, 6676610, 6701709, 25099
67662, 6676620, 6701722, 25102
67663, 6676630, 6701736, 25106
67664, 6676640, 6701749, 25109
67665, 6676650, 6701762, 25112
67666, 6676660, 6701776, 25116
67667, 6676670, 6701789, 25119
67668, 6676680, 6701802, 25122
67670, 6676700, 6701816, 25116
67671, 6676710, 6701829, 25119
67672, 6676720, 6701843, 25123
67673, 6676730, 6701856, 25126
67674, 6676740, 6701869, 25129
67675, 6676750, 6701883, 25133
67676, 6676760, 6701896, 25136
67677, 6676770, 6701909, 25139
67678, 6676780, 6701923, 25143
67679, 6676790, 6701936, 25146
67681, 6676810, 6701949, 25139
67682, 6676820, 6701963, 25143
67683, 6676830, 6701976, 25146
67684, 6676840, 6701990, 25150
67685, 6676850, 6702003, 25153
67686, 6676860, 6702016, 25156
67687, 6676870, 6702030, 25160
67688, 6676880, 6702043, 25163
67689, 6676890, 6702056, 25166
67690, 6676900, 6702070, 25170
67691, 6676910, 6702083, 25173
67693, 6676930, 6702096, 25166
67694, 6676940, 6702110, 25170
67695, 6676950, 6702123, 25173
67696, 6676960, 6702136, 25176
67697, 6676970, 6702150, 25180
67698, 6676980, 6702163, 25183
67699, 6676990, 6702177, 25187
67701, 6677010, 6702203, 25193
67702, 6677020, 6702217, 25197
67704, 6677040, 6702230, 25190
67705, 6677050, 6702243, 25193
67706, 6677060, 6702257, 25197
67707, 6677070, 6702270, 25200
67708, 6677080, 6702284, 25204
67709, 6677090, 6702297, 25207
67710, 6677100, 6702310, 25210
67711, 6677110, 6702324, 25214
67712, 6677120, 6702337, 25217
67713, 6677130, 6702350, 25220
67714, 6677140, 6702364, 25224
67716, 6677160, 6702377, 25217
67717, 6677170, 6702390, 25220
67718, 6677180, 6702404, 25224
67719, 6677190, 6702417, 25227
67720, 6677200, 6702430, 25230
67721, 6677210, 6706012, 28802
67722, 6677220, 6706025, 28805
67723, 6677230, 6706039, 28809
67724, 6677240, 6706052, 28812
67725, 6677250, 6706065, 28815
67727, 6677270, 6706079, 28809
67728, 6677280, 6706092, 28812
67729, 6677290, 6706106, 28816
67730, 6677300, 6706119, 28819
67731, 6677310, 6706132, 28822
67732, 6677320, 6706146, 28826
67733, 6677330, 6706159, 28829
67734, 6677340, 6706172, 28832
67735, 6677350, 6706186, 28836
67736, 6677360, 6706199, 28839
67738, 6677380, 6706212, 28832
67739, 6677390, 6706226, 28836
67740, 6677400, 6706239, 28839
67741, 6677410, 6706252, 28842
67742, 6677420, 6706266, 28846
67743, 6677430, 6706279, 28849
67744, 6677440, 6706293, 28853
67745, 6677450, 6706306, 28856
67746, 6677460, 6706319, 28859
67747, 6677470, 6706333, 28863
67748, 6677480, 6706346, 28866
67751, 6677510, 6706373, 28863
67752, 6677520, 6706386, 28866
67753, 6677530, 6706400, 28870
67754, 6677540, 6706413, 28873
67755, 6677550, 6706426, 28876
67756, 6677560, 6706440, 28880
67757, 6677570, 6706453, 28883
67758, 6677580, 6706466, 28886
67759, 6677590, 6706480, 28890
67761, 6677610, 6706493, 28883
67762, 6677620, 6706506, 28886
67763, 6677630, 6706520, 28890
67764, 6677640, 6706533, 28893
67765, 6677650, 6706546, 28896
67766, 6677660, 6706560, 28900
67767, 6677670, 6706573, 28903
67768, 6677680, 6706587, 28907
67769, 6677690, 6706600, 28910
67770, 6677700, 6706613, 28913
67771, 6677710, 6706627, 28917
67773, 6677730, 6706640, 28910
67774, 6677740, 6706653, 28913
67775, 6677750, 6706667, 28917
67776, 6677760, 6706680, 28920
67777, 6677770, 6706693, 28923
67778, 6677780, 6706707, 28927
67779, 6677790, 6706720, 28930
67780, 6677800, 6706734, 28934
67781, 6677810, 6706747, 28937
67782, 6677820, 6706760, 28940
67784, 6677840, 6706774, 28934
67785, 6677850, 6706787, 28937
67786, 6677860, 6706800, 28940
67787, 6677870, 6706814, 28944
67788, 6677880, 6706827, 28947
67789, 6677890, 6706840, 28950
67790, 6677900, 6706854, 28954
67791, 6677910, 6706867, 28957
67792, 6677920, 6706880, 28960
67793, 6677930, 6706894, 28964
67795, 6677950, 6706907, 28957
67796, 6677960, 6706921, 28961
67797, 6677970, 6706934, 28964
67798, 6677980, 6706947, 28967
67799, 6677990, 6706961, 28971
68202, 6682020, 6706987, 24967
68203, 6682030, 6707001, 24971
68204, 6682040, 6707014, 24974
68205, 6682050, 6707028, 24978
68206, 6682060, 6707041, 24981
68207, 6682070, 6707054, 24984
68208, 6682080, 6707068, 24988
68209, 6682090, 6707081, 24991
68210, 6682100, 6707094, 24994
68211, 6682110, 6707108, 24998
68213, 6682130, 6707121, 24991
68214, 6682140, 6707134, 24994
68215, 6682150, 6707148, 24998
68216, 6682160, 6707161, 25001
68217, 6682170, 6707174, 25004
68218, 6682180, 6707188, 25008
68219, 6682190, 6707201, 25011
68220, 6682200, 6707215, 25015
68221, 6682210, 6707228, 25018
68222, 6682220, 6707241, 25021
68224, 6682240, 6707255, 25015
68225, 6682250, 6707268, 25018
68226, 6682260, 6707281, 25021
68227, 6682270, 6707295, 25025
68228, 6682280, 6707308, 25028
68229, 6682290, 6707321, 25031
68230, 6682300, 6707335, 25035
68231, 6682310, 6707348, 25038
68232, 6682320, 6707362, 25042
68233, 6682330, 6707375, 25045
68234, 6682340, 6707388, 25048
68236, 6682360, 6707402, 25042
68237, 6682370, 6707415, 25045
68238, 6682380, 6707428, 25048
68239, 6682390, 6707442, 25052
68240, 6682400, 6707455, 25055
68241, 6682410, 6707468, 25058
68242, 6682420, 6707482, 25062
68243, 6682430, 6707495, 25065
68244, 6682440, 6707508, 25068
68245, 6682450, 6707522, 25072
68247, 6682470, 6707535, 25065
68248, 6682480, 6707549, 25069
68249, 6682490, 6707562, 25072
68251, 6682510, 6707589, 25079
68252, 6682520, 6707602, 25082
68253, 6682530, 6707615, 25085
68254, 6682540, 6707629, 25089
68255, 6682550, 6707642, 25092
68256, 6682560, 6707656, 25096
68257, 6682570, 6707669, 25099
68259, 6682590, 6707682, 25092
68260, 6682600, 6707696, 25096
68261, 6682610, 6707709, 25099
68262, 6682620, 6707722, 25102
68263, 6682630, 6707736, 25106
68264, 6682640, 6707749, 25109
68265, 6682650, 6707762, 25112
68266, 6682660, 6707776, 25116
68267, 6682670, 6707789, 25119
68268, 6682680, 6707802, 25122
68270, 6682700, 6707816, 25116
68271, 6682710, 6707829, 25119
68272, 6682720, 6707843, 25123
68273, 6682730, 6707856, 25126
68274, 6682740, 6707869, 25129
68275, 6682750, 6707883, 25133
68276, 6682760, 6707896, 25136
68277, 6682770, 6707909, 25139
68278, 6682780, 6707923, 25143
68279, 6682790, 6707936, 25146
68281, 6682810, 6707949, 25139
68282, 6682820, 6707963, 25143
68283, 6682830, 6707976, 25146
68284, 6682840, 6707990, 25150
68285, 6682850, 6708003, 25153
68286, 6682860, 6708016, 25156
68287, 6682870, 6708030, 25160
68288, 6682880, 6708043, 25163
68289, 6682890, 6708056, 25166
68290, 6682900, 6708070, 25170
68291, 6682910, 6708083, 25173
68293, 6682930, 6708096, 25166
68294, 6682940, 6708110, 25170
68295, 6682950, 6708123, 25173
68296, 6682960, 6708136, 25176
68297, 6682970, 6708150, 25180
68298, 6682980, 6708163, 25183
68299, 6682990, 6708177, 25187
68301, 6683010, 6708203, 25193
68302, 6683020, 6708217, 25197
68304, 6683040, 6708230, 25190
68305, 6683050, 6708243, 25193
68306, 6683060, 6708257, 25197
68307, 6683070, 6708270, 25200
68308, 6683080, 6708284, 25204
68309, 6683090, 6708297, 25207
68310, 6683100, 6708310, 25210
68311, 6683110, 6708324, 25214
68312, 6683120, 6708337, 25217
68313, 6683130, 6708350, 25220
68314, 6683140, 6708364, 25224
68316, 6683160, 6708377, 25217
68317, 6683170, 6708390, 25220
68318, 6683180, 6708404, 25224
68319, 6683190, 6708417, 25227
68320, 6683200, 6708430, 25230
68321, 6683210, 6712012, 28802
68322, 6683220, 6712025, 28805
68323, 6683230, 6712039, 28809
68324, 6683240, 6712052, 28812
68325, 6683250, 6712065, 28815
68327, 6683270, 6712079, 28809
68328, 6683280, 6712092, 28812
68329, 6683290, 6712106, 28816
68330, 6683300, 6712119, 28819
68331, 6683310, 6712132, 28822
68332, 6683320, 6712146, 28826
68333, 6683330, 6712159, 28829
68334, 6683340, 6712172, 28832
68335, 6683350, 6712186, 28836
68336, 6683360, 6712199, 28839
68338, 6683380, 6712212, 28832
68339, 6683390, 6712226, 28836
68340, 6683400, 6712239, 28839
68341, 6683410, 6712252, 28842
68342, 6683420, 6712266, 28846
68343, 6683430, 6712279, 28849
68344, 6683440, 6712293, 28853
68345, 6683450, 6712306, 28856
68346, 6683460, 6712319, 28859
68347, 6683470, 6712333, 28863
68348, 6683480, 6712346, 28866
68351, 6683510, 6712373, 28863
68352, 6683520, 6712386, 28866
68353, 6683530, 6712400, 28870
68354, 6683540, 6712413, 28873
68355, 6683550, 6712426, 28876
68356, 6683560, 6712440, 28880
68357, 6683570, 6712453, 28883
68358, 6683580, 6712466, 28886
68359, 6683590, 6712480, 28890
68361, 6683610, 6712493, 28883
68362, 6683620, 6712506, 28886
68363, 6683630, 6712520, 28890
68364, 6683640, 6712533, 28893
68365, 6683650, 6712546, 28896
68366, 6683660, 6712560, 28900
68367, 6683670, 6712573, 28903
68368, 6683680, 6712587, 28907
68369, 6683690, 6712600, 28910
68370, 6683700, 6712613, 28913
68371, 6683710, 6712627, 28917
68373, 6683730, 6712640, 28910
68374, 6683740, 6712653, 28913
68375, 6683750, 6712667, 28917
68376, 6683760, 6712680, 28920
68377, 6683770, 6712693, 28923
68378, 6683780, 6712707, 28927
68379, 6683790, 6712720, 28930
68380, 6683800, 6712734, 28934
68381, 6683810, 6712747, 28937
68382, 6683820, 6712760, 28940
68384, 6683840, 6712774, 28934
68385, 6683850, 6712787, 28937
68386, 6683860, 6712800, 28940
68387, 6683870, 6712814, 28944
68388, 6683880, 6712827, 28947
68389, 6683890, 6712840, 28950
68390, 6683900, 6712854, 28954
68391, 6683910, 6712867, 28957
68392, 6683920, 6712880, 28960
68393, 6683930, 6712894, 28964
68395, 6683950, 6712907, 28957
68396, 6683960, 6712921, 28961
68397, 6683970, 6712934, 28964
68398, 6683980, 6712947, 28967
68399, 6683990, 6712961, 28971
68802, 6688020, 6712987, 24967
68803, 6688030, 6713001, 24971
68804, 6688040, 6713014, 24974
68805, 6688050, 6713028, 24978
68806, 6688060, 6713041, 24981
68807, 6688070, 6713054, 24984
68808, 6688080, 6713068, 24988
68809, 6688090, 6713081, 24991
68810, 6688100, 6713094, 24994
68811, 6688110, 6713108, 24998
68813, 6688130, 6713121, 24991
68814, 6688140, 6713134, 24994
68815, 6688150, 6713148, 24998
68816, 6688160, 6713161, 25001
68817, 6688170, 6713174, 25004
68818, 6688180, 6713188, 25008
68819, 6688190, 6713201, 25011
68820, 6688200, 6713215, 25015
68821, 6688210, 6713228, 25018
68822, 6688220, 6713241, 25021
68824, 6688240, 6713255, 25015
68825, 6688250, 6713268, 25018
68826, 6688260, 6713281, 25021
68827, 6688270, 6713295, 25025
68828, 6688280, 6713308, 25028
68829, 6688290, 6713321, 25031
68830, 6688300, 6713335, 25035
68831, 6688310, 6713348, 25038
68832, 6688320, 6713362, 25042
68833, 6688330, 6713375, 25045
68834, 6688340, 6713388, 25048
68836, 6688360, 6713402, 25042
68837, 6688370, 6713415, 25045
68838, 6688380, 6713428, 25048
68839, 6688390, 6713442, 25052
68840, 6688400, 6713455, 25055
68841, 6688410, 6713468, 25058
68842, 6688420, 6713482, 25062
68843, 6688430, 6713495, 25065
68844, 6688440, 6713508, 25068
68845, 6688450, 6713522, 25072
68847, 6688470, 6713535, 25065
68848, 6688480, 6713549, 25069
68849, 6688490, 6713562, 25072
68851, 6688510, 6713589, 25079
68852, 6688520, 6713602, 25082
68853, 6688530, 6713615, 25085
68854, 6688540, 6713629, 25089
68855, 6688550, 6713642, 25092
68856, 6688560, 6713656, 25096
68857, 6688570, 6713669, 25099
68859, 6688590, 6713682, 25092
68860, 6688600, 6713696, 25096
68861, 6688610, 6713709, 25099
68862, 6688620, 6713722, 25102
68863, 6688630, 6713736, 25106
68864, 6688640, 6713749, 25109
68865, 6688650, 6713762, 25112
68866, 6688660, 6713776, 25116
68867, 6688670, 6713789, 25119
68868, 6688680, 6713802, 25122
68870, 6688700, 6713816, 25116
68871, 6688710, 6713829, 25119
68872, 6688720, 6713843, 25123
68873, 6688730, 6713856, 25126
68874, 6688740, 6713869, 25129
68875, 6688750, 6713883, 25133
68876, 6688760, 6713896, 25136
68877, 6688770, 6713909, 25139
68878, 6688780, 6713923, 25143
68879, 6688790, 6713936, 25146
68881, 6688810, 6713949, 25139
68882, 6688820, 6713963, 25143
68883, 6688830, 6713976, 25146
68884, 6688840, 6713990, 25150
68885, 6688850, 6714003, 25153
68886, 6688860, 6714016, 25156
68887, 6688870, 6714030, 25160
68888, 6688880, 6714043, 25163
68889, 6688890, 6714056, 25166
68890, 6688900, 6714070, 25170
68891, 6688910, 6714083, 25173
68893, 6688930, 6714096, 25166
68894, 6688940, 6714110, 25170
68895, 6688950, 6714123, 25173
68896, 6688960, 6714136, 25176
68897, 6688970, 6714150, 25180
68898, 6688980, 6714163, 25183
68899, 6688990, 6714177, 25187
68901, 6689010, 6714203, 25193
68902, 6689020, 6714217, 25197
68904, 6689040, 6714230, 25190
68905, 6689050, 6714243, 25193
68906, 6689060, 6714257, 25197
68907, 6689070, 6714270, 25200
68908, 6689080, 6714284, 25204
68909, 6689090, 6714297, 25207
68910, 6689100, 6714310, 25210
68911, 6689110, 6714324, 25214
68912, 6689120, 6714337, 25217
68913, 6689130, 6714350, 25220
68914, 6689140, 6714364, 25224
68916, 6689160, 6714377, 25217
68917, 6689170, 6714390, 25220
68918, 6689180, 6714404, 25224
68919, 6689190, 6714417, 25227
68920, 6689200, 6714430, 25230
68921, 6689210, 6718012, 28802
68922, 6689220, 6718025, 28805
68923, 6689230, 6718039, 28809
68924, 6689240, 6718052, 28812
68925, 6689250, 6718065, 28815
68927, 6689270, 6718079, 28809
68928, 6689280, 6718092, 28812
68929, 6689290, 6718106, 28816
68930, 6689300, 6718119, 28819
68931, 6689310, 6718132, 28822
68932, 6689320, 6718146, 28826
68933, 6689330, 6718159, 28829
68934, 6689340, 6718172, 28832
68935, 6689350, 6718186, 28836
68936, 6689360, 6718199, 28839
68938, 6689380, 6718212, 28832
68939, 6689390, 6718226, 28836
68940, 6689400, 6718239, 28839
68941, 6689410, 6718252, 28842
68942, 6689420, 6718266, 28846
68943, 6689430, 6718279, 28849
68944, 6689440, 6718293, 28853
68945, 6689450, 6718306, 28856
68946, 6689460, 6718319, 28859
68947, 6689470, 6718333, 28863
68948, 6689480, 6718346, 28866
68951, 6689510, 6718373, 28863
68952, 6689520, 6718386, 28866
68953, 6689530, 6718400, 28870
68954, 6689540, 6718413, 28873
68955, 6689550, 6718426, 28876
68956, 6689560, 6718440, 28880
68957, 6689570, 6718453, 28883
68958, 6689580, 6718466, 28886
68959, 6689590, 6718480, 28890
68961, 6689610, 6718493, 28883
68962, 6689620, 6718506, 28886
68963, 6689630, 6718520, 28890
68964, 6689640, 6718533, 28893
68965, 6689650, 6718546, 28896
68966, 6689660, 6718560, 28900
68967, 6689670, 6718573, 28903
68968, 6689680, 6718587, 28907
68969, 6689690, 6718600, 28910
68970, 6689700, 6718613, 28913
68971, 6689710, 6718627, 28917
68973, 6689730, 6718640, 28910
68974, 6689740, 6718653, 28913
68975, 6689750, 6718667, 28917
68976, 6689760, 6718680, 28920
68977, 6689770, 6718693, 28923
68978, 6689780, 6718707, 28927
68979, 6689790, 6718720, 28930
68980, 6689800, 6718734, 28934
68981, 6689810, 6718747, 28937
68982, 6689820, 6718760, 28940
68984, 6689840, 6718774, 28934
68985, 6689850, 6718787, 28937
68986, 6689860, 6718800, 28940
68987, 6689870, 6718814, 28944
68988, 6689880, 6718827, 28947
68989, 6689890, 6718840, 28950
68990, 6689900, 6718854, 28954
68991, 6689910, 6718867, 28957
68992, 6689920, 6718880, 28960
68993, 6689930, 6718894, 28964
68995, 6689950, 6718907, 28957
68996, 6689960, 6718921, 28961
68997, 6689970, 6718934, 28964
68998, 6689980, 6718947, 28967
68999, 6689990, 6718961, 28971
69402, 6694020, 6718987, 24967
69403, 6694030, 6719001, 24971
69404, 6694040, 6719014, 24974
69405, 6694050, 6719028, 24978
69406, 6694060, 6719041, 24981
69407, 6694070, 6719054, 24984
69408, 6694080, 6719068, 24988
69409, 6694090, 6719081, 24991
69410, 6694100, 6719094, 24994
69411, 6694110, 6719108, 24998
69413, 6694130, 6719121, 24991
69414, 6694140, 6719134, 24994
69415, 6694150, 6719148, 24998
69416, 6694160, 6719161, 25001
69417, 6694170, 6719174, 25004
69418, 6694180, 6719188, 25008
69419, 6694190, 6719201, 25011
69420, 6694200, 6719215, 25015
69421, 6694210, 6719228, 25018
69422, 6694220, 6719241, 25021
69424, 6694240, 6719255, 25015
69425, 6694250, 6719268, 25018
69426, 6694260, 6719281, 25021
69427, 6694270, 6719295, 25025
69428, 6694280, 6719308, 25028
69429, 6694290, 6719321, 25031
69430, 6694300, 6719335, 25035
69431, 6694310, 6719348, 25038
69432, 6694320, 6719362, 25042
69433, 6694330, 6719375, 25045
69434, 6694340, 6719388, 25048
69436, 6694360, 6719402, 25042
69437, 6694370, 6719415, 25045
69438, 6694380, 6719428, 25048
69439, 6694390, 6719442, 25052
69440, 6694400, 6719455, 25055
69441, 6694410, 6719468, 25058
69442, 6694420, 6719482, 25062
69443, 6694430, 6719495, 25065
69444, 6694440, 6719508, 25068
69445, 6694450, 6719522, 25072
69447, 6694470, 6719535, 25065
69448, 6694480, 6719549, 25069
69449, 6694490, 6719562, 25072
69451, 6694510, 6719589, 25079
69452, 6694520, 6719602, 25082
69453, 6694530, 6719615, 25085
69454, 6694540, 6719629, 25089
69455, 6694550, 6719642, 25092
69456, 6694560, 6719656, 25096
69457, 6694570, 6719669, 25099
69459, 6694590, 6719682, 25092
69460, 6694600, 6719696, 25096
69461, 6694610, 6719709, 25099
69462, 6694620, 6719722, 25102
69463, 6694630, 6719736, 25106
69464, 6694640, 6719749, 25109
69465, 6694650, 6719762, 25112
69466, 6694660, 6719776, 25116
69467, 6694670, 6719789, 25119
69468, 6694680, 6719802, 25122
69470, 6694700, 6719816, 25116
69471, 6694710, 6719829, 25119
69472, 6694720, 6719843, 25123
69473, 6694730, 6719856, 25126
69474, 6694740, 6719869, 25129
69475, 6694750, 6719883, 25133
69476, 6694760, 6719896, 25136
69477, 6694770, 6719909, 25139
69478, 6694780, 6719923, 25143
69479, 6694790, 6719936, 25146
69480, 6694800, 6719949, 25149
69482, 6694820, 6719963, 25143
69483, 6694830, 6719976, 25146
69484, 6694840, 6719990, 25150
69485, 6694850, 6720003, 25153
69486, 6694860, 6720016, 25156
69487, 6694870, 6720030, 25160
69488, 6694880, 6720043, 25163
69489, 6694890, 6720056, 25166
69490, 6694900, 6720070, 25170
69491, 6694910, 6720083, 25173
69493, 6694930, 6720096, 25166
69494, 6694940, 6720110, 25170
69495, 6694950, 6720123, 25173
69496, 6694960, 6720136, 25176
69497, 6694970, 6720150, 25180
69498, 6694980, 6720163, 25183
69499, 6694990, 6720177, 25187
69501, 6695010, 6720203, 25193
69502, 6695020, 6720217, 25197
69504, 6695040, 6720230, 25190
69505, 6695050, 6720243, 25193
69506, 6695060, 6720257, 25197
69507, 6695070, 6720270, 25200
69508, 6695080, 6720284, 25204
69509, 6695090, 6720297, 25207
69510, 6695100, 6720310, 25210
69511, 6695110, 6720324, 25214
69512, 6695120, 6720337, 25217
69513, 6695130, 6720350, 25220
69514, 6695140, 6720364, 25224
69516, 6695160, 6720377, 25217
69517, 6695170, 6720390, 25220
69518, 6695180, 6720404, 25224
69519, 6695190, 6720417, 25227
69520, 6695200, 6720430, 25230
69521, 6695210, 6724012, 28802
69522, 6695220, 6724025, 28805
69523, 6695230, 6724039, 28809
69524, 6695240, 6724052, 28812
69525, 6695250, 6724065, 28815
69527, 6695270, 6724079, 28809
69528, 6695280, 6724092, 28812
69529, 6695290, 6724106, 28816
69530, 6695300, 6724119, 28819
69531, 6695310, 6724132, 28822
69532, 6695320, 6724146, 28826
69533, 6695330, 6724159, 28829
69534, 6695340, 6724172, 28832
69535, 6695350, 6724186, 28836
69536, 6695360, 6724199, 28839
69537, 6695370, 6724212, 28842
69539, 6695390, 6724226, 28836
69540, 6695400, 6724239, 28839
69541, 6695410, 6724252, 28842
69542, 6695420, 6724266, 28846
69543, 6695430, 6724279, 28849
69544, 6695440, 6724293, 28853
69545, 6695450, 6724306, 28856
69546, 6695460, 6724319, 28859
69547, 6695470, 6724333, 28863
69548, 6695480, 6724346, 28866
69551, 6695510, 6724373, 28863
69552, 6695520, 6724386, 28866
69553, 6695530, 6724400, 28870
69554, 6695540, 6724413, 28873
69555, 6695550, 6724426, 28876
69556, 6695560, 6724440, 28880
69557, 6695570, 6724453, 28883
69558, 6695580, 6724466, 28886
69559, 6695590, 6724480, 28890
69561, 6695610, 6724493, 28883
69562, 6695620, 6724506, 28886
69563, 6695630, 6724520, 28890
69564, 6695640, 6724533, 28893
69565, 6695650, 6724546, 28896
69566, 6695660, 6724560, 28900
69567, 6695670, 6724573, 28903
69568, 6695680, 6724587, 28907
69569, 6695690, 6724600, 28910
69570, 6695700, 6724613, 28913
69571, 6695710, 6724627, 28917
69573, 6695730, 6724640, 28910
69574, 6695740, 6724653, 28913
69575, 6695750, 6724667, 28917
69576, 6695760, 6724680, 28920
69577, 6695770, 6724693, 28923
69578, 6695780, 6724707, 28927
69579, 6695790, 6724720, 28930
69580, 6695800, 6724734, 28934
69581, 6695810, 6724747, 28937
69582, 6695820, 6724760, 28940
69584, 6695840, 6724774, 28934
69585, 6695850, 6724787, 28937
69586, 6695860, 6724800, 28940
69587, 6695870, 6724814, 28944
69588, 6695880, 6724827, 28947
69589, 6695890, 6724840, 28950
69590, 6695900, 6724854, 28954
69591, 6695910, 6724867, 28957
69592, 6695920, 6724880, 28960
69593, 6695930, 6724894, 28964
69594, 6695940, 6724907, 28967
69596, 6695960, 6724921, 28961
69597, 6695970, 6724934, 28964
69598, 6695980, 6724947, 28967
69599, 6695990, 6724961, 28971
70002, 6700020, 6724987, 24967
70003, 6700030, 6725001, 24971
70004, 6700040, 6725014, 24974
70005, 6700050, 6725027, 24977
70006, 6700060, 6725041, 24981
70007, 6700070, 6725054, 24984
70008, 6700080, 6725067, 24987
70009, 6700090, 6725081, 24991
70010, 6700100, 6725094, 24994
70011, 6700110, 6725108, 24998
70013, 6700130, 6725121, 24991
70014, 6700140, 6725134, 24994
70015, 6700150, 6725148, 24998
70016, 6700160, 6725161, 25001
70017, 6700170, 6725174, 25004
70018, 6700180, 6725188, 25008
70019, 6700190, 6725201, 25011
70020, 6700200, 6725214, 25014
70021, 6700210, 6725228, 25018
70022, 6700220, 6725241, 25021
70024, 6700240, 6725254, 25014
70025, 6700250, 6725268, 25018
70026, 6700260, 6725281, 25021
70027, 6700270, 6725295, 25025
70028, 6700280, 6725308, 25028
70029, 6700290, 6725321, 25031
70030, 6700300, 6725335, 25035
70031, 6700310, 6725348, 25038
70032, 6700320, 6725361, 25041
70033, 6700330, 6725375, 25045
70034, 6700340, 6725388, 25048
70036, 6700360, 6725401, 25041
70037, 6700370, 6725415, 25045
70038, 6700380, 6725428, 25048
70039, 6700390, 6725442, 25052
70040, 6700400, 6725455, 25055
70041, 6700410, 6725468, 25058
70042, 6700420, 6725482, 25062
70043, 6700430, 6725495, 25065
70044, 6700440, 6725508, 25068
70045, 6700450, 6725522, 25072
70047, 6700470, 6725535, 25065
70048, 6700480, 6725548, 25068
70049, 6700490, 6725562, 25072
70051, 6700510, 6725589, 25079
70052, 6700520, 6725602, 25082
70053, 6700530, 6725615, 25085
70054, 6700540, 6725629, 25089
70055, 6700550, 6725642, 25092
70056, 6700560, 6725655, 25095
70057, 6700570, 6725669, 25099
70059, 6700590, 6725682, 25092
70060, 6700600, 6725695, 25095
70061, 6700610, 6725709, 25099
70062, 6700620, 6725722, 25102
70063, 6700630, 6725736, 25106
70064, 6700640, 6725749, 25109
70065, 6700650, 6725762, 25112
70066, 6700660, 6725776, 25116
70067, 6700670, 6725789, 25119
70068, 6700680, 6725802, 25122
70070, 6700700, 6725816, 25116
70071, 6700710, 6725829, 25119
70072, 6700720, 6725842, 25122
70073, 6700730, 6725856, 25126
70074, 6700740, 6725869, 25129
70075, 6700750, 6725882, 25132
70076, 6700760, 6725896, 25136
70077, 6700770, 6725909, 25139
70078, 6700780, 6725923, 25143
70079, 6700790, 6725936, 25146
70081, 6700810, 6725949, 25139
70082, 6700820, 6725963, 25143
70083, 6700830, 6725976, 25146
70084, 6700840, 6725989, 25149
70085, 6700850, 6726003, 25153
70086, 6700860, 6726016, 25156
70087, 6700870, 6726029, 25159
70088, 6700880, 6726043, 25163
70089, 6700890, 6726056, 25166
70090, 6700900, 6726070, 25170
70091, 6700910, 6726083, 25173
70093, 6700930, 6726096, 25166
70094, 6700940, 6726110, 25170
70095, 6700950, 6726123, 25173
70096, 6700960, 6726136, 25176
70097, 6700970, 6726150, 25180
70098, 6700980, 6726163, 25183
70099, 6700990, 6726176, 25186
70101, 6701010, 6726203, 25193
70102, 6701020, 6726217, 25197
70104, 6701040, 6726230, 25190
70105, 6701050, 6726243, 25193
70106, 6701060, 6726257, 25197
70107, 6701070, 6726270, 25200
70108, 6701080, 6726283, 25203
70109, 6701090, 6726297, 25207
70110, 6701100, 6726310, 25210
70111, 6701110, 6726323, 25213
70112, 6701120, 6726337, 25217
70113, 6701130, 6726350, 25220
70114, 6701140, 6726364, 25224
70116, 6701160, 6726377, 25217
70117, 6701170, 6726390, 25220
70118, 6701180, 6726404, 25224
70119, 6701190, 6726417, 25227
70120, 6701200, 6726430, 25230
70121, 6701210, 6730012, 28802
70122, 6701220, 6730025, 28805
70123, 6701230, 6730039, 28809
70124, 6701240, 6730052, 28812
70125, 6701250, 6730065, 28815
70127, 6701270, 6730079, 28809
70128, 6701280, 6730092, 28812
70129, 6701290, 6730106, 28816
70130, 6701300, 6730119, 28819
70131, 6701310, 6730132, 28822
70132, 6701320, 6730146, 28826
70133, 6701330, 6730159, 28829
70134, 6701340, 6730172, 28832
70135, 6701350, 6730186, 28836
70136, 6701360, 6730199, 28839
70138, 6701380, 6730212, 28832
70139, 6701390, 6730226, 28836
70140, 6701400, 6730239, 28839
70141, 6701410, 6730252, 28842
70142, 6701420, 6730266, 28846
70143, 6701430, 6730279, 28849
70144, 6701440, 6730293, 28853
70145, 6701450, 6730306, 28856
70146, 6701460, 6730319, 28859
70147, 6701470, 6730333, 28863
70148, 6701480, 6730346, 28866
70151, 6701510, 6730373, 28863
70152, 6701520, 6730386, 28866
70153, 6701530, 6730400, 28870
70154, 6701540, 6730413, 28873
70155, 6701550, 6730426, 28876
70156, 6701560, 6730440, 28880
70157, 6701570, 6730453, 28883
70158, 6701580, 6730466, 28886
70159, 6701590, 6730480, 28890
70161, 6701610, 6730493, 28883
70162, 6701620, 6730506, 28886
70163, 6701630, 6730520, 28890
70164, 6701640, 6730533, 28893
70165, 6701650, 6730546, 28896
70166, 6701660, 6730560, 28900
70167, 6701670, 6730573, 28903
70168, 6701680, 6730587, 28907
70169, 6701690, 6730600, 28910
70170, 6701700, 6730613, 28913
70171, 6701710, 6730627, 28917
70173, 6701730, 6730640, 28910
70174, 6701740, 6730653, 28913
70175, 6701750, 6730667, 28917
70176, 6701760, 6730680, 28920
70177, 6701770, 6730693, 28923
70178, 6701780, 6730707, 28927
70179, 6701790, 6730720, 28930
70180, 6701800, 6730734, 28934
70181, 6701810, 6730747, 28937
70182, 6701820, 6730760, 28940
70184, 6701840, 6730774, 28934
70185, 6701850, 6730787, 28937
70186, 6701860, 6730800, 28940
70187, 6701870, 6730814, 28944
70188, 6701880, 6730827, 28947
70189, 6701890, 6730840, 28950
70190, 6701900, 6730854, 28954
70191, 6701910, 6730867, 28957
70192, 6701920, 6730880, 28960
70193, 6701930, 6730894, 28964
70195, 6701950, 6730907, 28957
70196, 6701960, 6730921, 28961
70197, 6701970, 6730934, 28964
70198, 6701980, 6730947, 28967
70199, 6701990, 6730961, 28971
70602, 6706020, 6730987, 24967
70603, 6706030, 6731001, 24971
70604, 6706040, 6731014, 24974
70605, 6706050, 6731028, 24978
70606, 6706060, 6731041, 24981
70607, 6706070, 6731054, 24984
70608, 6706080, 6731068, 24988
70609, 6706090, 6731081, 24991
70610, 6706100, 6731094, 24994
70611, 6706110, 6731108, 24998
70613, 6706130, 6731121, 24991
70614, 6706140, 6731134, 24994
70615, 6706150, 6731148, 24998
70616, 6706160, 6731161, 25001
70617, 6706170, 6731174, 25004
70618, 6706180, 6731188, 25008
70619, 6706190, 6731201, 25011
70620, 6706200, 6731215, 25015
70621, 6706210, 6731228, 25018
70622, 6706220, 6731241, 25021
70624, 6706240, 6731255, 25015
70625, 6706250, 6731268, 25018
70626, 6706260, 6731281, 25021
70627, 6706270, 6731295, 25025
70628, 6706280, 6731308, 25028
70629, 6706290, 6731321, 25031
70630, 6706300, 6731335, 25035
70631, 6706310, 6731348, 25038
70632, 6706320, 6731362, 25042
70633, 6706330, 6731375, 25045
70634, 6706340, 6731388, 25048
70636, 6706360, 6731402, 25042
70637, 6706370, 6731415, 25045
70638, 6706380, 6731428, 25048
70639, 6706390, 6731442, 25052
70640, 6706400, 6731455, 25055
70641, 6706410, 6731468, 25058
70642, 6706420, 6731482, 25062
70643, 6706430, 6731495, 25065
70644, 6706440, 6731508, 25068
70645, 6706450, 6731522, 25072
70647, 6706470, 6731535, 25065
70648, 6706480, 6731549, 25069
70649, 6706490, 6731562, 25072
70651, 6706510, 6731589, 25079
70652, 6706520, 6731602, 25082
70653, 6706530, 6731615, 25085
70654, 6706540, 6731629, 25089
70655, 6706550, 6731642, 25092
70656, 6706560, 6731656, 25096
70657, 6706570, 6731669, 25099
70659, 6706590, 6731682, 25092
70660, 6706600, 6731696, 25096
70661, 6706610, 6731709, 25099
70662, 6706620, 6731722, 25102
70663, 6706630, 6731736, 25106
70664, 6706640, 6731749, 25109
70665, 6706650, 6731762, 25112
70666, 6706660, 6731776, 25116
70667, 6706670, 6731789, 25119
70668, 6706680, 6731802, 25122
70670, 6706700, 6731816, 25116
70671, 6706710, 6731829, 25119
70672, 6706720, 6731843, 25123
70673, 6706730, 6731856, 25126
70674, 6706740, 6731869, 25129
70675, 6706750, 6731883, 25133
70676, 6706760, 6731896, 25136
70677, 6706770, 6731909, 25139
70678, 6706780, 6731923, 25143
70679, 6706790, 6731936, 25146
70681, 6706810, 6731949, 25139
70682, 6706820, 6731963, 25143
70683, 6706830, 6731976, 25146
70684, 6706840, 6731990, 25150
70685, 6706850, 6732003, 25153
70686, 6706860, 6732016, 25156
70687, 6706870, 6732030, 25160
70688, 6706880, 6732043, 25163
70689, 6706890, 6732056, 25166
70690, 6706900, 6732070, 25170
70691, 6706910, 6732083, 25173
70693, 6706930, 6732096, 25166
70694, 6706940, 6732110, 25170
70695, 6706950, 6732123, 25173
70696, 6706960, 6732136, 25176
70697, 6706970, 6732150, 25180
70698, 6706980, 6732163, 25183
70699, 6706990, 6732177, 25187
70701, 6707010, 6732203, 25193
70702, 6707020, 6732217, 25197
70704, 6707040, 6732230, 25190
70705, 6707050, 6732243, 25193
70706, 6707060, 6732257, 25197
70707, 6707070, 6732270, 25200
70708, 6707080, 6732284, 25204
70709, 6707090, 6732297, 25207
70710, 6707100, 6732310, 25210
70711, 6707110, 6732324, 25214
70712, 6707120, 6732337, 25217
70713, 6707130, 6732350, 25220
70714, 6707140, 6732364, 25224
70716, 6707160, 6732377, 25217
70717, 6707170, 6732390, 25220
70718, 6707180, 6732404, 25224
70719, 6707190, 6732417, 25227
70720, 6707200, 6732430, 25230
70721, 6707210, 6736012, 28802
70722, 6707220, 6736025, 28805
70723, 6707230, 6736039, 28809
70724, 6707240, 6736052, 28812
70725, 6707250, 6736065, 28815
70727, 6707270, 6736079, 28809
70728, 6707280, 6736092, 28812
70729, 6707290, 6736106, 28816
70730, 6707300, 6736119, 28819
70731, 6707310, 6736132, 28822
70732, 6707320, 6736146, 28826
70733, 6707330, 6736159, 28829
70734, 6707340, 6736172, 28832
70735, 6707350, 6736186, 28836
70736, 6707360, 6736199, 28839
70738, 6707380, 6736212, 28832
70739, 6707390, 6736226, 28836
70740, 6707400, 6736239, 28839
70741, 6707410, 6736252, 28842
70742, 6707420, 6736266, 28846
70743, 6707430, 6736279, 28849
70744, 6707440, 6736293, 28853
70745, 6707450, 6736306, 28856
70746, 6707460, 6736319, 28859
70747, 6707470, 6736333, 28863
70748, 6707480, 6736346, 28866
70751, 6707510, 6736373, 28863
70752, 6707520, 6736386, 28866
70753, 6707530, 6736400, 28870
70754, 6707540, 6736413, 28873
70755, 6707550, 6736426, 28876
70756, 6707560, 6736440, 28880
70757, 6707570, 6736453, 28883
70758, 6707580, 6736466, 28886
70759, 6707590, 6736480, 28890
70761, 6707610, 6736493, 28883
70762, 6707620, 6736506, 28886
70763, 6707630, 6736520, 28890
70764, 6707640, 6736533, 28893
70765, 6707650, 6736546, 28896
70766, 6707660, 6736560, 28900
70767, 6707670, 6736573, 28903
70768, 6707680, 6736587, 28907
70769, 6707690, 6736600, 28910
70770, 6707700, 6736613, 28913
70771, 6707710, 6736627, 28917
70773, 6707730, 6736640, 28910
70774, 6707740, 6736653, 28913
70775, 6707750, 6736667, 28917
70776, 6707760, 6736680, 28920
70777, 6707770, 6736693, 28923
70778, 6707780, 6736707, 28927
70779, 6707790, 6736720, 28930
70780, 6707800, 6736734, 28934
70781, 6707810, 6736747, 28937
70782, 6707820, 6736760, 28940
70784, 6707840, 6736774, 28934
70785, 6707850, 6736787, 28937
70786, 6707860, 6736800, 28940
70787, 6707870, 6736814, 28944
70788, 6707880, 6736827, 28947
70789, 6707890, 6736840, 28950
70790, 6707900, 6736854, 28954
70791, 6707910, 6736867, 28957
70792, 6707920, 6736880, 28960
70793, 6707930, 6736894, 28964
70795, 6707950, 6736907, 28957
70796, 6707960, 6736921, 28961
70797, 6707970, 6736934, 28964
70798, 6707980, 6736947, 28967
70799, 6707990, 6736961, 28971
71202, 6712020, 6736987, 24967
71203, 6712030, 6737001, 24971
71204, 6712040, 6737014, 24974
71205, 6712050, 6737028, 24978
71206, 6712060, 6737041, 24981
71207, 6712070, 6737054, 24984
71208, 6712080, 6737068, 24988
71209, 6712090, 6737081, 24991
71210, 6712100, 6737094, 24994
71211, 6712110, 6737108, 24998
71213, 6712130, 6737121, 24991
71214, 6712140, 6737134, 24994
71215, 6712150, 6737148, 24998
71216, 6712160, 6737161, 25001
71217, 6712170, 6737174, 25004
71218, 6712180, 6737188, 25008
71219, 6712190, 6737201, 25011
71220, 6712200, 6737215, 25015
71221, 6712210, 6737228, 25018
71222, 6712220, 6737241, 25021
71224, 6712240, 6737255, 25015
71225, 6712250, 6737268, 25018
71226, 6712260, 6737281, 25021
71227, 6712270, 6737295, 25025
71228, 6712280, 6737308, 25028
71229, 6712290, 6737321, 25031
71230, 6712300, 6737335, 25035
71231, 6712310, 6737348, 25038
71232, 6712320, 6737362, 25042
71233, 6712330, 6737375, 25045
71234, 6712340, 6737388, 25048
71236, 6712360, 6737402, 25042
71237, 6712370, 6737415, 25045
71238, 6712380, 6737428, 25048
71239, 6712390, 6737442, 25052
71240, 6712400, 6737455, 25055
71241, 6712410, 6737468, 25058
71242, 6712420, 6737482, 25062
71243, 6712430, 6737495, 25065
71244, 6712440, 6737508, 25068
71245, 6712450, 6737522, 25072
71247, 6712470, 6737535, 25065
71248, 6712480, 6737549, 25069
71249, 6712490, 6737562, 25072
71251, 6712510, 6737589, 25079
71252, 6712520, 6737602, 25082
71253, 6712530, 6737615, 25085
71254, 6712540, 6737629, 25089
71255, 6712550, 6737642, 25092
71256, 6712560, 6737656, 25096
71257, 6712570, 6737669, 25099
71259, 6712590, 6737682, 25092
71260, 6712600, 6737696, 25096
71261, 6712610, 6737709, 25099
71262, 6712620, 6737722, 25102
71263, 6712630, 6737736, 25106
71264, 6712640, 6737749, 25109
71265, 6712650, 6737762, 25112
71266, 6712660, 6737776, 25116
71267, 6712670, 6737789, 25119
71268, 6712680, 6737802, 25122
71270, 6712700, 6737816, 25116
71271, 6712710, 6737829, 25119
71272, 6712720, 6737843, 25123
71273, 6712730, 6737856, 25126
71274, 6712740, 6737869, 25129
71275, 6712750, 6737883, 25133
71276, 6712760, 6737896, 25136
71277, 6712770, 6737909, 25139
71278, 6712780, 6737923, 25143
71279, 6712790, 6737936, 25146
71281, 6712810, 6737949, 25139
71282, 6712820, 6737963, 25143
71283, 6712830, 6737976, 25146
71284, 6712840, 6737990, 25150
71285, 6712850, 6738003, 25153
71286, 6712860, 6738016, 25156
71287, 6712870, 6738030, 25160
71288, 6712880, 6738043, 25163
71289, 6712890, 6738056, 25166
71290, 6712900, 6738070, 25170
71291, 6712910, 6738083, 25173
71293, 6712930, 6738096, 25166
71294, 6712940, 6738110, 25170
71295, 6712950, 6738123, 25173
71296, 6712960, 6738136, 25176
71297, 6712970, 6738150, 25180
71298, 6712980, 6738163, 25183
71299, 6712990, 6738177, 25187
71301, 6713010, 6738203, 25193
71302, 6713020, 6738217, 25197
71304, 6713040, 6738230, 25190
71305, 6713050, 6738243, 25193
71306, 6713060, 6738257, 25197
71307, 6713070, 6738270, 25200
71308, 6713080, 6738284, 25204
71309, 6713090, 6738297, 25207
71310, 6713100, 6738310, 25210
71311, 6713110, 6738324, 25214
71312, 6713120, 6738337, 25217
71313, 6713130, 6738350, 25220
71314, 6713140, 6738364, 25224
71316, 6713160, 6738377, 25217
71317, 6713170, 6738390, 25220
71318, 6713180, 6738404, 25224
71319, 6713190, 6738417, 25227
71320, 6713200, 6738430, 25230
71321, 6713210, 6742012, 28802
71322, 6713220, 6742025, 28805
71323, 6713230, 6742039, 28809
71324, 6713240, 6742052, 28812
71325, 6713250, 6742065, 28815
71327, 6713270, 6742079, 28809
71328, 6713280, 6742092, 28812
71329, 6713290, 6742106, 28816
71330, 6713300, 6742119, 28819
71331, 6713310, 6742132, 28822
71332, 6713320, 6742146, 28826
71333, 6713330, 6742159, 28829
71334, 6713340, 6742172, 28832
71335, 6713350, 6742186, 28836
71336, 6713360, 6742199, 28839
71338, 6713380, 6742212, 28832
71339, 6713390, 6742226, 28836
71340, 6713400, 6742239, 28839
71341, 6713410, 6742252, 28842
71342, 6713420, 6742266, 28846
71343, 6713430, 6742279, 28849
71344, 6713440, 6742293, 28853
71345, 6713450, 6742306, 28856
71346, 6713460, 6742319, 28859
71347, 6713470, 6742333, 28863
71348, 6713480, 6742346, 28866
71351, 6713510, 6742373, 28863
71352, 6713520, 6742386, 28866
71353, 6713530, 6742400, 28870
71354, 6713540, 6742413, 28873
71355, 6713550, 6742426, 28876
71356, 6713560, 6742440, 28880
71357, 6713570, 6742453, 28883
71358, 6713580, 6742466, 28886
71359, 6713590, 6742480, 28890
71361, 6713610, 6742493, 28883
71362, 6713620, 6742506, 28886
71363, 6713630, 6742520, 28890
71364, 6713640, 6742533, 28893
71365, 6713650, 6742546, 28896
71366, 6713660, 6742560, 28900
71367, 6713670, 6742573, 28903
71368, 6713680, 6742587, 28907
71369, 6713690, 6742600, 28910
71370, 6713700, 6742613, 28913
71371, 6713710, 6742627, 28917
71373, 6713730, 6742640, 28910
71374, 6713740, 6742653, 28913
71375, 6713750, 6742667, 28917
71376, 6713760, 6742680, 28920
71377, 6713770, 6742693, 28923
71378, 6713780, 6742707, 28927
71379, 6713790, 6742720, 28930
71380, 6713800, 6742734, 28934
71381, 6713810, 6742747, 28937
71382, 6713820, 6742760, 28940
71384, 6713840, 6742774, 28934
71385, 6713850, 6742787, 28937
71386, 6713860, 6742800, 28940
71387, 6713870, 6742814, 28944
71388, 6713880, 6742827, 28947
71389, 6713890, 6742840, 28950
71390, 6713900, 6742854, 28954
71391, 6713910, 6742867, 28957
71392, 6713920, 6742880, 28960
71393, 6713930, 6742894, 28964
71395, 6713950, 6742907, 28957
71396, 6713960, 6742921, 28961
71397, 6713970, 6742934, 28964
71398, 6713980, 6742947, 28967
71399, 6713990, 6742961, 28971
71802, 6718020, 6742987, 24967
71803, 6718030, 6743001, 24971
71804, 6718040, 6743014, 24974
71805, 6718050, 6743028, 24978
71806, 6718060, 6743041, 24981
71807, 6718070, 6743054, 24984
71808, 6718080, 6743068, 24988
71809, 6718090, 6743081, 24991
71810, 6718100, 6743094, 24994
71811, 6718110, 6743108, 24998
71813, 6718130, 6743121, 24991
71814, 6718140, 6743134, 24994
71815, 6718150, 6743148, 24998
71816, 6718160, 6743161, 25001
71817, 6718170, 6743174, 25004
71818, 6718180, 6743188, 25008
71819, 6718190, 6743201, 25011
71820, 6718200, 6743215, 25015
71821, 6718210, 6743228, 25018
71822, 6718220, 6743241, 25021
71824, 6718240, 6743255, 25015
71825, 6718250, 6743268, 25018
71826, 6718260, 6743281, 25021
71827, 6718270, 6743295, 25025
71828, 6718280, 6743308, 25028
71829, 6718290, 6743321, 25031
71830, 6718300, 6743335, 25035
71831, 6718310, 6743348, 25038
71832, 6718320, 6743362, 25042
71833, 6718330, 6743375, 25045
71834, 6718340, 6743388, 25048
71836, 6718360, 6743402, 25042
71837, 6718370, 6743415, 25045
71838, 6718380, 6743428, 25048
71839, 6718390, 6743442, 25052
71840, 6718400, 6743455, 25055
71841, 6718410, 6743468, 25058
71842, 6718420, 6743482, 25062
71843, 6718430, 6743495, 25065
71844, 6718440, 6743508, 25068
71845, 6718450, 6743522, 25072
71847, 6718470, 6743535, 25065
71848, 6718480, 6743549, 25069
71849, 6718490, 6743562, 25072
71851, 6718510, 6743589, 25079
71852, 6718520, 6743602, 25082
71853, 6718530, 6743615, 25085
71854, 6718540, 6743629, 25089
71855, 6718550, 6743642, 25092
71856, 6718560, 6743656, 25096
71857, 6718570, 6743669, 25099
71859, 6718590, 6743682, 25092
71860, 6718600, 6743696, 25096
71861, 6718610, 6743709, 25099
71862, 6718620, 6743722, 25102
71863, 6718630, 6743736, 25106
71864, 6718640, 6743749, 25109
71865, 6718650, 6743762, 25112
71866, 6718660, 6743776, 25116
71867, 6718670, 6743789, 25119
71868, 6718680, 6743802, 25122
71870, 6718700, 6743816, 25116
71871, 6718710, 6743829, 25119
71872, 6718720, 6743843, 25123
71873, 6718730, 6743856, 25126
71874, 6718740, 6743869, 25129
71875, 6718750, 6743883, 25133
71876, 6718760, 6743896, 25136
71877, 6718770, 6743909, 25139
71878, 6718780, 6743923, 25143
71879, 6718790, 6743936, 25146
71881, 6718810, 6743949, 25139
71882, 6718820, 6743963, 25143
71883, 6718830, 6743976, 25146
71884, 6718840, 6743990, 25150
71885, 6718850, 6744003, 25153
71886, 6718860, 6744016, 25156
71887, 6718870, 6744030, 25160
71888, 6718880, 6744043, 25163
71889, 6718890, 6744056, 25166
71890, 6718900, 6744070, 25170
71891, 6718910, 6744083, 25173
71893, 6718930, 6744096, 25166
71894, 6718940, 6744110, 25170
71895, 6718950, 6744123, 25173
71896, 6718960, 6744136, 25176
71897, 6718970, 6744150, 25180
71898, 6718980, 6744163, 25183
71899, 6718990, 6744177, 25187
71901, 6719010, 6744203, 25193
71902, 6719020, 6744217, 25197
71904, 6719040, 6744230, 25190
71905, 6719050, 6744243, 25193
71906, 6719060, 6744257, 25197
71907, 6719070, 6744270, 25200
71908, 6719080, 6744284, 25204
71909, 6719090, 6744297, 25207
71910, 6719100, 6744310, 25210
71911, 6719110, 6744324, 25214
71912, 6719120, 6744337, 25217
71913, 6719130, 6744350, 25220
71914, 6719140, 6744364, 25224
71916, 6719160, 6744377, 25217
71917, 6719170, 6744390, 25220
71918, 6719180, 6744404, 25224
71919, 6719190, 6744417, 25227
71920, 6719200, 6744430, 25230
71921, 6719210, 6748012, 28802
71922, 6719220, 6748025, 28805
71923, 6719230, 6748039, 28809
71924, 6719240, 6748052, 28812
71925, 6719250, 6748065, 28815
71927, 6719270, 6748079, 28809
71928, 6719280, 6748092, 28812
71929, 6719290, 6748106, 28816
71930, 6719300, 6748119, 28819
71931, 6719310, 6748132, 28822
71932, 6719320, 6748146, 28826
71933, 6719330, 6748159, 28829
71934, 6719340, 6748172, 28832
71935, 6719350, 6748186, 28836
71936, 6719360, 6748199, 28839
71938, 6719380, 6748212, 28832
71939, 6719390, 6748226, 28836
71940, 6719400, 6748239, 28839
71941, 6719410, 6748252, 28842
71942, 6719420, 6748266, 28846
71943, 6719430, 6748279, 28849
71944, 6719440, 6748293, 28853
71945, 6719450, 6748306, 28856
71946, 6719460, 6748319, 28859
71947, 6719470, 6748333, 28863
71948, 6719480, 6748346, 28866
71951, 6719510, 6748373, 28863
71952, 6719520, 6748386, 28866
71953, 6719530, 6748400, 28870
71954, 6719540, 6748413, 28873
71955, 6719550, 6748426, 28876
71956, 6719560, 6748440, 28880
71957, 6719570, 6748453, 28883
71958, 6719580, 6748466, 28886
71959, 6719590, 6748480, 28890
71961, 6719610, 6748493, 28883
71962, 6719620, 6748506, 28886
71963, 6719630, 6748520, 28890
71964, 6719640, 6748533, 28893
71965, 6719650, 6748546, 28896
71966, 6719660, 6748560, 28900
71967, 6719670, 6748573, 28903
71968, 6719680, 6748587, 28907
71969, 6719690, 6748600, 28910
71970, 6719700, 6748613, 28913
71971, 6719710, 6748627, 28917
71973, 6719730, 6748640, 28910
71974, 6719740, 6748653, 28913
71975, 6719750, 6748667, 28917
71976, 6719760, 6748680, 28920
71977, 6719770, 6748693, 28923
71978, 6719780, 6748707, 28927
71979, 6719790, 6748720, 28930
71980, 6719800, 6748734, 28934
71981, 6719810, 6748747, 28937
71982, 6719820, 6748760, 28940
71984, 6719840, 6748774, 28934
71985, 6719850, 6748787, 28937
71986, 6719860, 6748800, 28940
71987, 6719870, 6748814, 28944
71988, 6719880, 6748827, 28947
71989, 6719890, 6748840, 28950
71990, 6719900, 6748854, 28954
71991, 6719910, 6748867, 28957
71992, 6719920, 6748880, 28960
71993, 6719930, 6748894, 28964
71995, 6719950, 6748907, 28957
71996, 6719960, 6748921, 28961
71997, 6719970, 6748934, 28964
71998, 6719980, 6748947, 28967
71999, 6719990, 6748961, 28971
72402, 6724020, 6748987, 24967
72403, 6724030, 6749001, 24971
72404, 6724040, 6749014, 24974
72405, 6724050, 6749028, 24978
72406, 6724060, 6749041, 24981
72407, 6724070, 6749054, 24984
72408, 6724080, 6749068, 24988
72409, 6724090, 6749081, 24991
72410, 6724100, 6749094, 24994
72411, 6724110, 6749108, 24998
72413, 6724130, 6749121, 24991
72414, 6724140, 6749134, 24994
72415, 6724150, 6749148, 24998
72416, 6724160, 6749161, 25001
72417, 6724170, 6749174, 25004
72418, 6724180, 6749188, 25008
72419, 6724190, 6749201, 25011
72420, 6724200, 6749215, 25015
72421, 6724210, 6749228, 25018
72422, 6724220, 6749241, 25021
72424, 6724240, 6749255, 25015
72425, 6724250, 6749268, 25018
72426, 6724260, 6749281, 25021
72427, 6724270, 6749295, 25025
72428, 6724280, 6749308, 25028
72429, 6724290, 6749321, 25031
72430, 6724300, 6749335, 25035
72431, 6724310, 6749348, 25038
72432, 6724320, 6749362, 25042
72433, 6724330, 6749375, 25045
72434, 6724340, 6749388, 25048
72436, 6724360, 6749402, 25042
72437, 6724370, 6749415, 25045
72438, 6724380, 6749428, 25048
72439, 6724390, 6749442, 25052
72440, 6724400, 6749455, 25055
72441, 6724410, 6749468, 25058
72442, 6724420, 6749482, 25062
72443, 6724430, 6749495, 25065
72444, 6724440, 6749508, 25068
72445, 6724450, 6749522, 25072
72447, 6724470, 6749535, 25065
72448, 6724480, 6749549, 25069
72449, 6724490, 6749562, 25072
72451, 6724510, 6749589, 25079
72452, 6724520, 6749602, 25082
72453, 6724530, 6749615, 25085
72454, 6724540, 6749629, 25089
72455, 6724550, 6749642, 25092
72456, 6724560, 6749656, 25096
72457, 6724570, 6749669, 25099
72459, 6724590, 6749682, 25092
72460, 6724600, 6749696, 25096
72461, 6724610, 6749709, 25099
72462, 6724620, 6749722, 25102
72463, 6724630, 6749736, 25106
72464, 6724640, 6749749, 25109
72465, 6724650, 6749762, 25112
72466, 6724660, 6749776, 25116
72467, 6724670, 6749789, 25119
72468, 6724680, 6749802, 25122
72470, 6724700, 6749816, 25116
72471, 6724710, 6749829, 25119
72472, 6724720, 6749843, 25123
72473, 6724730, 6749856, 25126
72474, 6724740, 6749869, 25129
72475, 6724750, 6749883, 25133
72476, 6724760, 6749896, 25136
72477, 6724770, 6749909, 25139
72478, 6724780, 6749923, 25143
72479, 6724790, 6749936, 25146
72480, 6724800, 6749949, 25149
72482, 6724820, 6749963, 25143
72483, 6724830, 6749976, 25146
72484, 6724840, 6749990, 25150
72485, 6724850, 6750003, 25153
72486, 6724860, 6750016, 25156
72487, 6724870, 6750030, 25160
72488, 6724880, 6750043, 25163
72489, 6724890, 6750056, 25166
72490, 6724900, 6750070, 25170
72491, 6724910, 6750083, 25173
72493, 6724930, 6750096, 25166
72494, 6724940, 6750110, 25170
72495, 6724950, 6750123, 25173
72496, 6724960, 6750136, 25176
72497, 6724970, 6750150, 25180
72498, 6724980, 6750163, 25183
72499, 6724990, 6750177, 25187
72501, 6725010, 6750203, 25193
72502, 6725020, 6750217, 25197
72504, 6725040, 6750230, 25190
72505, 6725050, 6750243, 25193
72506, 6725060, 6750257, 25197
72507, 6725070, 6750270, 25200
72508, 6725080, 6750284, 25204
72509, 6725090, 6750297, 25207
72510, 6725100, 6750310, 25210
72511, 6725110, 6750324, 25214
72512, 6725120, 6750337, 25217
72513, 6725130, 6750350, 25220
72514, 6725140, 6750364, 25224
72516, 6725160, 6750377, 25217
72517, 6725170, 6750390, 25220
72518, 6725180, 6750404, 25224
72519, 6725190, 6750417, 25227
72520, 6725200, 6750430, 25230
72521, 6725210, 6754012, 28802
72522, 6725220, 6754025, 28805
72523, 6725230, 6754039, 28809
72524, 6725240, 6754052, 28812
72525, 6725250, 6754065, 28815
72527, 6725270, 6754079, 28809
72528, 6725280, 6754092, 28812
72529, 6725290, 6754106, 28816
72530, 6725300, 6754119, 28819
72531, 6725310, 6754132, 28822
72532, 6725320, 6754146, 28826
72533, 6725330, 6754159, 28829
72534, 6725340, 6754172, 28832
72535, 6725350, 6754186, 28836
72536, 6725360, 6754199, 28839
72537, 6725370, 6754212, 28842
72539, 6725390, 6754226, 28836
72540, 6725400, 6754239, 28839
72541, 6725410, 6754252, 28842
72542, 6725420, 6754266, 28846
72543, 6725430, 6754279, 28849
72544, 6725440, 6754293, 28853
72545, 6725450, 6754306, 28856
72546, 6725460, 6754319, 28859
72547, 6725470, 6754333, 28863
72548, 6725480, 6754346, 28866
72551, 6725510, 6754373, 28863
72552, 6725520, 6754386, 28866
72553, 6725530, 6754400, 28870
72554, 6725540, 6754413, 28873
72555, 6725550, 6754426, 28876
72556, 6725560, 6754440, 28880
72557, 6725570, 6754453, 28883
72558, 6725580, 6754466, 28886
72559, 6725590, 6754480, 28890
72561, 6725610, 6754493, 28883
72562, 6725620, 6754506, 28886
72563, 6725630, 6754520, 28890
72564, 6725640, 6754533, 28893
72565, 6725650, 6754546, 28896
72566, 6725660, 6754560, 28900
72567, 6725670, 6754573, 28903
72568, 6725680, 6754587, 28907
72569, 6725690, 6754600, 28910
72570, 6725700, 6754613, 28913
72571, 6725710, 6754627, 28917
72573, 6725730, 6754640, 28910
72574, 6725740, 6754653, 28913
72575, 6725750, 6754667, 28917
72576, 6725760, 6754680, 28920
72577, 6725770, 6754693, 28923
72578, 6725780, 6754707, 28927
72579, 6725790, 6754720, 28930
72580, 6725800, 6754734, 28934
72581, 6725810, 6754747, 28937
72582, 6725820, 6754760, 28940
72584, 6725840, 6754774, 28934
72585, 6725850, 6754787, 28937
72586, 6725860, 6754800, 28940
72587, 6725870, 6754814, 28944
72588, 6725880, 6754827, 28947
72589, 6725890, 6754840, 28950
72590, 6725900, 6754854, 28954
72591, 6725910, 6754867, 28957
72592, 6725920, 6754880, 28960
72593, 6725930, 6754894, 28964
72594, 6725940, 6754907, 28967
72596, 6725960, 6754921, 28961
72597, 6725970, 6754934, 28964
72598, 6725980, 6754947, 28967
72599, 6725990, 6754961, 28971
73002, 6730020, 6754987, 24967
73003, 6730030, 6755001, 24971
73004, 6730040, 6755014, 24974
73005, 6730050, 6755027, 24977
73006, 6730060, 6755041, 24981
73007, 6730070, 6755054, 24984
73008, 6730080, 6755067, 24987
73009, 6730090, 6755081, 24991
73010, 6730100, 6755094, 24994
73011, 6730110, 6755108, 24998
73013, 6730130, 6755121, 24991
73014, 6730140, 6755134, 24994
73015, 6730150, 6755148, 24998
73016, 6730160, 6755161, 25001
73017, 6730170, 6755174, 25004
73018, 6730180, 6755188, 25008
73019, 6730190, 6755201, 25011
73020, 6730200, 6755214, 25014
73021, 6730210, 6755228, 25018
73022, 6730220, 6755241, 25021
73024, 6730240, 6755254, 25014
73025, 6730250, 6755268, 25018
73026, 6730260, 6755281, 25021
73027, 6730270, 6755295, 25025
73028, 6730280, 6755308, 25028
73029, 6730290, 6755321, 25031
73030, 6730300, 6755335, 25035
73031, 6730310, 6755348, 25038
73032, 6730320, 6755361, 25041
73033, 6730330, 6755375, 25045
73034, 6730340, 6755388, 25048
73036, 6730360, 6755401, 25041
73037, 6730370, 6755415, 25045
73038, 6730380, 6755428, 25048
73039, 6730390, 6755442, 25052
73040, 6730400, 6755455, 25055
73041, 6730410, 6755468, 25058
73042, 6730420, 6755482, 25062
73043, 6730430, 6755495, 25065
73044, 6730440, 6755508, 25068
73045, 6730450, 6755522, 25072
73047, 6730470, 6755535, 25065
73048, 6730480, 6755548, 25068
73049, 6730490, 6755562, 25072
73051, 6730510, 6755589, 25079
73052, 6730520, 6755602, 25082
73053, 6730530, 6755615, 25085
73054, 6730540, 6755629, 25089
73055, 6730550, 6755642, 25092
73056, 6730560, 6755655, 25095
73057, 6730570, 6755669, 25099
73059, 6730590, 6755682, 25092
73060, 6730600, 6755695, 25095
73061, 6730610, 6755709, 25099
73062, 6730620, 6755722, 25102
73063, 6730630, 6755736, 25106
73064, 6730640, 6755749, 25109
73065, 6730650, 6755762, 25112
73066, 6730660, 6755776, 25116
73067, 6730670, 6755789, 25119
73068, 6730680, 6755802, 25122
73070, 6730700, 6755816, 25116
73071, 6730710, 6755829, 25119
73072, 6730720, 6755842, 25122
73073, 6730730, 6755856, 25126
73074, 6730740, 6755869, 25129
73075, 6730750, 6755882, 25132
73076, 6730760, 6755896, 25136
73077, 6730770, 6755909, 25139
73078, 6730780, 6755923, 25143
73079, 6730790, 6755936, 25146
73081, 6730810, 6755949, 25139
73082, 6730820, 6755963, 25143
73083, 6730830, 6755976, 25146
73084, 6730840, 6755989, 25149
73085, 6730850, 6756003, 25153
73086, 6730860, 6756016, 25156
73087, 6730870, 6756029, 25159
73088, 6730880, 6756043, 25163
73089, 6730890, 6756056, 25166
73090, 6730900, 6756070, 25170
73091, 6730910, 6756083, 25173
73093, 6730930, 6756096, 25166
73094, 6730940, 6756110, 25170
73095, 6730950, 6756123, 25173
73096, 6730960, 6756136, 25176
73097, 6730970, 6756150, 25180
73098, 6730980, 6756163, 25183
73099, 6730990, 6756176, 25186
73101, 6731010, 6756203, 25193
73102, 6731020, 6756217, 25197
73104, 6731040, 6756230, 25190
73105, 6731050, 6756243, 25193
73106, 6731060, 6756257, 25197
73107, 6731070, 6756270, 25200
73108, 6731080, 6756283, 25203
73109, 6731090, 6756297, 25207
73110, 6731100, 6756310, 25210
73111, 6731110, 6756323, 25213
73112, 6731120, 6756337, 25217
73113, 6731130, 6756350, 25220
73114, 6731140, 6756364, 25224
73116, 6731160, 6756377, 25217
73117, 6731170, 6756390, 25220
73118, 6731180, 6756404, 25224
73119, 6731190, 6756417, 25227
73120, 6731200, 6756430, 25230
73121, 6731210, 6760012, 28802
73122, 6731220, 6760025, 28805
73123, 6731230, 6760039, 28809
73124, 6731240, 6760052, 28812
73125, 6731250, 6760065, 28815
73127, 6731270, 6760079, 28809
73128, 6731280, 6760092, 28812
73129, 6731290, 6760106, 28816
73130, 6731300, 6760119, 28819
73131, 6731310, 6760132, 28822
73132, 6731320, 6760146, 28826
73133, 6731330, 6760159, 28829
73134, 6731340, 6760172, 28832
73135, 6731350, 6760186, 28836
73136, 6731360, 6760199, 28839
73138, 6731380, 6760212, 28832
73139, 6731390, 6760226, 28836
73140, 6731400, 6760239, 28839
73141, 6731410, 6760252, 28842
73142, 6731420, 6760266, 28846
73143, 6731430, 6760279, 28849
73144, 6731440, 6760293, 28853
73145, 6731450, 6760306, 28856
73146, 6731460, 6760319, 28859
73147, 6731470, 6760333, 28863
73148, 6731480, 6760346, 28866
73151, 6731510, 6760373, 28863
73152, 6731520, 6760386, 28866
73153, 6731530, 6760400, 28870
73154, 6731540, 6760413, 28873
73155, 6731550, 6760426, 28876
73156, 6731560, 6760440, 28880
73157, 6731570, 6760453, 28883
73158, 6731580, 6760466, 28886
73159, 6731590, 6760480, 28890
73161, 6731610, 6760493, 28883
73162, 6731620, 6760506, 28886
73163, 6731630, 6760520, 28890
73164, 6731640, 6760533, 28893
73165, 6731650, 6760546, 28896
73166, 6731660, 6760560, 28900
73167, 6731670, 6760573, 28903
73168, 6731680, 6760587, 28907
73169, 6731690, 6760600, 28910
73170, 6731700, 6760613, 28913
73171, 6731710, 6760627, 28917
73173, 6731730, 6760640, 28910
73174, 6731740, 6760653, 28913
73175, 6731750, 6760667, 28917
73176, 6731760, 6760680, 28920
73177, 6731770, 6760693, 28923
73178, 6731780, 6760707, 28927
73179, 6731790, 6760720, 28930
73180, 6731800, 6760734, 28934
73181, 6731810, 6760747, 28937
73182, 6731820, 6760760, 28940
73184, 6731840, 6760774, 28934
73185, 6731850, 6760787, 28937
73186, 6731860, 6760800, 28940
73187, 6731870, 6760814, 28944
73188, 6731880, 6760827, 28947
73189, 6731890, 6760840, 28950
73190, 6731900, 6760854, 28954
73191, 6731910, 6760867, 28957
73192, 6731920, 6760880, 28960
73193, 6731930, 6760894, 28964
73195, 6731950, 6760907, 28957
73196, 6731960, 6760921, 28961
73197, 6731970, 6760934, 28964
73198, 6731980, 6760947, 28967
73199, 6731990, 6760961, 28971
73602, 6736020, 6760987, 24967
73603, 6736030, 6761001, 24971
73604, 6736040, 6761014, 24974
73605, 6736050, 6761028, 24978
73606, 6736060, 6761041, 24981
73607, 6736070, 6761054, 24984
73608, 6736080, 6761068, 24988
73609, 6736090, 6761081, 24991
73610, 6736100, 6761094, 24994
73611, 6736110, 6761108, 24998
73613, 6736130, 6761121, 24991
73614, 6736140, 6761134, 24994
73615, 6736150, 6761148, 24998
73616, 6736160, 6761161, 25001
73617, 6736170, 6761174, 25004
73618, 6736180, 6761188, 25008
73619, 6736190, 6761201, 25011
73620, 6736200, 6761215, 25015
73621, 6736210, 6761228, 25018
73622, 6736220, 6761241, 25021
73624, 6736240, 6761255, 25015
73625, 6736250, 6761268, 25018
73626, 6736260, 6761281, 25021
73627, 6736270, 6761295, 25025
73628, 6736280, 6761308, 25028
73629, 6736290, 6761321, 25031
73630, 6736300, 6761335, 25035
73631, 6736310, 6761348, 25038
73632, 6736320, 6761362, 25042
73633, 6736330, 6761375, 25045
73634, 6736340, 6761388, 25048
73636, 6736360, 6761402, 25042
73637, 6736370, 6761415, 25045
73638, 6736380, 6761428, 25048
73639, 6736390, 6761442, 25052
73640, 6736400, 6761455, 25055
73641, 6736410, 6761468, 25058
73642, 6736420, 6761482, 25062
73643, 6736430, 6761495, 25065
73644, 6736440, 6761508, 25068
73645, 6736450, 6761522, 25072
73647, 6736470, 6761535, 25065
73648, 6736480, 6761549, 25069
73649, 6736490, 6761562, 25072
73651, 6736510, 6761589, 25079
73652, 6736520, 6761602, 25082
73653, 6736530, 6761615, 25085
73654, 6736540, 6761629, 25089
73655, 6736550, 6761642, 25092
73656, 6736560, 6761656, 25096
73657, 6736570, 6761669, 25099
73659, 6736590, 6761682, 25092
73660, 6736600, 6761696, 25096
73661, 6736610, 6761709, 25099
73662, 6736620, 6761722, 25102
73663, 6736630, 6761736, 25106
73664, 6736640, 6761749, 25109
73665, 6736650, 6761762, 25112
73666, 6736660, 6761776, 25116
73667, 6736670, 6761789, 25119
73668, 6736680, 6761802, 25122
73670, 6736700, 6761816, 25116
73671, 6736710, 6761829, 25119
73672, 6736720, 6761843, 25123
73673, 6736730, 6761856, 25126
73674, 6736740, 6761869, 25129
73675, 6736750, 6761883, 25133
73676, 6736760, 6761896, 25136
73677, 6736770, 6761909, 25139
73678, 6736780, 6761923, 25143
73679, 6736790, 6761936, 25146
73681, 6736810, 6761949, 25139
73682, 6736820, 6761963, 25143
73683, 6736830, 6761976, 25146
73684, 6736840, 6761990, 25150
73685, 6736850, 6762003, 25153
73686, 6736860, 6762016, 25156
73687, 6736870, 6762030, 25160
73688, 6736880, 6762043, 25163
73689, 6736890, 6762056, 25166
73690, 6736900, 6762070, 25170
73691, 6736910, 6762083, 25173
73693, 6736930, 6762096, 25166
73694, 6736940, 6762110, 25170
73695, 6736950, 6762123, 25173
73696, 6736960, 6762136, 25176
73697, 6736970, 6762150, 25180
73698, 6736980, 6762163, 25183
73699, 6736990, 6762177, 25187
73701, 6737010, 6762203, 25193
73702, 6737020, 6762217, 25197
73704, 6737040, 6762230, 25190
73705, 6737050, 6762243, 25193
73706, 6737060, 6762257, 25197
73707, 6737070, 6762270, 25200
73708, 6737080, 6762284, 25204
73709, 6737090, 6762297, 25207
73710, 6737100, 6762310, 25210
73711, 6737110, 6762324, 25214
73712, 6737120, 6762337, 25217
73713, 6737130, 6762350, 25220
73714, 6737140, 6762364, 25224
73716, 6737160, 6762377, 25217
73717, 6737170, 6762390, 25220
73718, 6737180, 6762404, 25224
73719, 6737190, 6762417, 25227
73720, 6737200, 6762430, 25230
73721, 6737210, 6766012, 28802
73722, 6737220, 6766025, 28805
73723, 6737230, 6766039, 28809
73724, 6737240, 6766052, 28812
73725, 6737250, 6766065, 28815
73727, 6737270, 6766079, 28809
73728, 6737280, 6766092, 28812
73729, 6737290, 6766106, 28816
73730, 6737300, 6766119, 28819
73731, 6737310, 6766132, 28822
73732, 6737320, 6766146, 28826
73733, 6737330, 6766159, 28829
73734, 6737340, 6766172, 28832
73735, 6737350, 6766186, 28836
73736, 6737360, 6766199, 28839
73738, 6737380, 6766212, 28832
73739, 6737390, 6766226, 28836
73740, 6737400, 6766239, 28839
73741, 6737410, 6766252, 28842
73742, 6737420, 6766266, 28846
73743, 6737430, 6766279, 28849
73744, 6737440, 6766293, 28853
73745, 6737450, 6766306, 28856
73746, 6737460, 6766319, 28859
73747, 6737470, 6766333, 28863
73748, 6737480, 6766346, 28866
73751, 6737510, 6766373, 28863
73752, 6737520, 6766386, 28866
73753, 6737530, 6766400, 28870
73754, 6737540, 6766413, 28873
73755, 6737550, 6766426, 28876
73756, 6737560, 6766440, 28880
73757, 6737570, 6766453, 28883
73758, 6737580, 6766466, 28886
73759, 6737590, 6766480, 28890
73761, 6737610, 6766493, 28883
73762, 6737620, 6766506, 28886
73763, 6737630, 6766520, 28890
73764, 6737640, 6766533, 28893
73765, 6737650, 6766546, 28896
73766, 6737660, 6766560, 28900
73767, 6737670, 6766573, 28903
73768, 6737680, 6766587, 28907
73769, 6737690, 6766600, 28910
73770, 6737700, 6766613, 28913
73771, 6737710, 6766627, 28917
73773, 6737730, 6766640, 28910
73774, 6737740, 6766653, 28913
73775, 6737750, 6766667, 28917
73776, 6737760, 6766680, 28920
73777, 6737770, 6766693, 28923
73778, 6737780, 6766707, 28927
73779, 6737790, 6766720, 28930
73780, 6737800, 6766734, 28934
73781, 6737810, 6766747, 28937
73782, 6737820, 6766760, 28940
73784, 6737840, 6766774, 28934
73785, 6737850, 6766787, 28937
73786, 6737860, 6766800, 28940
73787, 6737870, 6766814, 28944
73788, 6737880, 6766827, 28947
73789, 6737890, 6766840, 28950
73790, 6737900, 6766854, 28954
73791, 6737910, 6766867, 28957
73792, 6737920, 6766880, 28960
73793, 6737930, 6766894, 28964
73795, 6737950, 6766907, 28957
73796, 6737960, 6766921, 28961
73797, 6737970, 6766934, 28964
73798, 6737980, 6766947, 28967
73799, 6737990, 6766961, 28971
74202, 6742020, 6766987, 24967
74203, 6742030, 6767001, 24971
74204, 6742040, 6767014, 24974
74205, 6742050, 6767028, 24978
74206, 6742060, 6767041, 24981
74207, 6742070, 6767054, 24984
74208, 6742080, 6767068, 24988
74209, 6742090, 6767081, 24991
74210, 6742100, 6767094, 24994
74211, 6742110, 6767108, 24998
74213, 6742130, 6767121, 24991
74214, 6742140, 6767134, 24994
74215, 6742150, 6767148, 24998
74216, 6742160, 6767161, 25001
74217, 6742170, 6767174, 25004
74218, 6742180, 6767188, 25008
74219, 6742190, 6767201, 25011
74220, 6742200, 6767215, 25015
74221, 6742210, 6767228, 25018
74222, 6742220, 6767241, 25021
74224, 6742240, 6767255, 25015
74225, 6742250, 6767268, 25018
74226, 6742260, 6767281, 25021
74227, 6742270, 6767295, 25025
74228, 6742280, 6767308, 25028
74229, 6742290, 6767321, 25031
74230, 6742300, 6767335, 25035
74231, 6742310, 6767348, 25038
74232, 6742320, 6767362, 25042
74233, 6742330, 6767375, 25045
74234, 6742340, 6767388, 25048
74236, 6742360, 6767402, 25042
74237, 6742370, 6767415, 25045
74238, 6742380, 6767428, 25048
74239, 6742390, 6767442, 25052
74240, 6742400, 6767455, 25055
74241, 6742410, 6767468, 25058
74242, 6742420, 6767482, 25062
74243, 6742430, 6767495, 25065
74244, 6742440, 6767508, 25068
74245, 6742450, 6767522, 25072
74247, 6742470, 6767535, 25065
74248, 6742480, 6767549, 25069
74249, 6742490, 6767562, 25072
74251, 6742510, 6767589, 25079
74252, 6742520, 6767602, 25082
74253, 6742530, 6767615, 25085
74254, 6742540, 6767629, 25089
74255, 6742550, 6767642, 25092
74256, 6742560, 6767656, 25096
74257, 6742570, 6767669, 25099
74259, 6742590, 6767682, 25092
74260, 6742600, 6767696, 25096
74261, 6742610, 6767709, 25099
74262, 6742620, 6767722, 25102
74263, 6742630, 6767736, 25106
74264, 6742640, 6767749, 25109
74265, 6742650, 6767762, 25112
74266, 6742660, 6767776, 25116
74267, 6742670, 6767789, 25119
74268, 6742680, 6767802, 25122
74270, 6742700, 6767816, 25116
74271, 6742710, 6767829, 25119
74272, 6742720, 6767843, 25123
74273, 6742730, 6767856, 25126
74274, 6742740, 6767869, 25129
74275, 6742750, 6767883, 25133
74276, 6742760, 6767896, 25136
74277, 6742770, 6767909, 25139
74278, 6742780, 6767923, 25143
74279, 6742790, 6767936, 25146
74281, 6742810, 6767949, 25139
74282, 6742820, 6767963, 25143
74283, 6742830, 6767976, 25146
74284, 6742840, 6767990, 25150
74285, 6742850, 6768003, 25153
74286, 6742860, 6768016, 25156
74287, 6742870, 6768030, 25160
74288, 6742880, 6768043, 25163
74289, 6742890, 6768056, 25166
74290, 6742900, 6768070, 25170
74291, 6742910, 6768083, 25173
74293, 6742930, 6768096, 25166
74294, 6742940, 6768110, 25170
74295, 6742950, 6768123, 25173
74296, 6742960, 6768136, 25176
74297, 6742970, 6768150, 25180
74298, 6742980, 6768163, 25183
74299, 6742990, 6768177, 25187
74301, 6743010, 6768203, 25193
74302, 6743020, 6768217, 25197
74304, 6743040, 6768230, 25190
74305, 6743050, 6768243, 25193
74306, 6743060, 6768257, 25197
74307, 6743070, 6768270, 25200
74308, 6743080, 6768284, 25204
74309, 6743090, 6768297, 25207
74310, 6743100, 6768310, 25210
74311, 6743110, 6768324, 25214
74312, 6743120, 6768337, 25217
74313, 6743130, 6768350, 25220
74314, 6743140, 6768364, 25224
74316, 6743160, 6768377, 25217
74317, 6743170, 6768390, 25220
74318, 6743180, 6768404, 25224
74319, 6743190, 6768417, 25227
74320, 6743200, 6768430, 25230
74321, 6743210, 6772012, 28802
74322, 6743220, 6772025, 28805
74323, 6743230, 6772039, 28809
74324, 6743240, 6772052, 28812
74325, 6743250, 6772065, 28815
74327, 6743270, 6772079, 28809
74328, 6743280, 6772092, 28812
74329, 6743290, 6772106, 28816
74330, 6743300, 6772119, 28819
74331, 6743310, 6772132, 28822
74332, 6743320, 6772146, 28826
74333, 6743330, 6772159, 28829
74334, 6743340, 6772172, 28832
74335, 6743350, 6772186, 28836
74336, 6743360, 6772199, 28839
74338, 6743380, 6772212, 28832
74339, 6743390, 6772226, 28836
74340, 6743400, 6772239, 28839
74341, 6743410, 6772252, 28842
74342, 6743420, 6772266, 28846
74343, 6743430, 6772279, 28849
74344, 6743440, 6772293, 28853
74345, 6743450, 6772306, 28856
74346, 6743460, 6772319, 28859
74347, 6743470, 6772333, 28863
74348, 6743480, 6772346, 28866
74351, 6743510, 6772373, 28863
74352, 6743520, 6772386, 28866
74353, 6743530, 6772400, 28870
74354, 6743540, 6772413, 28873
74355, 6743550, 6772426, 28876
74356, 6743560, 6772440, 28880
74357, 6743570, 6772453, 28883
74358, 6743580, 6772466, 28886
74359, 6743590, 6772480, 28890
74361, 6743610, 6772493, 28883
74362, 6743620, 6772506, 28886
74363, 6743630, 6772520, 28890
74364, 6743640, 6772533, 28893
74365, 6743650, 6772546, 28896
74366, 6743660, 6772560, 28900
74367, 6743670, 6772573, 28903
74368, 6743680, 6772587, 28907
74369, 6743690, 6772600, 28910
74370, 6743700, 6772613, 28913
74371, 6743710, 6772627, 28917
74373, 6743730, 6772640, 28910
74374, 6743740, 6772653, 28913
74375, 6743750, 6772667, 28917
74376, 6743760, 6772680, 28920
74377, 6743770, 6772693, 28923
74378, 6743780, 6772707, 28927
74379, 6743790, 6772720, 28930
74380, 6743800, 6772734, 28934
74381, 6743810, 6772747, 28937
74382, 6743820, 6772760, 28940
74384, 6743840, 6772774, 28934
74385, 6743850, 6772787, 28937
74386, 6743860, 6772800, 28940
74387, 6743870, 6772814, 28944
74388, 6743880, 6772827, 28947
74389, 6743890, 6772840, 28950
74390, 6743900, 6772854, 28954
74391, 6743910, 6772867, 28957
74392, 6743920, 6772880, 28960
74393, 6743930, 6772894, 28964
74395, 6743950, 6772907, 28957
74396, 6743960, 6772921, 28961
74397, 6743970, 6772934, 28964
74398, 6743980, 6772947, 28967
74399, 6743990, 6772961, 28971
74802, 6748020, 6772987, 24967
74803, 6748030, 6773001, 24971
74804, 6748040, 6773014, 24974
74805, 6748050, 6773028, 24978
74806, 6748060, 6773041, 24981
74807, 6748070, 6773054, 24984
74808, 6748080, 6773068, 24988
74809, 6748090, 6773081, 24991
74810, 6748100, 6773094, 24994
74811, 6748110, 6773108, 24998
74813, 6748130, 6773121, 24991
74814, 6748140, 6773134, 24994
74815, 6748150, 6773148, 24998
74816, 6748160, 6773161, 25001
74817, 6748170, 6773174, 25004
74818, 6748180, 6773188, 25008
74819, 6748190, 6773201, 25011
74820, 6748200, 6773215, 25015
74821, 6748210, 6773228, 25018
74822, 6748220, 6773241, 25021
74824, 6748240, 6773255, 25015
74825, 6748250, 6773268, 25018
74826, 6748260, 6773281, 25021
74827, 6748270, 6773295, 25025
74828, 6748280, 6773308, 25028
74829, 6748290, 6773321, 25031
74830, 6748300, 6773335, 25035
74831, 6748310, 6773348, 25038
74832, 6748320, 6773362, 25042
74833, 6748330, 6773375, 25045
74834, 6748340, 6773388, 25048
74836, 6748360, 6773402, 25042
74837, 6748370, 6773415, 25045
74838, 6748380, 6773428, 25048
74839, 6748390, 6773442, 25052
74840, 6748400, 6773455, 25055
74841, 6748410, 6773468, 25058
74842, 6748420, 6773482, 25062
74843, 6748430, 6773495, 25065
74844, 6748440, 6773508, 25068
74845, 6748450, 6773522, 25072
74847, 6748470, 6773535, 25065
74848, 6748480, 6773549, 25069
74849, 6748490, 6773562, 25072
74851, 6748510, 6773589, 25079
74852, 6748520, 6773602, 25082
74853, 6748530, 6773615, 25085
74854, 6748540, 6773629, 25089
74855, 6748550, 6773642, 25092
74856, 6748560, 6773656, 25096
74857, 6748570, 6773669, 25099
74859, 6748590, 6773682, 25092
74860, 6748600, 6773696, 25096
74861, 6748610, 6773709, 25099
74862, 6748620, 6773722, 25102
74863, 6748630, 6773736, 25106
74864, 6748640, 6773749, 25109
74865, 6748650, 6773762, 25112
74866, 6748660, 6773776, 25116
74867, 6748670, 6773789, 25119
74868, 6748680, 6773802, 25122
74870, 6748700, 6773816, 25116
74871, 6748710, 6773829, 25119
74872, 6748720, 6773843, 25123
74873, 6748730, 6773856, 25126
74874, 6748740, 6773869, 25129
74875, 6748750, 6773883, 25133
74876, 6748760, 6773896, 25136
74877, 6748770, 6773909, 25139
74878, 6748780, 6773923, 25143
74879, 6748790, 6773936, 25146
74881, 6748810, 6773949, 25139
74882, 6748820, 6773963, 25143
74883, 6748830, 6773976, 25146
74884, 6748840, 6773990, 25150
74885, 6748850, 6774003, 25153
74886, 6748860, 6774016, 25156
74887, 6748870, 6774030, 25160
74888, 6748880, 6774043, 25163
74889, 6748890, 6774056, 25166
74890, 6748900, 6774070, 25170
74891, 6748910, 6774083, 25173
74893, 6748930, 6774096, 25166
74894, 6748940, 6774110, 25170
74895, 6748950, 6774123, 25173
74896, 6748960, 6774136, 25176
74897, 6748970, 6774150, 25180
74898, 6748980, 6774163, 25183
74899, 6748990, 6774177, 25187
74901, 6749010, 6774203, 25193
74902, 6749020, 6774217, 25197
74904, 6749040, 6774230, 25190
74905, 6749050, 6774243, 25193
74906, 6749060, 6774257, 25197
74907, 6749070, 6774270, 25200
74908, 6749080, 6774284, 25204
74909, 6749090, 6774297, 25207
74910, 6749100, 6774310, 25210
74911, 6749110, 6774324, 25214
74912, 6749120, 6774337, 25217
74913, 6749130, 6774350, 25220
74914, 6749140, 6774364, 25224
74916, 6749160, 6774377, 25217
74917, 6749170, 6774390, 25220
74918, 6749180, 6774404, 25224
74919, 6749190, 6774417, 25227
74920, 6749200, 6774430, 25230
74921, 6749210, 6778012, 28802
74922, 6749220, 6778025, 28805
74923, 6749230, 6778039, 28809
74924, 6749240, 6778052, 28812
74925, 6749250, 6778065, 28815
74927, 6749270, 6778079, 28809
74928, 6749280, 6778092, 28812
74929, 6749290, 6778106, 28816
74930, 6749300, 6778119, 28819
74931, 6749310, 6778132, 28822
74932, 6749320, 6778146, 28826
74933, 6749330, 6778159, 28829
74934, 6749340, 6778172, 28832
74935, 6749350, 6778186, 28836
74936, 6749360, 6778199, 28839
74938, 6749380, 6778212, 28832
74939, 6749390, 6778226, 28836
74940, 6749400, 6778239, 28839
74941, 6749410, 6778252, 28842
74942, 6749420, 6778266, 28846
74943, 6749430, 6778279, 28849
74944, 6749440, 6778293, 28853
74945, 6749450, 6778306, 28856
74946, 6749460, 6778319, 28859
74947, 6749470, 6778333, 28863
74948, 6749480, 6778346, 28866
74951, 6749510, 6778373, 28863
74952, 6749520, 6778386, 28866
74953, 6749530, 6778400, 28870
74954, 6749540, 6778413, 28873
74955, 6749550, 6778426, 28876
74956, 6749560, 6778440, 28880
74957, 6749570, 6778453, 28883
74958, 6749580, 6778466, 28886
74959, 6749590, 6778480, 28890
74961, 6749610, 6778493, 28883
74962, 6749620, 6778506, 28886
74963, 6749630, 6778520, 28890
74964, 6749640, 6778533, 28893
74965, 6749650, 6778546, 28896
74966, 6749660, 6778560, 28900
74967, 6749670, 6778573, 28903
74968, 6749680, 6778587, 28907
74969, 6749690, 6778600, 28910
74970, 6749700, 6778613, 28913
74971, 6749710, 6778627, 28917
74973, 6749730, 6778640, 28910
74974, 6749740, 6778653, 28913
74975, 6749750, 6778667, 28917
74976, 6749760, 6778680, 28920
74977, 6749770, 6778693, 28923
74978, 6749780, 6778707, 28927
74979, 6749790, 6778720, 28930
74980, 6749800, 6778734, 28934
74981, 6749810, 6778747, 28937
74982, 6749820, 6778760, 28940
74984, 6749840, 6778774, 28934
74985, 6749850, 6778787, 28937
74986, 6749860, 6778800, 28940
74987, 6749870, 6778814, 28944
74988, 6749880, 6778827, 28947
74989, 6749890, 6778840, 28950
74990, 6749900, 6778854, 28954
74991, 6749910, 6778867, 28957
74992, 6749920, 6778880, 28960
74993, 6749930, 6778894, 28964
74995, 6749950, 6778907, 28957
74996, 6749960, 6778921, 28961
74997, 6749970, 6778934, 28964
74998, 6749980, 6778947, 28967
74999, 6749990, 6778961, 28971
75402, 6754020, 6778987, 24967
75403, 6754030, 6779001, 24971
75404, 6754040, 6779014, 24974
75405, 6754050, 6779028, 24978
75406, 6754060, 6779041, 24981
75407, 6754070, 6779054, 24984
75408, 6754080, 6779068, 24988
75409, 6754090, 6779081, 24991
75410, 6754100, 6779094, 24994
75411, 6754110, 6779108, 24998
75413, 6754130, 6779121, 24991
75414, 6754140, 6779134, 24994
75415, 6754150, 6779148, 24998
75416, 6754160, 6779161, 25001
75417, 6754170, 6779174, 25004
75418, 6754180, 6779188, 25008
75419, 6754190, 6779201, 25011
75420, 6754200, 6779215, 25015
75421, 6754210, 6779228, 25018
75422, 6754220, 6779241, 25021
75424, 6754240, 6779255, 25015
75425, 6754250, 6779268, 25018
75426, 6754260, 6779281, 25021
75427, 6754270, 6779295, 25025
75428, 6754280, 6779308, 25028
75429, 6754290, 6779321, 25031
75430, 6754300, 6779335, 25035
75431, 6754310, 6779348, 25038
75432, 6754320, 6779362, 25042
75433, 6754330, 6779375, 25045
75434, 6754340, 6779388, 25048
75436, 6754360, 6779402, 25042
75437, 6754370, 6779415, 25045
75438, 6754380, 6779428, 25048
75439, 6754390, 6779442, 25052
75440, 6754400, 6779455, 25055
75441, 6754410, 6779468, 25058
75442, 6754420, 6779482, 25062
75443, 6754430, 6779495, 25065
75444, 6754440, 6779508, 25068
75445, 6754450, 6779522, 25072
75447, 6754470, 6779535, 25065
75448, 6754480, 6779549, 25069
75449, 6754490, 6779562, 25072
75451, 6754510, 6779589, 25079
75452, 6754520, 6779602, 25082
75453, 6754530, 6779615, 25085
75454, 6754540, 6779629, 25089
75455, 6754550, 6779642, 25092
75456, 6754560, 6779656, 25096
75457, 6754570, 6779669, 25099
75459, 6754590, 6779682, 25092
75460, 6754600, 6779696, 25096
75461, 6754610, 6779709, 25099
75462, 6754620, 6779722, 25102
75463, 6754630, 6779736, 25106
75464, 6754640, 6779749, 25109
75465, 6754650, 6779762, 25112
75466, 6754660, 6779776, 25116
75467, 6754670, 6779789, 25119
75468, 6754680, 6779802, 25122
75470, 6754700, 6779816, 25116
75471, 6754710, 6779829, 25119
75472, 6754720, 6779843, 25123
75473, 6754730, 6779856, 25126
75474, 6754740, 6779869, 25129
75475, 6754750, 6779883, 25133
75476, 6754760, 6779896, 25136
75477, 6754770, 6779909, 25139
75478, 6754780, 6779923, 25143
75479, 6754790, 6779936, 25146
75480, 6754800, 6779949, 25149
75482, 6754820, 6779963, 25143
75483, 6754830, 6779976, 25146
75484, 6754840, 6779990, 25150
75485, 6754850, 6780003, 25153
75486, 6754860, 6780016, 25156
75487, 6754870, 6780030, 25160
75488, 6754880, 6780043, 25163
75489, 6754890, 6780056, 25166
75490, 6754900, 6780070, 25170
75491, 6754910, 6780083, 25173
75493, 6754930, 6780096, 25166
75494, 6754940, 6780110, 25170
75495, 6754950, 6780123, 25173
75496, 6754960, 6780136, 25176
75497, 6754970, 6780150, 25180
75498, 6754980, 6780163, 25183
75499, 6754990, 6780177, 25187
75501, 6755010, 6780203, 25193
75502, 6755020, 6780217, 25197
75504, 6755040, 6780230, 25190
75505, 6755050, 6780243, 25193
75506, 6755060, 6780257, 25197
75507, 6755070, 6780270, 25200
75508, 6755080, 6780284, 25204
75509, 6755090, 6780297, 25207
75510, 6755100, 6780310, 25210
75511, 6755110, 6780324, 25214
75512, 6755120, 6780337, 25217
75513, 6755130, 6780350, 25220
75514, 6755140, 6780364, 25224
75516, 6755160, 6780377, 25217
75517, 6755170, 6780390, 25220
75518, 6755180, 6780404, 25224
75519, 6755190, 6780417, 25227
75520, 6755200, 6780430, 25230
75521, 6755210, 6784012, 28802
75522, 6755220, 6784025, 28805
75523, 6755230, 6784039, 28809
75524, 6755240, 6784052, 28812
75525, 6755250, 6784065, 28815
75527, 6755270, 6784079, 28809
75528, 6755280, 6784092, 28812
75529, 6755290, 6784106, 28816
75530, 6755300, 6784119, 28819
75531, 6755310, 6784132, 28822
75532, 6755320, 6784146, 28826
75533, 6755330, 6784159, 28829
75534, 6755340, 6784172, 28832
75535, 6755350, 6784186, 28836
75536, 6755360, 6784199, 28839
75537, 6755370, 6784212, 28842
75539, 6755390, 6784226, 28836
75540, 6755400, 6784239, 28839
75541, 6755410, 6784252, 28842
75542, 6755420, 6784266, 28846
75543, 6755430, 6784279, 28849
75544, 6755440, 6784293, 28853
75545, 6755450, 6784306, 28856
75546, 6755460, 6784319, 28859
75547, 6755470, 6784333, 28863
75548, 6755480, 6784346, 28866
75551, 6755510, 6784373, 28863
75552, 6755520, 6784386, 28866
75553, 6755530, 6784400, 28870
75554, 6755540, 6784413, 28873
75555, 6755550, 6784426, 28876
75556, 6755560, 6784440, 28880
75557, 6755570, 6784453, 28883
75558, 6755580, 6784466, 28886
75559, 6755590, 6784480, 28890
75561, 6755610, 6784493, 28883
75562, 6755620, 6784506, 28886
75563, 6755630, 6784520, 28890
75564, 6755640, 6784533, 28893
75565, 6755650, 6784546, 28896
75566, 6755660, 6784560, 28900
75567, 6755670, 6784573, 28903
75568, 6755680, 6784587, 28907
75569, 6755690, 6784600, 28910
75570, 6755700, 6784613, 28913
75571, 6755710, 6784627, 28917
75573, 6755730, 6784640, 28910
75574, 6755740, 6784653, 28913
75575, 6755750, 6784667, 28917
75576, 6755760, 6784680, 28920
75577, 6755770, 6784693, 28923
75578, 6755780, 6784707, 28927
75579, 6755790, 6784720, 28930
75580, 6755800, 6784734, 28934
75581, 6755810, 6784747, 28937
75582, 6755820, 6784760, 28940
75584, 6755840, 6784774, 28934
75585, 6755850, 6784787, 28937
75586, 6755860, 6784800, 28940
75587, 6755870, 6784814, 28944
75588, 6755880, 6784827, 28947
75589, 6755890, 6784840, 28950
75590, 6755900, 6784854, 28954
75591, 6755910, 6784867, 28957
75592, 6755920, 6784880, 28960
75593, 6755930, 6784894, 28964
75594, 6755940, 6784907, 28967
75596, 6755960, 6784921, 28961
75597, 6755970, 6784934, 28964
75598, 6755980, 6784947, 28967
75599, 6755990, 6784961, 28971
76002, 6760020, 6784987, 24967
76003, 6760030, 6785001, 24971
76004, 6760040, 6785014, 24974
76005, 6760050, 6785027, 24977
76006, 6760060, 6785041, 24981
76007, 6760070, 6785054, 24984
76008, 6760080, 6785067, 24987
76009, 6760090, 6785081, 24991
76010, 6760100, 6785094, 24994
76011, 6760110, 6785108, 24998
76013, 6760130, 6785121, 24991
76014, 6760140, 6785134, 24994
76015, 6760150, 6785148, 24998
76016, 6760160, 6785161, 25001
76017, 6760170, 6785174, 25004
76018, 6760180, 6785188, 25008
76019, 6760190, 6785201, 25011
76020, 6760200, 6785214, 25014
76021, 6760210, 6785228, 25018
76022, 6760220, 6785241, 25021
76024, 6760240, 6785254, 25014
76025, 6760250, 6785268, 25018
76026, 6760260, 6785281, 25021
76027, 6760270, 6785295, 25025
76028, 6760280, 6785308, 25028
76029, 6760290, 6785321, 25031
76030, 6760300, 6785335, 25035
76031, 6760310, 6785348, 25038
76032, 6760320, 6785361, 25041
76033, 6760330, 6785375, 25045
76034, 6760340, 6785388, 25048
76036, 6760360, 6785401, 25041
76037, 6760370, 6785415, 25045
76038, 6760380, 6785428, 25048
76039, 6760390, 6785442, 25052
76040, 6760400, 6785455, 25055
76041, 6760410, 6785468, 25058
76042, 6760420, 6785482, 25062
76043, 6760430, 6785495, 25065
76044, 6760440, 6785508, 25068
76045, 6760450, 6785522, 25072
76047, 6760470, 6785535, 25065
76048, 6760480, 6785548, 25068
76049, 6760490, 6785562, 25072
76051, 6760510, 6785589, 25079
76052, 6760520, 6785602, 25082
76053, 6760530, 6785615, 25085
76054, 6760540, 6785629, 25089
76055, 6760550, 6785642, 25092
76056, 6760560, 6785655, 25095
76057, 6760570, 6785669, 25099
76059, 6760590, 6785682, 25092
76060, 6760600, 6785695, 25095
76061, 6760610, 6785709, 25099
76062, 6760620, 6785722, 25102
76063, 6760630, 6785736, 25106
76064, 6760640, 6785749, 25109
76065, 6760650, 6785762, 25112
76066, 6760660, 6785776, 25116
76067, 6760670, 6785789, 25119
76068, 6760680, 6785802, 25122
76070, 6760700, 6785816, 25116
76071, 6760710, 6785829, 25119
76072, 6760720, 6785842, 25122
76073, 6760730, 6785856, 25126
76074, 6760740, 6785869, 25129
76075, 6760750, 6785882, 25132
76076, 6760760, 6785896, 25136
76077, 6760770, 6785909, 25139
76078, 6760780, 6785923, 25143
76079, 6760790, 6785936, 25146
76081, 6760810, 6785949, 25139
76082, 6760820, 6785963, 25143
76083, 6760830, 6785976, 25146
76084, 6760840, 6785989, 25149
76085, 6760850, 6786003, 25153
76086, 6760860, 6786016, 25156
76087, 6760870, 6786029, 25159
76088, 6760880, 6786043, 25163
76089, 6760890, 6786056, 25166
76090, 6760900, 6786070, 25170
76091, 6760910, 6786083, 25173
76093, 6760930, 6786096, 25166
76094, 6760940, 6786110, 25170
76095, 6760950, 6786123, 25173
76096, 6760960, 6786136, 25176
76097, 6760970, 6786150, 25180
76098, 6760980, 6786163, 25183
76099, 6760990, 6786176, 25186
76101, 6761010, 6786203, 25193
76102, 6761020, 6786217, 25197
76104, 6761040, 6786230, 25190
76105, 6761050, 6786243, 25193
76106, 6761060, 6786257, 25197
76107, 6761070, 6786270, 25200
76108, 6761080, 6786283, 25203
76109, 6761090, 6786297, 25207
76110, 6761100, 6786310, 25210
76111, 6761110, 6786323, 25213
76112, 6761120, 6786337, 25217
76113, 6761130, 6786350, 25220
76114, 6761140, 6786364, 25224
76116, 6761160, 6786377, 25217
76117, 6761170, 6786390, 25220
76118, 6761180, 6786404, 25224
76119, 6761190, 6786417, 25227
76120, 6761200, 6786430, 25230
76121, 6761210, 6790012, 28802
76122, 6761220, 6790025, 28805
76123, 6761230, 6790039, 28809
76124, 6761240, 6790052, 28812
76125, 6761250, 6790065, 28815
76127, 6761270, 6790079, 28809
76128, 6761280, 6790092, 28812
76129, 6761290, 6790106, 28816
76130, 6761300, 6790119, 28819
76131, 6761310, 6790132, 28822
76132, 6761320, 6790146, 28826
76133, 6761330, 6790159, 28829
76134, 6761340, 6790172, 28832
76135, 6761350, 6790186, 28836
76136, 6761360, 6790199, 28839
76138, 6761380, 6790212, 28832
76139, 6761390, 6790226, 28836
76140, 6761400, 6790239, 28839
76141, 6761410, 6790252, 28842
76142, 6761420, 6790266, 28846
76143, 6761430, 6790279, 28849
76144, 6761440, 6790293, 28853
76145, 6761450, 6790306, 28856
76146, 6761460, 6790319, 28859
76147, 6761470, 6790333, 28863
76148, 6761480, 6790346, 28866
76151, 6761510, 6790373, 28863
76152, 6761520, 6790386, 28866
76153, 6761530, 6790400, 28870
76154, 6761540, 6790413, 28873
76155, 6761550, 6790426, 28876
76156, 6761560, 6790440, 28880
76157, 6761570, 6790453, 28883
76158, 6761580, 6790466, 28886
76159, 6761590, 6790480, 28890
76161, 6761610, 6790493, 28883
76162, 6761620, 6790506, 28886
76163, 6761630, 6790520, 28890
76164, 6761640, 6790533, 28893
76165, 6761650, 6790546, 28896
76166, 6761660, 6790560, 28900
76167, 6761670, 6790573, 28903
76168, 6761680, 6790587, 28907
76169, 6761690, 6790600, 28910
76170, 6761700, 6790613, 28913
76171, 6761710, 6790627, 28917
76173, 6761730, 6790640, 28910
76174, 6761740, 6790653, 28913
76175, 6761750, 6790667, 28917
76176, 6761760, 6790680, 28920
76177, 6761770, 6790693, 28923
76178, 6761780, 6790707, 28927
76179, 6761790, 6790720, 28930
76180, 6761800, 6790734, 28934
76181, 6761810, 6790747, 28937
76182, 6761820, 6790760, 28940
76184, 6761840, 6790774, 28934
76185, 6761850, 6790787, 28937
76186, 6761860, 6790800, 28940
76187, 6761870, 6790814, 28944
76188, 6761880, 6790827, 28947
76189, 6761890, 6790840, 28950
76190, 6761900, 6790854, 28954
76191, 6761910, 6790867, 28957
76192, 6761920, 6790880, 28960
76193, 6761930, 6790894, 28964
76195, 6761950, 6790907, 28957
76196, 6761960, 6790921, 28961
76197, 6761970, 6790934, 28964
76198, 6761980, 6790947, 28967
76199, 6761990, 6790961, 28971
76602, 6766020, 6790987, 24967
76603, 6766030, 6791001, 24971
76604, 6766040, 6791014, 24974
76605, 6766050, 6791028, 24978
76606, 6766060, 6791041, 24981
76607, 6766070, 6791054, 24984
76608, 6766080, 6791068, 24988
76609, 6766090, 6791081, 24991
76610, 6766100, 6791094, 24994
76611, 6766110, 6791108, 24998
76613, 6766130, 6791121, 24991
76614, 6766140, 6791134, 24994
76615, 6766150, 6791148, 24998
76616, 6766160, 6791161, 25001
76617, 6766170, 6791174, 25004
76618, 6766180, 6791188, 25008
76619, 6766190, 6791201, 25011
76620, 6766200, 6791215, 25015
76621, 6766210, 6791228, 25018
76622, 6766220, 6791241, 25021
76624, 6766240, 6791255, 25015
76625, 6766250, 6791268, 25018
76626, 6766260, 6791281, 25021
76627, 6766270, 6791295, 25025
76628, 6766280, 6791308, 25028
76629, 6766290, 6791321, 25031
76630, 6766300, 6791335, 25035
76631, 6766310, 6791348, 25038
76632, 6766320, 6791362, 25042
76633, 6766330, 6791375, 25045
76634, 6766340, 6791388, 25048
76636, 6766360, 6791402, 25042
76637, 6766370, 6791415, 25045
76638, 6766380, 6791428, 25048
76639, 6766390, 6791442, 25052
76640, 6766400, 6791455, 25055
76641, 6766410, 6791468, 25058
76642, 6766420, 6791482, 25062
76643, 6766430, 6791495, 25065
76644, 6766440, 6791508, 25068
76645, 6766450, 6791522, 25072
76647, 6766470, 6791535, 25065
76648, 6766480, 6791549, 25069
76649, 6766490, 6791562, 25072
76651, 6766510, 6791589, 25079
76652, 6766520, 6791602, 25082
76653, 6766530, 6791615, 25085
76654, 6766540, 6791629, 25089
76655, 6766550, 6791642, 25092
76656, 6766560, 6791656, 25096
76657, 6766570, 6791669, 25099
76659, 6766590, 6791682, 25092
76660, 6766600, 6791696, 25096
76661, 6766610, 6791709, 25099
76662, 6766620, 6791722, 25102
76663, 6766630, 6791736, 25106
76664, 6766640, 6791749, 25109
76665, 6766650, 6791762, 25112
76666, 6766660, 6791776, 25116
76667, 6766670, 6791789, 25119
76668, 6766680, 6791802, 25122
76670, 6766700, 6791816, 25116
76671, 6766710, 6791829, 25119
76672, 6766720, 6791843, 25123
76673, 6766730, 6791856, 25126
76674, 6766740, 6791869, 25129
76675, 6766750, 6791883, 25133
76676, 6766760, 6791896, 25136
76677, 6766770, 6791909, 25139
76678, 6766780, 6791923, 25143
76679, 6766790, 6791936, 25146
76681, 6766810, 6791949, 25139
76682, 6766820, 6791963, 25143
76683, 6766830, 6791976, 25146
76684, 6766840, 6791990, 25150
76685, 6766850, 6792003, 25153
76686, 6766860, 6792016, 25156
76687, 6766870, 6792030, 25160
76688, 6766880, 6792043, 25163
76689, 6766890, 6792056, 25166
76690, 6766900, 6792070, 25170
76691, 6766910, 6792083, 25173
76693, 6766930, 6792096, 25166
76694, 6766940, 6792110, 25170
76695, 6766950, 6792123, 25173
76696, 6766960, 6792136, 25176
76697, 6766970, 6792150, 25180
76698, 6766980, 6792163, 25183
76699, 6766990, 6792177, 25187
76701, 6767010, 6792203, 25193
76702, 6767020, 6792217, 25197
76704, 6767040, 6792230, 25190
76705, 6767050, 6792243, 25193
76706, 6767060, 6792257, 25197
76707, 6767070, 6792270, 25200
76708, 6767080, 6792284, 25204
76709, 6767090, 6792297, 25207
76710, 6767100, 6792310, 25210
76711, 6767110, 6792324, 25214
76712, 6767120, 6792337, 25217
76713, 6767130, 6792350, 25220
76714, 6767140, 6792364, 25224
76716, 6767160, 6792377, 25217
76717, 6767170, 6792390, 25220
76718, 6767180, 6792404, 25224
76719, 6767190, 6792417, 25227
76720, 6767200, 6792430, 25230
76721, 6767210, 6796012, 28802
76722, 6767220, 6796025, 28805
76723, 6767230, 6796039, 28809
76724, 6767240, 6796052, 28812
76725, 6767250, 6796065, 28815
76727, 6767270, 6796079, 28809
76728, 6767280, 6796092, 28812
76729, 6767290, 6796106, 28816
76730, 6767300, 6796119, 28819
76731, 6767310, 6796132, 28822
76732, 6767320, 6796146, 28826
76733, 6767330, 6796159, 28829
76734, 6767340, 6796172, 28832
76735, 6767350, 6796186, 28836
76736, 6767360, 6796199, 28839
76738, 6767380, 6796212, 28832
76739, 6767390, 6796226, 28836
76740, 6767400, 6796239, 28839
76741, 6767410, 6796252, 28842
76742, 6767420, 6796266, 28846
76743, 6767430, 6796279, 28849
76744, 6767440, 6796293, 28853
76745, 6767450, 6796306, 28856
76746, 6767460, 6796319, 28859
76747, 6767470, 6796333, 28863
76748, 6767480, 6796346, 28866
76751, 6767510, 6796373, 28863
76752, 6767520, 6796386, 28866
76753, 6767530, 6796400, 28870
76754, 6767540, 6796413, 28873
76755, 6767550, 6796426, 28876
76756, 6767560, 6796440, 28880
76757, 6767570, 6796453, 28883
76758, 6767580, 6796466, 28886
76759, 6767590, 6796480, 28890
76761, 6767610, 6796493, 28883
76762, 6767620, 6796506, 28886
76763, 6767630, 6796520, 28890
76764, 6767640, 6796533, 28893
76765, 6767650, 6796546, 28896
76766, 6767660, 6796560, 28900
76767, 6767670, 6796573, 28903
76768, 6767680, 6796587, 28907
76769, 6767690, 6796600, 28910
76770, 6767700, 6796613, 28913
76771, 6767710, 6796627, 28917
76773, 6767730, 6796640, 28910
76774, 6767740, 6796653, 28913
76775, 6767750, 6796667, 28917
76776, 6767760, 6796680, 28920
76777, 6767770, 6796693, 28923
76778, 6767780, 6796707, 28927
76779, 6767790, 6796720, 28930
76780, 6767800, 6796734, 28934
76781, 6767810, 6796747, 28937
76782, 6767820, 6796760, 28940
76784, 6767840, 6796774, 28934
76785, 6767850, 6796787, 28937
76786, 6767860, 6796800, 28940
76787, 6767870, 6796814, 28944
76788, 6767880, 6796827, 28947
76789, 6767890, 6796840, 28950
76790, 6767900, 6796854, 28954
76791, 6767910, 6796867, 28957
76792, 6767920, 6796880, 28960
76793, 6767930, 6796894, 28964
76795, 6767950, 6796907, 28957
76796, 6767960, 6796921, 28961
76797, 6767970, 6796934, 28964
76798, 6767980, 6796947, 28967
76799, 6767990, 6796961, 28971
77202, 6772020, 6796987, 24967
77203, 6772030, 6797001, 24971
77204, 6772040, 6797014, 24974
77205, 6772050, 6797028, 24978
77206, 6772060, 6797041, 24981
77207, 6772070, 6797054, 24984
77208, 6772080, 6797068, 24988
77209, 6772090, 6797081, 24991
77210, 6772100, 6797094, 24994
77211, 6772110, 6797108, 24998
77213, 6772130, 6797121, 24991
77214, 6772140, 6797134, 24994
77215, 6772150, 6797148, 24998
77216, 6772160, 6797161, 25001
77217, 6772170, 6797174, 25004
77218, 6772180, 6797188, 25008
77219, 6772190, 6797201, 25011
77220, 6772200, 6797215, 25015
77221, 6772210, 6797228, 25018
77222, 6772220, 6797241, 25021
77224, 6772240, 6797255, 25015
77225, 6772250, 6797268, 25018
77226, 6772260, 6797281, 25021
77227, 6772270, 6797295, 25025
77228, 6772280, 6797308, 25028
77229, 6772290, 6797321, 25031
77230, 6772300, 6797335, 25035
77231, 6772310, 6797348, 25038
77232, 6772320, 6797362, 25042
77233, 6772330, 6797375, 25045
77234, 6772340, 6797388, 25048
77236, 6772360, 6797402, 25042
77237, 6772370, 6797415, 25045
77238, 6772380, 6797428, 25048
77239, 6772390, 6797442, 25052
77240, 6772400, 6797455, 25055
77241, 6772410, 6797468, 25058
77242, 6772420, 6797482, 25062
77243, 6772430, 6797495, 25065
77244, 6772440, 6797508, 25068
77245, 6772450, 6797522, 25072
77247, 6772470, 6797535, 25065
77248, 6772480, 6797549, 25069
77249, 6772490, 6797562, 25072
77251, 6772510, 6797589, 25079
77252, 6772520, 6797602, 25082
77253, 6772530, 6797615, 25085
77254, 6772540, 6797629, 25089
77255, 6772550, 6797642, 25092
77256, 6772560, 6797656, 25096
77257, 6772570, 6797669, 25099
77259, 6772590, 6797682, 25092
77260, 6772600, 6797696, 25096
77261, 6772610, 6797709, 25099
77262, 6772620, 6797722, 25102
77263, 6772630, 6797736, 25106
77264, 6772640, 6797749, 25109
77265, 6772650, 6797762, 25112
77266, 6772660, 6797776, 25116
77267, 6772670, 6797789, 25119
77268, 6772680, 6797802, 25122
77270, 6772700, 6797816, 25116
77271, 6772710, 6797829, 25119
77272, 6772720, 6797843, 25123
77273, 6772730, 6797856, 25126
77274, 6772740, 6797869, 25129
77275, 6772750, 6797883, 25133
77276, 6772760, 6797896, 25136
77277, 6772770, 6797909, 25139
77278, 6772780, 6797923, 25143
77279, 6772790, 6797936, 25146
77281, 6772810, 6797949, 25139
77282, 6772820, 6797963, 25143
77283, 6772830, 6797976, 25146
77284, 6772840, 6797990, 25150
77285, 6772850, 6798003, 25153
77286, 6772860, 6798016, 25156
77287, 6772870, 6798030, 25160
77288, 6772880, 6798043, 25163
77289, 6772890, 6798056, 25166
77290, 6772900, 6798070, 25170
77291, 6772910, 6798083, 25173
77293, 6772930, 6798096, 25166
77294, 6772940, 6798110, 25170
77295, 6772950, 6798123, 25173
77296, 6772960, 6798136, 25176
77297, 6772970, 6798150, 25180
77298, 6772980, 6798163, 25183
77299, 6772990, 6798177, 25187
77301, 6773010, 6798203, 25193
77302, 6773020, 6798217, 25197
77304, 6773040, 6798230, 25190
77305, 6773050, 6798243, 25193
77306, 6773060, 6798257, 25197
77307, 6773070, 6798270, 25200
77308, 6773080, 6798284, 25204
77309, 6773090, 6798297, 25207
77310, 6773100, 6798310, 25210
77311, 6773110, 6798324, 25214
77312, 6773120, 6798337, 25217
77313, 6773130, 6798350, 25220
77314, 6773140, 6798364, 25224
77316, 6773160, 6798377, 25217
77317, 6773170, 6798390, 25220
77318, 6773180, 6798404, 25224
77319, 6773190, 6798417, 25227
77320, 6773200, 6798430, 25230
77321, 6773210, 6802012, 28802
77322, 6773220, 6802025, 28805
77323, 6773230, 6802039, 28809
77324, 6773240, 6802052, 28812
77325, 6773250, 6802065, 28815
77327, 6773270, 6802079, 28809
77328, 6773280, 6802092, 28812
77329, 6773290, 6802106, 28816
77330, 6773300, 6802119, 28819
77331, 6773310, 6802132, 28822
77332, 6773320, 6802146, 28826
77333, 6773330, 6802159, 28829
77334, 6773340, 6802172, 28832
77335, 6773350, 6802186, 28836
77336, 6773360, 6802199, 28839
77338, 6773380, 6802212, 28832
77339, 6773390, 6802226, 28836
77340, 6773400, 6802239, 28839
77341, 6773410, 6802252, 28842
77342, 6773420, 6802266, 28846
77343, 6773430, 6802279, 28849
77344, 6773440, 6802293, 28853
77345, 6773450, 6802306, 28856
77346, 6773460, 6802319, 28859
77347, 6773470, 6802333, 28863
77348, 6773480, 6802346, 28866
77351, 6773510, 6802373, 28863
77352, 6773520, 6802386, 28866
77353, 6773530, 6802400, 28870
77354, 6773540, 6802413, 28873
77355, 6773550, 6802426, 28876
77356, 6773560, 6802440, 28880
77357, 6773570, 6802453, 28883
77358, 6773580, 6802466, 28886
77359, 6773590, 6802480, 28890
77361, 6773610, 6802493, 28883
77362, 6773620, 6802506, 28886
77363, 6773630, 6802520, 28890
77364, 6773640, 6802533, 28893
77365, 6773650, 6802546, 28896
77366, 6773660, 6802560, 28900
77367, 6773670, 6802573, 28903
77368, 6773680, 6802587, 28907
77369, 6773690, 6802600, 28910
77370, 6773700, 6802613, 28913
77371, 6773710, 6802627, 28917
77373, 6773730, 6802640, 28910
77374, 6773740, 6802653, 28913
77375, 6773750, 6802667, 28917
77376, 6773760, 6802680, 28920
77377, 6773770, 6802693, 28923
77378, 6773780, 6802707, 28927
77379, 6773790, 6802720, 28930
77380, 6773800, 6802734, 28934
77381, 6773810, 6802747, 28937
77382, 6773820, 6802760, 28940
77384, 6773840, 6802774, 28934
77385, 6773850, 6802787, 28937
77386, 6773860, 6802800, 28940
77387, 6773870, 6802814, 28944
77388, 6773880, 6802827, 28947
77389, 6773890, 6802840, 28950
77390, 6773900, 6802854, 28954
77391, 6773910, 6802867, 28957
77392, 6773920, 6802880, 28960
77393, 6773930, 6802894, 28964
77395, 6773950, 6802907, 28957
77396, 6773960, 6802921, 28961
77397, 6773970, 6802934, 28964
77398, 6773980, 6802947, 28967
77399, 6773990, 6802961, 28971
77802, 6778020, 6802987, 24967
77803, 6778030, 6803001, 24971
77804, 6778040, 6803014, 24974
77805, 6778050, 6803028, 24978
77806, 6778060, 6803041, 24981
77807, 6778070, 6803054, 24984
77808, 6778080, 6803068, 24988
77809, 6778090, 6803081, 24991
77810, 6778100, 6803094, 24994
77811, 6778110, 6803108, 24998
77813, 6778130, 6803121, 24991
77814, 6778140, 6803134, 24994
77815, 6778150, 6803148, 24998
77816, 6778160, 6803161, 25001
77817, 6778170, 6803174, 25004
77818, 6778180, 6803188, 25008
77819, 6778190, 6803201, 25011
77820, 6778200, 6803215, 25015
77821, 6778210, 6803228, 25018
77822, 6778220, 6803241, 25021
77824, 6778240, 6803255, 25015
77825, 6778250, 6803268, 25018
77826, 6778260, 6803281, 25021
77827, 6778270, 6803295, 25025
77828, 6778280, 6803308, 25028
77829, 6778290, 6803321, 25031
77830, 6778300, 6803335, 25035
77831, 6778310, 6803348, 25038
77832, 6778320, 6803362, 25042
77833, 6778330, 6803375, 25045
77834, 6778340, 6803388, 25048
77836, 6778360, 6803402, 25042
77837, 6778370, 6803415, 25045
77838, 6778380, 6803428, 25048
77839, 6778390, 6803442, 25052
77840, 6778400, 6803455, 25055
77841, 6778410, 6803468, 25058
77842, 6778420, 6803482, 25062
77843, 6778430, 6803495, 25065
77844, 6778440, 6803508, 25068
77845, 6778450, 6803522, 25072
77847, 6778470, 6803535, 25065
77848, 6778480, 6803549, 25069
77849, 6778490, 6803562, 25072
77851, 6778510, 6803589, 25079
77852, 6778520, 6803602, 25082
77853, 6778530, 6803615, 25085
77854, 6778540, 6803629, 25089
77855, 6778550, 6803642, 25092
77856, 6778560, 6803656, 25096
77857, 6778570, 6803669, 25099
77859, 6778590, 6803682, 25092
77860, 6778600, 6803696, 25096
77861, 6778610, 6803709, 25099
77862, 6778620, 6803722, 25102
77863, 6778630, 6803736, 25106
77864, 6778640, 6803749, 25109
77865, 6778650, 6803762, 25112
77866, 6778660, 6803776, 25116
77867, 6778670, 6803789, 25119
77868, 6778680, 6803802, 25122
77870, 6778700, 6803816, 25116
77871, 6778710, 6803829, 25119
77872, 6778720, 6803843, 25123
77873, 6778730, 6803856, 25126
77874, 6778740, 6803869, 25129
77875, 6778750, 6803883, 25133
77876, 6778760, 6803896, 25136
77877, 6778770, 6803909, 25139
77878, 6778780, 6803923, 25143
77879, 6778790, 6803936, 25146
77881, 6778810, 6803949, 25139
77882, 6778820, 6803963, 25143
77883, 6778830, 6803976, 25146
77884, 6778840, 6803990, 25150
77885, 6778850, 6804003, 25153
77886, 6778860, 6804016, 25156
77887, 6778870, 6804030, 25160
77888, 6778880, 6804043, 25163
77889, 6778890, 6804056, 25166
77890, 6778900, 6804070, 25170
77891, 6778910, 6804083, 25173
77893, 6778930, 6804096, 25166
77894, 6778940, 6804110, 25170
77895, 6778950, 6804123, 25173
77896, 6778960, 6804136, 25176
77897, 6778970, 6804150, 25180
77898, 6778980, 6804163, 25183
77899, 6778990, 6804177, 25187
77901, 6779010, 6804203, 25193
77902, 6779020, 6804217, 25197
77904, 6779040, 6804230, 25190
77905, 6779050, 6804243, 25193
77906, 6779060, 6804257, 25197
77907, 6779070, 6804270, 25200
77908, 6779080, 6804284, 25204
77909, 6779090, 6804297, 25207
77910, 6779100, 6804310, 25210
77911, 6779110, 6804324, 25214
77912, 6779120, 6804337, 25217
77913, 6779130, 6804350, 25220
77914, 6779140, 6804364, 25224
77916, 6779160, 6804377, 25217
77917, 6779170, 6804390, 25220
77918, 6779180, 6804404, 25224
77919, 6779190, 6804417, 25227
77920, 6779200, 6804430, 25230
77921, 6779210, 6808012, 28802
77922, 6779220, 6808025, 28805
77923, 6779230, 6808039, 28809
77924, 6779240, 6808052, 28812
77925, 6779250, 6808065, 28815
77927, 6779270, 6808079, 28809
77928, 6779280, 6808092, 28812
77929, 6779290, 6808106, 28816
77930, 6779300, 6808119, 28819
77931, 6779310, 6808132, 28822
77932, 6779320, 6808146, 28826
77933, 6779330, 6808159, 28829
77934, 6779340, 6808172, 28832
77935, 6779350, 6808186, 28836
77936, 6779360, 6808199, 28839
77938, 6779380, 6808212, 28832
77939, 6779390, 6808226, 28836
77940, 6779400, 6808239, 28839
77941, 6779410, 6808252, 28842
77942, 6779420, 6808266, 28846
77943, 6779430, 6808279, 28849
77944, 6779440, 6808293, 28853
77945, 6779450, 6808306, 28856
77946, 6779460, 6808319, 28859
77947, 6779470, 6808333, 28863
77948, 6779480, 6808346, 28866
77951, 6779510, 6808373, 28863
77952, 6779520, 6808386, 28866
77953, 6779530, 6808400, 28870
77954, 6779540, 6808413, 28873
77955, 6779550, 6808426, 28876
77956, 6779560, 6808440, 28880
77957, 6779570, 6808453, 28883
77958, 6779580, 6808466, 28886
77959, 6779590, 6808480, 28890
77961, 6779610, 6808493, 28883
77962, 6779620, 6808506, 28886
77963, 6779630, 6808520, 28890
77964, 6779640, 6808533, 28893
77965, 6779650, 6808546, 28896
77966, 6779660, 6808560, 28900
77967, 6779670, 6808573, 28903
77968, 6779680, 6808587, 28907
77969, 6779690, 6808600, 28910
77970, 6779700, 6808613, 28913
77971, 6779710, 6808627, 28917
77973, 6779730, 6808640, 28910
77974, 6779740, 6808653, 28913
77975, 6779750, 6808667, 28917
77976, 6779760, 6808680, 28920
77977, 6779770, 6808693, 28923
77978, 6779780, 6808707, 28927
77979, 6779790, 6808720, 28930
77980, 6779800, 6808734, 28934
77981, 6779810, 6808747, 28937
77982, 6779820, 6808760, 28940
77984, 6779840, 6808774, 28934
77985, 6779850, 6808787, 28937
77986, 6779860, 6808800, 28940
77987, 6779870, 6808814, 28944
77988, 6779880, 6808827, 28947
77989, 6779890, 6808840, 28950
77990, 6779900, 6808854, 28954
77991, 6779910, 6808867, 28957
77992, 6779920, 6808880, 28960
77993, 6779930, 6808894, 28964
77995, 6779950, 6808907, 28957
77996, 6779960, 6808921, 28961
77997, 6779970, 6808934, 28964
77998, 6779980, 6808947, 28967
77999, 6779990, 6808961, 28971
78402, 6784020, 6808987, 24967
78403, 6784030, 6809001, 24971
78404, 6784040, 6809014, 24974
78405, 6784050, 6809028, 24978
78406, 6784060, 6809041, 24981
78407, 6784070, 6809054, 24984
78408, 6784080, 6809068, 24988
78409, 6784090, 6809081, 24991
78410, 6784100, 6809094, 24994
78411, 6784110, 6809108, 24998
78413, 6784130, 6809121, 24991
78414, 6784140, 6809134, 24994
78415, 6784150, 6809148, 24998
78416, 6784160, 6809161, 25001
78417, 6784170, 6809174, 25004
78418, 6784180, 6809188, 25008
78419, 6784190, 6809201, 25011
78420, 6784200, 6809215, 25015
78421, 6784210, 6809228, 25018
78422, 6784220, 6809241, 25021
78424, 6784240, 6809255, 25015
78425, 6784250, 6809268, 25018
78426, 6784260, 6809281, 25021
78427, 6784270, 6809295, 25025
78428, 6784280, 6809308, 25028
78429, 6784290, 6809321, 25031
78430, 6784300, 6809335, 25035
78431, 6784310, 6809348, 25038
78432, 6784320, 6809362, 25042
78433, 6784330, 6809375, 25045
78434, 6784340, 6809388, 25048
78436, 6784360, 6809402, 25042
78437, 6784370, 6809415, 25045
78438, 6784380, 6809428, 25048
78439, 6784390, 6809442, 25052
78440, 6784400, 6809455, 25055
78441, 6784410, 6809468, 25058
78442, 6784420, 6809482, 25062
78443, 6784430, 6809495, 25065
78444, 6784440, 6809508, 25068
78445, 6784450, 6809522, 25072
78447, 6784470, 6809535, 25065
78448, 6784480, 6809549, 25069
78449, 6784490, 6809562, 25072
78451, 6784510, 6809589, 25079
78452, 6784520, 6809602, 25082
78453, 6784530, 6809615, 25085
78454, 6784540, 6809629, 25089
78455, 6784550, 6809642, 25092
78456, 6784560, 6809656, 25096
78457, 6784570, 6809669, 25099
78459, 6784590, 6809682, 25092
78460, 6784600, 6809696, 25096
78461, 6784610, 6809709, 25099
78462, 6784620, 6809722, 25102
78463, 6784630, 6809736, 25106
78464, 6784640, 6809749, 25109
78465, 6784650, 6809762, 25112
78466, 6784660, 6809776, 25116
78467, 6784670, 6809789, 25119
78468, 6784680, 6809802, 25122
78470, 6784700, 6809816, 25116
78471, 6784710, 6809829, 25119
78472, 6784720, 6809843, 25123
78473, 6784730, 6809856, 25126
78474, 6784740, 6809869, 25129
78475, 6784750, 6809883, 25133
78476, 6784760, 6809896, 25136
78477, 6784770, 6809909, 25139
78478, 6784780, 6809923, 25143
78479, 6784790, 6809936, 25146
78480, 6784800, 6809949, 25149
78482, 6784820, 6809963, 25143
78483, 6784830, 6809976, 25146
78484, 6784840, 6809990, 25150
78485, 6784850, 6810003, 25153
78486, 6784860, 6810016, 25156
78487, 6784870, 6810030, 25160
78488, 6784880, 6810043, 25163
78489, 6784890, 6810056, 25166
78490, 6784900, 6810070, 25170
78491, 6784910, 6810083, 25173
78493, 6784930, 6810096, 25166
78494, 6784940, 6810110, 25170
78495, 6784950, 6810123, 25173
78496, 6784960, 6810136, 25176
78497, 6784970, 6810150, 25180
78498, 6784980, 6810163, 25183
78499, 6784990, 6810177, 25187
78501, 6785010, 6810203, 25193
78502, 6785020, 6810217, 25197
78504, 6785040, 6810230, 25190
78505, 6785050, 6810243, 25193
78506, 6785060, 6810257, 25197
78507, 6785070, 6810270, 25200
78508, 6785080, 6810284, 25204
78509, 6785090, 6810297, 25207
78510, 6785100, 6810310, 25210
78511, 6785110, 6810324, 25214
78512, 6785120, 6810337, 25217
78513, 6785130, 6810350, 25220
78514, 6785140, 6810364, 25224
78516, 6785160, 6810377, 25217
78517, 6785170, 6810390, 25220
78518, 6785180, 6810404, 25224
78519, 6785190, 6810417, 25227
78520, 6785200, 6810430, 25230
78521, 6785210, 6814012, 28802
78522, 6785220, 6814025, 28805
78523, 6785230, 6814039, 28809
78524, 6785240, 6814052, 28812
78525, 6785250, 6814065, 28815
78527, 6785270, 6814079, 28809
78528, 6785280, 6814092, 28812
78529, 6785290, 6814106, 28816
78530, 6785300, 6814119, 28819
78531, 6785310, 6814132, 28822
78532, 6785320, 6814146, 28826
78533, 6785330, 6814159, 28829
78534, 6785340, 6814172, 28832
78535, 6785350, 6814186, 28836
78536, 6785360, 6814199, 28839
78537, 6785370, 6814212, 28842
78539, 6785390, 6814226, 28836
78540, 6785400, 6814239, 28839
78541, 6785410, 6814252, 28842
78542, 6785420, 6814266, 28846
78543, 6785430, 6814279, 28849
78544, 6785440, 6814293, 28853
78545, 6785450, 6814306, 28856
78546, 6785460, 6814319, 28859
78547, 6785470, 6814333, 28863
78548, 6785480, 6814346, 28866
78551, 6785510, 6814373, 28863
78552, 6785520, 6814386, 28866
78553, 6785530, 6814400, 28870
78554, 6785540, 6814413, 28873
78555, 6785550, 6814426, 28876
78556, 6785560, 6814440, 28880
78557, 6785570, 6814453, 28883
78558, 6785580, 6814466, 28886
78559, 6785590, 6814480, 28890
78561, 6785610, 6814493, 28883
78562, 6785620, 6814506, 28886
78563, 6785630, 6814520, 28890
78564, 6785640, 6814533, 28893
78565, 6785650, 6814546, 28896
78566, 6785660, 6814560, 28900
78567, 6785670, 6814573, 28903
78568, 6785680, 6814587, 28907
78569, 6785690, 6814600, 28910
78570, 6785700, 6814613, 28913
78571, 6785710, 6814627, 28917
78573, 6785730, 6814640, 28910
78574, 6785740, 6814653, 28913
78575, 6785750, 6814667, 28917
78576, 6785760, 6814680, 28920
78577, 6785770, 6814693, 28923
78578, 6785780, 6814707, 28927
78579, 6785790, 6814720, 28930
78580, 6785800, 6814734, 28934
78581, 6785810, 6814747, 28937
78582, 6785820, 6814760, 28940
78584, 6785840, 6814774, 28934
78585, 6785850, 6814787, 28937
78586, 6785860, 6814800, 28940
78587, 6785870, 6814814, 28944
78588, 6785880, 6814827, 28947
78589, 6785890, 6814840, 28950
78590, 6785900, 6814854, 28954
78591, 6785910, 6814867, 28957
78592, 6785920, 6814880, 28960
78593, 6785930, 6814894, 28964
78594, 6785940, 6814907, 28967
78596, 6785960, 6814921, 28961
78597, 6785970, 6814934, 28964
78598, 6785980, 6814947, 28967
78599, 6785990, 6814961, 28971
79002, 6790020, 6814987, 24967
79003, 6790030, 6815001, 24971
79004, 6790040, 6815014, 24974
79005, 6790050, 6815027, 24977
79006, 6790060, 6815041, 24981
79007, 6790070, 6815054, 24984
79008, 6790080, 6815067, 24987
79009, 6790090, 6815081, 24991
79010, 6790100, 6815094, 24994
79011, 6790110, 6815108, 24998
79013, 6790130, 6815121, 24991
79014, 6790140, 6815134, 24994
79015, 6790150, 6815148, 24998
79016, 6790160, 6815161, 25001
79017, 6790170, 6815174, 25004
79018, 6790180, 6815188, 25008
79019, 6790190, 6815201, 25011
79020, 6790200, 6815214, 25014
79021, 6790210, 6815228, 25018
79022, 6790220, 6815241, 25021
79024, 6790240, 6815254, 25014
79025, 6790250, 6815268, 25018
79026, 6790260, 6815281, 25021
79027, 6790270, 6815295, 25025
79028, 6790280, 6815308, 25028
79029, 6790290, 6815321, 25031
79030, 6790300, 6815335, 25035
79031, 6790310, 6815348, 25038
79032, 6790320, 6815361, 25041
79033, 6790330, 6815375, 25045
79034, 6790340, 6815388, 25048
79036, 6790360, 6815401, 25041
79037, 6790370, 6815415, 25045
79038, 6790380, 6815428, 25048
79039, 6790390, 6815442, 25052
79040, 6790400, 6815455, 25055
79041, 6790410, 6815468, 25058
79042, 6790420, 6815482, 25062
79043, 6790430, 6815495, 25065
79044, 6790440, 6815508, 25068
79045, 6790450, 6815522, 25072
79047, 6790470, 6815535, 25065
79048, 6790480, 6815548, 25068
79049, 6790490, 6815562, 25072
79051, 6790510, 6815589, 25079
79052, 6790520, 6815602, 25082
79053, 6790530, 6815615, 25085
79054, 6790540, 6815629, 25089
79055, 6790550, 6815642, 25092
79056, 6790560, 6815655, 25095
79057, 6790570, 6815669, 25099
79059, 6790590, 6815682, 25092
79060, 6790600, 6815695, 25095
79061, 6790610, 6815709, 25099
79062, 6790620, 6815722, 25102
79063, 6790630, 6815736, 25106
79064, 6790640, 6815749, 25109
79065, 6790650, 6815762, 25112
79066, 6790660, 6815776, 25116
79067, 6790670, 6815789, 25119
79068, 6790680, 6815802, 25122
79070, 6790700, 6815816, 25116
79071, 6790710, 6815829, 25119
79072, 6790720, 6815842, 25122
79073, 6790730, 6815856, 25126
79074, 6790740, 6815869, 25129
79075, 6790750, 6815882, 25132
79076, 6790760, 6815896, 25136
79077, 6790770, 6815909, 25139
79078, 6790780, 6815923, 25143
79079, 6790790, 6815936, 25146
79081, 6790810, 6815949, 25139
79082, 6790820, 6815963, 25143
79083, 6790830, 6815976, 25146
79084, 6790840, 6815989, 25149
79085, 6790850, 6816003, 25153
79086, 6790860, 6816016, 25156
79087, 6790870, 6816029, 25159
79088, 6790880, 6816043, 25163
79089, 6790890, 6816056, 25166
79090, 6790900, 6816070, 25170
79091, 6790910, 6816083, 25173
79093, 6790930, 6816096, 25166
79094, 6790940, 6816110, 25170
79095, 6790950, 6816123, 25173
79096, 6790960, 6816136, 25176
79097, 6790970, 6816150, 25180
79098, 6790980, 6816163, 25183
79099, 6790990, 6816176, 25186
79101, 6791010, 6816203, 25193
79102, 6791020, 6816217, 25197
79104, 6791040, 6816230, 25190
79105, 6791050, 6816243, 25193
79106, 6791060, 6816257, 25197
79107, 6791070, 6816270, 25200
79108, 6791080, 6816283, 25203
79109, 6791090, 6816297, 25207
79110, 6791100, 6816310, 25210
79111, 6791110, 6816323, 25213
79112, 6791120, 6816337, 25217
79113, 6791130, 6816350, 25220
79114, 6791140, 6816364, 25224
79116, 6791160, 6816377, 25217
79117, 6791170, 6816390, 25220
79118, 6791180, 6816404, 25224
79119, 6791190, 6816417, 25227
79120, 6791200, 6816430, 25230
79121, 6791210, 6820012, 28802
79122, 6791220, 6820025, 28805
79123, 6791230, 6820039, 28809
79124, 6791240, 6820052, 28812
79125, 6791250, 6820065, 28815
79127, 6791270, 6820079, 28809
79128, 6791280, 6820092, 28812
79129, 6791290, 6820106, 28816
79130, 6791300, 6820119, 28819
79131, 6791310, 6820132, 28822
79132, 6791320, 6820146, 28826
79133, 6791330, 6820159, 28829
79134, 6791340, 6820172, 28832
79135, 6791350, 6820186, 28836
79136, 6791360, 6820199, 28839
79138, 6791380, 6820212, 28832
79139, 6791390, 6820226, 28836
79140, 6791400, 6820239, 28839
79141, 6791410, 6820252, 28842
79142, 6791420, 6820266, 28846
79143, 6791430, 6820279, 28849
79144, 6791440, 6820293, 28853
79145, 6791450, 6820306, 28856
79146, 6791460, 6820319, 28859
79147, 6791470, 6820333, 28863
79148, 6791480, 6820346, 28866
79151, 6791510, 6820373, 28863
79152, 6791520, 6820386, 28866
79153, 6791530, 6820400, 28870
79154, 6791540, 6820413, 28873
79155, 6791550, 6820426, 28876
79156, 6791560, 6820440, 28880
79157, 6791570, 6820453, 28883
79158, 6791580, 6820466, 28886
79159, 6791590, 6820480, 28890
79161, 6791610, 6820493, 28883
79162, 6791620, 6820506, 28886
79163, 6791630, 6820520, 28890
79164, 6791640, 6820533, 28893
79165, 6791650, 6820546, 28896
79166, 6791660, 6820560, 28900
79167, 6791670, 6820573, 28903
79168, 6791680, 6820587, 28907
79169, 6791690, 6820600, 28910
79170, 6791700, 6820613, 28913
79171, 6791710, 6820627, 28917
79173, 6791730, 6820640, 28910
79174, 6791740, 6820653, 28913
79175, 6791750, 6820667, 28917
79176, 6791760, 6820680, 28920
79177, 6791770, 6820693, 28923
79178, 6791780, 6820707, 28927
79179, 6791790, 6820720, 28930
79180, 6791800, 6820734, 28934
79181, 6791810, 6820747, 28937
79182, 6791820, 6820760, 28940
79184, 6791840, 6820774, 28934
79185, 6791850, 6820787, 28937
79186, 6791860, 6820800, 28940
79187, 6791870, 6820814, 28944
79188, 6791880, 6820827, 28947
79189, 6791890, 6820840, 28950
79190, 6791900, 6820854, 28954
79191, 6791910, 6820867, 28957
79192, 6791920, 6820880, 28960
79193, 6791930, 6820894, 28964
79195, 6791950, 6820907, 28957
79196, 6791960, 6820921, 28961
79197, 6791970, 6820934, 28964
79198, 6791980, 6820947, 28967
79199, 6791990, 6820961, 28971
79602, 6796020, 6820987, 24967
79603, 6796030, 6821001, 24971
79604, 6796040, 6821014, 24974
79605, 6796050, 6821028, 24978
79606, 6796060, 6821041, 24981
79607, 6796070, 6821054, 24984
79608, 6796080, 6821068, 24988
79609, 6796090, 6821081, 24991
79610, 6796100, 6821094, 24994
79611, 6796110, 6821108, 24998
79613, 6796130, 6821121, 24991
79614, 6796140, 6821134, 24994
79615, 6796150, 6821148, 24998
79616, 6796160, 6821161, 25001
79617, 6796170, 6821174, 25004
79618, 6796180, 6821188, 25008
79619, 6796190, 6821201, 25011
79620, 6796200, 6821215, 25015
79621, 6796210, 6821228, 25018
79622, 6796220, 6821241, 25021
79624, 6796240, 6821255, 25015
79625, 6796250, 6821268, 25018
79626, 6796260, 6821281, 25021
79627, 6796270, 6821295, 25025
79628, 6796280, 6821308, 25028
79629, 6796290, 6821321, 25031
79630, 6796300, 6821335, 25035
79631, 6796310, 6821348, 25038
79632, 6796320, 6821362, 25042
79633, 6796330, 6821375, 25045
79634, 6796340, 6821388, 25048
79636, 6796360, 6821402, 25042
79637, 6796370, 6821415, 25045
79638, 6796380, 6821428, 25048
79639, 6796390, 6821442, 25052
79640, 6796400, 6821455, 25055
79641, 6796410, 6821468, 25058
79642, 6796420, 6821482, 25062
79643, 6796430, 6821495, 25065
79644, 6796440, 6821508, 25068
79645, 6796450, 6821522, 25072
79647, 6796470, 6821535, 25065
79648, 6796480, 6821549, 25069
79649, 6796490, 6821562, 25072
79651, 6796510, 6821589, 25079
79652, 6796520, 6821602, 25082
79653, 6796530, 6821615, 25085
79654, 6796540, 6821629, 25089
79655, 6796550, 6821642, 25092
79656, 6796560, 6821656, 25096
79657, 6796570, 6821669, 25099
79659, 6796590, 6821682, 25092
79660, 6796600, 6821696, 25096
79661, 6796610, 6821709, 25099
79662, 6796620, 6821722, 25102
79663, 6796630, 6821736, 25106
79664, 6796640, 6821749, 25109
79665, 6796650, 6821762, 25112
79666, 6796660, 6821776, 25116
79667, 6796670, 6821789, 25119
79668, 6796680, 6821802, 25122
79670, 6796700, 6821816, 25116
79671, 6796710, 6821829, 25119
79672, 6796720, 6821843, 25123
79673, 6796730, 6821856, 25126
79674, 6796740, 6821869, 25129
79675, 6796750, 6821883, 25133
79676, 6796760, 6821896, 25136
79677, 6796770, 6821909, 25139
79678, 6796780, 6821923, 25143
79679, 6796790, 6821936, 25146
79681, 6796810, 6821949, 25139
79682, 6796820, 6821963, 25143
79683, 6796830, 6821976, 25146
79684, 6796840, 6821990, 25150
79685, 6796850, 6822003, 25153
79686, 6796860, 6822016, 25156
79687, 6796870, 6822030, 25160
79688, 6796880, 6822043, 25163
79689, 6796890, 6822056, 25166
79690, 6796900, 6822070, 25170
79691, 6796910, 6822083, 25173
79693, 6796930, 6822096, 25166
79694, 6796940, 6822110, 25170
79695, 6796950, 6822123, 25173
79696, 6796960, 6822136, 25176
79697, 6796970, 6822150, 25180
79698, 6796980, 6822163, 25183
79699, 6796990, 6822177, 25187
79701, 6797010, 6822203, 25193
79702, 6797020, 6822217, 25197
79704, 6797040, 6822230, 25190
79705, 6797050, 6822243, 25193
79706, 6797060, 6822257, 25197
79707, 6797070, 6822270, 25200
79708, 6797080, 6822284, 25204
79709, 6797090, 6822297, 25207
79710, 6797100, 6822310, 25210
79711, 6797110, 6822324, 25214
79712, 6797120, 6822337, 25217
79713, 6797130, 6822350, 25220
79714, 6797140, 6822364, 25224
79716, 6797160, 6822377, 25217
79717, 6797170, 6822390, 25220
79718, 6797180, 6822404, 25224
79719, 6797190, 6822417, 25227
79720, 6797200, 6822430, 25230
79721, 6797210, 6826012, 28802
79722, 6797220, 6826025, 28805
79723, 6797230, 6826039, 28809
79724, 6797240, 6826052, 28812
79725, 6797250, 6826065, 28815
79727, 6797270, 6826079, 28809
79728, 6797280, 6826092, 28812
79729, 6797290, 6826106, 28816
79730, 6797300, 6826119, 28819
79731, 6797310, 6826132, 28822
79732, 6797320, 6826146, 28826
79733, 6797330, 6826159, 28829
79734, 6797340, 6826172, 28832
79735, 6797350, 6826186, 28836
79736, 6797360, 6826199, 28839
79738, 6797380, 6826212, 28832
79739, 6797390, 6826226, 28836
79740, 6797400, 6826239, 28839
79741, 6797410, 6826252, 28842
79742, 6797420, 6826266, 28846
79743, 6797430, 6826279, 28849
79744, 6797440, 6826293, 28853
79745, 6797450, 6826306, 28856
79746, 6797460, 6826319, 28859
79747, 6797470, 6826333, 28863
79748, 6797480, 6826346, 28866
79751, 6797510, 6826373, 28863
79752, 6797520, 6826386, 28866
79753, 6797530, 6826400, 28870
79754, 6797540, 6826413, 28873
79755, 6797550, 6826426, 28876
79756, 6797560, 6826440, 28880
79757, 6797570, 6826453, 28883
79758, 6797580, 6826466, 28886
79759, 6797590, 6826480, 28890
79761, 6797610, 6826493, 28883
79762, 6797620, 6826506, 28886
79763, 6797630, 6826520, 28890
79764, 6797640, 6826533, 28893
79765, 6797650, 6826546, 28896
79766, 6797660, 6826560, 28900
79767, 6797670, 6826573, 28903
79768, 6797680, 6826587, 28907
79769, 6797690, 6826600, 28910
79770, 6797700, 6826613, 28913
79771, 6797710, 6826627, 28917
79773, 6797730, 6826640, 28910
79774, 6797740, 6826653, 28913
79775, 6797750, 6826667, 28917
79776, 6797760, 6826680, 28920
79777, 6797770, 6826693, 28923
79778, 6797780, 6826707, 28927
79779, 6797790, 6826720, 28930
79780, 6797800, 6826734, 28934
79781, 6797810, 6826747, 28937
79782, 6797820, 6826760, 28940
79784, 6797840, 6826774, 28934
79785, 6797850, 6826787, 28937
79786, 6797860, 6826800, 28940
79787, 6797870, 6826814, 28944
79788, 6797880, 6826827, 28947
79789, 6797890, 6826840, 28950
79790, 6797900, 6826854, 28954
79791, 6797910, 6826867, 28957
79792, 6797920, 6826880, 28960
79793, 6797930, 6826894, 28964
79795, 6797950, 6826907, 28957
79796, 6797960, 6826921, 28961
79797, 6797970, 6826934, 28964
79798, 6797980, 6826947, 28967
79799, 6797990, 6826961, 28971
80202, 6802020, 6826987, 24967
80203, 6802030, 6827001, 24971
80204, 6802040, 6827014, 24974
80205, 6802050, 6827028, 24978
80206, 6802060, 6827041, 24981
80207, 6802070, 6827054, 24984
80208, 6802080, 6827068, 24988
80209, 6802090, 6827081, 24991
80210, 6802100, 6827094, 24994
80211, 6802110, 6827108, 24998
80213, 6802130, 6827121, 24991
80214, 6802140, 6827134, 24994
80215, 6802150, 6827148, 24998
80216, 6802160, 6827161, 25001
80217, 6802170, 6827174, 25004
80218, 6802180, 6827188, 25008
80219, 6802190, 6827201, 25011
80220, 6802200, 6827215, 25015
80221, 6802210, 6827228, 25018
80222, 6802220, 6827241, 25021
80224, 6802240, 6827255, 25015
80225, 6802250, 6827268, 25018
80226, 6802260, 6827281, 25021
80227, 6802270, 6827295, 25025
80228, 6802280, 6827308, 25028
80229, 6802290, 6827321, 25031
80230, 6802300, 6827335, 25035
80231, 6802310, 6827348, 25038
80232, 6802320, 6827362, 25042
80233, 6802330, 6827375, 25045
80234, 6802340, 6827388, 25048
80236, 6802360, 6827402, 25042
80237, 6802370, 6827415, 25045
80238, 6802380, 6827428, 25048
80239, 6802390, 6827442, 25052
80240, 6802400, 6827455, 25055
80241, 6802410, 6827468, 25058
80242, 6802420, 6827482, 25062
80243, 6802430, 6827495, 25065
80244, 6802440, 6827508, 25068
80245, 6802450, 6827522, 25072
80247, 6802470, 6827535, 25065
80248, 6802480, 6827549, 25069
80249, 6802490, 6827562, 25072
80251, 6802510, 6827589, 25079
80252, 6802520, 6827602, 25082
80253, 6802530, 6827615, 25085
80254, 6802540, 6827629, 25089
80255, 6802550, 6827642, 25092
80256, 6802560, 6827656, 25096
80257, 6802570, 6827669, 25099
80259, 6802590, 6827682, 25092
80260, 6802600, 6827696, 25096
80261, 6802610, 6827709, 25099
80262, 6802620, 6827722, 25102
80263, 6802630, 6827736, 25106
80264, 6802640, 6827749, 25109
80265, 6802650, 6827762, 25112
80266, 6802660, 6827776, 25116
80267, 6802670, 6827789, 25119
80268, 6802680, 6827802, 25122
80270, 6802700, 6827816, 25116
80271, 6802710, 6827829, 25119
80272, 6802720, 6827843, 25123
80273, 6802730, 6827856, 25126
80274, 6802740, 6827869, 25129
80275, 6802750, 6827883, 25133
80276, 6802760, 6827896, 25136
80277, 6802770, 6827909, 25139
80278, 6802780, 6827923, 25143
80279, 6802790, 6827936, 25146
80281, 6802810, 6827949, 25139
80282, 6802820, 6827963, 25143
80283, 6802830, 6827976, 25146
80284, 6802840, 6827990, 25150
80285, 6802850, 6828003, 25153
80286, 6802860, 6828016, 25156
80287, 6802870, 6828030, 25160
80288, 6802880, 6828043, 25163
80289, 6802890, 6828056, 25166
80290, 6802900, 6828070, 25170
80291, 6802910, 6828083, 25173
80293, 6802930, 6828096, 25166
80294, 6802940, 6828110, 25170
80295, 6802950, 6828123, 25173
80296, 6802960, 6828136, 25176
80297, 6802970, 6828150, 25180
80298, 6802980, 6828163, 25183
80299, 6802990, 6828177, 25187
80301, 6803010, 6828203, 25193
80302, 6803020, 6828217, 25197
80304, 6803040, 6828230, 25190
80305, 6803050, 6828243, 25193
80306, 6803060, 6828257, 25197
80307, 6803070, 6828270, 25200
80308, 6803080, 6828284, 25204
80309, 6803090, 6828297, 25207
80310, 6803100, 6828310, 25210
80311, 6803110, 6828324, 25214
80312, 6803120, 6828337, 25217
80313, 6803130, 6828350, 25220
80314, 6803140, 6828364, 25224
80316, 6803160, 6828377, 25217
80317, 6803170, 6828390, 25220
80318, 6803180, 6828404, 25224
80319, 6803190, 6828417, 25227
80320, 6803200, 6828430, 25230
80321, 6803210, 6832012, 28802
80322, 6803220, 6832025, 28805
80323, 6803230, 6832039, 28809
80324, 6803240, 6832052, 28812
80325, 6803250, 6832065, 28815
80327, 6803270, 6832079, 28809
80328, 6803280, 6832092, 28812
80329, 6803290, 6832106, 28816
80330, 6803300, 6832119, 28819
80331, 6803310, 6832132, 28822
80332, 6803320, 6832146, 28826
80333, 6803330, 6832159, 28829
80334, 6803340, 6832172, 28832
80335, 6803350, 6832186, 28836
80336, 6803360, 6832199, 28839
80338, 6803380, 6832212, 28832
80339, 6803390, 6832226, 28836
80340, 6803400, 6832239, 28839
80341, 6803410, 6832252, 28842
80342, 6803420, 6832266, 28846
80343, 6803430, 6832279, 28849
80344, 6803440, 6832293, 28853
80345, 6803450, 6832306, 28856
80346, 6803460, 6832319, 28859
80347, 6803470, 6832333, 28863
80348, 6803480, 6832346, 28866
80351, 6803510, 6832373, 28863
80352, 6803520, 6832386, 28866
80353, 6803530, 6832400, 28870
80354, 6803540, 6832413, 28873
80355, 6803550, 6832426, 28876
80356, 6803560, 6832440, 28880
80357, 6803570, 6832453, 28883
80358, 6803580, 6832466, 28886
80359, 6803590, 6832480, 28890
80361, 6803610, 6832493, 28883
80362, 6803620, 6832506, 28886
80363, 6803630, 6832520, 28890
80364, 6803640, 6832533, 28893
80365, 6803650, 6832546, 28896
80366, 6803660, 6832560, 28900
80367, 6803670, 6832573, 28903
80368, 6803680, 6832587, 28907
80369, 6803690, 6832600, 28910
80370, 6803700, 6832613, 28913
80371, 6803710, 6832627, 28917
80373, 6803730, 6832640, 28910
80374, 6803740, 6832653, 28913
80375, 6803750, 6832667, 28917
80376, 6803760, 6832680, 28920
80377, 6803770, 6832693, 28923
80378, 6803780, 6832707, 28927
80379, 6803790, 6832720, 28930
80380, 6803800, 6832734, 28934
80381, 6803810, 6832747, 28937
80382, 6803820, 6832760, 28940
80384, 6803840, 6832774, 28934
80385, 6803850, 6832787, 28937
80386, 6803860, 6832800, 28940
80387, 6803870, 6832814, 28944
80388, 6803880, 6832827, 28947
80389, 6803890, 6832840, 28950
80390, 6803900, 6832854, 28954
80391, 6803910, 6832867, 28957
80392, 6803920, 6832880, 28960
80393, 6803930, 6832894, 28964
80395, 6803950, 6832907, 28957
80396, 6803960, 6832921, 28961
80397, 6803970, 6832934, 28964
80398, 6803980, 6832947, 28967
80399, 6803990, 6832961, 28971
80802, 6808020, 6832987, 24967
80803, 6808030, 6833001, 24971
80804, 6808040, 6833014, 24974
80805, 6808050, 6833028, 24978
80806, 6808060, 6833041, 24981
80807, 6808070, 6833054, 24984
80808, 6808080, 6833068, 24988
80809, 6808090, 6833081, 24991
80810, 6808100, 6833094, 24994
80811, 6808110, 6833108, 24998
80813, 6808130, 6833121, 24991
80814, 6808140, 6833134, 24994
80815, 6808150, 6833148, 24998
80816, 6808160, 6833161, 25001
80817, 6808170, 6833174, 25004
80818, 6808180, 6833188, 25008
80819, 6808190, 6833201, 25011
80820, 6808200, 6833215, 25015
80821, 6808210, 6833228, 25018
80822, 6808220, 6833241, 25021
80824, 6808240, 6833255, 25015
80825, 6808250, 6833268, 25018
80826, 6808260, 6833281, 25021
80827, 6808270, 6833295, 25025
80828, 6808280, 6833308, 25028
80829, 6808290, 6833321, 25031
80830, 6808300, 6833335, 25035
80831, 6808310, 6833348, 25038
80832, 6808320, 6833362, 25042
80833, 6808330, 6833375, 25045
80834, 6808340, 6833388, 25048
80836, 6808360, 6833402, 25042
80837, 6808370, 6833415, 25045
80838, 6808380, 6833428, 25048
80839, 6808390, 6833442, 25052
80840, 6808400, 6833455, 25055
80841, 6808410, 6833468, 25058
80842, 6808420, 6833482, 25062
80843, 6808430, 6833495, 25065
80844, 6808440, 6833508, 25068
80845, 6808450, 6833522, 25072
80847, 6808470, 6833535, 25065
80848, 6808480, 6833549, 25069
80849, 6808490, 6833562, 25072
80851, 6808510, 6833589, 25079
80852, 6808520, 6833602, 25082
80853, 6808530, 6833615, 25085
80854, 6808540, 6833629, 25089
80855, 6808550, 6833642, 25092
80856, 6808560, 6833656, 25096
80857, 6808570, 6833669, 25099
80859, 6808590, 6833682, 25092
80860, 6808600, 6833696, 25096
80861, 6808610, 6833709, 25099
80862, 6808620, 6833722, 25102
80863, 6808630, 6833736, 25106
80864, 6808640, 6833749, 25109
80865, 6808650, 6833762, 25112
80866, 6808660, 6833776, 25116
80867, 6808670, 6833789, 25119
80868, 6808680, 6833802, 25122
80870, 6808700, 6833816, 25116
80871, 6808710, 6833829, 25119
80872, 6808720, 6833843, 25123
80873, 6808730, 6833856, 25126
80874, 6808740, 6833869, 25129
80875, 6808750, 6833883, 25133
80876, 6808760, 6833896, 25136
80877, 6808770, 6833909, 25139
80878, 6808780, 6833923, 25143
80879, 6808790, 6833936, 25146
80881, 6808810, 6833949, 25139
80882, 6808820, 6833963, 25143
80883, 6808830, 6833976, 25146
80884, 6808840, 6833990, 25150
80885, 6808850, 6834003, 25153
80886, 6808860, 6834016, 25156
80887, 6808870, 6834030, 25160
80888, 6808880, 6834043, 25163
80889, 6808890, 6834056, 25166
80890, 6808900, 6834070, 25170
80891, 6808910, 6834083, 25173
80893, 6808930, 6834096, 25166
80894, 6808940, 6834110, 25170
80895, 6808950, 6834123, 25173
80896, 6808960, 6834136, 25176
80897, 6808970, 6834150, 25180
80898, 6808980, 6834163, 25183
80899, 6808990, 6834177, 25187
80901, 6809010, 6834203, 25193
80902, 6809020, 6834217, 25197
80904, 6809040, 6834230, 25190
80905, 6809050, 6834243, 25193
80906, 6809060, 6834257, 25197
80907, 6809070, 6834270, 25200
80908, 6809080, 6834284, 25204
80909, 6809090, 6834297, 25207
80910, 6809100, 6834310, 25210
80911, 6809110, 6834324, 25214
80912, 6809120, 6834337, 25217
80913, 6809130, 6834350, 25220
80914, 6809140, 6834364, 25224
80916, 6809160, 6834377, 25217
80917, 6809170, 6834390, 25220
80918, 6809180, 6834404, 25224
80919, 6809190, 6834417, 25227
80920, 6809200, 6834430, 25230
80921, 6809210, 6838012, 28802
80922, 6809220, 6838025, 28805
80923, 6809230, 6838039, 28809
80924, 6809240, 6838052, 28812
80925, 6809250, 6838065, 28815
80927, 6809270, 6838079, 28809
80928, 6809280, 6838092, 28812
80929, 6809290, 6838106, 28816
80930, 6809300, 6838119, 28819
80931, 6809310, 6838132, 28822
80932, 6809320, 6838146, 28826
80933, 6809330, 6838159, 28829
80934, 6809340, 6838172, 28832
80935, 6809350, 6838186, 28836
80936, 6809360, 6838199, 28839
80938, 6809380, 6838212, 28832
80939, 6809390, 6838226, 28836
80940, 6809400, 6838239, 28839
80941, 6809410, 6838252, 28842
80942, 6809420, 6838266, 28846
80943, 6809430, 6838279, 28849
80944, 6809440, 6838293, 28853
80945, 6809450, 6838306, 28856
80946, 6809460, 6838319, 28859
80947, 6809470, 6838333, 28863
80948, 6809480, 6838346, 28866
80951, 6809510, 6838373, 28863
80952, 6809520, 6838386, 28866
80953, 6809530, 6838400, 28870
80954, 6809540, 6838413, 28873
80955, 6809550, 6838426, 28876
80956, 6809560, 6838440, 28880
80957, 6809570, 6838453, 28883
80958, 6809580, 6838466, 28886
80959, 6809590, 6838480, 28890
80961, 6809610, 6838493, 28883
80962, 6809620, 6838506, 28886
80963, 6809630, 6838520, 28890
80964, 6809640, 6838533, 28893
80965, 6809650, 6838546, 28896
80966, 6809660, 6838560, 28900
80967, 6809670, 6838573, 28903
80968, 6809680, 6838587, 28907
80969, 6809690, 6838600, 28910
80970, 6809700, 6838613, 28913
80971, 6809710, 6838627, 28917
80973, 6809730, 6838640, 28910
80974, 6809740, 6838653, 28913
80975, 6809750, 6838667, 28917
80976, 6809760, 6838680, 28920
80977, 6809770, 6838693, 28923
80978, 6809780, 6838707, 28927
80979, 6809790, 6838720, 28930
80980, 6809800, 6838734, 28934
80981, 6809810, 6838747, 28937
80982, 6809820, 6838760, 28940
80984, 6809840, 6838774, 28934
80985, 6809850, 6838787, 28937
80986, 6809860, 6838800, 28940
80987, 6809870, 6838814, 28944
80988, 6809880, 6838827, 28947
80989, 6809890, 6838840, 28950
80990, 6809900, 6838854, 28954
80991, 6809910, 6838867, 28957
80992, 6809920, 6838880, 28960
80993, 6809930, 6838894, 28964
80995, 6809950, 6838907, 28957
80996, 6809960, 6838921, 28961
80997, 6809970, 6838934, 28964
80998, 6809980, 6838947, 28967
80999, 6809990, 6838961, 28971
81402, 6814020, 6838987, 24967
81403, 6814030, 6839001, 24971
81404, 6814040, 6839014, 24974
81405, 6814050, 6839028, 24978
81406, 6814060, 6839041, 24981
81407, 6814070, 6839054, 24984
81408, 6814080, 6839068, 24988
81409, 6814090, 6839081, 24991
81410, 6814100, 6839094, 24994
81411, 6814110, 6839108, 24998
81413, 6814130, 6839121, 24991
81414, 6814140, 6839134, 24994
81415, 6814150, 6839148, 24998
81416, 6814160, 6839161, 25001
81417, 6814170, 6839174, 25004
81418, 6814180, 6839188, 25008
81419, 6814190, 6839201, 25011
81420, 6814200, 6839215, 25015
81421, 6814210, 6839228, 25018
81422, 6814220, 6839241, 25021
81424, 6814240, 6839255, 25015
81425, 6814250, 6839268, 25018
81426, 6814260, 6839281, 25021
81427, 6814270, 6839295, 25025
81428, 6814280, 6839308, 25028
81429, 6814290, 6839321, 25031
81430, 6814300, 6839335, 25035
81431, 6814310, 6839348, 25038
81432, 6814320, 6839362, 25042
81433, 6814330, 6839375, 25045
81434, 6814340, 6839388, 25048
81436, 6814360, 6839402, 25042
81437, 6814370, 6839415, 25045
81438, 6814380, 6839428, 25048
81439, 6814390, 6839442, 25052
81440, 6814400, 6839455, 25055
81441, 6814410, 6839468, 25058
81442, 6814420, 6839482, 25062
81443, 6814430, 6839495, 25065
81444, 6814440, 6839508, 25068
81445, 6814450, 6839522, 25072
81447, 6814470, 6839535, 25065
81448, 6814480, 6839549, 25069
81449, 6814490, 6839562, 25072
81451, 6814510, 6839589, 25079
81452, 6814520, 6839602, 25082
81453, 6814530, 6839615, 25085
81454, 6814540, 6839629, 25089
81455, 6814550, 6839642, 25092
81456, 6814560, 6839656, 25096
81457, 6814570, 6839669, 25099
81459, 6814590, 6839682, 25092
81460, 6814600, 6839696, 25096
81461, 6814610, 6839709, 25099
81462, 6814620, 6839722, 25102
81463, 6814630, 6839736, 25106
81464, 6814640, 6839749, 25109
81465, 6814650, 6839762, 25112
81466, 6814660, 6839776, 25116
81467, 6814670, 6839789, 25119
81468, 6814680, 6839802, 25122
81470, 6814700, 6839816, 25116
81471, 6814710, 6839829, 25119
81472, 6814720, 6839843, 25123
81473, 6814730, 6839856, 25126
81474, 6814740, 6839869, 25129
81475, 6814750, 6839883, 25133
81476, 6814760, 6839896, 25136
81477, 6814770, 6839909, 25139
81478, 6814780, 6839923, 25143
81479, 6814790, 6839936, 25146
81480, 6814800, 6839949, 25149
81482, 6814820, 6839963, 25143
81483, 6814830, 6839976, 25146
81484, 6814840, 6839990, 25150
81485, 6814850, 6840003, 25153
81486, 6814860, 6840016, 25156
81487, 6814870, 6840030, 25160
81488, 6814880, 6840043, 25163
81489, 6814890, 6840056, 25166
81490, 6814900, 6840070, 25170
81491, 6814910, 6840083, 25173
81493, 6814930, 6840096, 25166
81494, 6814940, 6840110, 25170
81495, 6814950, 6840123, 25173
81496, 6814960, 6840136, 25176
81497, 6814970, 6840150, 25180
81498, 6814980, 6840163, 25183
81499, 6814990, 6840177, 25187
81501, 6815010, 6840203, 25193
81502, 6815020, 6840217, 25197
81504, 6815040, 6840230, 25190
81505, 6815050, 6840243, 25193
81506, 6815060, 6840257, 25197
81507, 6815070, 6840270, 25200
81508, 6815080, 6840284, 25204
81509, 6815090, 6840297, 25207
81510, 6815100, 6840310, 25210
81511, 6815110, 6840324, 25214
81512, 6815120, 6840337, 25217
81513, 6815130, 6840350, 25220
81514, 6815140, 6840364, 25224
81516, 6815160, 6840377, 25217
81517, 6815170, 6840390, 25220
81518, 6815180, 6840404, 25224
81519, 6815190, 6840417, 25227
81520, 6815200, 6840430, 25230
81521, 6815210, 6844012, 28802
81522, 6815220, 6844025, 28805
81523, 6815230, 6844039, 28809
81524, 6815240, 6844052, 28812
81525, 6815250, 6844065, 28815
81527, 6815270, 6844079, 28809
81528, 6815280, 6844092, 28812
81529, 6815290, 6844106, 28816
81530, 6815300, 6844119, 28819
81531, 6815310, 6844132, 28822
81532, 6815320, 6844146, 28826
81533, 6815330, 6844159, 28829
81534, 6815340, 6844172, 28832
81535, 6815350, 6844186, 28836
81536, 6815360, 6844199, 28839
81537, 6815370, 6844212, 28842
81539, 6815390, 6844226, 28836
81540, 6815400, 6844239, 28839
81541, 6815410, 6844252, 28842
81542, 6815420, 6844266, 28846
81543, 6815430, 6844279, 28849
81544, 6815440, 6844293, 28853
81545, 6815450, 6844306, 28856
81546, 6815460, 6844319, 28859
81547, 6815470, 6844333, 28863
81548, 6815480, 6844346, 28866
81551, 6815510, 6844373, 28863
81552, 6815520, 6844386, 28866
81553, 6815530, 6844400, 28870
81554, 6815540, 6844413, 28873
81555, 6815550, 6844426, 28876
81556, 6815560, 6844440, 28880
81557, 6815570, 6844453, 28883
81558, 6815580, 6844466, 28886
81559, 6815590, 6844480, 28890
81561, 6815610, 6844493, 28883
81562, 6815620, 6844506, 28886
81563, 6815630, 6844520, 28890
81564, 6815640, 6844533, 28893
81565, 6815650, 6844546, 28896
81566, 6815660, 6844560, 28900
81567, 6815670, 6844573, 28903
81568, 6815680, 6844587, 28907
81569, 6815690, 6844600, 28910
81570, 6815700, 6844613, 28913
81571, 6815710, 6844627, 28917
81573, 6815730, 6844640, 28910
81574, 6815740, 6844653, 28913
81575, 6815750, 6844667, 28917
81576, 6815760, 6844680, 28920
81577, 6815770, 6844693, 28923
81578, 6815780, 6844707, 28927
81579, 6815790, 6844720, 28930
81580, 6815800, 6844734, 28934
81581, 6815810, 6844747, 28937
81582, 6815820, 6844760, 28940
81584, 6815840, 6844774, 28934
81585, 6815850, 6844787, 28937
81586, 6815860, 6844800, 28940
81587, 6815870, 6844814, 28944
81588, 6815880, 6844827, 28947
81589, 6815890, 6844840, 28950
81590, 6815900, 6844854, 28954
81591, 6815910, 6844867, 28957
81592, 6815920, 6844880, 28960
81593, 6815930, 6844894, 28964
81594, 6815940, 6844907, 28967
81596, 6815960, 6844921, 28961
81597, 6815970, 6844934, 28964
81598, 6815980, 6844947, 28967
81599, 6815990, 6844961, 28971
82002, 6820020, 6844987, 24967
82003, 6820030, 6845001, 24971
82004, 6820040, 6845014, 24974
82005, 6820050, 6845027, 24977
82006, 6820060, 6845041, 24981
82007, 6820070, 6845054, 24984
82008, 6820080, 6845067, 24987
82009, 6820090, 6845081, 24991
82010, 6820100, 6845094, 24994
82011, 6820110, 6845108, 24998
82013, 6820130, 6845121, 24991
82014, 6820140, 6845134, 24994
82015, 6820150, 6845148, 24998
82016, 6820160, 6845161, 25001
82017, 6820170, 6845174, 25004
82018, 6820180, 6845188, 25008
82019, 6820190, 6845201, 25011
82020, 6820200, 6845214, 25014
82021, 6820210, 6845228, 25018
82022, 6820220, 6845241, 25021
82024, 6820240, 6845254, 25014
82025, 6820250, 6845268, 25018
82026, 6820260, 6845281, 25021
82027, 6820270, 6845295, 25025
82028, 6820280, 6845308, 25028
82029, 6820290, 6845321, 25031
82030, 6820300, 6845335, 25035
82031, 6820310, 6845348, 25038
82032, 6820320, 6845361, 25041
82033, 6820330, 6845375, 25045
82034, 6820340, 6845388, 25048
82036, 6820360, 6845401, 25041
82037, 6820370, 6845415, 25045
82038, 6820380, 6845428, 25048
82039, 6820390, 6845442, 25052
82040, 6820400, 6845455, 25055
82041, 6820410, 6845468, 25058
82042, 6820420, 6845482, 25062
82043, 6820430, 6845495, 25065
82044, 6820440, 6845508, 25068
82045, 6820450, 6845522, 25072
82047, 6820470, 6845535, 25065
82048, 6820480, 6845548, 25068
82049, 6820490, 6845562, 25072
82051, 6820510, 6845589, 25079
82052, 6820520, 6845602, 25082
82053, 6820530, 6845615, 25085
82054, 6820540, 6845629, 25089
82055, 6820550, 6845642, 25092
82056, 6820560, 6845655, 25095
82057, 6820570, 6845669, 25099
82059, 6820590, 6845682, 25092
82060, 6820600, 6845695, 25095
82061, 6820610, 6845709, 25099
82062, 6820620, 6845722, 25102
82063, 6820630, 6845736, 25106
82064, 6820640, 6845749, 25109
82065, 6820650, 6845762, 25112
82066, 6820660, 6845776, 25116
82067, 6820670, 6845789, 25119
82068, 6820680, 6845802, 25122
82070, 6820700, 6845816, 25116
82071, 6820710, 6845829, 25119
82072, 6820720, 6845842, 25122
82073, 6820730, 6845856, 25126
82074, 6820740, 6845869, 25129
82075, 6820750, 6845882, 25132
82076, 6820760, 6845896, 25136
82077, 6820770, 6845909, 25139
82078, 6820780, 6845923, 25143
82079, 6820790, 6845936, 25146
82081, 6820810, 6845949, 25139
82082, 6820820, 6845963, 25143
82083, 6820830, 6845976, 25146
82084, 6820840, 6845989, 25149
82085, 6820850, 6846003, 25153
82086, 6820860, 6846016, 25156
82087, 6820870, 6846029, 25159
82088, 6820880, 6846043, 25163
82089, 6820890, 6846056, 25166
82090, 6820900, 6846070, 25170
82091, 6820910, 6846083, 25173
82093, 6820930, 6846096, 25166
82094, 6820940, 6846110, 25170
82095, 6820950, 6846123, 25173
82096, 6820960, 6846136, 25176
82097, 6820970, 6846150, 25180
82098, 6820980, 6846163, 25183
82099, 6820990, 6846176, 25186
82101, 6821010, 6846203, 25193
82102, 6821020, 6846217, 25197
82104, 6821040, 6846230, 25190
82105, 6821050, 6846243, 25193
82106, 6821060, 6846257, 25197
82107, 6821070, 6846270, 25200
82108, 6821080, 6846283, 25203
82109, 6821090, 6846297, 25207
82110, 6821100, 6846310, 25210
82111, 6821110, 6846323, 25213
82112, 6821120, 6846337, 25217
82113, 6821130, 6846350, 25220
82114, 6821140, 6846364, 25224
82116, 6821160, 6846377, 25217
82117, 6821170, 6846390, 25220
82118, 6821180, 6846404, 25224
82119, 6821190, 6846417, 25227
82120, 6821200, 6846430, 25230
82121, 6821210, 6850012, 28802
82122, 6821220, 6850025, 28805
82123, 6821230, 6850039, 28809
82124, 6821240, 6850052, 28812
82125, 6821250, 6850065, 28815
82127, 6821270, 6850079, 28809
82128, 6821280, 6850092, 28812
82129, 6821290, 6850106, 28816
82130, 6821300, 6850119, 28819
82131, 6821310, 6850132, 28822
82132, 6821320, 6850146, 28826
82133, 6821330, 6850159, 28829
82134, 6821340, 6850172, 28832
82135, 6821350, 6850186, 28836
82136, 6821360, 6850199, 28839
82138, 6821380, 6850212, 28832
82139, 6821390, 6850226, 28836
82140, 6821400, 6850239, 28839
82141, 6821410, 6850252, 28842
82142, 6821420, 6850266, 28846
82143, 6821430, 6850279, 28849
82144, 6821440, 6850293, 28853
82145, 6821450, 6850306, 28856
82146, 6821460, 6850319, 28859
82147, 6821470, 6850333, 28863
82148, 6821480, 6850346, 28866
82151, 6821510, 6850373, 28863
82152, 6821520, 6850386, 28866
82153, 6821530, 6850400, 28870
82154, 6821540, 6850413, 28873
82155, 6821550, 6850426, 28876
82156, 6821560, 6850440, 28880
82157, 6821570, 6850453, 28883
82158, 6821580, 6850466, 28886
82159, 6821590, 6850480, 28890
82161, 6821610, 6850493, 28883
82162, 6821620, 6850506, 28886
82163, 6821630, 6850520, 28890
82164, 6821640, 6850533, 28893
82165, 6821650, 6850546, 28896
82166, 6821660, 6850560, 28900
82167, 6821670, 6850573, 28903
82168, 6821680, 6850587, 28907
82169, 6821690, 6850600, 28910
82170, 6821700, 6850613, 28913
82171, 6821710, 6850627, 28917
82173, 6821730, 6850640, 28910
82174, 6821740, 6850653, 28913
82175, 6821750, 6850667, 28917
82176, 6821760, 6850680, 28920
82177, 6821770, 6850693, 28923
82178, 6821780, 6850707, 28927
82179, 6821790, 6850720, 28930
82180, 6821800, 6850734, 28934
82181, 6821810, 6850747, 28937
82182, 6821820, 6850760, 28940
82184, 6821840, 6850774, 28934
82185, 6821850, 6850787, 28937
82186, 6821860, 6850800, 28940
82187, 6821870, 6850814, 28944
82188, 6821880, 6850827, 28947
82189, 6821890, 6850840, 28950
82190, 6821900, 6850854, 28954
82191, 6821910, 6850867, 28957
82192, 6821920, 6850880, 28960
82193, 6821930, 6850894, 28964
82195, 6821950, 6850907, 28957
82196, 6821960, 6850921, 28961
82197, 6821970, 6850934, 28964
82198, 6821980, 6850947, 28967
82199, 6821990, 6850961, 28971
82602, 6826020, 6850987, 24967
82603, 6826030, 6851001, 24971
82604, 6826040, 6851014, 24974
82605, 6826050, 6851028, 24978
82606, 6826060, 6851041, 24981
82607, 6826070, 6851054, 24984
82608, 6826080, 6851068, 24988
82609, 6826090, 6851081, 24991
82610, 6826100, 6851094, 24994
82611, 6826110, 6851108, 24998
82613, 6826130, 6851121, 24991
82614, 6826140, 6851134, 24994
82615, 6826150, 6851148, 24998
82616, 6826160, 6851161, 25001
82617, 6826170, 6851174, 25004
82618, 6826180, 6851188, 25008
82619, 6826190, 6851201, 25011
82620, 6826200, 6851215, 25015
82621, 6826210, 6851228, 25018
82622, 6826220, 6851241, 25021
82624, 6826240, 6851255, 25015
82625, 6826250, 6851268, 25018
82626, 6826260, 6851281, 25021
82627, 6826270, 6851295, 25025
82628, 6826280, 6851308, 25028
82629, 6826290, 6851321, 25031
82630, 6826300, 6851335, 25035
82631, 6826310, 6851348, 25038
82632, 6826320, 6851362, 25042
82633, 6826330, 6851375, 25045
82634, 6826340, 6851388, 25048
82636, 6826360, 6851402, 25042
82637, 6826370, 6851415, 25045
82638, 6826380, 6851428, 25048
82639, 6826390, 6851442, 25052
82640, 6826400, 6851455, 25055
82641, 6826410, 6851468, 25058
82642, 6826420, 6851482, 25062
82643, 6826430, 6851495, 25065
82644, 6826440, 6851508, 25068
82645, 6826450, 6851522, 25072
82647, 6826470, 6851535, 25065
82648, 6826480, 6851549, 25069
82649, 6826490, 6851562, 25072
82651, 6826510, 6851589, 25079
82652, 6826520, 6851602, 25082
82653, 6826530, 6851615, 25085
82654, 6826540, 6851629, 25089
82655, 6826550, 6851642, 25092
82656, 6826560, 6851656, 25096
82657, 6826570, 6851669, 25099
82659, 6826590, 6851682, 25092
82660, 6826600, 6851696, 25096
82661, 6826610, 6851709, 25099
82662, 6826620, 6851722, 25102
82663, 6826630, 6851736, 25106
82664, 6826640, 6851749, 25109
82665, 6826650, 6851762, 25112
82666, 6826660, 6851776, 25116
82667, 6826670, 6851789, 25119
82668, 6826680, 6851802, 25122
82670, 6826700, 6851816, 25116
82671, 6826710, 6851829, 25119
82672, 6826720, 6851843, 25123
82673, 6826730, 6851856, 25126
82674, 6826740, 6851869, 25129
82675, 6826750, 6851883, 25133
82676, 6826760, 6851896, 25136
82677, 6826770, 6851909, 25139
82678, 6826780, 6851923, 25143
82679, 6826790, 6851936, 25146
82681, 6826810, 6851949, 25139
82682, 6826820, 6851963, 25143
82683, 6826830, 6851976, 25146
82684, 6826840, 6851990, 25150
82685, 6826850, 6852003, 25153
82686, 6826860, 6852016, 25156
82687, 6826870, 6852030, 25160
82688, 6826880, 6852043, 25163
82689, 6826890, 6852056, 25166
82690, 6826900, 6852070, 25170
82691, 6826910, 6852083, 25173
82693, 6826930, 6852096, 25166
82694, 6826940, 6852110, 25170
82695, 6826950, 6852123, 25173
82696, 6826960, 6852136, 25176
82697, 6826970, 6852150, 25180
82698, 6826980, 6852163, 25183
82699, 6826990, 6852177, 25187
82701, 6827010, 6852203, 25193
82702, 6827020, 6852217, 25197
82704, 6827040, 6852230, 25190
82705, 6827050, 6852243, 25193
82706, 6827060, 6852257, 25197
82707, 6827070, 6852270, 25200
82708, 6827080, 6852284, 25204
82709, 6827090, 6852297, 25207
82710, 6827100, 6852310, 25210
82711, 6827110, 6852324, 25214
82712, 6827120, 6852337, 25217
82713, 6827130, 6852350, 25220
82714, 6827140, 6852364, 25224
82716, 6827160, 6852377, 25217
82717, 6827170, 6852390, 25220
82718, 6827180, 6852404, 25224
82719, 6827190, 6852417, 25227
82720, 6827200, 6852430, 25230
82721, 6827210, 6856012, 28802
82722, 6827220, 6856025, 28805
82723, 6827230, 6856039, 28809
82724, 6827240, 6856052, 28812
82725, 6827250, 6856065, 28815
82727, 6827270, 6856079, 28809
82728, 6827280, 6856092, 28812
82729, 6827290, 6856106, 28816
82730, 6827300, 6856119, 28819
82731, 6827310, 6856132, 28822
82732, 6827320, 6856146, 28826
82733, 6827330, 6856159, 28829
82734, 6827340, 6856172, 28832
82735, 6827350, 6856186, 28836
82736, 6827360, 6856199, 28839
82738, 6827380, 6856212, 28832
82739, 6827390, 6856226, 28836
82740, 6827400, 6856239, 28839
82741, 6827410, 6856252, 28842
82742, 6827420, 6856266, 28846
82743, 6827430, 6856279, 28849
82744, 6827440, 6856293, 28853
82745, 6827450, 6856306, 28856
82746, 6827460, 6856319, 28859
82747, 6827470, 6856333, 28863
82748, 6827480, 6856346, 28866
82751, 6827510, 6856373, 28863
82752, 6827520, 6856386, 28866
82753, 6827530, 6856400, 28870
82754, 6827540, 6856413, 28873
82755, 6827550, 6856426, 28876
82756, 6827560, 6856440, 28880
82757, 6827570, 6856453, 28883
82758, 6827580, 6856466, 28886
82759, 6827590, 6856480, 28890
82761, 6827610, 6856493, 28883
82762, 6827620, 6856506, 28886
82763, 6827630, 6856520, 28890
82764, 6827640, 6856533, 28893
82765, 6827650, 6856546, 28896
82766, 6827660, 6856560, 28900
82767, 6827670, 6856573, 28903
82768, 6827680, 6856587, 28907
82769, 6827690, 6856600, 28910
82770, 6827700, 6856613, 28913
82771, 6827710, 6856627, 28917
82773, 6827730, 6856640, 28910
82774, 6827740, 6856653, 28913
82775, 6827750, 6856667, 28917
82776, 6827760, 6856680, 28920
82777, 6827770, 6856693, 28923
82778, 6827780, 6856707, 28927
82779, 6827790, 6856720, 28930
82780, 6827800, 6856734, 28934
82781, 6827810, 6856747, 28937
82782, 6827820, 6856760, 28940
82784, 6827840, 6856774, 28934
82785, 6827850, 6856787, 28937
82786, 6827860, 6856800, 28940
82787, 6827870, 6856814, 28944
82788, 6827880, 6856827, 28947
82789, 6827890, 6856840, 28950
82790, 6827900, 6856854, 28954
82791, 6827910, 6856867, 28957
82792, 6827920, 6856880, 28960
82793, 6827930, 6856894, 28964
82795, 6827950, 6856907, 28957
82796, 6827960, 6856921, 28961
82797, 6827970, 6856934, 28964
82798, 6827980, 6856947, 28967
82799, 6827990, 6856961, 28971
83202, 6832020, 6856987, 24967
83203, 6832030, 6857001, 24971
83204, 6832040, 6857014, 24974
83205, 6832050, 6857028, 24978
83206, 6832060, 6857041, 24981
83207, 6832070, 6857054, 24984
83208, 6832080, 6857068, 24988
83209, 6832090, 6857081, 24991
83210, 6832100, 6857094, 24994
83211, 6832110, 6857108, 24998
83213, 6832130, 6857121, 24991
83214, 6832140, 6857134, 24994
83215, 6832150, 6857148, 24998
83216, 6832160, 6857161, 25001
83217, 6832170, 6857174, 25004
83218, 6832180, 6857188, 25008
83219, 6832190, 6857201, 25011
83220, 6832200, 6857215, 25015
83221, 6832210, 6857228, 25018
83222, 6832220, 6857241, 25021
83224, 6832240, 6857255, 25015
83225, 6832250, 6857268, 25018
83226, 6832260, 6857281, 25021
83227, 6832270, 6857295, 25025
83228, 6832280, 6857308, 25028
83229, 6832290, 6857321, 25031
83230, 6832300, 6857335, 25035
83231, 6832310, 6857348, 25038
83232, 6832320, 6857362, 25042
83233, 6832330, 6857375, 25045
83234, 6832340, 6857388, 25048
83236, 6832360, 6857402, 25042
83237, 6832370, 6857415, 25045
83238, 6832380, 6857428, 25048
83239, 6832390, 6857442, 25052
83240, 6832400, 6857455, 25055
83241, 6832410, 6857468, 25058
83242, 6832420, 6857482, 25062
83243, 6832430, 6857495, 25065
83244, 6832440, 6857508, 25068
83245, 6832450, 6857522, 25072
83247, 6832470, 6857535, 25065
83248, 6832480, 6857549, 25069
83249, 6832490, 6857562, 25072
83251, 6832510, 6857589, 25079
83252, 6832520, 6857602, 25082
83253, 6832530, 6857615, 25085
83254, 6832540, 6857629, 25089
83255, 6832550, 6857642, 25092
83256, 6832560, 6857656, 25096
83257, 6832570, 6857669, 25099
83259, 6832590, 6857682, 25092
83260, 6832600, 6857696, 25096
83261, 6832610, 6857709, 25099
83262, 6832620, 6857722, 25102
83263, 6832630, 6857736, 25106
83264, 6832640, 6857749, 25109
83265, 6832650, 6857762, 25112
83266, 6832660, 6857776, 25116
83267, 6832670, 6857789, 25119
83268, 6832680, 6857802, 25122
83270, 6832700, 6857816, 25116
83271, 6832710, 6857829, 25119
83272, 6832720, 6857843, 25123
83273, 6832730, 6857856, 25126
83274, 6832740, 6857869, 25129
83275, 6832750, 6857883, 25133
83276, 6832760, 6857896, 25136
83277, 6832770, 6857909, 25139
83278, 6832780, 6857923, 25143
83279, 6832790, 6857936, 25146
83281, 6832810, 6857949, 25139
83282, 6832820, 6857963, 25143
83283, 6832830, 6857976, 25146
83284, 6832840, 6857990, 25150
83285, 6832850, 6858003, 25153
83286, 6832860, 6858016, 25156
83287, 6832870, 6858030, 25160
83288, 6832880, 6858043, 25163
83289, 6832890, 6858056, 25166
83290, 6832900, 6858070, 25170
83291, 6832910, 6858083, 25173
83293, 6832930, 6858096, 25166
83294, 6832940, 6858110, 25170
83295, 6832950, 6858123, 25173
83296, 6832960, 6858136, 25176
83297, 6832970, 6858150, 25180
83298, 6832980, 6858163, 25183
83299, 6832990, 6858177, 25187
83301, 6833010, 6858203, 25193
83302, 6833020, 6858217, 25197
83304, 6833040, 6858230, 25190
83305, 6833050, 6858243, 25193
83306, 6833060, 6858257, 25197
83307, 6833070, 6858270, 25200
83308, 6833080, 6858284, 25204
83309, 6833090, 6858297, 25207
83310, 6833100, 6858310, 25210
83311, 6833110, 6858324, 25214
83312, 6833120, 6858337, 25217
83313, 6833130, 6858350, 25220
83314, 6833140, 6858364, 25224
83316, 6833160, 6858377, 25217
83317, 6833170, 6858390, 25220
83318, 6833180, 6858404, 25224
83319, 6833190, 6858417, 25227
83320, 6833200, 6858430, 25230
83321, 6833210, 6862012, 28802
83322, 6833220, 6862025, 28805
83323, 6833230, 6862039, 28809
83324, 6833240, 6862052, 28812
83325, 6833250, 6862065, 28815
83327, 6833270, 6862079, 28809
83328, 6833280, 6862092, 28812
83329, 6833290, 6862106, 28816
83330, 6833300, 6862119, 28819
83331, 6833310, 6862132, 28822
83332, 6833320, 6862146, 28826
83333, 6833330, 6862159, 28829
83334, 6833340, 6862172, 28832
83335, 6833350, 6862186, 28836
83336, 6833360, 6862199, 28839
83338, 6833380, 6862212, 28832
83339, 6833390, 6862226, 28836
83340, 6833400, 6862239, 28839
83341, 6833410, 6862252, 28842
83342, 6833420, 6862266, 28846
83343, 6833430, 6862279, 28849
83344, 6833440, 6862293, 28853
83345, 6833450, 6862306, 28856
83346, 6833460, 6862319, 28859
83347, 6833470, 6862333, 28863
83348, 6833480, 6862346, 28866
83351, 6833510, 6862373, 28863
83352, 6833520, 6862386, 28866
83353, 6833530, 6862400, 28870
83354, 6833540, 6862413, 28873
83355, 6833550, 6862426, 28876
83356, 6833560, 6862440, 28880
83357, 6833570, 6862453, 28883
83358, 6833580, 6862466, 28886
83359, 6833590, 6862480, 28890
83361, 6833610, 6862493, 28883
83362, 6833620, 6862506, 28886
83363, 6833630, 6862520, 28890
83364, 6833640, 6862533, 28893
83365, 6833650, 6862546, 28896
83366, 6833660, 6862560, 28900
83367, 6833670, 6862573, 28903
83368, 6833680, 6862587, 28907
83369, 6833690, 6862600, 28910
83370, 6833700, 6862613, 28913
83371, 6833710, 6862627, 28917
83373, 6833730, 6862640, 28910
83374, 6833740, 6862653, 28913
83375, 6833750, 6862667, 28917
83376, 6833760, 6862680, 28920
83377, 6833770, 6862693, 28923
83378, 6833780, 6862707, 28927
83379, 6833790, 6862720, 28930
83380, 6833800, 6862734, 28934
83381, 6833810, 6862747, 28937
83382, 6833820, 6862760, 28940
83384, 6833840, 6862774, 28934
83385, 6833850, 6862787, 28937
83386, 6833860, 6862800, 28940
83387, 6833870, 6862814, 28944
83388, 6833880, 6862827, 28947
83389, 6833890, 6862840, 28950
83390, 6833900, 6862854, 28954
83391, 6833910, 6862867, 28957
83392, 6833920, 6862880, 28960
83393, 6833930, 6862894, 28964
83395, 6833950, 6862907, 28957
83396, 6833960, 6862921, 28961
83397, 6833970, 6862934, 28964
83398, 6833980, 6862947, 28967
83399, 6833990, 6862961, 28971
83802, 6838020, 6862987, 24967
83803, 6838030, 6863001, 24971
83804, 6838040, 6863014, 24974
83805, 6838050, 6863028, 24978
83806, 6838060, 6863041, 24981
83807, 6838070, 6863054, 24984
83808, 6838080, 6863068, 24988
83809, 6838090, 6863081, 24991
83810, 6838100, 6863094, 24994
83811, 6838110, 6863108, 24998
83813, 6838130, 6863121, 24991
83814, 6838140, 6863134, 24994
83815, 6838150, 6863148, 24998
83816, 6838160, 6863161, 25001
83817, 6838170, 6863174, 25004
83818, 6838180, 6863188, 25008
83819, 6838190, 6863201, 25011
83820, 6838200, 6863215, 25015
83821, 6838210, 6863228, 25018
83822, 6838220, 6863241, 25021
83824, 6838240, 6863255, 25015
83825, 6838250, 6863268, 25018
83826, 6838260, 6863281, 25021
83827, 6838270, 6863295, 25025
83828, 6838280, 6863308, 25028
83829, 6838290, 6863321, 25031
83830, 6838300, 6863335, 25035
83831, 6838310, 6863348, 25038
83832, 6838320, 6863362, 25042
83833, 6838330, 6863375, 25045
83834, 6838340, 6863388, 25048
83836, 6838360, 6863402, 25042
83837, 6838370, 6863415, 25045
83838, 6838380, 6863428, 25048
83839, 6838390, 6863442, 25052
83840, 6838400, 6863455, 25055
83841, 6838410, 6863468, 25058
83842, 6838420, 6863482, 25062
83843, 6838430, 6863495, 25065
83844, 6838440, 6863508, 25068
83845, 6838450, 6863522, 25072
83847, 6838470, 6863535, 25065
83848, 6838480, 6863549, 25069
83849, 6838490, 6863562, 25072
83851, 6838510, 6863589, 25079
83852, 6838520, 6863602, 25082
83853, 6838530, 6863615, 25085
83854, 6838540, 6863629, 25089
83855, 6838550, 6863642, 25092
83856, 6838560, 6863656, 25096
83857, 6838570, 6863669, 25099
83859, 6838590, 6863682, 25092
83860, 6838600, 6863696, 25096
83861, 6838610, 6863709, 25099
83862, 6838620, 6863722, 25102
83863, 6838630, 6863736, 25106
83864, 6838640, 6863749, 25109
83865, 6838650, 6863762, 25112
83866, 6838660, 6863776, 25116
83867, 6838670, 6863789, 25119
83868, 6838680, 6863802, 25122
83870, 6838700, 6863816, 25116
83871, 6838710, 6863829, 25119
83872, 6838720, 6863843, 25123
83873, 6838730, 6863856, 25126
83874, 6838740, 6863869, 25129
83875, 6838750, 6863883, 25133
83876, 6838760, 6863896, 25136
83877, 6838770, 6863909, 25139
83878, 6838780, 6863923, 25143
83879, 6838790, 6863936, 25146
83881, 6838810, 6863949, 25139
83882, 6838820, 6863963, 25143
83883, 6838830, 6863976, 25146
83884, 6838840, 6863990, 25150
83885, 6838850, 6864003, 25153
83886, 6838860, 6864016, 25156
83887, 6838870, 6864030, 25160
83888, 6838880, 6864043, 25163
83889, 6838890, 6864056, 25166
83890, 6838900, 6864070, 25170
83891, 6838910, 6864083, 25173
83893, 6838930, 6864096, 25166
83894, 6838940, 6864110, 25170
83895, 6838950, 6864123, 25173
83896, 6838960, 6864136, 25176
83897, 6838970, 6864150, 25180
83898, 6838980, 6864163, 25183
83899, 6838990, 6864177, 25187
83901, 6839010, 6864203, 25193
83902, 6839020, 6864217, 25197
83904, 6839040, 6864230, 25190
83905, 6839050, 6864243, 25193
83906, 6839060, 6864257, 25197
83907, 6839070, 6864270, 25200
83908, 6839080, 6864284, 25204
83909, 6839090, 6864297, 25207
83910, 6839100, 6864310, 25210
83911, 6839110, 6864324, 25214
83912, 6839120, 6864337, 25217
83913, 6839130, 6864350, 25220
83914, 6839140, 6864364, 25224
83916, 6839160, 6864377, 25217
83917, 6839170, 6864390, 25220
83918, 6839180, 6864404, 25224
83919, 6839190, 6864417, 25227
83920, 6839200, 6864430, 25230
83921, 6839210, 6868012, 28802
83922, 6839220, 6868025, 28805
83923, 6839230, 6868039, 28809
83924, 6839240, 6868052, 28812
83925, 6839250, 6868065, 28815
83927, 6839270, 6868079, 28809
83928, 6839280, 6868092, 28812
83929, 6839290, 6868106, 28816
83930, 6839300, 6868119, 28819
83931, 6839310, 6868132, 28822
83932, 6839320, 6868146, 28826
83933, 6839330, 6868159, 28829
83934, 6839340, 6868172, 28832
83935, 6839350, 6868186, 28836
83936, 6839360, 6868199, 28839
83938, 6839380, 6868212, 28832
83939, 6839390, 6868226, 28836
83940, 6839400, 6868239, 28839
83941, 6839410, 6868252, 28842
83942, 6839420, 6868266, 28846
83943, 6839430, 6868279, 28849
83944, 6839440, 6868293, 28853
83945, 6839450, 6868306, 28856
83946, 6839460, 6868319, 28859
83947, 6839470, 6868333, 28863
83948, 6839480, 6868346, 28866
83951, 6839510, 6868373, 28863
83952, 6839520, 6868386, 28866
83953, 6839530, 6868400, 28870
83954, 6839540, 6868413, 28873
83955, 6839550, 6868426, 28876
83956, 6839560, 6868440, 28880
83957, 6839570, 6868453, 28883
83958, 6839580, 6868466, 28886
83959, 6839590, 6868480, 28890
83961, 6839610, 6868493, 28883
83962, 6839620, 6868506, 28886
83963, 6839630, 6868520, 28890
83964, 6839640, 6868533, 28893
83965, 6839650, 6868546, 28896
83966, 6839660, 6868560, 28900
83967, 6839670, 6868573, 28903
83968, 6839680, 6868587, 28907
83969, 6839690, 6868600, 28910
83970, 6839700, 6868613, 28913
83971, 6839710, 6868627, 28917
83973, 6839730, 6868640, 28910
83974, 6839740, 6868653, 28913
83975, 6839750, 6868667, 28917
83976, 6839760, 6868680, 28920
83977, 6839770, 6868693, 28923
83978, 6839780, 6868707, 28927
83979, 6839790, 6868720, 28930
83980, 6839800, 6868734, 28934
83981, 6839810, 6868747, 28937
83982, 6839820, 6868760, 28940
83984, 6839840, 6868774, 28934
83985, 6839850, 6868787, 28937
83986, 6839860, 6868800, 28940
83987, 6839870, 6868814, 28944
83988, 6839880, 6868827, 28947
83989, 6839890, 6868840, 28950
83990, 6839900, 6868854, 28954
83991, 6839910, 6868867, 28957
83992, 6839920, 6868880, 28960
83993, 6839930, 6868894, 28964
83995, 6839950, 6868907, 28957
83996, 6839960, 6868921, 28961
83997, 6839970, 6868934, 28964
83998, 6839980, 6868947, 28967
83999, 6839990, 6868961, 28971
84402, 6844020, 6868987, 24967
84403, 6844030, 6869001, 24971
84404, 6844040, 6869014, 24974
84405, 6844050, 6869028, 24978
84406, 6844060, 6869041, 24981
84407, 6844070, 6869054, 24984
84408, 6844080, 6869068, 24988
84409, 6844090, 6869081, 24991
84410, 6844100, 6869094, 24994
84411, 6844110, 6869108, 24998
84413, 6844130, 6869121, 24991
84414, 6844140, 6869134, 24994
84415, 6844150, 6869148, 24998
84416, 6844160, 6869161, 25001
84417, 6844170, 6869174, 25004
84418, 6844180, 6869188, 25008
84419, 6844190, 6869201, 25011
84420, 6844200, 6869215, 25015
84421, 6844210, 6869228, 25018
84422, 6844220, 6869241, 25021
84424, 6844240, 6869255, 25015
84425, 6844250, 6869268, 25018
84426, 6844260, 6869281, 25021
84427, 6844270, 6869295, 25025
84428, 6844280, 6869308, 25028
84429, 6844290, 6869321, 25031
84430, 6844300, 6869335, 25035
84431, 6844310, 6869348, 25038
84432, 6844320, 6869362, 25042
84433, 6844330, 6869375, 25045
84434, 6844340, 6869388, 25048
84436, 6844360, 6869402, 25042
84437, 6844370, 6869415, 25045
84438, 6844380, 6869428, 25048
84439, 6844390, 6869442, 25052
84440, 6844400, 6869455, 25055
84441, 6844410, 6869468, 25058
84442, 6844420, 6869482, 25062
84443, 6844430, 6869495, 25065
84444, 6844440, 6869508, 25068
84445, 6844450, 6869522, 25072
84447, 6844470, 6869535, 25065
84448, 6844480, 6869549, 25069
84449, 6844490, 6869562, 25072
84451, 6844510, 6869589, 25079
84452, 6844520, 6869602, 25082
84453, 6844530, 6869615, 25085
84454, 6844540, 6869629, 25089
84455, 6844550, 6869642, 25092
84456, 6844560, 6869656, 25096
84457, 6844570, 6869669, 25099
84459, 6844590, 6869682, 25092
84460, 6844600, 6869696, 25096
84461, 6844610, 6869709, 25099
84462, 6844620, 6869722, 25102
84463, 6844630, 6869736, 25106
84464, 6844640, 6869749, 25109
84465, 6844650, 6869762, 25112
84466, 6844660, 6869776, 25116
84467, 6844670, 6869789, 25119
84468, 6844680, 6869802, 25122
84470, 6844700, 6869816, 25116
84471, 6844710, 6869829, 25119
84472, 6844720, 6869843, 25123
84473, 6844730, 6869856, 25126
84474, 6844740, 6869869, 25129
84475, 6844750, 6869883, 25133
84476, 6844760, 6869896, 25136
84477, 6844770, 6869909, 25139
84478, 6844780, 6869923, 25143
84479, 6844790, 6869936, 25146
84480, 6844800, 6869949, 25149
84482, 6844820, 6869963, 25143
84483, 6844830, 6869976, 25146
84484, 6844840, 6869990, 25150
84485, 6844850, 6870003, 25153
84486, 6844860, 6870016, 25156
84487, 6844870, 6870030, 25160
84488, 6844880, 6870043, 25163
84489, 6844890, 6870056, 25166
84490, 6844900, 6870070, 25170
84491, 6844910, 6870083, 25173
84493, 6844930, 6870096, 25166
84494, 6844940, 6870110, 25170
84495, 6844950, 6870123, 25173
84496, 6844960, 6870136, 25176
84497, 6844970, 6870150, 25180
84498, 6844980, 6870163, 25183
84499, 6844990, 6870177, 25187
84501, 6845010, 6870203, 25193
84502, 6845020, 6870217, 25197
84504, 6845040, 6870230, 25190
84505, 6845050, 6870243, 25193
84506, 6845060, 6870257, 25197
84507, 6845070, 6870270, 25200
84508, 6845080, 6870284, 25204
84509, 6845090, 6870297, 25207
84510, 6845100, 6870310, 25210
84511, 6845110, 6870324, 25214
84512, 6845120, 6870337, 25217
84513, 6845130, 6870350, 25220
84514, 6845140, 6870364, 25224
84516, 6845160, 6870377, 25217
84517, 6845170, 6870390, 25220
84518, 6845180, 6870404, 25224
84519, 6845190, 6870417, 25227
84520, 6845200, 6870430, 25230
84521, 6845210, 6874012, 28802
84522, 6845220, 6874025, 28805
84523, 6845230, 6874039, 28809
84524, 6845240, 6874052, 28812
84525, 6845250, 6874065, 28815
84527, 6845270, 6874079, 28809
84528, 6845280, 6874092, 28812
84529, 6845290, 6874106, 28816
84530, 6845300, 6874119, 28819
84531, 6845310, 6874132, 28822
84532, 6845320, 6874146, 28826
84533, 6845330, 6874159, 28829
84534, 6845340, 6874172, 28832
84535, 6845350, 6874186, 28836
84536, 6845360, 6874199, 28839
84537, 6845370, 6874212, 28842
84539, 6845390, 6874226, 28836
84540, 6845400, 6874239, 28839
84541, 6845410, 6874252, 28842
84542, 6845420, 6874266, 28846
84543, 6845430, 6874279, 28849
84544, 6845440, 6874293, 28853
84545, 6845450, 6874306, 28856
84546, 6845460, 6874319, 28859
84547, 6845470, 6874333, 28863
84548, 6845480, 6874346, 28866
84551, 6845510, 6874373, 28863
84552, 6845520, 6874386, 28866
84553, 6845530, 6874400, 28870
84554, 6845540, 6874413, 28873
84555, 6845550, 6874426, 28876
84556, 6845560, 6874440, 28880
84557, 6845570, 6874453, 28883
84558, 6845580, 6874466, 28886
84559, 6845590, 6874480, 28890
84561, 6845610, 6874493, 28883
84562, 6845620, 6874506, 28886
84563, 6845630, 6874520, 28890
84564, 6845640, 6874533, 28893
84565, 6845650, 6874546, 28896
84566, 6845660, 6874560, 28900
84567, 6845670, 6874573, 28903
84568, 6845680, 6874587, 28907
84569, 6845690, 6874600, 28910
84570, 6845700, 6874613, 28913
84571, 6845710, 6874627, 28917
84573, 6845730, 6874640, 28910
84574, 6845740, 6874653, 28913
84575, 6845750, 6874667, 28917
84576, 6845760, 6874680, 28920
84577, 6845770, 6874693, 28923
84578, 6845780, 6874707, 28927
84579, 6845790, 6874720, 28930
84580, 6845800, 6874734, 28934
84581, 6845810, 6874747, 28937
84582, 6845820, 6874760, 28940
84584, 6845840, 6874774, 28934
84585, 6845850, 6874787, 28937
84586, 6845860, 6874800, 28940
84587, 6845870, 6874814, 28944
84588, 6845880, 6874827, 28947
84589, 6845890, 6874840, 28950
84590, 6845900, 6874854, 28954
84591, 6845910, 6874867, 28957
84592, 6845920, 6874880, 28960
84593, 6845930, 6874894, 28964
84594, 6845940, 6874907, 28967
84596, 6845960, 6874921, 28961
84597, 6845970, 6874934, 28964
84598, 6845980, 6874947, 28967
84599, 6845990, 6874961, 28971
85002, 6850020, 6874987, 24967
85003, 6850030, 6875001, 24971
85004, 6850040, 6875014, 24974
85005, 6850050, 6875027, 24977
85006, 6850060, 6875041, 24981
85007, 6850070, 6875054, 24984
85008, 6850080, 6875067, 24987
85009, 6850090, 6875081, 24991
85010, 6850100, 6875094, 24994
85011, 6850110, 6875108, 24998
85013, 6850130, 6875121, 24991
85014, 6850140, 6875134, 24994
85015, 6850150, 6875148, 24998
85016, 6850160, 6875161, 25001
85017, 6850170, 6875174, 25004
85018, 6850180, 6875188, 25008
85019, 6850190, 6875201, 25011
85020, 6850200, 6875214, 25014
85021, 6850210, 6875228, 25018
85022, 6850220, 6875241, 25021
85024, 6850240, 6875254, 25014
85025, 6850250, 6875268, 25018
85026, 6850260, 6875281, 25021
85027, 6850270, 6875295, 25025
85028, 6850280, 6875308, 25028
85029, 6850290, 6875321, 25031
85030, 6850300, 6875335, 25035
85031, 6850310, 6875348, 25038
85032, 6850320, 6875361, 25041
85033, 6850330, 6875375, 25045
85034, 6850340, 6875388, 25048
85036, 6850360, 6875401, 25041
85037, 6850370, 6875415, 25045
85038, 6850380, 6875428, 25048
85039, 6850390, 6875442, 25052
85040, 6850400, 6875455, 25055
85041, 6850410, 6875468, 25058
85042, 6850420, 6875482, 25062
85043, 6850430, 6875495, 25065
85044, 6850440, 6875508, 25068
85045, 6850450, 6875522, 25072
85047, 6850470, 6875535, 25065
85048, 6850480, 6875548, 25068
85049, 6850490, 6875562, 25072
85051, 6850510, 6875589, 25079
85052, 6850520, 6875602, 25082
85053, 6850530, 6875615, 25085
85054, 6850540, 6875629, 25089
85055, 6850550, 6875642, 25092
85056, 6850560, 6875655, 25095
85057, 6850570, 6875669, 25099
85059, 6850590, 6875682, 25092
85060, 6850600, 6875695, 25095
85061, 6850610, 6875709, 25099
85062, 6850620, 6875722, 25102
85063, 6850630, 6875736, 25106
85064, 6850640, 6875749, 25109
85065, 6850650, 6875762, 25112
85066, 6850660, 6875776, 25116
85067, 6850670, 6875789, 25119
85068, 6850680, 6875802, 25122
85070, 6850700, 6875816, 25116
85071, 6850710, 6875829, 25119
85072, 6850720, 6875842, 25122
85073, 6850730, 6875856, 25126
85074, 6850740, 6875869, 25129
85075, 6850750, 6875882, 25132
85076, 6850760, 6875896, 25136
85077, 6850770, 6875909, 25139
85078, 6850780, 6875923, 25143
85079, 6850790, 6875936, 25146
85081, 6850810, 6875949, 25139
85082, 6850820, 6875963, 25143
85083, 6850830, 6875976, 25146
85084, 6850840, 6875989, 25149
85085, 6850850, 6876003, 25153
85086, 6850860, 6876016, 25156
85087, 6850870, 6876029, 25159
85088, 6850880, 6876043, 25163
85089, 6850890, 6876056, 25166
85090, 6850900, 6876070, 25170
85091, 6850910, 6876083, 25173
85093, 6850930, 6876096, 25166
85094, 6850940, 6876110, 25170
85095, 6850950, 6876123, 25173
85096, 6850960, 6876136, 25176
85097, 6850970, 6876150, 25180
85098, 6850980, 6876163, 25183
85099, 6850990, 6876176, 25186
85101, 6851010, 6876203, 25193
85102, 6851020, 6876217, 25197
85104, 6851040, 6876230, 25190
85105, 6851050, 6876243, 25193
85106, 6851060, 6876257, 25197
85107, 6851070, 6876270, 25200
85108, 6851080, 6876283, 25203
85109, 6851090, 6876297, 25207
85110, 6851100, 6876310, 25210
85111, 6851110, 6876323, 25213
85112, 6851120, 6876337, 25217
85113, 6851130, 6876350, 25220
85114, 6851140, 6876364, 25224
85116, 6851160, 6876377, 25217
85117, 6851170, 6876390, 25220
85118, 6851180, 6876404, 25224
85119, 6851190, 6876417, 25227
85120, 6851200, 6876430, 25230
85121, 6851210, 6880012, 28802
85122, 6851220, 6880025, 28805
85123, 6851230, 6880039, 28809
85124, 6851240, 6880052, 28812
85125, 6851250, 6880065, 28815
85127, 6851270, 6880079, 28809
85128, 6851280, 6880092, 28812
85129, 6851290, 6880106, 28816
85130, 6851300, 6880119, 28819
85131, 6851310, 6880132, 28822
85132, 6851320, 6880146, 28826
85133, 6851330, 6880159, 28829
85134, 6851340, 6880172, 28832
85135, 6851350, 6880186, 28836
85136, 6851360, 6880199, 28839
85138, 6851380, 6880212, 28832
85139, 6851390, 6880226, 28836
85140, 6851400, 6880239, 28839
85141, 6851410, 6880252, 28842
85142, 6851420, 6880266, 28846
85143, 6851430, 6880279, 28849
85144, 6851440, 6880293, 28853
85145, 6851450, 6880306, 28856
85146, 6851460, 6880319, 28859
85147, 6851470, 6880333, 28863
85148, 6851480, 6880346, 28866
85151, 6851510, 6880373, 28863
85152, 6851520, 6880386, 28866
85153, 6851530, 6880400, 28870
85154, 6851540, 6880413, 28873
85155, 6851550, 6880426, 28876
85156, 6851560, 6880440, 28880
85157, 6851570, 6880453, 28883
85158, 6851580, 6880466, 28886
85159, 6851590, 6880480, 28890
85161, 6851610, 6880493, 28883
85162, 6851620, 6880506, 28886
85163, 6851630, 6880520, 28890
85164, 6851640, 6880533, 28893
85165, 6851650, 6880546, 28896
85166, 6851660, 6880560, 28900
85167, 6851670, 6880573, 28903
85168, 6851680, 6880587, 28907
85169, 6851690, 6880600, 28910
85170, 6851700, 6880613, 28913
85171, 6851710, 6880627, 28917
85173, 6851730, 6880640, 28910
85174, 6851740, 6880653, 28913
85175, 6851750, 6880667, 28917
85176, 6851760, 6880680, 28920
85177, 6851770, 6880693, 28923
85178, 6851780, 6880707, 28927
85179, 6851790, 6880720, 28930
85180, 6851800, 6880734, 28934
85181, 6851810, 6880747, 28937
85182, 6851820, 6880760, 28940
85184, 6851840, 6880774, 28934
85185, 6851850, 6880787, 28937
85186, 6851860, 6880800, 28940
85187, 6851870, 6880814, 28944
85188, 6851880, 6880827, 28947
85189, 6851890, 6880840, 28950
85190, 6851900, 6880854, 28954
85191, 6851910, 6880867, 28957
85192, 6851920, 6880880, 28960
85193, 6851930, 6880894, 28964
85195, 6851950, 6880907, 28957
85196, 6851960, 6880921, 28961
85197, 6851970, 6880934, 28964
85198, 6851980, 6880947, 28967
85199, 6851990, 6880961, 28971
85602, 6856020, 6880987, 24967
85603, 6856030, 6881001, 24971
85604, 6856040, 6881014, 24974
85605, 6856050, 6881028, 24978
85606, 6856060, 6881041, 24981
85607, 6856070, 6881054, 24984
85608, 6856080, 6881068, 24988
85609, 6856090, 6881081, 24991
85610, 6856100, 6881094, 24994
85611, 6856110, 6881108, 24998
85613, 6856130, 6881121, 24991
85614, 6856140, 6881134, 24994
85615, 6856150, 6881148, 24998
85616, 6856160, 6881161, 25001
85617, 6856170, 6881174, 25004
85618, 6856180, 6881188, 25008
85619, 6856190, 6881201, 25011
85620, 6856200, 6881215, 25015
85621, 6856210, 6881228, 25018
85622, 6856220, 6881241, 25021
85624, 6856240, 6881255, 25015
85625, 6856250, 6881268, 25018
85626, 6856260, 6881281, 25021
85627, 6856270, 6881295, 25025
85628, 6856280, 6881308, 25028
85629, 6856290, 6881321, 25031
85630, 6856300, 6881335, 25035
85631, 6856310, 6881348, 25038
85632, 6856320, 6881362, 25042
85633, 6856330, 6881375, 25045
85634, 6856340, 6881388, 25048
85636, 6856360, 6881402, 25042
85637, 6856370, 6881415, 25045
85638, 6856380, 6881428, 25048
85639, 6856390, 6881442, 25052
85640, 6856400, 6881455, 25055
85641, 6856410, 6881468, 25058
85642, 6856420, 6881482, 25062
85643, 6856430, 6881495, 25065
85644, 6856440, 6881508, 25068
85645, 6856450, 6881522, 25072
85647, 6856470, 6881535, 25065
85648, 6856480, 6881549, 25069
85649, 6856490, 6881562, 25072
85651, 6856510, 6881589, 25079
85652, 6856520, 6881602, 25082
85653, 6856530, 6881615, 25085
85654, 6856540, 6881629, 25089
85655, 6856550, 6881642, 25092
85656, 6856560, 6881656, 25096
85657, 6856570, 6881669, 25099
85659, 6856590, 6881682, 25092
85660, 6856600, 6881696, 25096
85661, 6856610, 6881709, 25099
85662, 6856620, 6881722, 25102
85663, 6856630, 6881736, 25106
85664, 6856640, 6881749, 25109
85665, 6856650, 6881762, 25112
85666, 6856660, 6881776, 25116
85667, 6856670, 6881789, 25119
85668, 6856680, 6881802, 25122
85670, 6856700, 6881816, 25116
85671, 6856710, 6881829, 25119
85672, 6856720, 6881843, 25123
85673, 6856730, 6881856, 25126
85674, 6856740, 6881869, 25129
85675, 6856750, 6881883, 25133
85676, 6856760, 6881896, 25136
85677, 6856770, 6881909, 25139
85678, 6856780, 6881923, 25143
85679, 6856790, 6881936, 25146
85681, 6856810, 6881949, 25139
85682, 6856820, 6881963, 25143
85683, 6856830, 6881976, 25146
85684, 6856840, 6881990, 25150
85685, 6856850, 6882003, 25153
85686, 6856860, 6882016, 25156
85687, 6856870, 6882030, 25160
85688, 6856880, 6882043, 25163
85689, 6856890, 6882056, 25166
85690, 6856900, 6882070, 25170
85691, 6856910, 6882083, 25173
85693, 6856930, 6882096, 25166
85694, 6856940, 6882110, 25170
85695, 6856950, 6882123, 25173
85696, 6856960, 6882136, 25176
85697, 6856970, 6882150, 25180
85698, 6856980, 6882163, 25183
85699, 6856990, 6882177, 25187
85701, 6857010, 6882203, 25193
85702, 6857020, 6882217, 25197
85704, 6857040, 6882230, 25190
85705, 6857050, 6882243, 25193
85706, 6857060, 6882257, 25197
85707, 6857070, 6882270, 25200
85708, 6857080, 6882284, 25204
85709, 6857090, 6882297, 25207
85710, 6857100, 6882310, 25210
85711, 6857110, 6882324, 25214
85712, 6857120, 6882337, 25217
85713, 6857130, 6882350, 25220
85714, 6857140, 6882364, 25224
85716, 6857160, 6882377, 25217
85717, 6857170, 6882390, 25220
85718, 6857180, 6882404, 25224
85719, 6857190, 6882417, 25227
85720, 6857200, 6882430, 25230
85721, 6857210, 6886012, 28802
85722, 6857220, 6886025, 28805
85723, 6857230, 6886039, 28809
85724, 6857240, 6886052, 28812
85725, 6857250, 6886065, 28815
85727, 6857270, 6886079, 28809
85728, 6857280, 6886092, 28812
85729, 6857290, 6886106, 28816
85730, 6857300, 6886119, 28819
85731, 6857310, 6886132, 28822
85732, 6857320, 6886146, 28826
85733, 6857330, 6886159, 28829
85734, 6857340, 6886172, 28832
85735, 6857350, 6886186, 28836
85736, 6857360, 6886199, 28839
85738, 6857380, 6886212, 28832
85739, 6857390, 6886226, 28836
85740, 6857400, 6886239, 28839
85741, 6857410, 6886252, 28842
85742, 6857420, 6886266, 28846
85743, 6857430, 6886279, 28849
85744, 6857440, 6886293, 28853
85745, 6857450, 6886306, 28856
85746, 6857460, 6886319, 28859
85747, 6857470, 6886333, 28863
85748, 6857480, 6886346, 28866
85751, 6857510, 6886373, 28863
85752, 6857520, 6886386, 28866
85753, 6857530, 6886400, 28870
85754, 6857540, 6886413, 28873
85755, 6857550, 6886426, 28876
85756, 6857560, 6886440, 28880
85757, 6857570, 6886453, 28883
85758, 6857580, 6886466, 28886
85759, 6857590, 6886480, 28890
85761, 6857610, 6886493, 28883
85762, 6857620, 6886506, 28886
85763, 6857630, 6886520, 28890
85764, 6857640, 6886533, 28893
85765, 6857650, 6886546, 28896
85766, 6857660, 6886560, 28900
85767, 6857670, 6886573, 28903
85768, 6857680, 6886587, 28907
85769, 6857690, 6886600, 28910
85770, 6857700, 6886613, 28913
85771, 6857710, 6886627, 28917
85773, 6857730, 6886640, 28910
85774, 6857740, 6886653, 28913
85775, 6857750, 6886667, 28917
85776, 6857760, 6886680, 28920
85777, 6857770, 6886693, 28923
85778, 6857780, 6886707, 28927
85779, 6857790, 6886720, 28930
85780, 6857800, 6886734, 28934
85781, 6857810, 6886747, 28937
85782, 6857820, 6886760, 28940
85784, 6857840, 6886774, 28934
85785, 6857850, 6886787, 28937
85786, 6857860, 6886800, 28940
85787, 6857870, 6886814, 28944
85788, 6857880, 6886827, 28947
85789, 6857890, 6886840, 28950
85790, 6857900, 6886854, 28954
85791, 6857910, 6886867, 28957
85792, 6857920, 6886880, 28960
85793, 6857930, 6886894, 28964
85795, 6857950, 6886907, 28957
85796, 6857960, 6886921, 28961
85797, 6857970, 6886934, 28964
85798, 6857980, 6886947, 28967
85799, 6857990, 6886961, 28971
86202, 6862020, 6886987, 24967
86203, 6862030, 6887001, 24971
86204, 6862040, 6887014, 24974
86205, 6862050, 6887028, 24978
86206, 6862060, 6887041, 24981
86207, 6862070, 6887054, 24984
86208, 6862080, 6887068, 24988
86209, 6862090, 6887081, 24991
86210, 6862100, 6887094, 24994
86211, 6862110, 6887108, 24998
86213, 6862130, 6887121, 24991
86214, 6862140, 6887134, 24994
86215, 6862150, 6887148, 24998
86216, 6862160, 6887161, 25001
86217, 6862170, 6887174, 25004
86218, 6862180, 6887188, 25008
86219, 6862190, 6887201, 25011
86220, 6862200, 6887215, 25015
86221, 6862210, 6887228, 25018
86222, 6862220, 6887241, 25021
86224, 6862240, 6887255, 25015
86225, 6862250, 6887268, 25018
86226, 6862260, 6887281, 25021
86227, 6862270, 6887295, 25025
86228, 6862280, 6887308, 25028
86229, 6862290, 6887321, 25031
86230, 6862300, 6887335, 25035
86231, 6862310, 6887348, 25038
86232, 6862320, 6887362, 25042
86233, 6862330, 6887375, 25045
86234, 6862340, 6887388, 25048
86236, 6862360, 6887402, 25042
86237, 6862370, 6887415, 25045
86238, 6862380, 6887428, 25048
86239, 6862390, 6887442, 25052
86240, 6862400, 6887455, 25055
86241, 6862410, 6887468, 25058
86242, 6862420, 6887482, 25062
86243, 6862430, 6887495, 25065
86244, 6862440, 6887508, 25068
86245, 6862450, 6887522, 25072
86247, 6862470, 6887535, 25065
86248, 6862480, 6887549, 25069
86249, 6862490, 6887562, 25072
86251, 6862510, 6887589, 25079
86252, 6862520, 6887602, 25082
86253, 6862530, 6887615, 25085
86254, 6862540, 6887629, 25089
86255, 6862550, 6887642, 25092
86256, 6862560, 6887656, 25096
86257, 6862570, 6887669, 25099
86259, 6862590, 6887682, 25092
86260, 6862600, 6887696, 25096
86261, 6862610, 6887709, 25099
86262, 6862620, 6887722, 25102
86263, 6862630, 6887736, 25106
86264, 6862640, 6887749, 25109
86265, 6862650, 6887762, 25112
86266, 6862660, 6887776, 25116
86267, 6862670, 6887789, 25119
86268, 6862680, 6887802, 25122
86270, 6862700, 6887816, 25116
86271, 6862710, 6887829, 25119
86272, 6862720, 6887843, 25123
86273, 6862730, 6887856, 25126
86274, 6862740, 6887869, 25129
86275, 6862750, 6887883, 25133
86276, 6862760, 6887896, 25136
86277, 6862770, 6887909, 25139
86278, 6862780, 6887923, 25143
86279, 6862790, 6887936, 25146
86281, 6862810, 6887949, 25139
86282, 6862820, 6887963, 25143
86283, 6862830, 6887976, 25146
86284, 6862840, 6887990, 25150
86285, 6862850, 6888003, 25153
86286, 6862860, 6888016, 25156
86287, 6862870, 6888030, 25160
86288, 6862880, 6888043, 25163
86289, 6862890, 6888056, 25166
86290, 6862900, 6888070, 25170
86291, 6862910, 6888083, 25173
86293, 6862930, 6888096, 25166
86294, 6862940, 6888110, 25170
86295, 6862950, 6888123, 25173
86296, 6862960, 6888136, 25176
86297, 6862970, 6888150, 25180
86298, 6862980, 6888163, 25183
86299, 6862990, 6888177, 25187
86301, 6863010, 6888203, 25193
86302, 6863020, 6888217, 25197
86304, 6863040, 6888230, 25190
86305, 6863050, 6888243, 25193
86306, 6863060, 6888257, 25197
86307, 6863070, 6888270, 25200
86308, 6863080, 6888284, 25204
86309, 6863090, 6888297, 25207
86310, 6863100, 6888310, 25210
86311, 6863110, 6888324, 25214
86312, 6863120, 6888337, 25217
86313, 6863130, 6888350, 25220
86314, 6863140, 6888364, 25224
86316, 6863160, 6888377, 25217
86317, 6863170, 6888390, 25220
86318, 6863180, 6888404, 25224
86319, 6863190, 6888417, 25227
86320, 6863200, 6888430, 25230
86321, 6863210, 6892012, 28802
86322, 6863220, 6892025, 28805
86323, 6863230, 6892039, 28809
86324, 6863240, 6892052, 28812
86325, 6863250, 6892065, 28815
86327, 6863270, 6892079, 28809
86328, 6863280, 6892092, 28812
86329, 6863290, 6892106, 28816
86330, 6863300, 6892119, 28819
86331, 6863310, 6892132, 28822
86332, 6863320, 6892146, 28826
86333, 6863330, 6892159, 28829
86334, 6863340, 6892172, 28832
86335, 6863350, 6892186, 28836
86336, 6863360, 6892199, 28839
86338, 6863380, 6892212, 28832
86339, 6863390, 6892226, 28836
86340, 6863400, 6892239, 28839
86341, 6863410, 6892252, 28842
86342, 6863420, 6892266, 28846
86343, 6863430, 6892279, 28849
86344, 6863440, 6892293, 28853
86345, 6863450, 6892306, 28856
86346, 6863460, 6892319, 28859
86347, 6863470, 6892333, 28863
86348, 6863480, 6892346, 28866
86351, 6863510, 6892373, 28863
86352, 6863520, 6892386, 28866
86353, 6863530, 6892400, 28870
86354, 6863540, 6892413, 28873
86355, 6863550, 6892426, 28876
86356, 6863560, 6892440, 28880
86357, 6863570, 6892453, 28883
86358, 6863580, 6892466, 28886
86359, 6863590, 6892480, 28890
86361, 6863610, 6892493, 28883
86362, 6863620, 6892506, 28886
86363, 6863630, 6892520, 28890
86364, 6863640, 6892533, 28893
86365, 6863650, 6892546, 28896
86366, 6863660, 6892560, 28900
86367, 6863670, 6892573, 28903
86368, 6863680, 6892587, 28907
86369, 6863690, 6892600, 28910
86370, 6863700, 6892613, 28913
86371, 6863710, 6892627, 28917
86373, 6863730, 6892640, 28910
86374, 6863740, 6892653, 28913
86375, 6863750, 6892667, 28917
86376, 6863760, 6892680, 28920
86377, 6863770, 6892693, 28923
86378, 6863780, 6892707, 28927
86379, 6863790, 6892720, 28930
86380, 6863800, 6892734, 28934
86381, 6863810, 6892747, 28937
86382, 6863820, 6892760, 28940
86384, 6863840, 6892774, 28934
86385, 6863850, 6892787, 28937
86386, 6863860, 6892800, 28940
86387, 6863870, 6892814, 28944
86388, 6863880, 6892827, 28947
86389, 6863890, 6892840, 28950
86390, 6863900, 6892854, 28954
86391, 6863910, 6892867, 28957
86392, 6863920, 6892880, 28960
86393, 6863930, 6892894, 28964
86395, 6863950, 6892907, 28957
86396, 6863960, 6892921, 28961
86397, 6863970, 6892934, 28964
86398, 6863980, 6892947, 28967
86399, 6863990, 6892961, 28971
86802, 6868020, 6892987, 24967
86803, 6868030, 6893001, 24971
86804, 6868040, 6893014, 24974
86805, 6868050, 6893028, 24978
86806, 6868060, 6893041, 24981
86807, 6868070, 6893054, 24984
86808, 6868080, 6893068, 24988
86809, 6868090, 6893081, 24991
86810, 6868100, 6893094, 24994
86811, 6868110, 6893108, 24998
86813, 6868130, 6893121, 24991
86814, 6868140, 6893134, 24994
86815, 6868150, 6893148, 24998
86816, 6868160, 6893161, 25001
86817, 6868170, 6893174, 25004
86818, 6868180, 6893188, 25008
86819, 6868190, 6893201, 25011
86820, 6868200, 6893215, 25015
86821, 6868210, 6893228, 25018
86822, 6868220, 6893241, 25021
86824, 6868240, 6893255, 25015
86825, 6868250, 6893268, 25018
86826, 6868260, 6893281, 25021
86827, 6868270, 6893295, 25025
86828, 6868280, 6893308, 25028
86829, 6868290, 6893321, 25031
86830, 6868300, 6893335, 25035
86831, 6868310, 6893348, 25038
86832, 6868320, 6893362, 25042
86833, 6868330, 6893375, 25045
86834, 6868340, 6893388, 25048
86836, 6868360, 6893402, 25042
86837, 6868370, 6893415, 25045
86838, 6868380, 6893428, 25048
86839, 6868390, 6893442, 25052
86840, 6868400, 6893455, 25055
86841, 6868410, 6893468, 25058
86842, 6868420, 6893482, 25062
86843, 6868430, 6893495, 25065
86844, 6868440, 6893508, 25068
86845, 6868450, 6893522, 25072
86847, 6868470, 6893535, 25065
86848, 6868480, 6893549, 25069
86849, 6868490, 6893562, 25072
86851, 6868510, 6893589, 25079
86852, 6868520, 6893602, 25082
86853, 6868530, 6893615, 25085
86854, 6868540, 6893629, 25089
86855, 6868550, 6893642, 25092
86856, 6868560, 6893656, 25096
86857, 6868570, 6893669, 25099
86859, 6868590, 6893682, 25092
86860, 6868600, 6893696, 25096
86861, 6868610, 6893709, 25099
86862, 6868620, 6893722, 25102
86863, 6868630, 6893736, 25106
86864, 6868640, 6893749, 25109
86865, 6868650, 6893762, 25112
86866, 6868660, 6893776, 25116
86867, 6868670, 6893789, 25119
86868, 6868680, 6893802, 25122
86870, 6868700, 6893816, 25116
86871, 6868710, 6893829, 25119
86872, 6868720, 6893843, 25123
86873, 6868730, 6893856, 25126
86874, 6868740, 6893869, 25129
86875, 6868750, 6893883, 25133
86876, 6868760, 6893896, 25136
86877, 6868770, 6893909, 25139
86878, 6868780, 6893923, 25143
86879, 6868790, 6893936, 25146
86881, 6868810, 6893949, 25139
86882, 6868820, 6893963, 25143
86883, 6868830, 6893976, 25146
86884, 6868840, 6893990, 25150
86885, 6868850, 6894003, 25153
86886, 6868860, 6894016, 25156
86887, 6868870, 6894030, 25160
86888, 6868880, 6894043, 25163
86889, 6868890, 6894056, 25166
86890, 6868900, 6894070, 25170
86891, 6868910, 6894083, 25173
86893, 6868930, 6894096, 25166
86894, 6868940, 6894110, 25170
86895, 6868950, 6894123, 25173
86896, 6868960, 6894136, 25176
86897, 6868970, 6894150, 25180
86898, 6868980, 6894163, 25183
86899, 6868990, 6894177, 25187
86901, 6869010, 6894203, 25193
86902, 6869020, 6894217, 25197
86904, 6869040, 6894230, 25190
86905, 6869050, 6894243, 25193
86906, 6869060, 6894257, 25197
86907, 6869070, 6894270, 25200
86908, 6869080, 6894284, 25204
86909, 6869090, 6894297, 25207
86910, 6869100, 6894310, 25210
86911, 6869110, 6894324, 25214
86912, 6869120, 6894337, 25217
86913, 6869130, 6894350, 25220
86914, 6869140, 6894364, 25224
86916, 6869160, 6894377, 25217
86917, 6869170, 6894390, 25220
86918, 6869180, 6894404, 25224
86919, 6869190, 6894417, 25227
86920, 6869200, 6894430, 25230
86921, 6869210, 6898012, 28802
86922, 6869220, 6898025, 28805
86923, 6869230, 6898039, 28809
86924, 6869240, 6898052, 28812
86925, 6869250, 6898065, 28815
86927, 6869270, 6898079, 28809
86928, 6869280, 6898092, 28812
86929, 6869290, 6898106, 28816
86930, 6869300, 6898119, 28819
86931, 6869310, 6898132, 28822
86932, 6869320, 6898146, 28826
86933, 6869330, 6898159, 28829
86934, 6869340, 6898172, 28832
86935, 6869350, 6898186, 28836
86936, 6869360, 6898199, 28839
86938, 6869380, 6898212, 28832
86939, 6869390, 6898226, 28836
86940, 6869400, 6898239, 28839
86941, 6869410, 6898252, 28842
86942, 6869420, 6898266, 28846
86943, 6869430, 6898279, 28849
86944, 6869440, 6898293, 28853
86945, 6869450, 6898306, 28856
86946, 6869460, 6898319, 28859
86947, 6869470, 6898333, 28863
86948, 6869480, 6898346, 28866
86951, 6869510, 6898373, 28863
86952, 6869520, 6898386, 28866
86953, 6869530, 6898400, 28870
86954, 6869540, 6898413, 28873
86955, 6869550, 6898426, 28876
86956, 6869560, 6898440, 28880
86957, 6869570, 6898453, 28883
86958, 6869580, 6898466, 28886
86959, 6869590, 6898480, 28890
86961, 6869610, 6898493, 28883
86962, 6869620, 6898506, 28886
86963, 6869630, 6898520, 28890
86964, 6869640, 6898533, 28893
86965, 6869650, 6898546, 28896
86966, 6869660, 6898560, 28900
86967, 6869670, 6898573, 28903
86968, 6869680, 6898587, 28907
86969, 6869690, 6898600, 28910
86970, 6869700, 6898613, 28913
86971, 6869710, 6898627, 28917
86973, 6869730, 6898640, 28910
86974, 6869740, 6898653, 28913
86975, 6869750, 6898667, 28917
86976, 6869760, 6898680, 28920
86977, 6869770, 6898693, 28923
86978, 6869780, 6898707, 28927
86979, 6869790, 6898720, 28930
86980, 6869800, 6898734, 28934
86981, 6869810, 6898747, 28937
86982, 6869820, 6898760, 28940
86984, 6869840, 6898774, 28934
86985, 6869850, 6898787, 28937
86986, 6869860, 6898800, 28940
86987, 6869870, 6898814, 28944
86988, 6869880, 6898827, 28947
86989, 6869890, 6898840, 28950
86990, 6869900, 6898854, 28954
86991, 6869910, 6898867, 28957
86992, 6869920, 6898880, 28960
86993, 6869930, 6898894, 28964
86995, 6869950, 6898907, 28957
86996, 6869960, 6898921, 28961
86997, 6869970, 6898934, 28964
86998, 6869980, 6898947, 28967
86999, 6869990, 6898961, 28971
87402, 6874020, 6898987, 24967
87403, 6874030, 6899001, 24971
87404, 6874040, 6899014, 24974
87405, 6874050, 6899028, 24978
87406, 6874060, 6899041, 24981
87407, 6874070, 6899054, 24984
87408, 6874080, 6899068, 24988
87409, 6874090, 6899081, 24991
87410, 6874100, 6899094, 24994
87411, 6874110, 6899108, 24998
87413, 6874130, 6899121, 24991
87414, 6874140, 6899134, 24994
87415, 6874150, 6899148, 24998
87416, 6874160, 6899161, 25001
87417, 6874170, 6899174, 25004
87418, 6874180, 6899188, 25008
87419, 6874190, 6899201, 25011
87420, 6874200, 6899215, 25015
87421, 6874210, 6899228, 25018
87422, 6874220, 6899241, 25021
87424, 6874240, 6899255, 25015
87425, 6874250, 6899268, 25018
87426, 6874260, 6899281, 25021
87427, 6874270, 6899295, 25025
87428, 6874280, 6899308, 25028
87429, 6874290, 6899321, 25031
87430, 6874300, 6899335, 25035
87431, 6874310, 6899348, 25038
87432, 6874320, 6899362, 25042
87433, 6874330, 6899375, 25045
87434, 6874340, 6899388, 25048
87436, 6874360, 6899402, 25042
87437, 6874370, 6899415, 25045
87438, 6874380, 6899428, 25048
87439, 6874390, 6899442, 25052
87440, 6874400, 6899455, 25055
87441, 6874410, 6899468, 25058
87442, 6874420, 6899482, 25062
87443, 6874430, 6899495, 25065
87444, 6874440, 6899508, 25068
87445, 6874450, 6899522, 25072
87447, 6874470, 6899535, 25065
87448, 6874480, 6899549, 25069
87449, 6874490, 6899562, 25072
87451, 6874510, 6899589, 25079
87452, 6874520, 6899602, 25082
87453, 6874530, 6899615, 25085
87454, 6874540, 6899629, 25089
87455, 6874550, 6899642, 25092
87456, 6874560, 6899656, 25096
87457, 6874570, 6899669, 25099
87459, 6874590, 6899682, 25092
87460, 6874600, 6899696, 25096
87461, 6874610, 6899709, 25099
87462, 6874620, 6899722, 25102
87463, 6874630, 6899736, 25106
87464, 6874640, 6899749, 25109
87465, 6874650, 6899762, 25112
87466, 6874660, 6899776, 25116
87467, 6874670, 6899789, 25119
87468, 6874680, 6899802, 25122
87470, 6874700, 6899816, 25116
87471, 6874710, 6899829, 25119
87472, 6874720, 6899843, 25123
87473, 6874730, 6899856, 25126
87474, 6874740, 6899869, 25129
87475, 6874750, 6899883, 25133
87476, 6874760, 6899896, 25136
87477, 6874770, 6899909, 25139
87478, 6874780, 6899923, 25143
87479, 6874790, 6899936, 25146
87480, 6874800, 6899949, 25149
87482, 6874820, 6899963, 25143
87483, 6874830, 6899976, 25146
87484, 6874840, 6899990, 25150
87485, 6874850, 6900003, 25153
87486, 6874860, 6900016, 25156
87487, 6874870, 6900030, 25160
87488, 6874880, 6900043, 25163
87489, 6874890, 6900056, 25166
87490, 6874900, 6900070, 25170
87491, 6874910, 6900083, 25173
87493, 6874930, 6900096, 25166
87494, 6874940, 6900110, 25170
87495, 6874950, 6900123, 25173
87496, 6874960, 6900136, 25176
87497, 6874970, 6900150, 25180
87498, 6874980, 6900163, 25183
87499, 6874990, 6900177, 25187
87501, 6875010, 6900203, 25193
87502, 6875020, 6900217, 25197
87504, 6875040, 6900230, 25190
87505, 6875050, 6900243, 25193
87506, 6875060, 6900257, 25197
87507, 6875070, 6900270, 25200
87508, 6875080, 6900284, 25204
87509, 6875090, 6900297, 25207
87510, 6875100, 6900310, 25210
87511, 6875110, 6900324, 25214
87512, 6875120, 6900337, 25217
87513, 6875130, 6900350, 25220
87514, 6875140, 6900364, 25224
87516, 6875160, 6900377, 25217
87517, 6875170, 6900390, 25220
87518, 6875180, 6900404, 25224
87519, 6875190, 6900417, 25227
87520, 6875200, 6900430, 25230
87521, 6875210, 6904012, 28802
87522, 6875220, 6904025, 28805
87523, 6875230, 6904039, 28809
87524, 6875240, 6904052, 28812
87525, 6875250, 6904065, 28815
87527, 6875270, 6904079, 28809
87528, 6875280, 6904092, 28812
87529, 6875290, 6904106, 28816
87530, 6875300, 6904119, 28819
87531, 6875310, 6904132, 28822
87532, 6875320, 6904146, 28826
87533, 6875330, 6904159, 28829
87534, 6875340, 6904172, 28832
87535, 6875350, 6904186, 28836
87536, 6875360, 6904199, 28839
87537, 6875370, 6904212, 28842
87539, 6875390, 6904226, 28836
87540, 6875400, 6904239, 28839
87541, 6875410, 6904252, 28842
87542, 6875420, 6904266, 28846
87543, 6875430, 6904279, 28849
87544, 6875440, 6904293, 28853
87545, 6875450, 6904306, 28856
87546, 6875460, 6904319, 28859
87547, 6875470, 6904333, 28863
87548, 6875480, 6904346, 28866
87551, 6875510, 6904373, 28863
87552, 6875520, 6904386, 28866
87553, 6875530, 6904400, 28870
87554, 6875540, 6904413, 28873
87555, 6875550, 6904426, 28876
87556, 6875560, 6904440, 28880
87557, 6875570, 6904453, 28883
87558, 6875580, 6904466, 28886
87559, 6875590, 6904480, 28890
87561, 6875610, 6904493, 28883
87562, 6875620, 6904506, 28886
87563, 6875630, 6904520, 28890
87564, 6875640, 6904533, 28893
87565, 6875650, 6904546, 28896
87566, 6875660, 6904560, 28900
87567, 6875670, 6904573, 28903
87568, 6875680, 6904587, 28907
87569, 6875690, 6904600, 28910
87570, 6875700, 6904613, 28913
87571, 6875710, 6904627, 28917
87573, 6875730, 6904640, 28910
87574, 6875740, 6904653, 28913
87575, 6875750, 6904667, 28917
87576, 6875760, 6904680, 28920
87577, 6875770, 6904693, 28923
87578, 6875780, 6904707, 28927
87579, 6875790, 6904720, 28930
87580, 6875800, 6904734, 28934
87581, 6875810, 6904747, 28937
87582, 6875820, 6904760, 28940
87584, 6875840, 6904774, 28934
87585, 6875850, 6904787, 28937
87586, 6875860, 6904800, 28940
87587, 6875870, 6904814, 28944
87588, 6875880, 6904827, 28947
87589, 6875890, 6904840, 28950
87590, 6875900, 6904854, 28954
87591, 6875910, 6904867, 28957
87592, 6875920, 6904880, 28960
87593, 6875930, 6904894, 28964
87594, 6875940, 6904907, 28967
87596, 6875960, 6904921, 28961
87597, 6875970, 6904934, 28964
87598, 6875980, 6904947, 28967
87599, 6875990, 6904961, 28971
88002, 6880020, 6904987, 24967
88003, 6880030, 6905001, 24971
88004, 6880040, 6905014, 24974
88005, 6880050, 6905027, 24977
88006, 6880060, 6905041, 24981
88007, 6880070, 6905054, 24984
88008, 6880080, 6905067, 24987
88009, 6880090, 6905081, 24991
88010, 6880100, 6905094, 24994
88011, 6880110, 6905108, 24998
88013, 6880130, 6905121, 24991
88014, 6880140, 6905134, 24994
88015, 6880150, 6905148, 24998
88016, 6880160, 6905161, 25001
88017, 6880170, 6905174, 25004
88018, 6880180, 6905188, 25008
88019, 6880190, 6905201, 25011
88020, 6880200, 6905214, 25014
88021, 6880210, 6905228, 25018
88022, 6880220, 6905241, 25021
88024, 6880240, 6905254, 25014
88025, 6880250, 6905268, 25018
88026, 6880260, 6905281, 25021
88027, 6880270, 6905295, 25025
88028, 6880280, 6905308, 25028
88029, 6880290, 6905321, 25031
88030, 6880300, 6905335, 25035
88031, 6880310, 6905348, 25038
88032, 6880320, 6905361, 25041
88033, 6880330, 6905375, 25045
88034, 6880340, 6905388, 25048
88036, 6880360, 6905401, 25041
88037, 6880370, 6905415, 25045
88038, 6880380, 6905428, 25048
88039, 6880390, 6905442, 25052
88040, 6880400, 6905455, 25055
88041, 6880410, 6905468, 25058
88042, 6880420, 6905482, 25062
88043, 6880430, 6905495, 25065
88044, 6880440, 6905508, 25068
88045, 6880450, 6905522, 25072
88047, 6880470, 6905535, 25065
88048, 6880480, 6905548, 25068
88049, 6880490, 6905562, 25072
88051, 6880510, 6905589, 25079
88052, 6880520, 6905602, 25082
88053, 6880530, 6905615, 25085
88054, 6880540, 6905629, 25089
88055, 6880550, 6905642, 25092
88056, 6880560, 6905655, 25095
88057, 6880570, 6905669, 25099
88059, 6880590, 6905682, 25092
88060, 6880600, 6905695, 25095
88061, 6880610, 6905709, 25099
88062, 6880620, 6905722, 25102
88063, 6880630, 6905736, 25106
88064, 6880640, 6905749, 25109
88065, 6880650, 6905762, 25112
88066, 6880660, 6905776, 25116
88067, 6880670, 6905789, 25119
88068, 6880680, 6905802, 25122
88070, 6880700, 6905816, 25116
88071, 6880710, 6905829, 25119
88072, 6880720, 6905842, 25122
88073, 6880730, 6905856, 25126
88074, 6880740, 6905869, 25129
88075, 6880750, 6905882, 25132
88076, 6880760, 6905896, 25136
88077, 6880770, 6905909, 25139
88078, 6880780, 6905923, 25143
88079, 6880790, 6905936, 25146
88081, 6880810, 6905949, 25139
88082, 6880820, 6905963, 25143
88083, 6880830, 6905976, 25146
88084, 6880840, 6905989, 25149
88085, 6880850, 6906003, 25153
88086, 6880860, 6906016, 25156
88087, 6880870, 6906029, 25159
88088, 6880880, 6906043, 25163
88089, 6880890, 6906056, 25166
88090, 6880900, 6906070, 25170
88091, 6880910, 6906083, 25173
88093, 6880930, 6906096, 25166
88094, 6880940, 6906110, 25170
88095, 6880950, 6906123, 25173
88096, 6880960, 6906136, 25176
88097, 6880970, 6906150, 25180
88098, 6880980, 6906163, 25183
88099, 6880990, 6906176, 25186
88101, 6881010, 6906203, 25193
88102, 6881020, 6906217, 25197
88104, 6881040, 6906230, 25190
88105, 6881050, 6906243, 25193
88106, 6881060, 6906257, 25197
88107, 6881070, 6906270, 25200
88108, 6881080, 6906283, 25203
88109, 6881090, 6906297, 25207
88110, 6881100, 6906310, 25210
88111, 6881110, 6906323, 25213
88112, 6881120, 6906337, 25217
88113, 6881130, 6906350, 25220
88114, 6881140, 6906364, 25224
88116, 6881160, 6906377, 25217
88117, 6881170, 6906390, 25220
88118, 6881180, 6906404, 25224
88119, 6881190, 6906417, 25227
88120, 6881200, 6906430, 25230
88121, 6881210, 6910012, 28802
88122, 6881220, 6910025, 28805
88123, 6881230, 6910039, 28809
88124, 6881240, 6910052, 28812
88125, 6881250, 6910065, 28815
88127, 6881270, 6910079, 28809
88128, 6881280, 6910092, 28812
88129, 6881290, 6910106, 28816
88130, 6881300, 6910119, 28819
88131, 6881310, 6910132, 28822
88132, 6881320, 6910146, 28826
88133, 6881330, 6910159, 28829
88134, 6881340, 6910172, 28832
88135, 6881350, 6910186, 28836
88136, 6881360, 6910199, 28839
88138, 6881380, 6910212, 28832
88139, 6881390, 6910226, 28836
88140, 6881400, 6910239, 28839
88141, 6881410, 6910252, 28842
88142, 6881420, 6910266, 28846
88143, 6881430, 6910279, 28849
88144, 6881440, 6910293, 28853
88145, 6881450, 6910306, 28856
88146, 6881460, 6910319, 28859
88147, 6881470, 6910333, 28863
88148, 6881480, 6910346, 28866
88151, 6881510, 6910373, 28863
88152, 6881520, 6910386, 28866
88153, 6881530, 6910400, 28870
88154, 6881540, 6910413, 28873
88155, 6881550, 6910426, 28876
88156, 6881560, 6910440, 28880
88157, 6881570, 6910453, 28883
88158, 6881580, 6910466, 28886
88159, 6881590, 6910480, 28890
88161, 6881610, 6910493, 28883
88162, 6881620, 6910506, 28886
88163, 6881630, 6910520, 28890
88164, 6881640, 6910533, 28893
88165, 6881650, 6910546, 28896
88166, 6881660, 6910560, 28900
88167, 6881670, 6910573, 28903
88168, 6881680, 6910587, 28907
88169, 6881690, 6910600, 28910
88170, 6881700, 6910613, 28913
88171, 6881710, 6910627, 28917
88173, 6881730, 6910640, 28910
88174, 6881740, 6910653, 28913
88175, 6881750, 6910667, 28917
88176, 6881760, 6910680, 28920
88177, 6881770, 6910693, 28923
88178, 6881780, 6910707, 28927
88179, 6881790, 6910720, 28930
88180, 6881800, 6910734, 28934
88181, 6881810, 6910747, 28937
88182, 6881820, 6910760, 28940
88184, 6881840, 6910774, 28934
88185, 6881850, 6910787, 28937
88186, 6881860, 6910800, 28940
88187, 6881870, 6910814, 28944
88188, 6881880, 6910827, 28947
88189, 6881890, 6910840, 28950
88190, 6881900, 6910854, 28954
88191, 6881910, 6910867, 28957
88192, 6881920, 6910880, 28960
88193, 6881930, 6910894, 28964
88195, 6881950, 6910907, 28957
88196, 6881960, 6910921, 28961
88197, 6881970, 6910934, 28964
88198, 6881980, 6910947, 28967
88199, 6881990, 6910961, 28971
88602, 6886020, 6910987, 24967
88603, 6886030, 6911001, 24971
88604, 6886040, 6911014, 24974
88605, 6886050, 6911028, 24978
88606, 6886060, 6911041, 24981
88607, 6886070, 6911054, 24984
88608, 6886080, 6911068, 24988
88609, 6886090, 6911081, 24991
88610, 6886100, 6911094, 24994
88611, 6886110, 6911108, 24998
88613, 6886130, 6911121, 24991
88614, 6886140, 6911134, 24994
88615, 6886150, 6911148, 24998
88616, 6886160, 6911161, 25001
88617, 6886170, 6911174, 25004
88618, 6886180, 6911188, 25008
88619, 6886190, 6911201, 25011
88620, 6886200, 6911215, 25015
88621, 6886210, 6911228, 25018
88622, 6886220, 6911241, 25021
88624, 6886240, 6911255, 25015
88625, 6886250, 6911268, 25018
88626, 6886260, 6911281, 25021
88627, 6886270, 6911295, 25025
88628, 6886280, 6911308, 25028
88629, 6886290, 6911321, 25031
88630, 6886300, 6911335, 25035
88631, 6886310, 6911348, 25038
88632, 6886320, 6911362, 25042
88633, 6886330, 6911375, 25045
88634, 6886340, 6911388, 25048
88636, 6886360, 6911402, 25042
88637, 6886370, 6911415, 25045
88638, 6886380, 6911428, 25048
88639, 6886390, 6911442, 25052
88640, 6886400, 6911455, 25055
88641, 6886410, 6911468, 25058
88642, 6886420, 6911482, 25062
88643, 6886430, 6911495, 25065
88644, 6886440, 6911508, 25068
88645, 6886450, 6911522, 25072
88647, 6886470, 6911535, 25065
88648, 6886480, 6911549, 25069
88649, 6886490, 6911562, 25072
88651, 6886510, 6911589, 25079
88652, 6886520, 6911602, 25082
88653, 6886530, 6911615, 25085
88654, 6886540, 6911629, 25089
88655, 6886550, 6911642, 25092
88656, 6886560, 6911656, 25096
88657, 6886570, 6911669, 25099
88659, 6886590, 6911682, 25092
88660, 6886600, 6911696, 25096
88661, 6886610, 6911709, 25099
88662, 6886620, 6911722, 25102
88663, 6886630, 6911736, 25106
88664, 6886640, 6911749, 25109
88665, 6886650, 6911762, 25112
88666, 6886660, 6911776, 25116
88667, 6886670, 6911789, 25119
88668, 6886680, 6911802, 25122
88670, 6886700, 6911816, 25116
88671, 6886710, 6911829, 25119
88672, 6886720, 6911843, 25123
88673, 6886730, 6911856, 25126
88674, 6886740, 6911869, 25129
88675, 6886750, 6911883, 25133
88676, 6886760, 6911896, 25136
88677, 6886770, 6911909, 25139
88678, 6886780, 6911923, 25143
88679, 6886790, 6911936, 25146
88681, 6886810, 6911949, 25139
88682, 6886820, 6911963, 25143
88683, 6886830, 6911976, 25146
88684, 6886840, 6911990, 25150
88685, 6886850, 6912003, 25153
88686, 6886860, 6912016, 25156
88687, 6886870, 6912030, 25160
88688, 6886880, 6912043, 25163
88689, 6886890, 6912056, 25166
88690, 6886900, 6912070, 25170
88691, 6886910, 6912083, 25173
88693, 6886930, 6912096, 25166
88694, 6886940, 6912110, 25170
88695, 6886950, 6912123, 25173
88696, 6886960, 6912136, 25176
88697, 6886970, 6912150, 25180
88698, 6886980, 6912163, 25183
88699, 6886990, 6912177, 25187
88701, 6887010, 6912203, 25193
88702, 6887020, 6912217, 25197
88704, 6887040, 6912230, 25190
88705, 6887050, 6912243, 25193
88706, 6887060, 6912257, 25197
88707, 6887070, 6912270, 25200
88708, 6887080, 6912284, 25204
88709, 6887090, 6912297, 25207
88710, 6887100, 6912310, 25210
88711, 6887110, 6912324, 25214
88712, 6887120, 6912337, 25217
88713, 6887130, 6912350, 25220
88714, 6887140, 6912364, 25224
88716, 6887160, 6912377, 25217
88717, 6887170, 6912390, 25220
88718, 6887180, 6912404, 25224
88719, 6887190, 6912417, 25227
88720, 6887200, 6912430, 25230
88721, 6887210, 6916012, 28802
88722, 6887220, 6916025, 28805
88723, 6887230, 6916039, 28809
88724, 6887240, 6916052, 28812
88725, 6887250, 6916065, 28815
88727, 6887270, 6916079, 28809
88728, 6887280, 6916092, 28812
88729, 6887290, 6916106, 28816
88730, 6887300, 6916119, 28819
88731, 6887310, 6916132, 28822
88732, 6887320, 6916146, 28826
88733, 6887330, 6916159, 28829
88734, 6887340, 6916172, 28832
88735, 6887350, 6916186, 28836
88736, 6887360, 6916199, 28839
88738, 6887380, 6916212, 28832
88739, 6887390, 6916226, 28836
88740, 6887400, 6916239, 28839
88741, 6887410, 6916252, 28842
88742, 6887420, 6916266, 28846
88743, 6887430, 6916279, 28849
88744, 6887440, 6916293, 28853
88745, 6887450, 6916306, 28856
88746, 6887460, 6916319, 28859
88747, 6887470, 6916333, 28863
88748, 6887480, 6916346, 28866
88751, 6887510, 6916373, 28863
88752, 6887520, 6916386, 28866
88753, 6887530, 6916400, 28870
88754, 6887540, 6916413, 28873
88755, 6887550, 6916426, 28876
88756, 6887560, 6916440, 28880
88757, 6887570, 6916453, 28883
88758, 6887580, 6916466, 28886
88759, 6887590, 6916480, 28890
88761, 6887610, 6916493, 28883
88762, 6887620, 6916506, 28886
88763, 6887630, 6916520, 28890
88764, 6887640, 6916533, 28893
88765, 6887650, 6916546, 28896
88766, 6887660, 6916560, 28900
88767, 6887670, 6916573, 28903
88768, 6887680, 6916587, 28907
88769, 6887690, 6916600, 28910
88770, 6887700, 6916613, 28913
88771, 6887710, 6916627, 28917
88773, 6887730, 6916640, 28910
88774, 6887740, 6916653, 28913
88775, 6887750, 6916667, 28917
88776, 6887760, 6916680, 28920
88777, 6887770, 6916693, 28923
88778, 6887780, 6916707, 28927
88779, 6887790, 6916720, 28930
88780, 6887800, 6916734, 28934
88781, 6887810, 6916747, 28937
88782, 6887820, 6916760, 28940
88784, 6887840, 6916774, 28934
88785, 6887850, 6916787, 28937
88786, 6887860, 6916800, 28940
88787, 6887870, 6916814, 28944
88788, 6887880, 6916827, 28947
88789, 6887890, 6916840, 28950
88790, 6887900, 6916854, 28954
88791, 6887910, 6916867, 28957
88792, 6887920, 6916880, 28960
88793, 6887930, 6916894, 28964
88795, 6887950, 6916907, 28957
88796, 6887960, 6916921, 28961
88797, 6887970, 6916934, 28964
88798, 6887980, 6916947, 28967
88799, 6887990, 6916961, 28971
89202, 6892020, 6916987, 24967
89203, 6892030, 6917001, 24971
89204, 6892040, 6917014, 24974
89205, 6892050, 6917028, 24978
89206, 6892060, 6917041, 24981
89207, 6892070, 6917054, 24984
89208, 6892080, 6917068, 24988
89209, 6892090, 6917081, 24991
89210, 6892100, 6917094, 24994
89211, 6892110, 6917108, 24998
89213, 6892130, 6917121, 24991
89214, 6892140, 6917134, 24994
89215, 6892150, 6917148, 24998
89216, 6892160, 6917161, 25001
89217, 6892170, 6917174, 25004
89218, 6892180, 6917188, 25008
89219, 6892190, 6917201, 25011
89220, 6892200, 6917215, 25015
89221, 6892210, 6917228, 25018
89222, 6892220, 6917241, 25021
89224, 6892240, 6917255, 25015
89225, 6892250, 6917268, 25018
89226, 6892260, 6917281, 25021
89227, 6892270, 6917295, 25025
89228, 6892280, 6917308, 25028
89229, 6892290, 6917321, 25031
89230, 6892300, 6917335, 25035
89231, 6892310, 6917348, 25038
89232, 6892320, 6917362, 25042
89233, 6892330, 6917375, 25045
89234, 6892340, 6917388, 25048
89236, 6892360, 6917402, 25042
89237, 6892370, 6917415, 25045
89238, 6892380, 6917428, 25048
89239, 6892390, 6917442, 25052
89240, 6892400, 6917455, 25055
89241, 6892410, 6917468, 25058
89242, 6892420, 6917482, 25062
89243, 6892430, 6917495, 25065
89244, 6892440, 6917508, 25068
89245, 6892450, 6917522, 25072
89247, 6892470, 6917535, 25065
89248, 6892480, 6917549, 25069
89249, 6892490, 6917562, 25072
89251, 6892510, 6917589, 25079
89252, 6892520, 6917602, 25082
89253, 6892530, 6917615, 25085
89254, 6892540, 6917629, 25089
89255, 6892550, 6917642, 25092
89256, 6892560, 6917656, 25096
89257, 6892570, 6917669, 25099
89259, 6892590, 6917682, 25092
89260, 6892600, 6917696, 25096
89261, 6892610, 6917709, 25099
89262, 6892620, 6917722, 25102
89263, 6892630, 6917736, 25106
89264, 6892640, 6917749, 25109
89265, 6892650, 6917762, 25112
89266, 6892660, 6917776, 25116
89267, 6892670, 6917789, 25119
89268, 6892680, 6917802, 25122
89270, 6892700, 6917816, 25116
89271, 6892710, 6917829, 25119
89272, 6892720, 6917843, 25123
89273, 6892730, 6917856, 25126
89274, 6892740, 6917869, 25129
89275, 6892750, 6917883, 25133
89276, 6892760, 6917896, 25136
89277, 6892770, 6917909, 25139
89278, 6892780, 6917923, 25143
89279, 6892790, 6917936, 25146
89281, 6892810, 6917949, 25139
89282, 6892820, 6917963, 25143
89283, 6892830, 6917976, 25146
89284, 6892840, 6917990, 25150
89285, 6892850, 6918003, 25153
89286, 6892860, 6918016, 25156
89287, 6892870, 6918030, 25160
89288, 6892880, 6918043, 25163
89289, 6892890, 6918056, 25166
89290, 6892900, 6918070, 25170
89291, 6892910, 6918083, 25173
89293, 6892930, 6918096, 25166
89294, 6892940, 6918110, 25170
89295, 6892950, 6918123, 25173
89296, 6892960, 6918136, 25176
89297, 6892970, 6918150, 25180
89298, 6892980, 6918163, 25183
89299, 6892990, 6918177, 25187
89301, 6893010, 6918203, 25193
89302, 6893020, 6918217, 25197
89304, 6893040, 6918230, 25190
89305, 6893050, 6918243, 25193
89306, 6893060, 6918257, 25197
89307, 6893070, 6918270, 25200
89308, 6893080, 6918284, 25204
89309, 6893090, 6918297, 25207
89310, 6893100, 6918310, 25210
89311, 6893110, 6918324, 25214
89312, 6893120, 6918337, 25217
89313, 6893130, 6918350, 25220
89314, 6893140, 6918364, 25224
89316, 6893160, 6918377, 25217
89317, 6893170, 6918390, 25220
89318, 6893180, 6918404, 25224
89319, 6893190, 6918417, 25227
89320, 6893200, 6918430, 25230
89321, 6893210, 6922012, 28802
89322, 6893220, 6922025, 28805
89323, 6893230, 6922039, 28809
89324, 6893240, 6922052, 28812
89325, 6893250, 6922065, 28815
89327, 6893270, 6922079, 28809
89328, 6893280, 6922092, 28812
89329, 6893290, 6922106, 28816
89330, 6893300, 6922119, 28819
89331, 6893310, 6922132, 28822
89332, 6893320, 6922146, 28826
89333, 6893330, 6922159, 28829
89334, 6893340, 6922172, 28832
89335, 6893350, 6922186, 28836
89336, 6893360, 6922199, 28839
89338, 6893380, 6922212, 28832
89339, 6893390, 6922226, 28836
89340, 6893400, 6922239, 28839
89341, 6893410, 6922252, 28842
89342, 6893420, 6922266, 28846
89343, 6893430, 6922279, 28849
89344, 6893440, 6922293, 28853
89345, 6893450, 6922306, 28856
89346, 6893460, 6922319, 28859
89347, 6893470, 6922333, 28863
89348, 6893480, 6922346, 28866
89351, 6893510, 6922373, 28863
89352, 6893520, 6922386, 28866
89353, 6893530, 6922400, 28870
89354, 6893540, 6922413, 28873
89355, 6893550, 6922426, 28876
89356, 6893560, 6922440, 28880
89357, 6893570, 6922453, 28883
89358, 6893580, 6922466, 28886
89359, 6893590, 6922480, 28890
89361, 6893610, 6922493, 28883
89362, 6893620, 6922506, 28886
89363, 6893630, 6922520, 28890
89364, 6893640, 6922533, 28893
89365, 6893650, 6922546, 28896
89366, 6893660, 6922560, 28900
89367, 6893670, 6922573, 28903
89368, 6893680, 6922587, 28907
89369, 6893690, 6922600, 28910
89370, 6893700, 6922613, 28913
89371, 6893710, 6922627, 28917
89373, 6893730, 6922640, 28910
89374, 6893740, 6922653, 28913
89375, 6893750, 6922667, 28917
89376, 6893760, 6922680, 28920
89377, 6893770, 6922693, 28923
89378, 6893780, 6922707, 28927
89379, 6893790, 6922720, 28930
89380, 6893800, 6922734, 28934
89381, 6893810, 6922747, 28937
89382, 6893820, 6922760, 28940
89384, 6893840, 6922774, 28934
89385, 6893850, 6922787, 28937
89386, 6893860, 6922800, 28940
89387, 6893870, 6922814, 28944
89388, 6893880, 6922827, 28947
89389, 6893890, 6922840, 28950
89390, 6893900, 6922854, 28954
89391, 6893910, 6922867, 28957
89392, 6893920, 6922880, 28960
89393, 6893930, 6922894, 28964
89395, 6893950, 6922907, 28957
89396, 6893960, 6922921, 28961
89397, 6893970, 6922934, 28964
89398, 6893980, 6922947, 28967
89399, 6893990, 6922961, 28971
89802, 6898020, 6922987, 24967
89803, 6898030, 6923001, 24971
89804, 6898040, 6923014, 24974
89805, 6898050, 6923028, 24978
89806, 6898060, 6923041, 24981
89807, 6898070, 6923054, 24984
89808, 6898080, 6923068, 24988
89809, 6898090, 6923081, 24991
89810, 6898100, 6923094, 24994
89811, 6898110, 6923108, 24998
89813, 6898130, 6923121, 24991
89814, 6898140, 6923134, 24994
89815, 6898150, 6923148, 24998
89816, 6898160, 6923161, 25001
89817, 6898170, 6923174, 25004
89818, 6898180, 6923188, 25008
89819, 6898190, 6923201, 25011
89820, 6898200, 6923215, 25015
89821, 6898210, 6923228, 25018
89822, 6898220, 6923241, 25021
89824, 6898240, 6923255, 25015
89825, 6898250, 6923268, 25018
89826, 6898260, 6923281, 25021
89827, 6898270, 6923295, 25025
89828, 6898280, 6923308, 25028
89829, 6898290, 6923321, 25031
89830, 6898300, 6923335, 25035
89831, 6898310, 6923348, 25038
89832, 6898320, 6923362, 25042
89833, 6898330, 6923375, 25045
89834, 6898340, 6923388, 25048
89836, 6898360, 6923402, 25042
89837, 6898370, 6923415, 25045
89838, 6898380, 6923428, 25048
89839, 6898390, 6923442, 25052
89840, 6898400, 6923455, 25055
89841, 6898410, 6923468, 25058
89842, 6898420, 6923482, 25062
89843, 6898430, 6923495, 25065
89844, 6898440, 6923508, 25068
89845, 6898450, 6923522, 25072
89847, 6898470, 6923535, 25065
89848, 6898480, 6923549, 25069
89849, 6898490, 6923562, 25072
89851, 6898510, 6923589, 25079
89852, 6898520, 6923602, 25082
89853, 6898530, 6923615, 25085
89854, 6898540, 6923629, 25089
89855, 6898550, 6923642, 25092
89856, 6898560, 6923656, 25096
89857, 6898570, 6923669, 25099
89859, 6898590, 6923682, 25092
89860, 6898600, 6923696, 25096
89861, 6898610, 6923709, 25099
89862, 6898620, 6923722, 25102
89863, 6898630, 6923736, 25106
89864, 6898640, 6923749, 25109
89865, 6898650, 6923762, 25112
89866, 6898660, 6923776, 25116
89867, 6898670, 6923789, 25119
89868, 6898680, 6923802, 25122
89870, 6898700, 6923816, 25116
89871, 6898710, 6923829, 25119
89872, 6898720, 6923843, 25123
89873, 6898730, 6923856, 25126
89874, 6898740, 6923869, 25129
89875, 6898750, 6923883, 25133
89876, 6898760, 6923896, 25136
89877, 6898770, 6923909, 25139
89878, 6898780, 6923923, 25143
89879, 6898790, 6923936, 25146
89881, 6898810, 6923949, 25139
89882, 6898820, 6923963, 25143
89883, 6898830, 6923976, 25146
89884, 6898840, 6923990, 25150
89885, 6898850, 6924003, 25153
89886, 6898860, 6924016, 25156
89887, 6898870, 6924030, 25160
89888, 6898880, 6924043, 25163
89889, 6898890, 6924056, 25166
89890, 6898900, 6924070, 25170
89891, 6898910, 6924083, 25173
89893, 6898930, 6924096, 25166
89894, 6898940, 6924110, 25170
89895, 6898950, 6924123, 25173
89896, 6898960, 6924136, 25176
89897, 6898970, 6924150, 25180
89898, 6898980, 6924163, 25183
89899, 6898990, 6924177, 25187
89901, 6899010, 6924203, 25193
89902, 6899020, 6924217, 25197
89904, 6899040, 6924230, 25190
89905, 6899050, 6924243, 25193
89906, 6899060, 6924257, 25197
89907, 6899070, 6924270, 25200
89908, 6899080, 6924284, 25204
89909, 6899090, 6924297, 25207
89910, 6899100, 6924310, 25210
89911, 6899110, 6924324, 25214
89912, 6899120, 6924337, 25217
89913, 6899130, 6924350, 25220
89914, 6899140, 6924364, 25224
89916, 6899160, 6924377, 25217
89917, 6899170, 6924390, 25220
89918, 6899180, 6924404, 25224
89919, 6899190, 6924417, 25227
89920, 6899200, 6924430, 25230
89921, 6899210, 6928012, 28802
89922, 6899220, 6928025, 28805
89923, 6899230, 6928039, 28809
89924, 6899240, 6928052, 28812
89925, 6899250, 6928065, 28815
89927, 6899270, 6928079, 28809
89928, 6899280, 6928092, 28812
89929, 6899290, 6928106, 28816
89930, 6899300, 6928119, 28819
89931, 6899310, 6928132, 28822
89932, 6899320, 6928146, 28826
89933, 6899330, 6928159, 28829
89934, 6899340, 6928172, 28832
89935, 6899350, 6928186, 28836
89936, 6899360, 6928199, 28839
89938, 6899380, 6928212, 28832
89939, 6899390, 6928226, 28836
89940, 6899400, 6928239, 28839
89941, 6899410, 6928252, 28842
89942, 6899420, 6928266, 28846
89943, 6899430, 6928279, 28849
89944, 6899440, 6928293, 28853
89945, 6899450, 6928306, 28856
89946, 6899460, 6928319, 28859
89947, 6899470, 6928333, 28863
89948, 6899480, 6928346, 28866
89951, 6899510, 6928373, 28863
89952, 6899520, 6928386, 28866
89953, 6899530, 6928400, 28870
89954, 6899540, 6928413, 28873
89955, 6899550, 6928426, 28876
89956, 6899560, 6928440, 28880
89957, 6899570, 6928453, 28883
89958, 6899580, 6928466, 28886
89959, 6899590, 6928480, 28890
89961, 6899610, 6928493, 28883
89962, 6899620, 6928506, 28886
89963, 6899630, 6928520, 28890
89964, 6899640, 6928533, 28893
89965, 6899650, 6928546, 28896
89966, 6899660, 6928560, 28900
89967, 6899670, 6928573, 28903
89968, 6899680, 6928587, 28907
89969, 6899690, 6928600, 28910
89970, 6899700, 6928613, 28913
89971, 6899710, 6928627, 28917
89973, 6899730, 6928640, 28910
89974, 6899740, 6928653, 28913
89975, 6899750, 6928667, 28917
89976, 6899760, 6928680, 28920
89977, 6899770, 6928693, 28923
89978, 6899780, 6928707, 28927
89979, 6899790, 6928720, 28930
89980, 6899800, 6928734, 28934
89981, 6899810, 6928747, 28937
89982, 6899820, 6928760, 28940
89984, 6899840, 6928774, 28934
89985, 6899850, 6928787, 28937
89986, 6899860, 6928800, 28940
89987, 6899870, 6928814, 28944
89988, 6899880, 6928827, 28947
89989, 6899890, 6928840, 28950
89990, 6899900, 6928854, 28954
89991, 6899910, 6928867, 28957
89992, 6899920, 6928880, 28960
89993, 6899930, 6928894, 28964
89995, 6899950, 6928907, 28957
89996, 6899960, 6928921, 28961
89997, 6899970, 6928934, 28964
89998, 6899980, 6928947, 28967
89999, 6899990, 6928961, 28971
90402, 6904020, 6928987, 24967
90403, 6904030, 6929001, 24971
90404, 6904040, 6929014, 24974
90405, 6904050, 6929028, 24978
90406, 6904060, 6929041, 24981
90407, 6904070, 6929054, 24984
90408, 6904080, 6929068, 24988
90409, 6904090, 6929081, 24991
90410, 6904100, 6929094, 24994
90411, 6904110, 6929108, 24998
90413, 6904130, 6929121, 24991
90414, 6904140, 6929134, 24994
90415, 6904150, 6929148, 24998
90416, 6904160, 6929161, 25001
90417, 6904170, 6929174, 25004
90418, 6904180, 6929188, 25008
90419, 6904190, 6929201, 25011
90420, 6904200, 6929215, 25015
90421, 6904210, 6929228, 25018
90422, 6904220, 6929241, 25021
90424, 6904240, 6929255, 25015
90425, 6904250, 6929268, 25018
90426, 6904260, 6929281, 25021
90427, 6904270, 6929295, 25025
90428, 6904280, 6929308, 25028
90429, 6904290, 6929321, 25031
90430, 6904300, 6929335, 25035
90431, 6904310, 6929348, 25038
90432, 6904320, 6929362, 25042
90433, 6904330, 6929375, 25045
90434, 6904340, 6929388, 25048
90436, 6904360, 6929402, 25042
90437, 6904370, 6929415, 25045
90438, 6904380, 6929428, 25048
90439, 6904390, 6929442, 25052
90440, 6904400, 6929455, 25055
90441, 6904410, 6929468, 25058
90442, 6904420, 6929482, 25062
90443, 6904430, 6929495, 25065
90444, 6904440, 6929508, 25068
90445, 6904450, 6929522, 25072
90447, 6904470, 6929535, 25065
90448, 6904480, 6929549, 25069
90449, 6904490, 6929562, 25072
90451, 6904510, 6929589, 25079
90452, 6904520, 6929602, 25082
90453, 6904530, 6929615, 25085
90454, 6904540, 6929629, 25089
90455, 6904550, 6929642, 25092
90456, 6904560, 6929656, 25096
90457, 6904570, 6929669, 25099
90459, 6904590, 6929682, 25092
90460, 6904600, 6929696, 25096
90461, 6904610, 6929709, 25099
90462, 6904620, 6929722, 25102
90463, 6904630, 6929736, 25106
90464, 6904640, 6929749, 25109
90465, 6904650, 6929762, 25112
90466, 6904660, 6929776, 25116
90467, 6904670, 6929789, 25119
90468, 6904680, 6929802, 25122
90470, 6904700, 6929816, 25116
90471, 6904710, 6929829, 25119
90472, 6904720, 6929843, 25123
90473, 6904730, 6929856, 25126
90474, 6904740, 6929869, 25129
90475, 6904750, 6929883, 25133
90476, 6904760, 6929896, 25136
90477, 6904770, 6929909, 25139
90478, 6904780, 6929923, 25143
90479, 6904790, 6929936, 25146
90480, 6904800, 6929949, 25149
90482, 6904820, 6929963, 25143
90483, 6904830, 6929976, 25146
90484, 6904840, 6929990, 25150
90485, 6904850, 6930003, 25153
90486, 6904860, 6930016, 25156
90487, 6904870, 6930030, 25160
90488, 6904880, 6930043, 25163
90489, 6904890, 6930056, 25166
90490, 6904900, 6930070, 25170
90491, 6904910, 6930083, 25173
90493, 6904930, 6930096, 25166
90494, 6904940, 6930110, 25170
90495, 6904950, 6930123, 25173
90496, 6904960, 6930136, 25176
90497, 6904970, 6930150, 25180
90498, 6904980, 6930163, 25183
90499, 6904990, 6930177, 25187
90501, 6905010, 6930203, 25193
90502, 6905020, 6930217, 25197
90504, 6905040, 6930230, 25190
90505, 6905050, 6930243, 25193
90506, 6905060, 6930257, 25197
90507, 6905070, 6930270, 25200
90508, 6905080, 6930284, 25204
90509, 6905090, 6930297, 25207
90510, 6905100, 6930310, 25210
90511, 6905110, 6930324, 25214
90512, 6905120, 6930337, 25217
90513, 6905130, 6930350, 25220
90514, 6905140, 6930364, 25224
90516, 6905160, 6930377, 25217
90517, 6905170, 6930390, 25220
90518, 6905180, 6930404, 25224
90519, 6905190, 6930417, 25227
90520, 6905200, 6930430, 25230
90521, 6905210, 6934012, 28802
90522, 6905220, 6934025, 28805
90523, 6905230, 6934039, 28809
90524, 6905240, 6934052, 28812
90525, 6905250, 6934065, 28815
90527, 6905270, 6934079, 28809
90528, 6905280, 6934092, 28812
90529, 6905290, 6934106, 28816
90530, 6905300, 6934119, 28819
90531, 6905310, 6934132, 28822
90532, 6905320, 6934146, 28826
90533, 6905330, 6934159, 28829
90534, 6905340, 6934172, 28832
90535, 6905350, 6934186, 28836
90536, 6905360, 6934199, 28839
90537, 6905370, 6934212, 28842
90539, 6905390, 6934226, 28836
90540, 6905400, 6934239, 28839
90541, 6905410, 6934252, 28842
90542, 6905420, 6934266, 28846
90543, 6905430, 6934279, 28849
90544, 6905440, 6934293, 28853
90545, 6905450, 6934306, 28856
90546, 6905460, 6934319, 28859
90547, 6905470, 6934333, 28863
90548, 6905480, 6934346, 28866
90551, 6905510, 6934373, 28863
90552, 6905520, 6934386, 28866
90553, 6905530, 6934400, 28870
90554, 6905540, 6934413, 28873
90555, 6905550, 6934426, 28876
90556, 6905560, 6934440, 28880
90557, 6905570, 6934453, 28883
90558, 6905580, 6934466, 28886
90559, 6905590, 6934480, 28890
90561, 6905610, 6934493, 28883
90562, 6905620, 6934506, 28886
90563, 6905630, 6934520, 28890
90564, 6905640, 6934533, 28893
90565, 6905650, 6934546, 28896
90566, 6905660, 6934560, 28900
90567, 6905670, 6934573, 28903
90568, 6905680, 6934587, 28907
90569, 6905690, 6934600, 28910
90570, 6905700, 6934613, 28913
90571, 6905710, 6934627, 28917
90573, 6905730, 6934640, 28910
90574, 6905740, 6934653, 28913
90575, 6905750, 6934667, 28917
90576, 6905760, 6934680, 28920
90577, 6905770, 6934693, 28923
90578, 6905780, 6934707, 28927
90579, 6905790, 6934720, 28930
90580, 6905800, 6934734, 28934
90581, 6905810, 6934747, 28937
90582, 6905820, 6934760, 28940
90584, 6905840, 6934774, 28934
90585, 6905850, 6934787, 28937
90586, 6905860, 6934800, 28940
90587, 6905870, 6934814, 28944
90588, 6905880, 6934827, 28947
90589, 6905890, 6934840, 28950
90590, 6905900, 6934854, 28954
90591, 6905910, 6934867, 28957
90592, 6905920, 6934880, 28960
90593, 6905930, 6934894, 28964
90594, 6905940, 6934907, 28967
90596, 6905960, 6934921, 28961
90597, 6905970, 6934934, 28964
90598, 6905980, 6934947, 28967
90599, 6905990, 6934961, 28971
91002, 6910020, 6934987, 24967
91003, 6910030, 6935001, 24971
91004, 6910040, 6935014, 24974
91005, 6910050, 6935027, 24977
91006, 6910060, 6935041, 24981
91007, 6910070, 6935054, 24984
91008, 6910080, 6935067, 24987
91009, 6910090, 6935081, 24991
91010, 6910100, 6935094, 24994
91011, 6910110, 6935108, 24998
91013, 6910130, 6935121, 24991
91014, 6910140, 6935134, 24994
91015, 6910150, 6935148, 24998
91016, 6910160, 6935161, 25001
91017, 6910170, 6935174, 25004
91018, 6910180, 6935188, 25008
91019, 6910190, 6935201, 25011
91020, 6910200, 6935214, 25014
91021, 6910210, 6935228, 25018
91022, 6910220, 6935241, 25021
91024, 6910240, 6935254, 25014
91025, 6910250, 6935268, 25018
91026, 6910260, 6935281, 25021
91027, 6910270, 6935295, 25025
91028, 6910280, 6935308, 25028
91029, 6910290, 6935321, 25031
91030, 6910300, 6935335, 25035
91031, 6910310, 6935348, 25038
91032, 6910320, 6935361, 25041
91033, 6910330, 6935375, 25045
91034, 6910340, 6935388, 25048
91036, 6910360, 6935401, 25041
91037, 6910370, 6935415, 25045
91038, 6910380, 6935428, 25048
91039, 6910390, 6935442, 25052
91040, 6910400, 6935455, 25055
91041, 6910410, 6935468, 25058
91042, 6910420, 6935482, 25062
91043, 6910430, 6935495, 25065
91044, 6910440, 6935508, 25068
91045, 6910450, 6935522, 25072
91047, 6910470, 6935535, 25065
91048, 6910480, 6935548, 25068
91049, 6910490, 6935562, 25072
91051, 6910510, 6935589, 25079
91052, 6910520, 6935602, 25082
91053, 6910530, 6935615, 25085
91054, 6910540, 6935629, 25089
91055, 6910550, 6935642, 25092
91056, 6910560, 6935655, 25095
91057, 6910570, 6935669, 25099
91059, 6910590, 6935682, 25092
91060, 6910600, 6935695, 25095
91061, 6910610, 6935709, 25099
91062, 6910620, 6935722, 25102
91063, 6910630, 6935736, 25106
91064, 6910640, 6935749, 25109
91065, 6910650, 6935762, 25112
91066, 6910660, 6935776, 25116
91067, 6910670, 6935789, 25119
91068, 6910680, 6935802, 25122
91070, 6910700, 6935816, 25116
91071, 6910710, 6935829, 25119
91072, 6910720, 6935842, 25122
91073, 6910730, 6935856, 25126
91074, 6910740, 6935869, 25129
91075, 6910750, 6935882, 25132
91076, 6910760, 6935896, 25136
91077, 6910770, 6935909, 25139
91078, 6910780, 6935923, 25143
91079, 6910790, 6935936, 25146
91081, 6910810, 6935949, 25139
91082, 6910820, 6935963, 25143
91083, 6910830, 6935976, 25146
91084, 6910840, 6935989, 25149
91085, 6910850, 6936003, 25153
91086, 6910860, 6936016, 25156
91087, 6910870, 6936029, 25159
91088, 6910880, 6936043, 25163
91089, 6910890, 6936056, 25166
91090, 6910900, 6936070, 25170
91091, 6910910, 6936083, 25173
91093, 6910930, 6936096, 25166
91094, 6910940, 6936110, 25170
91095, 6910950, 6936123, 25173
91096, 6910960, 6936136, 25176
91097, 6910970, 6936150, 25180
91098, 6910980, 6936163, 25183
91099, 6910990, 6936176, 25186
91101, 6911010, 6936203, 25193
91102, 6911020, 6936217, 25197
91104, 6911040, 6936230, 25190
91105, 6911050, 6936243, 25193
91106, 6911060, 6936257, 25197
91107, 6911070, 6936270, 25200
91108, 6911080, 6936283, 25203
91109, 6911090, 6936297, 25207
91110, 6911100, 6936310, 25210
91111, 6911110, 6936323, 25213
91112, 6911120, 6936337, 25217
91113, 6911130, 6936350, 25220
91114, 6911140, 6936364, 25224
91116, 6911160, 6936377, 25217
91117, 6911170, 6936390, 25220
91118, 6911180, 6936404, 25224
91119, 6911190, 6936417, 25227
91120, 6911200, 6936430, 25230
91121, 6911210, 6940012, 28802
91122, 6911220, 6940025, 28805
91123, 6911230, 6940039, 28809
91124, 6911240, 6940052, 28812
91125, 6911250, 6940065, 28815
91127, 6911270, 6940079, 28809
91128, 6911280, 6940092, 28812
91129, 6911290, 6940106, 28816
91130, 6911300, 6940119, 28819
91131, 6911310, 6940132, 28822
91132, 6911320, 6940146, 28826
91133, 6911330, 6940159, 28829
91134, 6911340, 6940172, 28832
91135, 6911350, 6940186, 28836
91136, 6911360, 6940199, 28839
91138, 6911380, 6940212, 28832
91139, 6911390, 6940226, 28836
91140, 6911400, 6940239, 28839
91141, 6911410, 6940252, 28842
91142, 6911420, 6940266, 28846
91143, 6911430, 6940279, 28849
91144, 6911440, 6940293, 28853
91145, 6911450, 6940306, 28856
91146, 6911460, 6940319, 28859
91147, 6911470, 6940333, 28863
91148, 6911480, 6940346, 28866
91151, 6911510, 6940373, 28863
91152, 6911520, 6940386, 28866
91153, 6911530, 6940400, 28870
91154, 6911540, 6940413, 28873
91155, 6911550, 6940426, 28876
91156, 6911560, 6940440, 28880
91157, 6911570, 6940453, 28883
91158, 6911580, 6940466, 28886
91159, 6911590, 6940480, 28890
91161, 6911610, 6940493, 28883
91162, 6911620, 6940506, 28886
91163, 6911630, 6940520, 28890
91164, 6911640, 6940533, 28893
91165, 6911650, 6940546, 28896
91166, 6911660, 6940560, 28900
91167, 6911670, 6940573, 28903
91168, 6911680, 6940587, 28907
91169, 6911690, 6940600, 28910
91170, 6911700, 6940613, 28913
91171, 6911710, 6940627, 28917
91173, 6911730, 6940640, 28910
91174, 6911740, 6940653, 28913
91175, 6911750, 6940667, 28917
91176, 6911760, 6940680, 28920
91177, 6911770, 6940693, 28923
91178, 6911780, 6940707, 28927
91179, 6911790, 6940720, 28930
91180, 6911800, 6940734, 28934
91181, 6911810, 6940747, 28937
91182, 6911820, 6940760, 28940
91184, 6911840, 6940774, 28934
91185, 6911850, 6940787, 28937
91186, 6911860, 6940800, 28940
91187, 6911870, 6940814, 28944
91188, 6911880, 6940827, 28947
91189, 6911890, 6940840, 28950
91190, 6911900, 6940854, 28954
91191, 6911910, 6940867, 28957
91192, 6911920, 6940880, 28960
91193, 6911930, 6940894, 28964
91195, 6911950, 6940907, 28957
91196, 6911960, 6940921, 28961
91197, 6911970, 6940934, 28964
91198, 6911980, 6940947, 28967
91199, 6911990, 6940961, 28971
91602, 6916020, 6940987, 24967
91603, 6916030, 6941001, 24971
91604, 6916040, 6941014, 24974
91605, 6916050, 6941028, 24978
91606, 6916060, 6941041, 24981
91607, 6916070, 6941054, 24984
91608, 6916080, 6941068, 24988
91609, 6916090, 6941081, 24991
91610, 6916100, 6941094, 24994
91611, 6916110, 6941108, 24998
91613, 6916130, 6941121, 24991
91614, 6916140, 6941134, 24994
91615, 6916150, 6941148, 24998
91616, 6916160, 6941161, 25001
91617, 6916170, 6941174, 25004
91618, 6916180, 6941188, 25008
91619, 6916190, 6941201, 25011
91620, 6916200, 6941215, 25015
91621, 6916210, 6941228, 25018
91622, 6916220, 6941241, 25021
91624, 6916240, 6941255, 25015
91625, 6916250, 6941268, 25018
91626, 6916260, 6941281, 25021
91627, 6916270, 6941295, 25025
91628, 6916280, 6941308, 25028
91629, 6916290, 6941321, 25031
91630, 6916300, 6941335, 25035
91631, 6916310, 6941348, 25038
91632, 6916320, 6941362, 25042
91633, 6916330, 6941375, 25045
91634, 6916340, 6941388, 25048
91636, 6916360, 6941402, 25042
91637, 6916370, 6941415, 25045
91638, 6916380, 6941428, 25048
91639, 6916390, 6941442, 25052
91640, 6916400, 6941455, 25055
91641, 6916410, 6941468, 25058
91642, 6916420, 6941482, 25062
91643, 6916430, 6941495, 25065
91644, 6916440, 6941508, 25068
91645, 6916450, 6941522, 25072
91647, 6916470, 6941535, 25065
91648, 6916480, 6941549, 25069
91649, 6916490, 6941562, 25072
91651, 6916510, 6941589, 25079
91652, 6916520, 6941602, 25082
91653, 6916530, 6941615, 25085
91654, 6916540, 6941629, 25089
91655, 6916550, 6941642, 25092
91656, 6916560, 6941656, 25096
91657, 6916570, 6941669, 25099
91659, 6916590, 6941682, 25092
91660, 6916600, 6941696, 25096
91661, 6916610, 6941709, 25099
91662, 6916620, 6941722, 25102
91663, 6916630, 6941736, 25106
91664, 6916640, 6941749, 25109
91665, 6916650, 6941762, 25112
91666, 6916660, 6941776, 25116
91667, 6916670, 6941789, 25119
91668, 6916680, 6941802, 25122
91670, 6916700, 6941816, 25116
91671, 6916710, 6941829, 25119
91672, 6916720, 6941843, 25123
91673, 6916730, 6941856, 25126
91674, 6916740, 6941869, 25129
91675, 6916750, 6941883, 25133
91676, 6916760, 6941896, 25136
91677, 6916770, 6941909, 25139
91678, 6916780, 6941923, 25143
91679, 6916790, 6941936, 25146
91681, 6916810, 6941949, 25139
91682, 6916820, 6941963, 25143
91683, 6916830, 6941976, 25146
91684, 6916840, 6941990, 25150
91685, 6916850, 6942003, 25153
91686, 6916860, 6942016, 25156
91687, 6916870, 6942030, 25160
91688, 6916880, 6942043, 25163
91689, 6916890, 6942056, 25166
91690, 6916900, 6942070, 25170
91691, 6916910, 6942083, 25173
91693, 6916930, 6942096, 25166
91694, 6916940, 6942110, 25170
91695, 6916950, 6942123, 25173
91696, 6916960, 6942136, 25176
91697, 6916970, 6942150, 25180
91698, 6916980, 6942163, 25183
91699, 6916990, 6942177, 25187
91701, 6917010, 6942203, 25193
91702, 6917020, 6942217, 25197
91704, 6917040, 6942230, 25190
91705, 6917050, 6942243, 25193
91706, 6917060, 6942257, 25197
91707, 6917070, 6942270, 25200
91708, 6917080, 6942284, 25204
91709, 6917090, 6942297, 25207
91710, 6917100, 6942310, 25210
91711, 6917110, 6942324, 25214
91712, 6917120, 6942337, 25217
91713, 6917130, 6942350, 25220
91714, 6917140, 6942364, 25224
91716, 6917160, 6942377, 25217
91717, 6917170, 6942390, 25220
91718, 6917180, 6942404, 25224
91719, 6917190, 6942417, 25227
91720, 6917200, 6942430, 25230
91721, 6917210, 6946012, 28802
91722, 6917220, 6946025, 28805
91723, 6917230, 6946039, 28809
91724, 6917240, 6946052, 28812
91725, 6917250, 6946065, 28815
91727, 6917270, 6946079, 28809
91728, 6917280, 6946092, 28812
91729, 6917290, 6946106, 28816
91730, 6917300, 6946119, 28819
91731, 6917310, 6946132, 28822
91732, 6917320, 6946146, 28826
91733, 6917330, 6946159, 28829
91734, 6917340, 6946172, 28832
91735, 6917350, 6946186, 28836
91736, 6917360, 6946199, 28839
91738, 6917380, 6946212, 28832
91739, 6917390, 6946226, 28836
91740, 6917400, 6946239, 28839
91741, 6917410, 6946252, 28842
91742, 6917420, 6946266, 28846
91743, 6917430, 6946279, 28849
91744, 6917440, 6946293, 28853
91745, 6917450, 6946306, 28856
91746, 6917460, 6946319, 28859
91747, 6917470, 6946333, 28863
91748, 6917480, 6946346, 28866
91751, 6917510, 6946373, 28863
91752, 6917520, 6946386, 28866
91753, 6917530, 6946400, 28870
91754, 6917540, 6946413, 28873
91755, 6917550, 6946426, 28876
91756, 6917560, 6946440, 28880
91757, 6917570, 6946453, 28883
91758, 6917580, 6946466, 28886
91759, 6917590, 6946480, 28890
91761, 6917610, 6946493, 28883
91762, 6917620, 6946506, 28886
91763, 6917630, 6946520, 28890
91764, 6917640, 6946533, 28893
91765, 6917650, 6946546, 28896
91766, 6917660, 6946560, 28900
91767, 6917670, 6946573, 28903
91768, 6917680, 6946587, 28907
91769, 6917690, 6946600, 28910
91770, 6917700, 6946613, 28913
91771, 6917710, 6946627, 28917
91773, 6917730, 6946640, 28910
91774, 6917740, 6946653, 28913
91775, 6917750, 6946667, 28917
91776, 6917760, 6946680, 28920
91777, 6917770, 6946693, 28923
91778, 6917780, 6946707, 28927
91779, 6917790, 6946720, 28930
91780, 6917800, 6946734, 28934
91781, 6917810, 6946747, 28937
91782, 6917820, 6946760, 28940
91784, 6917840, 6946774, 28934
91785, 6917850, 6946787, 28937
91786, 6917860, 6946800, 28940
91787, 6917870, 6946814, 28944
91788, 6917880, 6946827, 28947
91789, 6917890, 6946840, 28950
91790, 6917900, 6946854, 28954
91791, 6917910, 6946867, 28957
91792, 6917920, 6946880, 28960
91793, 6917930, 6946894, 28964
91795, 6917950, 6946907, 28957
91796, 6917960, 6946921, 28961
91797, 6917970, 6946934, 28964
91798, 6917980, 6946947, 28967
91799, 6917990, 6946961, 28971
92202, 6922020, 6946987, 24967
92203, 6922030, 6947001, 24971
92204, 6922040, 6947014, 24974
92205, 6922050, 6947028, 24978
92206, 6922060, 6947041, 24981
92207, 6922070, 6947054, 24984
92208, 6922080, 6947068, 24988
92209, 6922090, 6947081, 24991
92210, 6922100, 6947094, 24994
92211, 6922110, 6947108, 24998
92213, 6922130, 6947121, 24991
92214, 6922140, 6947134, 24994
92215, 6922150, 6947148, 24998
92216, 6922160, 6947161, 25001
92217, 6922170, 6947174, 25004
92218, 6922180, 6947188, 25008
92219, 6922190, 6947201, 25011
92220, 6922200, 6947215, 25015
92221, 6922210, 6947228, 25018
92222, 6922220, 6947241, 25021
92224, 6922240, 6947255, 25015
92225, 6922250, 6947268, 25018
92226, 6922260, 6947281, 25021
92227, 6922270, 6947295, 25025
92228, 6922280, 6947308, 25028
92229, 6922290, 6947321, 25031
92230, 6922300, 6947335, 25035
92231, 6922310, 6947348, 25038
92232, 6922320, 6947362, 25042
92233, 6922330, 6947375, 25045
92234, 6922340, 6947388, 25048
92236, 6922360, 6947402, 25042
92237, 6922370, 6947415, 25045
92238, 6922380, 6947428, 25048
92239, 6922390, 6947442, 25052
92240, 6922400, 6947455, 25055
92241, 6922410, 6947468, 25058
92242, 6922420, 6947482, 25062
92243, 6922430, 6947495, 25065
92244, 6922440, 6947508, 25068
92245, 6922450, 6947522, 25072
92247, 6922470, 6947535, 25065
92248, 6922480, 6947549, 25069
92249, 6922490, 6947562, 25072
92251, 6922510, 6947589, 25079
92252, 6922520, 6947602, 25082
92253, 6922530, 6947615, 25085
92254, 6922540, 6947629, 25089
92255, 6922550, 6947642, 25092
92256, 6922560, 6947656, 25096
92257, 6922570, 6947669, 25099
92259, 6922590, 6947682, 25092
92260, 6922600, 6947696, 25096
92261, 6922610, 6947709, 25099
92262, 6922620, 6947722, 25102
92263, 6922630, 6947736, 25106
92264, 6922640, 6947749, 25109
92265, 6922650, 6947762, 25112
92266, 6922660, 6947776, 25116
92267, 6922670, 6947789, 25119
92268, 6922680, 6947802, 25122
92270, 6922700, 6947816, 25116
92271, 6922710, 6947829, 25119
92272, 6922720, 6947843, 25123
92273, 6922730, 6947856, 25126
92274, 6922740, 6947869, 25129
92275, 6922750, 6947883, 25133
92276, 6922760, 6947896, 25136
92277, 6922770, 6947909, 25139
92278, 6922780, 6947923, 25143
92279, 6922790, 6947936, 25146
92281, 6922810, 6947949, 25139
92282, 6922820, 6947963, 25143
92283, 6922830, 6947976, 25146
92284, 6922840, 6947990, 25150
92285, 6922850, 6948003, 25153
92286, 6922860, 6948016, 25156
92287, 6922870, 6948030, 25160
92288, 6922880, 6948043, 25163
92289, 6922890, 6948056, 25166
92290, 6922900, 6948070, 25170
92291, 6922910, 6948083, 25173
92293, 6922930, 6948096, 25166
92294, 6922940, 6948110, 25170
92295, 6922950, 6948123, 25173
92296, 6922960, 6948136, 25176
92297, 6922970, 6948150, 25180
92298, 6922980, 6948163, 25183
92299, 6922990, 6948177, 25187
92301, 6923010, 6948203, 25193
92302, 6923020, 6948217, 25197
92304, 6923040, 6948230, 25190
92305, 6923050, 6948243, 25193
92306, 6923060, 6948257, 25197
92307, 6923070, 6948270, 25200
92308, 6923080, 6948284, 25204
92309, 6923090, 6948297, 25207
92310, 6923100, 6948310, 25210
92311, 6923110, 6948324, 25214
92312, 6923120, 6948337, 25217
92313, 6923130, 6948350, 25220
92314, 6923140, 6948364, 25224
92316, 6923160, 6948377, 25217
92317, 6923170, 6948390, 25220
92318, 6923180, 6948404, 25224
92319, 6923190, 6948417, 25227
92320, 6923200, 6948430, 25230
92321, 6923210, 6952012, 28802
92322, 6923220, 6952025, 28805
92323, 6923230, 6952039, 28809
92324, 6923240, 6952052, 28812
92325, 6923250, 6952065, 28815
92327, 6923270, 6952079, 28809
92328, 6923280, 6952092, 28812
92329, 6923290, 6952106, 28816
92330, 6923300, 6952119, 28819
92331, 6923310, 6952132, 28822
92332, 6923320, 6952146, 28826
92333, 6923330, 6952159, 28829
92334, 6923340, 6952172, 28832
92335, 6923350, 6952186, 28836
92336, 6923360, 6952199, 28839
92338, 6923380, 6952212, 28832
92339, 6923390, 6952226, 28836
92340, 6923400, 6952239, 28839
92341, 6923410, 6952252, 28842
92342, 6923420, 6952266, 28846
92343, 6923430, 6952279, 28849
92344, 6923440, 6952293, 28853
92345, 6923450, 6952306, 28856
92346, 6923460, 6952319, 28859
92347, 6923470, 6952333, 28863
92348, 6923480, 6952346, 28866
92351, 6923510, 6952373, 28863
92352, 6923520, 6952386, 28866
92353, 6923530, 6952400, 28870
92354, 6923540, 6952413, 28873
92355, 6923550, 6952426, 28876
92356, 6923560, 6952440, 28880
92357, 6923570, 6952453, 28883
92358, 6923580, 6952466, 28886
92359, 6923590, 6952480, 28890
92361, 6923610, 6952493, 28883
92362, 6923620, 6952506, 28886
92363, 6923630, 6952520, 28890
92364, 6923640, 6952533, 28893
92365, 6923650, 6952546, 28896
92366, 6923660, 6952560, 28900
92367, 6923670, 6952573, 28903
92368, 6923680, 6952587, 28907
92369, 6923690, 6952600, 28910
92370, 6923700, 6952613, 28913
92371, 6923710, 6952627, 28917
92373, 6923730, 6952640, 28910
92374, 6923740, 6952653, 28913
92375, 6923750, 6952667, 28917
92376, 6923760, 6952680, 28920
92377, 6923770, 6952693, 28923
92378, 6923780, 6952707, 28927
92379, 6923790, 6952720, 28930
92380, 6923800, 6952734, 28934
92381, 6923810, 6952747, 28937
92382, 6923820, 6952760, 28940
92384, 6923840, 6952774, 28934
92385, 6923850, 6952787, 28937
92386, 6923860, 6952800, 28940
92387, 6923870, 6952814, 28944
92388, 6923880, 6952827, 28947
92389, 6923890, 6952840, 28950
92390, 6923900, 6952854, 28954
92391, 6923910, 6952867, 28957
92392, 6923920, 6952880, 28960
92393, 6923930, 6952894, 28964
92395, 6923950, 6952907, 28957
92396, 6923960, 6952921, 28961
92397, 6923970, 6952934, 28964
92398, 6923980, 6952947, 28967
92399, 6923990, 6952961, 28971
92802, 6928020, 6952987, 24967
92803, 6928030, 6953001, 24971
92804, 6928040, 6953014, 24974
92805, 6928050, 6953028, 24978
92806, 6928060, 6953041, 24981
92807, 6928070, 6953054, 24984
92808, 6928080, 6953068, 24988
92809, 6928090, 6953081, 24991
92810, 6928100, 6953094, 24994
92811, 6928110, 6953108, 24998
92813, 6928130, 6953121, 24991
92814, 6928140, 6953134, 24994
92815, 6928150, 6953148, 24998
92816, 6928160, 6953161, 25001
92817, 6928170, 6953174, 25004
92818, 6928180, 6953188, 25008
92819, 6928190, 6953201, 25011
92820, 6928200, 6953215, 25015
92821, 6928210, 6953228, 25018
92822, 6928220, 6953241, 25021
92824, 6928240, 6953255, 25015
92825, 6928250, 6953268, 25018
92826, 6928260, 6953281, 25021
92827, 6928270, 6953295, 25025
92828, 6928280, 6953308, 25028
92829, 6928290, 6953321, 25031
92830, 6928300, 6953335, 25035
92831, 6928310, 6953348, 25038
92832, 6928320, 6953362, 25042
92833, 6928330, 6953375, 25045
92834, 6928340, 6953388, 25048
92836, 6928360, 6953402, 25042
92837, 6928370, 6953415, 25045
92838, 6928380, 6953428, 25048
92839, 6928390, 6953442, 25052
92840, 6928400, 6953455, 25055
92841, 6928410, 6953468, 25058
92842, 6928420, 6953482, 25062
92843, 6928430, 6953495, 25065
92844, 6928440, 6953508, 25068
92845, 6928450, 6953522, 25072
92847, 6928470, 6953535, 25065
92848, 6928480, 6953549, 25069
92849, 6928490, 6953562, 25072
92851, 6928510, 6953589, 25079
92852, 6928520, 6953602, 25082
92853, 6928530, 6953615, 25085
92854, 6928540, 6953629, 25089
92855, 6928550, 6953642, 25092
92856, 6928560, 6953656, 25096
92857, 6928570, 6953669, 25099
92859, 6928590, 6953682, 25092
92860, 6928600, 6953696, 25096
92861, 6928610, 6953709, 25099
92862, 6928620, 6953722, 25102
92863, 6928630, 6953736, 25106
92864, 6928640, 6953749, 25109
92865, 6928650, 6953762, 25112
92866, 6928660, 6953776, 25116
92867, 6928670, 6953789, 25119
92868, 6928680, 6953802, 25122
92870, 6928700, 6953816, 25116
92871, 6928710, 6953829, 25119
92872, 6928720, 6953843, 25123
92873, 6928730, 6953856, 25126
92874, 6928740, 6953869, 25129
92875, 6928750, 6953883, 25133
92876, 6928760, 6953896, 25136
92877, 6928770, 6953909, 25139
92878, 6928780, 6953923, 25143
92879, 6928790, 6953936, 25146
92881, 6928810, 6953949, 25139
92882, 6928820, 6953963, 25143
92883, 6928830, 6953976, 25146
92884, 6928840, 6953990, 25150
92885, 6928850, 6954003, 25153
92886, 6928860, 6954016, 25156
92887, 6928870, 6954030, 25160
92888, 6928880, 6954043, 25163
92889, 6928890, 6954056, 25166
92890, 6928900, 6954070, 25170
92891, 6928910, 6954083, 25173
92893, 6928930, 6954096, 25166
92894, 6928940, 6954110, 25170
92895, 6928950, 6954123, 25173
92896, 6928960, 6954136, 25176
92897, 6928970, 6954150, 25180
92898, 6928980, 6954163, 25183
92899, 6928990, 6954177, 25187
92901, 6929010, 6954203, 25193
92902, 6929020, 6954217, 25197
92904, 6929040, 6954230, 25190
92905, 6929050, 6954243, 25193
92906, 6929060, 6954257, 25197
92907, 6929070, 6954270, 25200
92908, 6929080, 6954284, 25204
92909, 6929090, 6954297, 25207
92910, 6929100, 6954310, 25210
92911, 6929110, 6954324, 25214
92912, 6929120, 6954337, 25217
92913, 6929130, 6954350, 25220
92914, 6929140, 6954364, 25224
92916, 6929160, 6954377, 25217
92917, 6929170, 6954390, 25220
92918, 6929180, 6954404, 25224
92919, 6929190, 6954417, 25227
92920, 6929200, 6954430, 25230
92921, 6929210, 6958012, 28802
92922, 6929220, 6958025, 28805
92923, 6929230, 6958039, 28809
92924, 6929240, 6958052, 28812
92925, 6929250, 6958065, 28815
92927, 6929270, 6958079, 28809
92928, 6929280, 6958092, 28812
92929, 6929290, 6958106, 28816
92930, 6929300, 6958119, 28819
92931, 6929310, 6958132, 28822
92932, 6929320, 6958146, 28826
92933, 6929330, 6958159, 28829
92934, 6929340, 6958172, 28832
92935, 6929350, 6958186, 28836
92936, 6929360, 6958199, 28839
92938, 6929380, 6958212, 28832
92939, 6929390, 6958226, 28836
92940, 6929400, 6958239, 28839
92941, 6929410, 6958252, 28842
92942, 6929420, 6958266, 28846
92943, 6929430, 6958279, 28849
92944, 6929440, 6958293, 28853
92945, 6929450, 6958306, 28856
92946, 6929460, 6958319, 28859
92947, 6929470, 6958333, 28863
92948, 6929480, 6958346, 28866
92951, 6929510, 6958373, 28863
92952, 6929520, 6958386, 28866
92953, 6929530, 6958400, 28870
92954, 6929540, 6958413, 28873
92955, 6929550, 6958426, 28876
92956, 6929560, 6958440, 28880
92957, 6929570, 6958453, 28883
92958, 6929580, 6958466, 28886
92959, 6929590, 6958480, 28890
92961, 6929610, 6958493, 28883
92962, 6929620, 6958506, 28886
92963, 6929630, 6958520, 28890
92964, 6929640, 6958533, 28893
92965, 6929650, 6958546, 28896
92966, 6929660, 6958560, 28900
92967, 6929670, 6958573, 28903
92968, 6929680, 6958587, 28907
92969, 6929690, 6958600, 28910
92970, 6929700, 6958613, 28913
92971, 6929710, 6958627, 28917
92973, 6929730, 6958640, 28910
92974, 6929740, 6958653, 28913
92975, 6929750, 6958667, 28917
92976, 6929760, 6958680, 28920
92977, 6929770, 6958693, 28923
92978, 6929780, 6958707, 28927
92979, 6929790, 6958720, 28930
92980, 6929800, 6958734, 28934
92981, 6929810, 6958747, 28937
92982, 6929820, 6958760, 28940
92984, 6929840, 6958774, 28934
92985, 6929850, 6958787, 28937
92986, 6929860, 6958800, 28940
92987, 6929870, 6958814, 28944
92988, 6929880, 6958827, 28947
92989, 6929890, 6958840, 28950
92990, 6929900, 6958854, 28954
92991, 6929910, 6958867, 28957
92992, 6929920, 6958880, 28960
92993, 6929930, 6958894, 28964
92995, 6929950, 6958907, 28957
92996, 6929960, 6958921, 28961
92997, 6929970, 6958934, 28964
92998, 6929980, 6958947, 28967
92999, 6929990, 6958961, 28971
93402, 6934020, 6958987, 24967
93403, 6934030, 6959001, 24971
93404, 6934040, 6959014, 24974
93405, 6934050, 6959028, 24978
93406, 6934060, 6959041, 24981
93407, 6934070, 6959054, 24984
93408, 6934080, 6959068, 24988
93409, 6934090, 6959081, 24991
93410, 6934100, 6959094, 24994
93411, 6934110, 6959108, 24998
93413, 6934130, 6959121, 24991
93414, 6934140, 6959134, 24994
93415, 6934150, 6959148, 24998
93416, 6934160, 6959161, 25001
93417, 6934170, 6959174, 25004
93418, 6934180, 6959188, 25008
93419, 6934190, 6959201, 25011
93420, 6934200, 6959215, 25015
93421, 6934210, 6959228, 25018
93422, 6934220, 6959241, 25021
93424, 6934240, 6959255, 25015
93425, 6934250, 6959268, 25018
93426, 6934260, 6959281, 25021
93427, 6934270, 6959295, 25025
93428, 6934280, 6959308, 25028
93429, 6934290, 6959321, 25031
93430, 6934300, 6959335, 25035
93431, 6934310, 6959348, 25038
93432, 6934320, 6959362, 25042
93433, 6934330, 6959375, 25045
93434, 6934340, 6959388, 25048
93436, 6934360, 6959402, 25042
93437, 6934370, 6959415, 25045
93438, 6934380, 6959428, 25048
93439, 6934390, 6959442, 25052
93440, 6934400, 6959455, 25055
93441, 6934410, 6959468, 25058
93442, 6934420, 6959482, 25062
93443, 6934430, 6959495, 25065
93444, 6934440, 6959508, 25068
93445, 6934450, 6959522, 25072
93447, 6934470, 6959535, 25065
93448, 6934480, 6959549, 25069
93449, 6934490, 6959562, 25072
93451, 6934510, 6959589, 25079
93452, 6934520, 6959602, 25082
93453, 6934530, 6959615, 25085
93454, 6934540, 6959629, 25089
93455, 6934550, 6959642, 25092
93456, 6934560, 6959656, 25096
93457, 6934570, 6959669, 25099
93459, 6934590, 6959682, 25092
93460, 6934600, 6959696, 25096
93461, 6934610, 6959709, 25099
93462, 6934620, 6959722, 25102
93463, 6934630, 6959736, 25106
93464, 6934640, 6959749, 25109
93465, 6934650, 6959762, 25112
93466, 6934660, 6959776, 25116
93467, 6934670, 6959789, 25119
93468, 6934680, 6959802, 25122
93470, 6934700, 6959816, 25116
93471, 6934710, 6959829, 25119
93472, 6934720, 6959843, 25123
93473, 6934730, 6959856, 25126
93474, 6934740, 6959869, 25129
93475, 6934750, 6959883, 25133
93476, 6934760, 6959896, 25136
93477, 6934770, 6959909, 25139
93478, 6934780, 6959923, 25143
93479, 6934790, 6959936, 25146
93480, 6934800, 6959949, 25149
93482, 6934820, 6959963, 25143
93483, 6934830, 6959976, 25146
93484, 6934840, 6959990, 25150
93485, 6934850, 6960003, 25153
93486, 6934860, 6960016, 25156
93487, 6934870, 6960030, 25160
93488, 6934880, 6960043, 25163
93489, 6934890, 6960056, 25166
93490, 6934900, 6960070, 25170
93491, 6934910, 6960083, 25173
93493, 6934930, 6960096, 25166
93494, 6934940, 6960110, 25170
93495, 6934950, 6960123, 25173
93496, 6934960, 6960136, 25176
93497, 6934970, 6960150, 25180
93498, 6934980, 6960163, 25183
93499, 6934990, 6960177, 25187
93501, 6935010, 6960203, 25193
93502, 6935020, 6960217, 25197
93504, 6935040, 6960230, 25190
93505, 6935050, 6960243, 25193
93506, 6935060, 6960257, 25197
93507, 6935070, 6960270, 25200
93508, 6935080, 6960284, 25204
93509, 6935090, 6960297, 25207
93510, 6935100, 6960310, 25210
93511, 6935110, 6960324, 25214
93512, 6935120, 6960337, 25217
93513, 6935130, 6960350, 25220
93514, 6935140, 6960364, 25224
93516, 6935160, 6960377, 25217
93517, 6935170, 6960390, 25220
93518, 6935180, 6960404, 25224
93519, 6935190, 6960417, 25227
93520, 6935200, 6960430, 25230
93521, 6935210, 6964012, 28802
93522, 6935220, 6964025, 28805
93523, 6935230, 6964039, 28809
93524, 6935240, 6964052, 28812
93525, 6935250, 6964065, 28815
93527, 6935270, 6964079, 28809
93528, 6935280, 6964092, 28812
93529, 6935290, 6964106, 28816
93530, 6935300, 6964119, 28819
93531, 6935310, 6964132, 28822
93532, 6935320, 6964146, 28826
93533, 6935330, 6964159, 28829
93534, 6935340, 6964172, 28832
93535, 6935350, 6964186, 28836
93536, 6935360, 6964199, 28839
93537, 6935370, 6964212, 28842
93539, 6935390, 6964226, 28836
93540, 6935400, 6964239, 28839
93541, 6935410, 6964252, 28842
93542, 6935420, 6964266, 28846
93543, 6935430, 6964279, 28849
93544, 6935440, 6964293, 28853
93545, 6935450, 6964306, 28856
93546, 6935460, 6964319, 28859
93547, 6935470, 6964333, 28863
93548, 6935480, 6964346, 28866
93551, 6935510, 6964373, 28863
93552, 6935520, 6964386, 28866
93553, 6935530, 6964400, 28870
93554, 6935540, 6964413, 28873
93555, 6935550, 6964426, 28876
93556, 6935560, 6964440, 28880
93557, 6935570, 6964453, 28883
93558, 6935580, 6964466, 28886
93559, 6935590, 6964480, 28890
93561, 6935610, 6964493, 28883
93562, 6935620, 6964506, 28886
93563, 6935630, 6964520, 28890
93564, 6935640, 6964533, 28893
93565, 6935650, 6964546, 28896
93566, 6935660, 6964560, 28900
93567, 6935670, 6964573, 28903
93568, 6935680, 6964587, 28907
93569, 6935690, 6964600, 28910
93570, 6935700, 6964613, 28913
93571, 6935710, 6964627, 28917
93573, 6935730, 6964640, 28910
93574, 6935740, 6964653, 28913
93575, 6935750, 6964667, 28917
93576, 6935760, 6964680, 28920
93577, 6935770, 6964693, 28923
93578, 6935780, 6964707, 28927
93579, 6935790, 6964720, 28930
93580, 6935800, 6964734, 28934
93581, 6935810, 6964747, 28937
93582, 6935820, 6964760, 28940
93584, 6935840, 6964774, 28934
93585, 6935850, 6964787, 28937
93586, 6935860, 6964800, 28940
93587, 6935870, 6964814, 28944
93588, 6935880, 6964827, 28947
93589, 6935890, 6964840, 28950
93590, 6935900, 6964854, 28954
93591, 6935910, 6964867, 28957
93592, 6935920, 6964880, 28960
93593, 6935930, 6964894, 28964
93594, 6935940, 6964907, 28967
93596, 6935960, 6964921, 28961
93597, 6935970, 6964934, 28964
93598, 6935980, 6964947, 28967
93599, 6935990, 6964961, 28971
94002, 6940020, 6964987, 24967
94003, 6940030, 6965001, 24971
94004, 6940040, 6965014, 24974
94005, 6940050, 6965027, 24977
94006, 6940060, 6965041, 24981
94007, 6940070, 6965054, 24984
94008, 6940080, 6965067, 24987
94009, 6940090, 6965081, 24991
94010, 6940100, 6965094, 24994
94011, 6940110, 6965108, 24998
94013, 6940130, 6965121, 24991
94014, 6940140, 6965134, 24994
94015, 6940150, 6965148, 24998
94016, 6940160, 6965161, 25001
94017, 6940170, 6965174, 25004
94018, 6940180, 6965188, 25008
94019, 6940190, 6965201, 25011
94020, 6940200, 6965214, 25014
94021, 6940210, 6965228, 25018
94022, 6940220, 6965241, 25021
94024, 6940240, 6965254, 25014
94025, 6940250, 6965268, 25018
94026, 6940260, 6965281, 25021
94027, 6940270, 6965295, 25025
94028, 6940280, 6965308, 25028
94029, 6940290, 6965321, 25031
94030, 6940300, 6965335, 25035
94031, 6940310, 6965348, 25038
94032, 6940320, 6965361, 25041
94033, 6940330, 6965375, 25045
94034, 6940340, 6965388, 25048
94036, 6940360, 6965401, 25041
94037, 6940370, 6965415, 25045
94038, 6940380, 6965428, 25048
94039, 6940390, 6965442, 25052
94040, 6940400, 6965455, 25055
94041, 6940410, 6965468, 25058
94042, 6940420, 6965482, 25062
94043, 6940430, 6965495, 25065
94044, 6940440, 6965508, 25068
94045, 6940450, 6965522, 25072
94047, 6940470, 6965535, 25065
94048, 6940480, 6965548, 25068
94049, 6940490, 6965562, 25072
94051, 6940510, 6965589, 25079
94052, 6940520, 6965602, 25082
94053, 6940530, 6965615, 25085
94054, 6940540, 6965629, 25089
94055, 6940550, 6965642, 25092
94056, 6940560, 6965655, 25095
94057, 6940570, 6965669, 25099
94059, 6940590, 6965682, 25092
94060, 6940600, 6965695, 25095
94061, 6940610, 6965709, 25099
94062, 6940620, 6965722, 25102
94063, 6940630, 6965736, 25106
94064, 6940640, 6965749, 25109
94065, 6940650, 6965762, 25112
94066, 6940660, 6965776, 25116
94067, 6940670, 6965789, 25119
94068, 6940680, 6965802, 25122
94070, 6940700, 6965816, 25116
94071, 6940710, 6965829, 25119
94072, 6940720, 6965842, 25122
94073, 6940730, 6965856, 25126
94074, 6940740, 6965869, 25129
94075, 6940750, 6965882, 25132
94076, 6940760, 6965896, 25136
94077, 6940770, 6965909, 25139
94078, 6940780, 6965923, 25143
94079, 6940790, 6965936, 25146
94081, 6940810, 6965949, 25139
94082, 6940820, 6965963, 25143
94083, 6940830, 6965976, 25146
94084, 6940840, 6965989, 25149
94085, 6940850, 6966003, 25153
94086, 6940860, 6966016, 25156
94087, 6940870, 6966029, 25159
94088, 6940880, 6966043, 25163
94089, 6940890, 6966056, 25166
94090, 6940900, 6966070, 25170
94091, 6940910, 6966083, 25173
94093, 6940930, 6966096, 25166
94094, 6940940, 6966110, 25170
94095, 6940950, 6966123, 25173
94096, 6940960, 6966136, 25176
94097, 6940970, 6966150, 25180
94098, 6940980, 6966163, 25183
94099, 6940990, 6966176, 25186
94101, 6941010, 6966203, 25193
94102, 6941020, 6966217, 25197
94104, 6941040, 6966230, 25190
94105, 6941050, 6966243, 25193
94106, 6941060, 6966257, 25197
94107, 6941070, 6966270, 25200
94108, 6941080, 6966283, 25203
94109, 6941090, 6966297, 25207
94110, 6941100, 6966310, 25210
94111, 6941110, 6966323, 25213
94112, 6941120, 6966337, 25217
94113, 6941130, 6966350, 25220
94114, 6941140, 6966364, 25224
94116, 6941160, 6966377, 25217
94117, 6941170, 6966390, 25220
94118, 6941180, 6966404, 25224
94119, 6941190, 6966417, 25227
94120, 6941200, 6966430, 25230
94121, 6941210, 6970012, 28802
94122, 6941220, 6970025, 28805
94123, 6941230, 6970039, 28809
94124, 6941240, 6970052, 28812
94125, 6941250, 6970065, 28815
94127, 6941270, 6970079, 28809
94128, 6941280, 6970092, 28812
94129, 6941290, 6970106, 28816
94130, 6941300, 6970119, 28819
94131, 6941310, 6970132, 28822
94132, 6941320, 6970146, 28826
94133, 6941330, 6970159, 28829
94134, 6941340, 6970172, 28832
94135, 6941350, 6970186, 28836
94136, 6941360, 6970199, 28839
94138, 6941380, 6970212, 28832
94139, 6941390, 6970226, 28836
94140, 6941400, 6970239, 28839
94141, 6941410, 6970252, 28842
94142, 6941420, 6970266, 28846
94143, 6941430, 6970279, 28849
94144, 6941440, 6970293, 28853
94145, 6941450, 6970306, 28856
94146, 6941460, 6970319, 28859
94147, 6941470, 6970333, 28863
94148, 6941480, 6970346, 28866
94151, 6941510, 6970373, 28863
94152, 6941520, 6970386, 28866
94153, 6941530, 6970400, 28870
94154, 6941540, 6970413, 28873
94155, 6941550, 6970426, 28876
94156, 6941560, 6970440, 28880
94157, 6941570, 6970453, 28883
94158, 6941580, 6970466, 28886
94159, 6941590, 6970480, 28890
94161, 6941610, 6970493, 28883
94162, 6941620, 6970506, 28886
94163, 6941630, 6970520, 28890
94164, 6941640, 6970533, 28893
94165, 6941650, 6970546, 28896
94166, 6941660, 6970560, 28900
94167, 6941670, 6970573, 28903
94168, 6941680, 6970587, 28907
94169, 6941690, 6970600, 28910
94170, 6941700, 6970613, 28913
94171, 6941710, 6970627, 28917
94173, 6941730, 6970640, 28910
94174, 6941740, 6970653, 28913
94175, 6941750, 6970667, 28917
94176, 6941760, 6970680, 28920
94177, 6941770, 6970693, 28923
94178, 6941780, 6970707, 28927
94179, 6941790, 6970720, 28930
94180, 6941800, 6970734, 28934
94181, 6941810, 6970747, 28937
94182, 6941820, 6970760, 28940
94184, 6941840, 6970774, 28934
94185, 6941850, 6970787, 28937
94186, 6941860, 6970800, 28940
94187, 6941870, 6970814, 28944
94188, 6941880, 6970827, 28947
94189, 6941890, 6970840, 28950
94190, 6941900, 6970854, 28954
94191, 6941910, 6970867, 28957
94192, 6941920, 6970880, 28960
94193, 6941930, 6970894, 28964
94195, 6941950, 6970907, 28957
94196, 6941960, 6970921, 28961
94197, 6941970, 6970934, 28964
94198, 6941980, 6970947, 28967
94199, 6941990, 6970961, 28971
94602, 6946020, 6970987, 24967
94603, 6946030, 6971001, 24971
94604, 6946040, 6971014, 24974
94605, 6946050, 6971028, 24978
94606, 6946060, 6971041, 24981
94607, 6946070, 6971054, 24984
94608, 6946080, 6971068, 24988
94609, 6946090, 6971081, 24991
94610, 6946100, 6971094, 24994
94611, 6946110, 6971108, 24998
94613, 6946130, 6971121, 24991
94614, 6946140, 6971134, 24994
94615, 6946150, 6971148, 24998
94616, 6946160, 6971161, 25001
94617, 6946170, 6971174, 25004
94618, 6946180, 6971188, 25008
94619, 6946190, 6971201, 25011
94620, 6946200, 6971215, 25015
94621, 6946210, 6971228, 25018
94622, 6946220, 6971241, 25021
94624, 6946240, 6971255, 25015
94625, 6946250, 6971268, 25018
94626, 6946260, 6971281, 25021
94627, 6946270, 6971295, 25025
94628, 6946280, 6971308, 25028
94629, 6946290, 6971321, 25031
94630, 6946300, 6971335, 25035
94631, 6946310, 6971348, 25038
94632, 6946320, 6971362, 25042
94633, 6946330, 6971375, 25045
94634, 6946340, 6971388, 25048
94636, 6946360, 6971402, 25042
94637, 6946370, 6971415, 25045
94638, 6946380, 6971428, 25048
94639, 6946390, 6971442, 25052
94640, 6946400, 6971455, 25055
94641, 6946410, 6971468, 25058
94642, 6946420, 6971482, 25062
94643, 6946430, 6971495, 25065
94644, 6946440, 6971508, 25068
94645, 6946450, 6971522, 25072
94647, 6946470, 6971535, 25065
94648, 6946480, 6971549, 25069
94649, 6946490, 6971562, 25072
94651, 6946510, 6971589, 25079
94652, 6946520, 6971602, 25082
94653, 6946530, 6971615, 25085
94654, 6946540, 6971629, 25089
94655, 6946550, 6971642, 25092
94656, 6946560, 6971656, 25096
94657, 6946570, 6971669, 25099
94659, 6946590, 6971682, 25092
94660, 6946600, 6971696, 25096
94661, 6946610, 6971709, 25099
94662, 6946620, 6971722, 25102
94663, 6946630, 6971736, 25106
94664, 6946640, 6971749, 25109
94665, 6946650, 6971762, 25112
94666, 6946660, 6971776, 25116
94667, 6946670, 6971789, 25119
94668, 6946680, 6971802, 25122
94670, 6946700, 6971816, 25116
94671, 6946710, 6971829, 25119
94672, 6946720, 6971843, 25123
94673, 6946730, 6971856, 25126
94674, 6946740, 6971869, 25129
94675, 6946750, 6971883, 25133
94676, 6946760, 6971896, 25136
94677, 6946770, 6971909, 25139
94678, 6946780, 6971923, 25143
94679, 6946790, 6971936, 25146
94681, 6946810, 6971949, 25139
94682, 6946820, 6971963, 25143
94683, 6946830, 6971976, 25146
94684, 6946840, 6971990, 25150
94685, 6946850, 6972003, 25153
94686, 6946860, 6972016, 25156
94687, 6946870, 6972030, 25160
94688, 6946880, 6972043, 25163
94689, 6946890, 6972056, 25166
94690, 6946900, 6972070, 25170
94691, 6946910, 6972083, 25173
94693, 6946930, 6972096, 25166
94694, 6946940, 6972110, 25170
94695, 6946950, 6972123, 25173
94696, 6946960, 6972136, 25176
94697, 6946970, 6972150, 25180
94698, 6946980, 6972163, 25183
94699, 6946990, 6972177, 25187
94701, 6947010, 6972203, 25193
94702, 6947020, 6972217, 25197
94704, 6947040, 6972230, 25190
94705, 6947050, 6972243, 25193
94706, 6947060, 6972257, 25197
94707, 6947070, 6972270, 25200
94708, 6947080, 6972284, 25204
94709, 6947090, 6972297, 25207
94710, 6947100, 6972310, 25210
94711, 6947110, 6972324, 25214
94712, 6947120, 6972337, 25217
94713, 6947130, 6972350, 25220
94714, 6947140, 6972364, 25224
94716, 6947160, 6972377, 25217
94717, 6947170, 6972390, 25220
94718, 6947180, 6972404, 25224
94719, 6947190, 6972417, 25227
94720, 6947200, 6972430, 25230
94721, 6947210, 6976012, 28802
94722, 6947220, 6976025, 28805
94723, 6947230, 6976039, 28809
94724, 6947240, 6976052, 28812
94725, 6947250, 6976065, 28815
94727, 6947270, 6976079, 28809
94728, 6947280, 6976092, 28812
94729, 6947290, 6976106, 28816
94730, 6947300, 6976119, 28819
94731, 6947310, 6976132, 28822
94732, 6947320, 6976146, 28826
94733, 6947330, 6976159, 28829
94734, 6947340, 6976172, 28832
94735, 6947350, 6976186, 28836
94736, 6947360, 6976199, 28839
94738, 6947380, 6976212, 28832
94739, 6947390, 6976226, 28836
94740, 6947400, 6976239, 28839
94741, 6947410, 6976252, 28842
94742, 6947420, 6976266, 28846
94743, 6947430, 6976279, 28849
94744, 6947440, 6976293, 28853
94745, 6947450, 6976306, 28856
94746, 6947460, 6976319, 28859
94747, 6947470, 6976333, 28863
94748, 6947480, 6976346, 28866
94751, 6947510, 6976373, 28863
94752, 6947520, 6976386, 28866
94753, 6947530, 6976400, 28870
94754, 6947540, 6976413, 28873
94755, 6947550, 6976426, 28876
94756, 6947560, 6976440, 28880
94757, 6947570, 6976453, 28883
94758, 6947580, 6976466, 28886
94759, 6947590, 6976480, 28890
94761, 6947610, 6976493, 28883
94762, 6947620, 6976506, 28886
94763, 6947630, 6976520, 28890
94764, 6947640, 6976533, 28893
94765, 6947650, 6976546, 28896
94766, 6947660, 6976560, 28900
94767, 6947670, 6976573, 28903
94768, 6947680, 6976587, 28907
94769, 6947690, 6976600, 28910
94770, 6947700, 6976613, 28913
94771, 6947710, 6976627, 28917
94773, 6947730, 6976640, 28910
94774, 6947740, 6976653, 28913
94775, 6947750, 6976667, 28917
94776, 6947760, 6976680, 28920
94777, 6947770, 6976693, 28923
94778, 6947780, 6976707, 28927
94779, 6947790, 6976720, 28930
94780, 6947800, 6976734, 28934
94781, 6947810, 6976747, 28937
94782, 6947820, 6976760, 28940
94784, 6947840, 6976774, 28934
94785, 6947850, 6976787, 28937
94786, 6947860, 6976800, 28940
94787, 6947870, 6976814, 28944
94788, 6947880, 6976827, 28947
94789, 6947890, 6976840, 28950
94790, 6947900, 6976854, 28954
94791, 6947910, 6976867, 28957
94792, 6947920, 6976880, 28960
94793, 6947930, 6976894, 28964
94795, 6947950, 6976907, 28957
94796, 6947960, 6976921, 28961
94797, 6947970, 6976934, 28964
94798, 6947980, 6976947, 28967
94799, 6947990, 6976961, 28971
95202, 6952020, 6976987, 24967
95203, 6952030, 6977001, 24971
95204, 6952040, 6977014, 24974
95205, 6952050, 6977028, 24978
95206, 6952060, 6977041, 24981
95207, 6952070, 6977054, 24984
95208, 6952080, 6977068, 24988
95209, 6952090, 6977081, 24991
95210, 6952100, 6977094, 24994
95211, 6952110, 6977108, 24998
95213, 6952130, 6977121, 24991
95214, 6952140, 6977134, 24994
95215, 6952150, 6977148, 24998
95216, 6952160, 6977161, 25001
95217, 6952170, 6977174, 25004
95218, 6952180, 6977188, 25008
95219, 6952190, 6977201, 25011
95220, 6952200, 6977215, 25015
95221, 6952210, 6977228, 25018
95222, 6952220, 6977241, 25021
95224, 6952240, 6977255, 25015
95225, 6952250, 6977268, 25018
95226, 6952260, 6977281, 25021
95227, 6952270, 6977295, 25025
95228, 6952280, 6977308, 25028
95229, 6952290, 6977321, 25031
95230, 6952300, 6977335, 25035
95231, 6952310, 6977348, 25038
95232, 6952320, 6977362, 25042
95233, 6952330, 6977375, 25045
95234, 6952340, 6977388, 25048
95236, 6952360, 6977402, 25042
95237, 6952370, 6977415, 25045
95238, 6952380, 6977428, 25048
95239, 6952390, 6977442, 25052
95240, 6952400, 6977455, 25055
95241, 6952410, 6977468, 25058
95242, 6952420, 6977482, 25062
95243, 6952430, 6977495, 25065
95244, 6952440, 6977508, 25068
95245, 6952450, 6977522, 25072
95247, 6952470, 6977535, 25065
95248, 6952480, 6977549, 25069
95249, 6952490, 6977562, 25072
95251, 6952510, 6977589, 25079
95252, 6952520, 6977602, 25082
95253, 6952530, 6977615, 25085
95254, 6952540, 6977629, 25089
95255, 6952550, 6977642, 25092
95256, 6952560, 6977656, 25096
95257, 6952570, 6977669, 25099
95259, 6952590, 6977682, 25092
95260, 6952600, 6977696, 25096
95261, 6952610, 6977709, 25099
95262, 6952620, 6977722, 25102
95263, 6952630, 6977736, 25106
95264, 6952640, 6977749, 25109
95265, 6952650, 6977762, 25112
95266, 6952660, 6977776, 25116
95267, 6952670, 6977789, 25119
95268, 6952680, 6977802, 25122
95270, 6952700, 6977816, 25116
95271, 6952710, 6977829, 25119
95272, 6952720, 6977843, 25123
95273, 6952730, 6977856, 25126
95274, 6952740, 6977869, 25129
95275, 6952750, 6977883, 25133
95276, 6952760, 6977896, 25136
95277, 6952770, 6977909, 25139
95278, 6952780, 6977923, 25143
95279, 6952790, 6977936, 25146
95281, 6952810, 6977949, 25139
95282, 6952820, 6977963, 25143
95283, 6952830, 6977976, 25146
95284, 6952840, 6977990, 25150
95285, 6952850, 6978003, 25153
95286, 6952860, 6978016, 25156
95287, 6952870, 6978030, 25160
95288, 6952880, 6978043, 25163
95289, 6952890, 6978056, 25166
95290, 6952900, 6978070, 25170
95291, 6952910, 6978083, 25173
95293, 6952930, 6978096, 25166
95294, 6952940, 6978110, 25170
95295, 6952950, 6978123, 25173
95296, 6952960, 6978136, 25176
95297, 6952970, 6978150, 25180
95298, 6952980, 6978163, 25183
95299, 6952990, 6978177, 25187
95301, 6953010, 6978203, 25193
95302, 6953020, 6978217, 25197
95304, 6953040, 6978230, 25190
95305, 6953050, 6978243, 25193
95306, 6953060, 6978257, 25197
95307, 6953070, 6978270, 25200
95308, 6953080, 6978284, 25204
95309, 6953090, 6978297, 25207
95310, 6953100, 6978310, 25210
95311, 6953110, 6978324, 25214
95312, 6953120, 6978337, 25217
95313, 6953130, 6978350, 25220
95314, 6953140, 6978364, 25224
95316, 6953160, 6978377, 25217
95317, 6953170, 6978390, 25220
95318, 6953180, 6978404, 25224
95319, 6953190, 6978417, 25227
95320, 6953200, 6978430, 25230
95321, 6953210, 6982012, 28802
95322, 6953220, 6982025, 28805
95323, 6953230, 6982039, 28809
95324, 6953240, 6982052, 28812
95325, 6953250, 6982065, 28815
95327, 6953270, 6982079, 28809
95328, 6953280, 6982092, 28812
95329, 6953290, 6982106, 28816
95330, 6953300, 6982119, 28819
95331, 6953310, 6982132, 28822
95332, 6953320, 6982146, 28826
95333, 6953330, 6982159, 28829
95334, 6953340, 6982172, 28832
95335, 6953350, 6982186, 28836
95336, 6953360, 6982199, 28839
95338, 6953380, 6982212, 28832
95339, 6953390, 6982226, 28836
95340, 6953400, 6982239, 28839
95341, 6953410, 6982252, 28842
95342, 6953420, 6982266, 28846
95343, 6953430, 6982279, 28849
95344, 6953440, 6982293, 28853
95345, 6953450, 6982306, 28856
95346, 6953460, 6982319, 28859
95347, 6953470, 6982333, 28863
95348, 6953480, 6982346, 28866
95351, 6953510, 6982373, 28863
95352, 6953520, 6982386, 28866
95353, 6953530, 6982400, 28870
95354, 6953540, 6982413, 28873
95355, 6953550, 6982426, 28876
95356, 6953560, 6982440, 28880
95357, 6953570, 6982453, 28883
95358, 6953580, 6982466, 28886
95359, 6953590, 6982480, 28890
95361, 6953610, 6982493, 28883
95362, 6953620, 6982506, 28886
95363, 6953630, 6982520, 28890
95364, 6953640, 6982533, 28893
95365, 6953650, 6982546, 28896
95366, 6953660, 6982560, 28900
95367, 6953670, 6982573, 28903
95368, 6953680, 6982587, 28907
95369, 6953690, 6982600, 28910
95370, 6953700, 6982613, 28913
95371, 6953710, 6982627, 28917
95373, 6953730, 6982640, 28910
95374, 6953740, 6982653, 28913
95375, 6953750, 6982667, 28917
95376, 6953760, 6982680, 28920
95377, 6953770, 6982693, 28923
95378, 6953780, 6982707, 28927
95379, 6953790, 6982720, 28930
95380, 6953800, 6982734, 28934
95381, 6953810, 6982747, 28937
95382, 6953820, 6982760, 28940
95384, 6953840, 6982774, 28934
95385, 6953850, 6982787, 28937
95386, 6953860, 6982800, 28940
95387, 6953870, 6982814, 28944
95388, 6953880, 6982827, 28947
95389, 6953890, 6982840, 28950
95390, 6953900, 6982854, 28954
95391, 6953910, 6982867, 28957
95392, 6953920, 6982880, 28960
95393, 6953930, 6982894, 28964
95395, 6953950, 6982907, 28957
95396, 6953960, 6982921, 28961
95397, 6953970, 6982934, 28964
95398, 6953980, 6982947, 28967
95399, 6953990, 6982961, 28971
95802, 6958020, 6982987, 24967
95803, 6958030, 6983001, 24971
95804, 6958040, 6983014, 24974
95805, 6958050, 6983028, 24978
95806, 6958060, 6983041, 24981
95807, 6958070, 6983054, 24984
95808, 6958080, 6983068, 24988
95809, 6958090, 6983081, 24991
95810, 6958100, 6983094, 24994
95811, 6958110, 6983108, 24998
95813, 6958130, 6983121, 24991
95814, 6958140, 6983134, 24994
95815, 6958150, 6983148, 24998
95816, 6958160, 6983161, 25001
95817, 6958170, 6983174, 25004
95818, 6958180, 6983188, 25008
95819, 6958190, 6983201, 25011
95820, 6958200, 6983215, 25015
95821, 6958210, 6983228, 25018
95822, 6958220, 6983241, 25021
95824, 6958240, 6983255, 25015
95825, 6958250, 6983268, 25018
95826, 6958260, 6983281, 25021
95827, 6958270, 6983295, 25025
95828, 6958280, 6983308, 25028
95829, 6958290, 6983321, 25031
95830, 6958300, 6983335, 25035
95831, 6958310, 6983348, 25038
95832, 6958320, 6983362, 25042
95833, 6958330, 6983375, 25045
95834, 6958340, 6983388, 25048
95836, 6958360, 6983402, 25042
95837, 6958370, 6983415, 25045
95838, 6958380, 6983428, 25048
95839, 6958390, 6983442, 25052
95840, 6958400, 6983455, 25055
95841, 6958410, 6983468, 25058
95842, 6958420, 6983482, 25062
95843, 6958430, 6983495, 25065
95844, 6958440, 6983508, 25068
95845, 6958450, 6983522, 25072
95847, 6958470, 6983535, 25065
95848, 6958480, 6983549, 25069
95849, 6958490, 6983562, 25072
95851, 6958510, 6983589, 25079
95852, 6958520, 6983602, 25082
95853, 6958530, 6983615, 25085
95854, 6958540, 6983629, 25089
95855, 6958550, 6983642, 25092
95856, 6958560, 6983656, 25096
95857, 6958570, 6983669, 25099
95859, 6958590, 6983682, 25092
95860, 6958600, 6983696, 25096
95861, 6958610, 6983709, 25099
95862, 6958620, 6983722, 25102
95863, 6958630, 6983736, 25106
95864, 6958640, 6983749, 25109
95865, 6958650, 6983762, 25112
95866, 6958660, 6983776, 25116
95867, 6958670, 6983789, 25119
95868, 6958680, 6983802, 25122
95870, 6958700, 6983816, 25116
95871, 6958710, 6983829, 25119
95872, 6958720, 6983843, 25123
95873, 6958730, 6983856, 25126
95874, 6958740, 6983869, 25129
95875, 6958750, 6983883, 25133
95876, 6958760, 6983896, 25136
95877, 6958770, 6983909, 25139
95878, 6958780, 6983923, 25143
95879, 6958790, 6983936, 25146
95881, 6958810, 6983949, 25139
95882, 6958820, 6983963, 25143
95883, 6958830, 6983976, 25146
95884, 6958840, 6983990, 25150
95885, 6958850, 6984003, 25153
95886, 6958860, 6984016, 25156
95887, 6958870, 6984030, 25160
95888, 6958880, 6984043, 25163
95889, 6958890, 6984056, 25166
95890, 6958900, 6984070, 25170
95891, 6958910, 6984083, 25173
95893, 6958930, 6984096, 25166
95894, 6958940, 6984110, 25170
95895, 6958950, 6984123, 25173
95896, 6958960, 6984136, 25176
95897, 6958970, 6984150, 25180
95898, 6958980, 6984163, 25183
95899, 6958990, 6984177, 25187
95901, 6959010, 6984203, 25193
95902, 6959020, 6984217, 25197
95904, 6959040, 6984230, 25190
95905, 6959050, 6984243, 25193
95906, 6959060, 6984257, 25197
95907, 6959070, 6984270, 25200
95908, 6959080, 6984284, 25204
95909, 6959090, 6984297, 25207
95910, 6959100, 6984310, 25210
95911, 6959110, 6984324, 25214
95912, 6959120, 6984337, 25217
95913, 6959130, 6984350, 25220
95914, 6959140, 6984364, 25224
95916, 6959160, 6984377, 25217
95917, 6959170, 6984390, 25220
95918, 6959180, 6984404, 25224
95919, 6959190, 6984417, 25227
95920, 6959200, 6984430, 25230
95921, 6959210, 6988012, 28802
95922, 6959220, 6988025, 28805
95923, 6959230, 6988039, 28809
95924, 6959240, 6988052, 28812
95925, 6959250, 6988065, 28815
95927, 6959270, 6988079, 28809
95928, 6959280, 6988092, 28812
95929, 6959290, 6988106, 28816
95930, 6959300, 6988119, 28819
95931, 6959310, 6988132, 28822
95932, 6959320, 6988146, 28826
95933, 6959330, 6988159, 28829
95934, 6959340, 6988172, 28832
95935, 6959350, 6988186, 28836
95936, 6959360, 6988199, 28839
95938, 6959380, 6988212, 28832
95939, 6959390, 6988226, 28836
95940, 6959400, 6988239, 28839
95941, 6959410, 6988252, 28842
95942, 6959420, 6988266, 28846
95943, 6959430, 6988279, 28849
95944, 6959440, 6988293, 28853
95945, 6959450, 6988306, 28856
95946, 6959460, 6988319, 28859
95947, 6959470, 6988333, 28863
95948, 6959480, 6988346, 28866
95951, 6959510, 6988373, 28863
95952, 6959520, 6988386, 28866
95953, 6959530, 6988400, 28870
95954, 6959540, 6988413, 28873
95955, 6959550, 6988426, 28876
95956, 6959560, 6988440, 28880
95957, 6959570, 6988453, 28883
95958, 6959580, 6988466, 28886
95959, 6959590, 6988480, 28890
95961, 6959610, 6988493, 28883
95962, 6959620, 6988506, 28886
95963, 6959630, 6988520, 28890
95964, 6959640, 6988533, 28893
95965, 6959650, 6988546, 28896
95966, 6959660, 6988560, 28900
95967, 6959670, 6988573, 28903
95968, 6959680, 6988587, 28907
95969, 6959690, 6988600, 28910
95970, 6959700, 6988613, 28913
95971, 6959710, 6988627, 28917
95973, 6959730, 6988640, 28910
95974, 6959740, 6988653, 28913
95975, 6959750, 6988667, 28917
95976, 6959760, 6988680, 28920
95977, 6959770, 6988693, 28923
95978, 6959780, 6988707, 28927
95979, 6959790, 6988720, 28930
95980, 6959800, 6988734, 28934
95981, 6959810, 6988747, 28937
95982, 6959820, 6988760, 28940
95984, 6959840, 6988774, 28934
95985, 6959850, 6988787, 28937
95986, 6959860, 6988800, 28940
95987, 6959870, 6988814, 28944
95988, 6959880, 6988827, 28947
95989, 6959890, 6988840, 28950
95990, 6959900, 6988854, 28954
95991, 6959910, 6988867, 28957
95992, 6959920, 6988880, 28960
95993, 6959930, 6988894, 28964
95995, 6959950, 6988907, 28957
95996, 6959960, 6988921, 28961
95997, 6959970, 6988934, 28964
95998, 6959980, 6988947, 28967
95999, 6959990, 6988961, 28971
96402, 6964020, 6988987, 24967
96403, 6964030, 6989001, 24971
96404, 6964040, 6989014, 24974
96405, 6964050, 6989028, 24978
96406, 6964060, 6989041, 24981
96407, 6964070, 6989054, 24984
96408, 6964080, 6989068, 24988
96409, 6964090, 6989081, 24991
96410, 6964100, 6989094, 24994
96411, 6964110, 6989108, 24998
96413, 6964130, 6989121, 24991
96414, 6964140, 6989134, 24994
96415, 6964150, 6989148, 24998
96416, 6964160, 6989161, 25001
96417, 6964170, 6989174, 25004
96418, 6964180, 6989188, 25008
96419, 6964190, 6989201, 25011
96420, 6964200, 6989215, 25015
96421, 6964210, 6989228, 25018
96422, 6964220, 6989241, 25021
96424, 6964240, 6989255, 25015
96425, 6964250, 6989268, 25018
96426, 6964260, 6989281, 25021
96427, 6964270, 6989295, 25025
96428, 6964280, 6989308, 25028
96429, 6964290, 6989321, 25031
96430, 6964300, 6989335, 25035
96431, 6964310, 6989348, 25038
96432, 6964320, 6989362, 25042
96433, 6964330, 6989375, 25045
96434, 6964340, 6989388, 25048
96436, 6964360, 6989402, 25042
96437, 6964370, 6989415, 25045
96438, 6964380, 6989428, 25048
96439, 6964390, 6989442, 25052
96440, 6964400, 6989455, 25055
96441, 6964410, 6989468, 25058
96442, 6964420, 6989482, 25062
96443, 6964430, 6989495, 25065
96444, 6964440, 6989508, 25068
96445, 6964450, 6989522, 25072
96447, 6964470, 6989535, 25065
96448, 6964480, 6989549, 25069
96449, 6964490, 6989562, 25072
96451, 6964510, 6989589, 25079
96452, 6964520, 6989602, 25082
96453, 6964530, 6989615, 25085
96454, 6964540, 6989629, 25089
96455, 6964550, 6989642, 25092
96456, 6964560, 6989656, 25096
96457, 6964570, 6989669, 25099
96459, 6964590, 6989682, 25092
96460, 6964600, 6989696, 25096
96461, 6964610, 6989709, 25099
96462, 6964620, 6989722, 25102
96463, 6964630, 6989736, 25106
96464, 6964640, 6989749, 25109
96465, 6964650, 6989762, 25112
96466, 6964660, 6989776, 25116
96467, 6964670, 6989789, 25119
96468, 6964680, 6989802, 25122
96470, 6964700, 6989816, 25116
96471, 6964710, 6989829, 25119
96472, 6964720, 6989843, 25123
96473, 6964730, 6989856, 25126
96474, 6964740, 6989869, 25129
96475, 6964750, 6989883, 25133
96476, 6964760, 6989896, 25136
96477, 6964770, 6989909, 25139
96478, 6964780, 6989923, 25143
96479, 6964790, 6989936, 25146
96480, 6964800, 6989949, 25149
96482, 6964820, 6989963, 25143
96483, 6964830, 6989976, 25146
96484, 6964840, 6989990, 25150
96485, 6964850, 6990003, 25153
96486, 6964860, 6990016, 25156
96487, 6964870, 6990030, 25160
96488, 6964880, 6990043, 25163
96489, 6964890, 6990056, 25166
96490, 6964900, 6990070, 25170
96491, 6964910, 6990083, 25173
96493, 6964930, 6990096, 25166
96494, 6964940, 6990110, 25170
96495, 6964950, 6990123, 25173
96496, 6964960, 6990136, 25176
96497, 6964970, 6990150, 25180
96498, 6964980, 6990163, 25183
96499, 6964990, 6990177, 25187
96501, 6965010, 6990203, 25193
96502, 6965020, 6990217, 25197
96504, 6965040, 6990230, 25190
96505, 6965050, 6990243, 25193
96506, 6965060, 6990257, 25197
96507, 6965070, 6990270, 25200
96508, 6965080, 6990284, 25204
96509, 6965090, 6990297, 25207
96510, 6965100, 6990310, 25210
96511, 6965110, 6990324, 25214
96512, 6965120, 6990337, 25217
96513, 6965130, 6990350, 25220
96514, 6965140, 6990364, 25224
96516, 6965160, 6990377, 25217
96517, 6965170, 6990390, 25220
96518, 6965180, 6990404, 25224
96519, 6965190, 6990417, 25227
96520, 6965200, 6990430, 25230
96521, 6965210, 6994012, 28802
96522, 6965220, 6994025, 28805
96523, 6965230, 6994039, 28809
96524, 6965240, 6994052, 28812
96525, 6965250, 6994065, 28815
96527, 6965270, 6994079, 28809
96528, 6965280, 6994092, 28812
96529, 6965290, 6994106, 28816
96530, 6965300, 6994119, 28819
96531, 6965310, 6994132, 28822
96532, 6965320, 6994146, 28826
96533, 6965330, 6994159, 28829
96534, 6965340, 6994172, 28832
96535, 6965350, 6994186, 28836
96536, 6965360, 6994199, 28839
96537, 6965370, 6994212, 28842
96539, 6965390, 6994226, 28836
96540, 6965400, 6994239, 28839
96541, 6965410, 6994252, 28842
96542, 6965420, 6994266, 28846
96543, 6965430, 6994279, 28849
96544, 6965440, 6994293, 28853
96545, 6965450, 6994306, 28856
96546, 6965460, 6994319, 28859
96547, 6965470, 6994333, 28863
96548, 6965480, 6994346, 28866
96551, 6965510, 6994373, 28863
96552, 6965520, 6994386, 28866
96553, 6965530, 6994400, 28870
96554, 6965540, 6994413, 28873
96555, 6965550, 6994426, 28876
96556, 6965560, 6994440, 28880
96557, 6965570, 6994453, 28883
96558, 6965580, 6994466, 28886
96559, 6965590, 6994480, 28890
96561, 6965610, 6994493, 28883
96562, 6965620, 6994506, 28886
96563, 6965630, 6994520, 28890
96564, 6965640, 6994533, 28893
96565, 6965650, 6994546, 28896
96566, 6965660, 6994560, 28900
96567, 6965670, 6994573, 28903
96568, 6965680, 6994587, 28907
96569, 6965690, 6994600, 28910
96570, 6965700, 6994613, 28913
96571, 6965710, 6994627, 28917
96573, 6965730, 6994640, 28910
96574, 6965740, 6994653, 28913
96575, 6965750, 6994667, 28917
96576, 6965760, 6994680, 28920
96577, 6965770, 6994693, 28923
96578, 6965780, 6994707, 28927
96579, 6965790, 6994720, 28930
96580, 6965800, 6994734, 28934
96581, 6965810, 6994747, 28937
96582, 6965820, 6994760, 28940
96584, 6965840, 6994774, 28934
96585, 6965850, 6994787, 28937
96586, 6965860, 6994800, 28940
96587, 6965870, 6994814, 28944
96588, 6965880, 6994827, 28947
96589, 6965890, 6994840, 28950
96590, 6965900, 6994854, 28954
96591, 6965910, 6994867, 28957
96592, 6965920, 6994880, 28960
96593, 6965930, 6994894, 28964
96594, 6965940, 6994907, 28967
96596, 6965960, 6994921, 28961
96597, 6965970, 6994934, 28964
96598, 6965980, 6994947, 28967
96599, 6965990, 6994961, 28971
97002, 6970020, 6994987, 24967
97003, 6970030, 6995001, 24971
97004, 6970040, 6995014, 24974
97005, 6970050, 6995027, 24977
97006, 6970060, 6995041, 24981
97007, 6970070, 6995054, 24984
97008, 6970080, 6995067, 24987
97009, 6970090, 6995081, 24991
97010, 6970100, 6995094, 24994
97011, 6970110, 6995108, 24998
97013, 6970130, 6995121, 24991
97014, 6970140, 6995134, 24994
97015, 6970150, 6995148, 24998
97016, 6970160, 6995161, 25001
97017, 6970170, 6995174, 25004
97018, 6970180, 6995188, 25008
97019, 6970190, 6995201, 25011
97020, 6970200, 6995214, 25014
97021, 6970210, 6995228, 25018
97022, 6970220, 6995241, 25021
97024, 6970240, 6995254, 25014
97025, 6970250, 6995268, 25018
97026, 6970260, 6995281, 25021
97027, 6970270, 6995295, 25025
97028, 6970280, 6995308, 25028
97029, 6970290, 6995321, 25031
97030, 6970300, 6995335, 25035
97031, 6970310, 6995348, 25038
97032, 6970320, 6995361, 25041
97033, 6970330, 6995375, 25045
97034, 6970340, 6995388, 25048
97036, 6970360, 6995401, 25041
97037, 6970370, 6995415, 25045
97038, 6970380, 6995428, 25048
97039, 6970390, 6995442, 25052
97040, 6970400, 6995455, 25055
97041, 6970410, 6995468, 25058
97042, 6970420, 6995482, 25062
97043, 6970430, 6995495, 25065
97044, 6970440, 6995508, 25068
97045, 6970450, 6995522, 25072
97047, 6970470, 6995535, 25065
97048, 6970480, 6995548, 25068
97049, 6970490, 6995562, 25072
97051, 6970510, 6995589, 25079
97052, 6970520, 6995602, 25082
97053, 6970530, 6995615, 25085
97054, 6970540, 6995629, 25089
97055, 6970550, 6995642, 25092
97056, 6970560, 6995655, 25095
97057, 6970570, 6995669, 25099
97059, 6970590, 6995682, 25092
97060, 6970600, 6995695, 25095
97061, 6970610, 6995709, 25099
97062, 6970620, 6995722, 25102
97063, 6970630, 6995736, 25106
97064, 6970640, 6995749, 25109
97065, 6970650, 6995762, 25112
97066, 6970660, 6995776, 25116
97067, 6970670, 6995789, 25119
97068, 6970680, 6995802, 25122
97070, 6970700, 6995816, 25116
97071, 6970710, 6995829, 25119
97072, 6970720, 6995842, 25122
97073, 6970730, 6995856, 25126
97074, 6970740, 6995869, 25129
97075, 6970750, 6995882, 25132
97076, 6970760, 6995896, 25136
97077, 6970770, 6995909, 25139
97078, 6970780, 6995923, 25143
97079, 6970790, 6995936, 25146
97081, 6970810, 6995949, 25139
97082, 6970820, 6995963, 25143
97083, 6970830, 6995976, 25146
97084, 6970840, 6995989, 25149
97085, 6970850, 6996003, 25153
97086, 6970860, 6996016, 25156
97087, 6970870, 6996029, 25159
97088, 6970880, 6996043, 25163
97089, 6970890, 6996056, 25166
97090, 6970900, 6996070, 25170
97091, 6970910, 6996083, 25173
97093, 6970930, 6996096, 25166
97094, 6970940, 6996110, 25170
97095, 6970950, 6996123, 25173
97096, 6970960, 6996136, 25176
97097, 6970970, 6996150, 25180
97098, 6970980, 6996163, 25183
97099, 6970990, 6996176, 25186
97101, 6971010, 6996203, 25193
97102, 6971020, 6996217, 25197
97104, 6971040, 6996230, 25190
97105, 6971050, 6996243, 25193
97106, 6971060, 6996257, 25197
97107, 6971070, 6996270, 25200
97108, 6971080, 6996283, 25203
97109, 6971090, 6996297, 25207
97110, 6971100, 6996310, 25210
97111, 6971110, 6996323, 25213
97112, 6971120, 6996337, 25217
97113, 6971130, 6996350, 25220
97114, 6971140, 6996364, 25224
97116, 6971160, 6996377, 25217
97117, 6971170, 6996390, 25220
97118, 6971180, 6996404, 25224
97119, 6971190, 6996417, 25227
97120, 6971200, 6996430, 25230
97121, 6971210, 7000012, 28802
97122, 6971220, 7000114, 28894
97123, 6971230, 7000128, 28898
97124, 6971240, 7000141, 28901
97125, 6971250, 7000154, 28904
97127, 6971270, 7000168, 28898
97128, 6971280, 7000181, 28901
97129, 6971290, 7000195, 28905
97130, 6971300, 7000208, 28908
97131, 6971310, 7000221, 28911
97132, 6971320, 7000235, 28915
97133, 6971330, 7000248, 28918
97134, 6971340, 7000261, 28921
97135, 6971350, 7000275, 28925
97136, 6971360, 7000288, 28928
97138, 6971380, 7000301, 28921
97139, 6971390, 7000315, 28925
97140, 6971400, 7000328, 28928
97141, 6971410, 7000341, 28931
97142, 6971420, 7000355, 28935
97143, 6971430, 7000368, 28938
97144, 6971440, 7000382, 28942
97145, 6971450, 7000395, 28945
97146, 6971460, 7000408, 28948
97147, 6971470, 7000422, 28952
97148, 6971480, 7000435, 28955
97151, 6971510, 7000462, 28952
97152, 6971520, 7000475, 28955
97153, 6971530, 7000489, 28959
97154, 6971540, 7000502, 28962
97155, 6971550, 7000515, 28965
97156, 6971560, 7000529, 28969
97157, 6971570, 7000542, 28972
97158, 6971580, 7000555, 28975
97159, 6971590, 7000569, 28979
97161, 6971610, 7000582, 28972
97162, 6971620, 7000595, 28975
97163, 6971630, 7000609, 28979
97164, 6971640, 7000622, 28982
97165, 6971650, 7000635, 28985
97166, 6971660, 7000649, 28989
97167, 6971670, 7000662, 28992
97168, 6971680, 7000676, 28996
97169, 6971690, 7000689, 28999
97170, 6971700, 7000702, 29002
97171, 6971710, 7000716, 29006
97173, 6971730, 7000729, 28999
97174, 6971740, 7000742, 29002
97175, 6971750, 7000756, 29006
97176, 6971760, 7000769, 29009
97177, 6971770, 7000782, 29012
97178, 6971780, 7000796, 29016
97179, 6971790, 7000809, 29019
97180, 6971800, 7000823, 29023
97181, 6971810, 7000836, 29026
97182, 6971820, 7000849, 29029
97184, 6971840, 7000863, 29023
97185, 6971850, 7000876, 29026
97186, 6971860, 7000889, 29029
97187, 6971870, 7000903, 29033
97188, 6971880, 7000916, 29036
97189, 6971890, 7000929, 29039
97190, 6971900, 7000943, 29043
97191, 6971910, 7000956, 29046
97192, 6971920, 7000969, 29049
97193, 6971930, 7000983, 29053
97195, 6971950, 7000996, 29046
97196, 6971960, 7001010, 29050
97197, 6971970, 7001023, 29053
97198, 6971980, 7001036, 29056
97199, 6971990, 7001050, 29060
97602, 6976020, 7001076, 25056
97603, 6976030, 7001090, 25060
97604, 6976040, 7001103, 25063
97605, 6976050, 7001117, 25067
97606, 6976060, 7001130, 25070
97607, 6976070, 7001143, 25073
97608, 6976080, 7001157, 25077
97609, 6976090, 7001170, 25080
97610, 6976100, 7001183, 25083
97611, 6976110, 7001197, 25087
97613, 6976130, 7001210, 25080
97614, 6976140, 7001223, 25083
97615, 6976150, 7001237, 25087
97616, 6976160, 7001250, 25090
97617, 6976170, 7001263, 25093
97618, 6976180, 7001277, 25097
97619, 6976190, 7001290, 25100
97620, 6976200, 7001304, 25104
97621, 6976210, 7001317, 25107
97622, 6976220, 7001330, 25110
97624, 6976240, 7001344, 25104
97625, 6976250, 7001357, 25107
97626, 6976260, 7001370, 25110
97627, 6976270, 7001384, 25114
97628, 6976280, 7001397, 25117
97629, 6976290, 7001410, 25120
97630, 6976300, 7001424, 25124
97631, 6976310, 7001437, 25127
97632, 6976320, 7001451, 25131
97633, 6976330, 7001464, 25134
97634, 6976340, 7001477, 25137
97636, 6976360, 7001491, 25131
97637, 6976370, 7001504, 25134
97638, 6976380, 7001517, 25137
97639, 6976390, 7001531, 25141
97640, 6976400, 7001544, 25144
97641, 6976410, 7001557, 25147
97642, 6976420, 7001571, 25151
97643, 6976430, 7001584, 25154
97644, 6976440, 7001597, 25157
97645, 6976450, 7001611, 25161
97647, 6976470, 7001624, 25154
97648, 6976480, 7001638, 25158
97649, 6976490, 7001651, 25161
97651, 6976510, 7001678, 25168
97652, 6976520, 7001691, 25171
97653, 6976530, 7001704, 25174
97654, 6976540, 7001718, 25178
97655, 6976550, 7001731, 25181
97656, 6976560, 7001745, 25185
97657, 6976570, 7001758, 25188
97659, 6976590, 7001771, 25181
97660, 6976600, 7001785, 25185
97661, 6976610, 7001798, 25188
97662, 6976620, 7001811, 25191
97663, 6976630, 7001825, 25195
97664, 6976640, 7001838, 25198
97665, 6976650, 7001851, 25201
97666, 6976660, 7001865, 25205
97667, 6976670, 7001878, 25208
97668, 6976680, 7001891, 25211
97670, 6976700, 7001905, 25205
97671, 6976710, 7001918, 25208
97672, 6976720, 7001932, 25212
97673, 6976730, 7001945, 25215
97674, 6976740, 7001958, 25218
97675, 6976750, 7001972, 25222
97676, 6976760, 7001985, 25225
97677, 6976770, 7001998, 25228
97678, 6976780, 7002012, 25232
97679, 6976790, 7002025, 25235
97681, 6976810, 7002038, 25228
97682, 6976820, 7002052, 25232
97683, 6976830, 7002065, 25235
97684, 6976840, 7002079, 25239
97685, 6976850, 7002092, 25242
97686, 6976860, 7002105, 25245
97687, 6976870, 7002119, 25249
97688, 6976880, 7002132, 25252
97689, 6976890, 7002145, 25255
97690, 6976900, 7002159, 25259
97691, 6976910, 7002172, 25262
97693, 6976930, 7002185, 25255
97694, 6976940, 7002199, 25259
97695, 6976950, 7002212, 25262
97696, 6976960, 7002225, 25265
97697, 6976970, 7002239, 25269
97698, 6976980, 7002252, 25272
97699, 6976990, 7002266, 25276
97701, 6977010, 7002292, 25282
97702, 6977020, 7002306, 25286
97704, 6977040, 7002319, 25279
97705, 6977050, 7002332, 25282
97706, 6977060, 7002346, 25286
97707, 6977070, 7002359, 25289
97708, 6977080, 7002373, 25293
97709, 6977090, 7002386, 25296
97710, 6977100, 7002399, 25299
97711, 6977110, 7002413, 25303
97712, 6977120, 7002426, 25306
97713, 6977130, 7002439, 25309
97714, 6977140, 7002453, 25313
97716, 6977160, 7002466, 25306
97717, 6977170, 7002479, 25309
97718, 6977180, 7002493, 25313
97719, 6977190, 7002506, 25316
97720, 6977200, 7002519, 25319
97721, 6977210, 7006012, 28802
97722, 6977220, 7006025, 28805
97723, 6977230, 7006039, 28809
97724, 6977240, 7006052, 28812
97725, 6977250, 7006065, 28815
97727, 6977270, 7006079, 28809
97728, 6977280, 7006092, 28812
97729, 6977290, 7006106, 28816
97730, 6977300, 7006119, 28819
97731, 6977310, 7006132, 28822
97732, 6977320, 7006146, 28826
97733, 6977330, 7006159, 28829
97734, 6977340, 7006172, 28832
97735, 6977350, 7006186, 28836
97736, 6977360, 7006199, 28839
97738, 6977380, 7006212, 28832
97739, 6977390, 7006226, 28836
97740, 6977400, 7006239, 28839
97741, 6977410, 7006252, 28842
97742, 6977420, 7006266, 28846
97743, 6977430, 7006279, 28849
97744, 6977440, 7006293, 28853
97745, 6977450, 7006306, 28856
97746, 6977460, 7006319, 28859
97747, 6977470, 7006333, 28863
97748, 6977480, 7006346, 28866
97751, 6977510, 7006373, 28863
97752, 6977520, 7006386, 28866
97753, 6977530, 7006400, 28870
97754, 6977540, 7006413, 28873
97755, 6977550, 7006426, 28876
97756, 6977560, 7006440, 28880
97757, 6977570, 7006453, 28883
97758, 6977580, 7006466, 28886
97759, 6977590, 7006480, 28890
97761, 6977610, 7006493, 28883
97762, 6977620, 7006506, 28886
97763, 6977630, 7006520, 28890
97764, 6977640, 7006533, 28893
97765, 6977650, 7006546, 28896
97766, 6977660, 7006560, 28900
97767, 6977670, 7006573, 28903
97768, 6977680, 7006587, 28907
97769, 6977690, 7006600, 28910
97770, 6977700, 7006613, 28913
97771, 6977710, 7006627, 28917
97773, 6977730, 7006640, 28910
97774, 6977740, 7006653, 28913
97775, 6977750, 7006667, 28917
97776, 6977760, 7006680, 28920
97777, 6977770, 7006693, 28923
97778, 6977780, 7006707, 28927
97779, 6977790, 7006720, 28930
97780, 6977800, 7006734, 28934
97781, 6977810, 7006747, 28937
97782, 6977820, 7006760, 28940
97784, 6977840, 7006774, 28934
97785, 6977850, 7006787, 28937
97786, 6977860, 7006800, 28940
97787, 6977870, 7006814, 28944
97788, 6977880, 7006827, 28947
97789, 6977890, 7006840, 28950
97790, 6977900, 7006854, 28954
97791, 6977910, 7006867, 28957
97792, 6977920, 7006880, 28960
97793, 6977930, 7006894, 28964
97795, 6977950, 7006907, 28957
97796, 6977960, 7006921, 28961
97797, 6977970, 7006934, 28964
97798, 6977980, 7006947, 28967
97799, 6977990, 7006961, 28971
98202, 6982020, 7006987, 24967
98203, 6982030, 7007001, 24971
98204, 6982040, 7007014, 24974
98205, 6982050, 7007028, 24978
98206, 6982060, 7007041, 24981
98207, 6982070, 7007054, 24984
98208, 6982080, 7007068, 24988
98209, 6982090, 7007081, 24991
98210, 6982100, 7007094, 24994
98211, 6982110, 7007108, 24998
98213, 6982130, 7007121, 24991
98214, 6982140, 7007134, 24994
98215, 6982150, 7007148, 24998
98216, 6982160, 7007161, 25001
98217, 6982170, 7007174, 25004
98218, 6982180, 7007188, 25008
98219, 6982190, 7007201, 25011
98220, 6982200, 7007215, 25015
98221, 6982210, 7007228, 25018
98222, 6982220, 7007241, 25021
98224, 6982240, 7007255, 25015
98225, 6982250, 7007268, 25018
98226, 6982260, 7007281, 25021
98227, 6982270, 7007295, 25025
98228, 6982280, 7007308, 25028
98229, 6982290, 7007321, 25031
98230, 6982300, 7007335, 25035
98231, 6982310, 7007348, 25038
98232, 6982320, 7007362, 25042
98233, 6982330, 7007375, 25045
98234, 6982340, 7007388, 25048
98236, 6982360, 7007402, 25042
98237, 6982370, 7007415, 25045
98238, 6982380, 7007428, 25048
98239, 6982390, 7007442, 25052
98240, 6982400, 7007455, 25055
98241, 6982410, 7007468, 25058
98242, 6982420, 7007482, 25062
98243, 6982430, 7007495, 25065
98244, 6982440, 7007508, 25068
98245, 6982450, 7007522, 25072
98247, 6982470, 7007535, 25065
98248, 6982480, 7007549, 25069
98249, 6982490, 7007562, 25072
98251, 6982510, 7007589, 25079
98252, 6982520, 7007602, 25082
98253, 6982530, 7007615, 25085
98254, 6982540, 7007629, 25089
98255, 6982550, 7007642, 25092
98256, 6982560, 7007656, 25096
98257, 6982570, 7007669, 25099
98259, 6982590, 7007682, 25092
98260, 6982600, 7007696, 25096
98261, 6982610, 7007709, 25099
98262, 6982620, 7007722, 25102
98263, 6982630, 7007736, 25106
98264, 6982640, 7007749, 25109
98265, 6982650, 7007762, 25112
98266, 6982660, 7007776, 25116
98267, 6982670, 7007789, 25119
98268, 6982680, 7007802, 25122
98270, 6982700, 7007816, 25116
98271, 6982710, 7007829, 25119
98272, 6982720, 7007843, 25123
98273, 6982730, 7007856, 25126
98274, 6982740, 7007869, 25129
98275, 6982750, 7007883, 25133
98276, 6982760, 7007896, 25136
98277, 6982770, 7007909, 25139
98278, 6982780, 7007923, 25143
98279, 6982790, 7007936, 25146
98281, 6982810, 7007949, 25139
98282, 6982820, 7007963, 25143
98283, 6982830, 7007976, 25146
98284, 6982840, 7007990, 25150
98285, 6982850, 7008003, 25153
98286, 6982860, 7008016, 25156
98287, 6982870, 7008030, 25160
98288, 6982880, 7008043, 25163
98289, 6982890, 7008056, 25166
98290, 6982900, 7008070, 25170
98291, 6982910, 7008083, 25173
98293, 6982930, 7008096, 25166
98294, 6982940, 7008110, 25170
98295, 6982950, 7008123, 25173
98296, 6982960, 7008136, 25176
98297, 6982970, 7008150, 25180
98298, 6982980, 7008163, 25183
98299, 6982990, 7008177, 25187
98301, 6983010, 7008203, 25193
98302, 6983020, 7008217, 25197
98304, 6983040, 7008230, 25190
98305, 6983050, 7008243, 25193
98306, 6983060, 7008257, 25197
98307, 6983070, 7008270, 25200
98308, 6983080, 7008284, 25204
98309, 6983090, 7008297, 25207
98310, 6983100, 7008310, 25210
98311, 6983110, 7008324, 25214
98312, 6983120, 7008337, 25217
98313, 6983130, 7008350, 25220
98314, 6983140, 7008364, 25224
98316, 6983160, 7008377, 25217
98317, 6983170, 7008390, 25220
98318, 6983180, 7008404, 25224
98319, 6983190, 7008417, 25227
98320, 6983200, 7008430, 25230
98321, 6983210, 7012012, 28802
98322, 6983220, 7012025, 28805
98323, 6983230, 7012039, 28809
98324, 6983240, 7012052, 28812
98325, 6983250, 7012065, 28815
98327, 6983270, 7012079, 28809
98328, 6983280, 7012092, 28812
98329, 6983290, 7012106, 28816
98330, 6983300, 7012119, 28819
98331, 6983310, 7012132, 28822
98332, 6983320, 7012146, 28826
98333, 6983330, 7012159, 28829
98334, 6983340, 7012172, 28832
98335, 6983350, 7012186, 28836
98336, 6983360, 7012199, 28839
98338, 6983380, 7012212, 28832
98339, 6983390, 7012226, 28836
98340, 6983400, 7012239, 28839
98341, 6983410, 7012252, 28842
98342, 6983420, 7012266, 28846
98343, 6983430, 7012279, 28849
98344, 6983440, 7012293, 28853
98345, 6983450, 7012306, 28856
98346, 6983460, 7012319, 28859
98347, 6983470, 7012333, 28863
98348, 6983480, 7012346, 28866
98351, 6983510, 7012373, 28863
98352, 6983520, 7012386, 28866
98353, 6983530, 7012400, 28870
98354, 6983540, 7012413, 28873
98355, 6983550, 7012426, 28876
98356, 6983560, 7012440, 28880
98357, 6983570, 7012453, 28883
98358, 6983580, 7012466, 28886
98359, 6983590, 7012480, 28890
98361, 6983610, 7012493, 28883
98362, 6983620, 7012506, 28886
98363, 6983630, 7012520, 28890
98364, 6983640, 7012533, 28893
98365, 6983650, 7012546, 28896
98366, 6983660, 7012560, 28900
98367, 6983670, 7012573, 28903
98368, 6983680, 7012587, 28907
98369, 6983690, 7012600, 28910
98370, 6983700, 7012613, 28913
98371, 6983710, 7012627, 28917
98373, 6983730, 7012640, 28910
98374, 6983740, 7012653, 28913
98375, 6983750, 7012667, 28917
98376, 6983760, 7012680, 28920
98377, 6983770, 7012693, 28923
98378, 6983780, 7012707, 28927
98379, 6983790, 7012720, 28930
98380, 6983800, 7012734, 28934
98381, 6983810, 7012747, 28937
98382, 6983820, 7012760, 28940
98384, 6983840, 7012774, 28934
98385, 6983850, 7012787, 28937
98386, 6983860, 7012800, 28940
98387, 6983870, 7012814, 28944
98388, 6983880, 7012827, 28947
98389, 6983890, 7012840, 28950
98390, 6983900, 7012854, 28954
98391, 6983910, 7012867, 28957
98392, 6983920, 7012880, 28960
98393, 6983930, 7012894, 28964
98395, 6983950, 7012907, 28957
98396, 6983960, 7012921, 28961
98397, 6983970, 7012934, 28964
98398, 6983980, 7012947, 28967
98399, 6983990, 7012961, 28971
98802, 6988020, 7012987, 24967
98803, 6988030, 7013001, 24971
98804, 6988040, 7013014, 24974
98805, 6988050, 7013028, 24978
98806, 6988060, 7013041, 24981
98807, 6988070, 7013054, 24984
98808, 6988080, 7013068, 24988
98809, 6988090, 7013081, 24991
98810, 6988100, 7013094, 24994
98811, 6988110, 7013108, 24998
98813, 6988130, 7013121, 24991
98814, 6988140, 7013134, 24994
98815, 6988150, 7013148, 24998
98816, 6988160, 7013161, 25001
98817, 6988170, 7013174, 25004
98818, 6988180, 7013188, 25008
98819, 6988190, 7013201, 25011
98820, 6988200, 7013215, 25015
98821, 6988210, 7013228, 25018
98822, 6988220, 7013241, 25021
98824, 6988240, 7013255, 25015
98825, 6988250, 7013268, 25018
98826, 6988260, 7013281, 25021
98827, 6988270, 7013295, 25025
98828, 6988280, 7013308, 25028
98829, 6988290, 7013321, 25031
98830, 6988300, 7013335, 25035
98831, 6988310, 7013348, 25038
98832, 6988320, 7013362, 25042
98833, 6988330, 7013375, 25045
98834, 6988340, 7013388, 25048
98836, 6988360, 7013402, 25042
98837, 6988370, 7013415, 25045
98838, 6988380, 7013428, 25048
98839, 6988390, 7013442, 25052
98840, 6988400, 7013455, 25055
98841, 6988410, 7013468, 25058
98842, 6988420, 7013482, 25062
98843, 6988430, 7013495, 25065
98844, 6988440, 7013508, 25068
98845, 6988450, 7013522, 25072
98847, 6988470, 7013535, 25065
98848, 6988480, 7013549, 25069
98849, 6988490, 7013562, 25072
98851, 6988510, 7013589, 25079
98852, 6988520, 7013602, 25082
98853, 6988530, 7013615, 25085
98854, 6988540, 7013629, 25089
98855, 6988550, 7013642, 25092
98856, 6988560, 7013656, 25096
98857, 6988570, 7013669, 25099
98859, 6988590, 7013682, 25092
98860, 6988600, 7013696, 25096
98861, 6988610, 7013709, 25099
98862, 6988620, 7013722, 25102
98863, 6988630, 7013736, 25106
98864, 6988640, 7013749, 25109
98865, 6988650, 7013762, 25112
98866, 6988660, 7013776, 25116
98867, 6988670, 7013789, 25119
98868, 6988680, 7013802, 25122
98870, 6988700, 7013816, 25116
98871, 6988710, 7013829, 25119
98872, 6988720, 7013843, 25123
98873, 6988730, 7013856, 25126
98874, 6988740, 7013869, 25129
98875, 6988750, 7013883, 25133
98876, 6988760, 7013896, 25136
98877, 6988770, 7013909, 25139
98878, 6988780, 7013923, 25143
98879, 6988790, 7013936, 25146
98881, 6988810, 7013949, 25139
98882, 6988820, 7013963, 25143
98883, 6988830, 7013976, 25146
98884, 6988840, 7013990, 25150
98885, 6988850, 7014003, 25153
98886, 6988860, 7014016, 25156
98887, 6988870, 7014030, 25160
98888, 6988880, 7014043, 25163
98889, 6988890, 7014056, 25166
98890, 6988900, 7014070, 25170
98891, 6988910, 7014083, 25173
98893, 6988930, 7014096, 25166
98894, 6988940, 7014110, 25170
98895, 6988950, 7014123, 25173
98896, 6988960, 7014136, 25176
98897, 6988970, 7014150, 25180
98898, 6988980, 7014163, 25183
98899, 6988990, 7014177, 25187
98901, 6989010, 7014203, 25193
98902, 6989020, 7014217, 25197
98904, 6989040, 7014230, 25190
98905, 6989050, 7014243, 25193
98906, 6989060, 7014257, 25197
98907, 6989070, 7014270, 25200
98908, 6989080, 7014284, 25204
98909, 6989090, 7014297, 25207
98910, 6989100, 7014310, 25210
98911, 6989110, 7014324, 25214
98912, 6989120, 7014337, 25217
98913, 6989130, 7014350, 25220
98914, 6989140, 7014364, 25224
98916, 6989160, 7014377, 25217
98917, 6989170, 7014390, 25220
98918, 6989180, 7014404, 25224
98919, 6989190, 7014417, 25227
98920, 6989200, 7014430, 25230
98921, 6989210, 7018012, 28802
98922, 6989220, 7018025, 28805
98923, 6989230, 7018039, 28809
98924, 6989240, 7018052, 28812
98925, 6989250, 7018065, 28815
98927, 6989270, 7018079, 28809
98928, 6989280, 7018092, 28812
98929, 6989290, 7018106, 28816
98930, 6989300, 7018119, 28819
98931, 6989310, 7018132, 28822
98932, 6989320, 7018146, 28826
98933, 6989330, 7018159, 28829
98934, 6989340, 7018172, 28832
98935, 6989350, 7018186, 28836
98936, 6989360, 7018199, 28839
98938, 6989380, 7018212, 28832
98939, 6989390, 7018226, 28836
98940, 6989400, 7018239, 28839
98941, 6989410, 7018252, 28842
98942, 6989420, 7018266, 28846
98943, 6989430, 7018279, 28849
98944, 6989440, 7018293, 28853
98945, 6989450, 7018306, 28856
98946, 6989460, 7018319, 28859
98947, 6989470, 7018333, 28863
98948, 6989480, 7018346, 28866
98951, 6989510, 7018373, 28863
98952, 6989520, 7018386, 28866
98953, 6989530, 7018400, 28870
98954, 6989540, 7018413, 28873
98955, 6989550, 7018426, 28876
98956, 6989560, 7018440, 28880
98957, 6989570, 7018453, 28883
98958, 6989580, 7018466, 28886
98959, 6989590, 7018480, 28890
98961, 6989610, 7018493, 28883
98962, 6989620, 7018506, 28886
98963, 6989630, 7018520, 28890
98964, 6989640, 7018533, 28893
98965, 6989650, 7018546, 28896
98966, 6989660, 7018560, 28900
98967, 6989670, 7018573, 28903
98968, 6989680, 7018587, 28907
98969, 6989690, 7018600, 28910
98970, 6989700, 7018613, 28913
98971, 6989710, 7018627, 28917
98973, 6989730, 7018640, 28910
98974, 6989740, 7018653, 28913
98975, 6989750, 7018667, 28917
98976, 6989760, 7018680, 28920
98977, 6989770, 7018693, 28923
98978, 6989780, 7018707, 28927
98979, 6989790, 7018720, 28930
98980, 6989800, 7018734, 28934
98981, 6989810, 7018747, 28937
98982, 6989820, 7018760, 28940
98984, 6989840, 7018774, 28934
98985, 6989850, 7018787, 28937
98986, 6989860, 7018800, 28940
98987, 6989870, 7018814, 28944
98988, 6989880, 7018827, 28947
98989, 6989890, 7018840, 28950
98990, 6989900, 7018854, 28954
98991, 6989910, 7018867, 28957
98992, 6989920, 7018880, 28960
98993, 6989930, 7018894, 28964
98995, 6989950, 7018907, 28957
98996, 6989960, 7018921, 28961
98997, 6989970, 7018934, 28964
98998, 6989980, 7018947, 28967
98999, 6989990, 7018961, 28971
99402, 6994020, 7018987, 24967
99403, 6994030, 7019001, 24971
99404, 6994040, 7019014, 24974
99405, 6994050, 7019028, 24978
99406, 6994060, 7019041, 24981
99407, 6994070, 7019054, 24984
99408, 6994080, 7019068, 24988
99409, 6994090, 7019081, 24991
99410, 6994100, 7019094, 24994
99411, 6994110, 7019108, 24998
99413, 6994130, 7019121, 24991
99414, 6994140, 7019134, 24994
99415, 6994150, 7019148, 24998
99416, 6994160, 7019161, 25001
99417, 6994170, 7019174, 25004
99418, 6994180, 7019188, 25008
99419, 6994190, 7019201, 25011
99420, 6994200, 7019215, 25015
99421, 6994210, 7019228, 25018
99422, 6994220, 7019241, 25021
99424, 6994240, 7019255, 25015
99425, 6994250, 7019268, 25018
99426, 6994260, 7019281, 25021
99427, 6994270, 7019295, 25025
99428, 6994280, 7019308, 25028
99429, 6994290, 7019321, 25031
99430, 6994300, 7019335, 25035
99431, 6994310, 7019348, 25038
99432, 6994320, 7019362, 25042
99433, 6994330, 7019375, 25045
99434, 6994340, 7019388, 25048
99436, 6994360, 7019402, 25042
99437, 6994370, 7019415, 25045
99438, 6994380, 7019428, 25048
99439, 6994390, 7019442, 25052
99440, 6994400, 7019455, 25055
99441, 6994410, 7019468, 25058
99442, 6994420, 7019482, 25062
99443, 6994430, 7019495, 25065
99444, 6994440, 7019508, 25068
99445, 6994450, 7019522, 25072
99447, 6994470, 7019535, 25065
99448, 6994480, 7019549, 25069
99449, 6994490, 7019562, 25072
99451, 6994510, 7019589, 25079
99452, 6994520, 7019602, 25082
99453, 6994530, 7019615, 25085
99454, 6994540, 7019629, 25089
99455, 6994550, 7019642, 25092
99456, 6994560, 7019656, 25096
99457, 6994570, 7019669, 25099
99459, 6994590, 7019682, 25092
99460, 6994600, 7019696, 25096
99461, 6994610, 7019709, 25099
99462, 6994620, 7019722, 25102
99463, 6994630, 7019736, 25106
99464, 6994640, 7019749, 25109
99465, 6994650, 7019762, 25112
99466, 6994660, 7019776, 25116
99467, 6994670, 7019789, 25119
99468, 6994680, 7019802, 25122
99470, 6994700, 7019816, 25116
99471, 6994710, 7019829, 25119
99472, 6994720, 7019843, 25123
99473, 6994730, 7019856, 25126
99474, 6994740, 7019869, 25129
99475, 6994750, 7019883, 25133
99476, 6994760, 7019896, 25136
99477, 6994770, 7019909, 25139
99478, 6994780, 7019923, 25143
99479, 6994790, 7019936, 25146
99480, 6994800, 7019949, 25149
99482, 6994820, 7019963, 25143
99483, 6994830, 7019976, 25146
99484, 6994840, 7019990, 25150
99485, 6994850, 7020003, 25153
99486, 6994860, 7020016, 25156
99487, 6994870, 7020030, 25160
99488, 6994880, 7020043, 25163
99489, 6994890, 7020056, 25166
99490, 6994900, 7020070, 25170
99491, 6994910, 7020083, 25173
99493, 6994930, 7020096, 25166
99494, 6994940, 7020110, 25170
99495, 6994950, 7020123, 25173
99496, 6994960, 7020136, 25176
99497, 6994970, 7020150, 25180
99498, 6994980, 7020163, 25183
99499, 6994990, 7020177, 25187
99501, 6995010, 7020203, 25193
99502, 6995020, 7020217, 25197
99504, 6995040, 7020230, 25190
99505, 6995050, 7020243, 25193
99506, 6995060, 7020257, 25197
99507, 6995070, 7020270, 25200
99508, 6995080, 7020284, 25204
99509, 6995090, 7020297, 25207
99510, 6995100, 7020310, 25210
99511, 6995110, 7020324, 25214
99512, 6995120, 7020337, 25217
99513, 6995130, 7020350, 25220
99514, 6995140, 7020364, 25224
99516, 6995160, 7020377, 25217
99517, 6995170, 7020390, 25220
99518, 6995180, 7020404, 25224
99519, 6995190, 7020417, 25227
99520, 6995200, 7020430, 25230
99521, 6995210, 7024012, 28802
99522, 6995220, 7024025, 28805
99523, 6995230, 7024039, 28809
99524, 6995240, 7024052, 28812
99525, 6995250, 7024065, 28815
99527, 6995270, 7024079, 28809
99528, 6995280, 7024092, 28812
99529, 6995290, 7024106, 28816
99530, 6995300, 7024119, 28819
99531, 6995310, 7024132, 28822
99532, 6995320, 7024146, 28826
99533, 6995330, 7024159, 28829
99534, 6995340, 7024172, 28832
99535, 6995350, 7024186, 28836
99536, 6995360, 7024199, 28839
99537, 6995370, 7024212, 28842
99539, 6995390, 7024226, 28836
99540, 6995400, 7024239, 28839
99541, 6995410, 7024252, 28842
99542, 6995420, 7024266, 28846
99543, 6995430, 7024279, 28849
99544, 6995440, 7024293, 28853
99545, 6995450, 7024306, 28856
99546, 6995460, 7024319, 28859
99547, 6995470, 7024333, 28863
99548, 6995480, 7024346, 28866
99551, 6995510, 7024373, 28863
99552, 6995520, 7024386, 28866
99553, 6995530, 7024400, 28870
99554, 6995540, 7024413, 28873
99555, 6995550, 7024426, 28876
99556, 6995560, 7024440, 28880
99557, 6995570, 7024453, 28883
99558, 6995580, 7024466, 28886
99559, 6995590, 7024480, 28890
99561, 6995610, 7024493, 28883
99562, 6995620, 7024506, 28886
99563, 6995630, 7024520, 28890
99564, 6995640, 7024533, 28893
99565, 6995650, 7024546, 28896
99566, 6995660, 7024560, 28900
99567, 6995670, 7024573, 28903
99568, 6995680, 7024587, 28907
99569, 6995690, 7024600, 28910
99570, 6995700, 7024613, 28913
99571, 6995710, 7024627, 28917
99573, 6995730, 7024640, 28910
99574, 6995740, 7024653, 28913
99575, 6995750, 7024667, 28917
99576, 6995760, 7024680, 28920
99577, 6995770, 7024693, 28923
99578, 6995780, 7024707, 28927
99579, 6995790, 7024720, 28930
99580, 6995800, 7024734, 28934
99581, 6995810, 7024747, 28937
99582, 6995820, 7024760, 28940
99584, 6995840, 7024774, 28934
99585, 6995850, 7024787, 28937
99586, 6995860, 7024800, 28940
99587, 6995870, 7024814, 28944
99588, 6995880, 7024827, 28947
99589, 6995890, 7024840, 28950
99590, 6995900, 7024854, 28954
99591, 6995910, 7024867, 28957
99592, 6995920, 7024880, 28960
99593, 6995930, 7024894, 28964
99594, 6995940, 7024907, 28967
99596, 6995960, 7024921, 28961
99597, 6995970, 7024934, 28964
99598, 6995980, 7024947, 28967
99599, 6995990, 7024961, 28971
100002, 7000020, 7024995, 24975
100003, 7000030, 7025008, 24978
100004, 7000040, 7025022, 24982
100005, 7000050, 7025035, 24985
100006, 7000060, 7025049, 24989
100007, 7000070, 7025062, 24992
100008, 7000080, 7025076, 24996
100009, 7000090, 7025089, 24999
100010, 7000100, 7025103, 25003
100011, 7000110, 7025116, 25006
100013, 7000130, 7025129, 24999
100014, 7000140, 7025143, 25003
100015, 7000150, 7025156, 25006
100016, 7000160, 7025170, 25010
100017, 7000170, 7025183, 25013
100018, 7000180, 7025197, 25017
100019, 7000190, 7025210, 25020
100020, 7000200, 7025224, 25024
100021, 7000210, 7025237, 25027
100022, 7000220, 7025250, 25030
100024, 7000240, 7025264, 25024
100025, 7000250, 7025277, 25027
100026, 7000260, 7025291, 25031
100027, 7000270, 7025304, 25034
100028, 7000280, 7025318, 25038
100029, 7000290, 7025331, 25041
100030, 7000300, 7025344, 25044
100031, 7000310, 7025358, 25048
100032, 7000320, 7025371, 25051
100033, 7000330, 7025385, 25055
100034, 7000340, 7025398, 25058
100036, 7000360, 7025412, 25052
100037, 7000370, 7025425, 25055
100038, 7000380, 7025439, 25059
100039, 7000390, 7025452, 25062
100040, 7000400, 7025465, 25065
100041, 7000410, 7025479, 25069
100042, 7000420, 7025492, 25072
100043, 7000430, 7025506, 25076
100044, 7000440, 7025519, 25079
100045, 7000450, 7025533, 25083
100047, 7000470, 7025546, 25076
100048, 7000480, 7025560, 25080
100049, 7000490, 7025573, 25083
100051, 7000510, 7025600, 25090
100052, 7000520, 7025613, 25093
100053, 7000530, 7025627, 25097
100054, 7000540, 7025640, 25100
100055, 7000550, 7025654, 25104
100056, 7000560, 7025667, 25107
100057, 7000570, 7025680, 25110
100059, 7000590, 7025694, 25104
100060, 7000600, 7025707, 25107
100061, 7000610, 7025721, 25111
100062, 7000620, 7025734, 25114
100063, 7000630, 7025748, 25118
100064, 7000640, 7025761, 25121
100065, 7000650, 7025775, 25125
100066, 7000660, 7025788, 25128
100067, 7000670, 7025801, 25131
100068, 7000680, 7025815, 25135
100070, 7000700, 7025828, 25128
100071, 7000710, 7025842, 25132
100072, 7000720, 7025855, 25135
100073, 7000730, 7025869, 25139
100074, 7000740, 7025882, 25142
100075, 7000750, 7025896, 25146
100076, 7000760, 7025909, 25149
100077, 7000770, 7025922, 25152
100078, 7000780, 7025936, 25156
100079, 7000790, 7025949, 25159
100081, 7000810, 7025963, 25153
100082, 7000820, 7025976, 25156
100083, 7000830, 7025990, 25160
100084, 7000840, 7026003, 25163
100085, 7000850, 7026016, 25166
100086, 7000860, 7026030, 25170
100087, 7000870, 7026043, 25173
100088, 7000880, 7026057, 25177
100089, 7000890, 7026070, 25180
100090, 7000900, 7026084, 25184
100091, 7000910, 7026097, 25187
100093, 7000930, 7026111, 25181
100094, 7000940, 7026124, 25184
100095, 7000950, 7026137, 25187
100096, 7000960, 7026151, 25191
100097, 7000970, 7026164, 25194
100098, 7000980, 7026178, 25198
100099, 7000990, 7026191, 25201
100101, 7001010, 7026218, 25208
100102, 7001020, 7026232, 25212
100104, 7001040, 7026245, 25205
100105, 7001050, 7026258, 25208
100106, 7001060, 7026272, 25212
100107, 7001070, 7026285, 25215
100108, 7001080, 7026299, 25219
100109, 7001090, 7026312, 25222
100110, 7001100, 7026326, 25226
100111, 7001110, 7026339, 25229
100112, 7001120, 7026352, 25232
100113, 7001130, 7026366, 25236
100114, 7001140, 7026379, 25239
100116, 7001160, 7026393, 25233
100117, 7001170, 7026406, 25236
100118, 7001180, 7026420, 25240
100119, 7001190, 7030012, 28822
100120, 7001200, 7030026, 28826
100121, 7001210, 7030039, 28829
100122, 7001220, 7030052, 28832
100123, 7001230, 7030066, 28836
100124, 7001240, 7030079, 28839
100125, 7001250, 7030093, 28843
100127, 7001270, 7030106, 28836
100128, 7001280, 7030120, 28840
100129, 7001290, 7030133, 28843
100130, 7001300, 7030146, 28846
100131, 7001310, 7030160, 28850
100132, 7001320, 7030173, 28853
100133, 7001330, 7030187, 28857
100134, 7001340, 7030200, 28860
100135, 7001350, 7030214, 28864
100136, 7001360, 7030227, 28867
100138, 7001380, 7030241, 28861
100139, 7001390, 7030254, 28864
100140, 7001400, 7030267, 28867
100141, 7001410, 7030281, 28871
100142, 7001420, 7030294, 28874
100143, 7001430, 7030308, 28878
100144, 7001440, 7030321, 28881
100145, 7001450, 7030335, 28885
100146, 7001460, 7030348, 28888
100147, 7001470, 7030362, 28892
100148, 7001480, 7030375, 28895
100151, 7001510, 7030402, 28892
100152, 7001520, 7030415, 28895
100153, 7001530, 7030429, 28899
100154, 7001540, 7030442, 28902
100155, 7001550, 7030456, 28906
100156, 7001560, 7030469, 28909
100157, 7001570, 7030482, 28912
100158, 7001580, 7030496, 28916
100159, 7001590, 7030509, 28919
100161, 7001610, 7030523, 28913
100162, 7001620, 7030536, 28916
100163, 7001630, 7030550, 28920
100164, 7001640, 7030563, 28923
100165, 7001650, 7030577, 28927
100166, 7001660, 7030590, 28930
100167, 7001670, 7030603, 28933
100168, 7001680, 7030617, 28937
100169, 7001690, 7030630, 28940
100170, 7001700, 7030644, 28944
100171, 7001710, 7030657, 28947
100173, 7001730, 7030671, 28941
100174, 7001740, 7030684, 28944
100175, 7001750, 7030698, 28948
100176, 7001760, 7030711, 28951
100177, 7001770, 7030724, 28954
100178, 7001780, 7030738, 28958
100179, 7001790, 7030751, 28961
100180, 7001800, 7030765, 28965
100181, 7001810, 7030778, 28968
100182, 7001820, 7030792, 28972
100184, 7001840, 7030805, 28965
100185, 7001850, 7030818, 28968
100186, 7001860, 7030832, 28972
100187, 7001870, 7030845, 28975
100188, 7001880, 7030859, 28979
100189, 7001890, 7030872, 28982
100190, 7001900, 7030886, 28986
100191, 7001910, 7030899, 28989
100192, 7001920, 7030913, 28993
100193, 7001930, 7030926, 28996
100195, 7001950, 7030939, 28989
100196, 7001960, 7030953, 28993
100197, 7001970, 7030966, 28996
100198, 7001980, 7030980, 29000
100199, 7001990, 7030993, 29003
100602, 7006020, 7031020, 25000
100603, 7006030, 7031034, 25004
100604, 7006040, 7031047, 25007
100605, 7006050, 7031060, 25010
100606, 7006060, 7031074, 25014
100607, 7006070, 7031087, 25017
100608, 7006080, 7031101, 25021
100609, 7006090, 7031114, 25024
100610, 7006100, 7031128, 25028
100611, 7006110, 7031141, 25031
100613, 7006130, 7031154, 25024
100614, 7006140, 7031168, 25028
100615, 7006150, 7031181, 25031
100616, 7006160, 7031195, 25035
100617, 7006170, 7031208, 25038
100618, 7006180, 7031222, 25042
100619, 7006190, 7031235, 25045
100620, 7006200, 7031249, 25049
100621, 7006210, 7031262, 25052
100622, 7006220, 7031275, 25055
100624, 7006240, 7031289, 25049
100625, 7006250, 7031302, 25052
100626, 7006260, 7031316, 25056
100627, 7006270, 7031329, 25059
100628, 7006280, 7031343, 25063
100629, 7006290, 7031356, 25066
100630, 7006300, 7031370, 25070
100631, 7006310, 7031383, 25073
100632, 7006320, 7031396, 25076
100633, 7006330, 7031410, 25080
100634, 7006340, 7031423, 25083
100636, 7006360, 7031437, 25077
100637, 7006370, 7031450, 25080
100638, 7006380, 7031464, 25084
100639, 7006390, 7031477, 25087
100640, 7006400, 7031490, 25090
100641, 7006410, 7031504, 25094
100642, 7006420, 7031517, 25097
100643, 7006430, 7031531, 25101
100644, 7006440, 7031544, 25104
100645, 7006450, 7031558, 25108
100647, 7006470, 7031571, 25101
100648, 7006480, 7031585, 25105
100649, 7006490, 7031598, 25108
100651, 7006510, 7031625, 25115
100652, 7006520, 7031638, 25118
100653, 7006530, 7031652, 25122
100654, 7006540, 7031665, 25125
100655, 7006550, 7031679, 25129
100656, 7006560, 7031692, 25132
100657, 7006570, 7031706, 25136
100659, 7006590, 7031719, 25129
100660, 7006600, 7031732, 25132
100661, 7006610, 7031746, 25136
100662, 7006620, 7031759, 25139
100663, 7006630, 7031773, 25143
100664, 7006640, 7031786, 25146
100665, 7006650, 7031800, 25150
100666, 7006660, 7031813, 25153
100667, 7006670, 7031826, 25156
100668, 7006680, 7031840, 25160
100670, 7006700, 7031853, 25153
100671, 7006710, 7031867, 25157
100672, 7006720, 7031880, 25160
100673, 7006730, 7031894, 25164
100674, 7006740, 7031907, 25167
100675, 7006750, 7031921, 25171
100676, 7006760, 7031934, 25174
100677, 7006770, 7031947, 25177
100678, 7006780, 7031961, 25181
100679, 7006790, 7031974, 25184
100681, 7006810, 7031988, 25178
100682, 7006820, 7032001, 25181
100683, 7006830, 7032015, 25185
100684, 7006840, 7032028, 25188
100685, 7006850, 7032042, 25192
100686, 7006860, 7032055, 25195
100687, 7006870, 7032068, 25198
100688, 7006880, 7032082, 25202
100689, 7006890, 7032095, 25205
100690, 7006900, 7032109, 25209
100691, 7006910, 7032122, 25212
100693, 7006930, 7032136, 25206
100694, 7006940, 7032149, 25209
100695, 7006950, 7032162, 25212
100696, 7006960, 7032176, 25216
100697, 7006970, 7032189, 25219
100698, 7006980, 7032203, 25223
100699, 7006990, 7032216, 25226
100701, 7007010, 7032243, 25233
100702, 7007020, 7032257, 25237
100704, 7007040, 7032270, 25230
100705, 7007050, 7032283, 25233
100706, 7007060, 7032297, 25237
100707, 7007070, 7032310, 25240
100708, 7007080, 7032324, 25244
100709, 7007090, 7032337, 25247
100710, 7007100, 7032351, 25251
100711, 7007110, 7032364, 25254
100712, 7007120, 7032378, 25258
100713, 7007130, 7032391, 25261
100714, 7007140, 7032404, 25264
100716, 7007160, 7032418, 25258
100717, 7007170, 7032431, 25261
100718, 7007180, 7036012, 28832
100719, 7007190, 7036026, 28836
100720, 7007200, 7036039, 28839
100721, 7007210, 7036052, 28842
100722, 7007220, 7036066, 28846
100723, 7007230, 7036079, 28849
100724, 7007240, 7036093, 28853
100725, 7007250, 7036106, 28856
100727, 7007270, 7036120, 28850
100728, 7007280, 7036133, 28853
100729, 7007290, 7036146, 28856
100730, 7007300, 7036160, 28860
100731, 7007310, 7036173, 28863
100732, 7007320, 7036187, 28867
100733, 7007330, 7036200, 28870
100734, 7007340, 7036214, 28874
100735, 7007350, 7036227, 28877
100736, 7007360, 7036241, 28881
100738, 7007380, 7036254, 28874
100739, 7007390, 7036267, 28877
100740, 7007400, 7036281, 28881
100741, 7007410, 7036294, 28884
100742, 7007420, 7036308, 28888
100743, 7007430, 7036321, 28891
100744, 7007440, 7036335, 28895
100745, 7007450, 7036348, 28898
100746, 7007460, 7036362, 28902
100747, 7007470, 7036375, 28905
100748, 7007480, 7036388, 28908
100751, 7007510, 7036415, 28905
100752, 7007520, 7036429, 28909
100753, 7007530, 7036442, 28912
100754, 7007540, 7036456, 28916
100755, 7007550, 7036469, 28919
100756, 7007560, 7036482, 28922
100757, 7007570, 7036496, 28926
100758, 7007580, 7036509, 28929
100759, 7007590, 7036523, 28933
100761, 7007610, 7036536, 28926
100762, 7007620, 7036550, 28930
100763, 7007630, 7036563, 28933
100764, 7007640, 7036577, 28937
100765, 7007650, 7036590, 28940
100766, 7007660, 7036603, 28943
100767, 7007670, 7036617, 28947
100768, 7007680, 7036630, 28950
100769, 7007690, 7036644, 28954
100770, 7007700, 7036657, 28957
100771, 7007710, 7036671, 28961
100773, 7007730, 7036684, 28954
100774, 7007740, 7036698, 28958
100775, 7007750, 7036711, 28961
100776, 7007760, 7036724, 28964
100777, 7007770, 7036738, 28968
100778, 7007780, 7036751, 28971
100779, 7007790, 7036765, 28975
100780, 7007800, 7036778, 28978
100781, 7007810, 7036792, 28982
100782, 7007820, 7036805, 28985
100784, 7007840, 7036818, 28978
100785, 7007850, 7036832, 28982
100786, 7007860, 7036845, 28985
100787, 7007870, 7036859, 28989
100788, 7007880, 7036872, 28992
100789, 7007890, 7036886, 28996
100790, 7007900, 7036899, 28999
100791, 7007910, 7036913, 29003
100792, 7007920, 7036926, 29006
100793, 7007930, 7036939, 29009
100795, 7007950, 7036953, 29003
100796, 7007960, 7036966, 29006
100797, 7007970, 7036980, 29010
100798, 7007980, 7036993, 29013
100799, 7007990, 7037007, 29017
101202, 7012020, 7037034, 25014
101203, 7012030, 7037047, 25017
101204, 7012040, 7037060, 25020
101205, 7012050, 7037074, 25024
101206, 7012060, 7037087, 25027
101207, 7012070, 7037101, 25031
101208, 7012080, 7037114, 25034
101209, 7012090, 7037128, 25038
101210, 7012100, 7037141, 25041
101211, 7012110, 7037154, 25044
101213, 7012130, 7037168, 25038
101214, 7012140, 7037181, 25041
101215, 7012150, 7037195, 25045
101216, 7012160, 7037208, 25048
101217, 7012170, 7037222, 25052
101218, 7012180, 7037235, 25055
101219, 7012190, 7037249, 25059
101220, 7012200, 7037262, 25062
101221, 7012210, 7037275, 25065
101222, 7012220, 7037289, 25069
101224, 7012240, 7037302, 25062
101225, 7012250, 7037316, 25066
101226, 7012260, 7037329, 25069
101227, 7012270, 7037343, 25073
101228, 7012280, 7037356, 25076
101229, 7012290, 7037370, 25080
101230, 7012300, 7037383, 25083
101231, 7012310, 7037396, 25086
101232, 7012320, 7037410, 25090
101233, 7012330, 7037423, 25093
101234, 7012340, 7037437, 25097
101236, 7012360, 7037450, 25090
101237, 7012370, 7037464, 25094
101238, 7012380, 7037477, 25097
101239, 7012390, 7037490, 25100
101240, 7012400, 7037504, 25104
101241, 7012410, 7037517, 25107
101242, 7012420, 7037531, 25111
101243, 7012430, 7037544, 25114
101244, 7012440, 7037558, 25118
101245, 7012450, 7037571, 25121
101247, 7012470, 7037585, 25115
101248, 7012480, 7037598, 25118
101249, 7012490, 7037611, 25121
101251, 7012510, 7037638, 25128
101252, 7012520, 7037652, 25132
101253, 7012530, 7037665, 25135
101254, 7012540, 7037679, 25139
101255, 7012550, 7037692, 25142
101256, 7012560, 7037706, 25146
101257, 7012570, 7037719, 25149
101259, 7012590, 7037732, 25142
101260, 7012600, 7037746, 25146
101261, 7012610, 7037759, 25149
101262, 7012620, 7037773, 25153
101263, 7012630, 7037786, 25156
101264, 7012640, 7037800, 25160
101265, 7012650, 7037813, 25163
101266, 7012660, 7037826, 25166
101267, 7012670, 7037840, 25170
101268, 7012680, 7037853, 25173
101270, 7012700, 7037867, 25167
101271, 7012710, 7037880, 25170
101272, 7012720, 7037894, 25174
101273, 7012730, 7037907, 25177
101274, 7012740, 7037921, 25181
101275, 7012750, 7037934, 25184
101276, 7012760, 7037947, 25187
101277, 7012770, 7037961, 25191
101278, 7012780, 7037974, 25194
101279, 7012790, 7037988, 25198
101281, 7012810, 7038001, 25191
101282, 7012820, 7038015, 25195
101283, 7012830, 7038028, 25198
101284, 7012840, 7038042, 25202
101285, 7012850, 7038055, 25205
101286, 7012860, 7038068, 25208
101287, 7012870, 7038082, 25212
101288, 7012880, 7038095, 25215
101289, 7012890, 7038109, 25219
101290, 7012900, 7038122, 25222
101291, 7012910, 7038136, 25226
101293, 7012930, 7038149, 25219
101294, 7012940, 7038162, 25222
101295, 7012950, 7038176, 25226
101296, 7012960, 7038189, 25229
101297, 7012970, 7038203, 25233
101298, 7012980, 7038216, 25236
101299, 7012990, 7038230, 25240
101301, 7013010, 7038257, 25247
101302, 7013020, 7038270, 25250
101304, 7013040, 7038283, 25243
101305, 7013050, 7038297, 25247
101306, 7013060, 7038310, 25250
101307, 7013070, 7038324, 25254
101308, 7013080, 7038337, 25257
101309, 7013090, 7038351, 25261
101310, 7013100, 7038364, 25264
101311, 7013110, 7038378, 25268
101312, 7013120, 7038391, 25271
101313, 7013130, 7038404, 25274
101314, 7013140, 7038418, 25278
101316, 7013160, 7038431, 25271
101317, 7013170, 7042012, 28842
101318, 7013180, 7042026, 28846
101319, 7013190, 7042039, 28849
101320, 7013200, 7042052, 28852
101321, 7013210, 7042066, 28856
101322, 7013220, 7042079, 28859
101323, 7013230, 7042093, 28863
101324, 7013240, 7042106, 28866
101325, 7013250, 7042120, 28870
101327, 7013270, 7042133, 28863
101328, 7013280, 7042146, 28866
101329, 7013290, 7042160, 28870
101330, 7013300, 7042173, 28873
101331, 7013310, 7042187, 28877
101332, 7013320, 7042200, 28880
101333, 7013330, 7042214, 28884
101334, 7013340, 7042227, 28887
101335, 7013350, 7042241, 28891
101336, 7013360, 7042254, 28894
101338, 7013380, 7042267, 28887
101339, 7013390, 7042281, 28891
101340, 7013400, 7042294, 28894
101341, 7013410, 7042308, 28898
101342, 7013420, 7042321, 28901
101343, 7013430, 7042335, 28905
101344, 7013440, 7042348, 28908
101345, 7013450, 7042362, 28912
101346, 7013460, 7042375, 28915
101347, 7013470, 7042388, 28918
101348, 7013480, 7042402, 28922
101351, 7013510, 7042429, 28919
101352, 7013520, 7042442, 28922
101353, 7013530, 7042456, 28926
101354, 7013540, 7042469, 28929
101355, 7013550, 7042482, 28932
101356, 7013560, 7042496, 28936
101357, 7013570, 7042509, 28939
101358, 7013580, 7042523, 28943
101359, 7013590, 7042536, 28946
101361, 7013610, 7042550, 28940
101362, 7013620, 7042563, 28943
101363, 7013630, 7042577, 28947
101364, 7013640, 7042590, 28950
101365, 7013650, 7042603, 28953
101366, 7013660, 7042617, 28957
101367, 7013670, 7042630, 28960
101368, 7013680, 7042644, 28964
101369, 7013690, 7042657, 28967
101370, 7013700, 7042671, 28971
101371, 7013710, 7042684, 28974
101373, 7013730, 7042698, 28968
101374, 7013740, 7042711, 28971
101375, 7013750, 7042724, 28974
101376, 7013760, 7042738, 28978
101377, 7013770, 7042751, 28981
101378, 7013780, 7042765, 28985
101379, 7013790, 7042778, 28988
101380, 7013800, 7042792, 28992
101381, 7013810, 7042805, 28995
101382, 7013820, 7042818, 28998
101384, 7013840, 7042832, 28992
101385, 7013850, 7042845, 28995
101386, 7013860, 7042859, 28999
101387, 7013870, 7042872, 29002
101388, 7013880, 7042886, 29006
101389, 7013890, 7042899, 29009
101390, 7013900, 7042913, 29013
101391, 7013910, 7042926, 29016
101392, 7013920, 7042939, 29019
101393, 7013930, 7042953, 29023
101395, 7013950, 7042966, 29016
101396, 7013960, 7042980, 29020
101397, 7013970, 7042993, 29023
101398, 7013980, 7043007, 29027
101399, 7013990, 7043020, 29030
101802, 7018020, 7043047, 25027
101803, 7018030, 7043060, 25030
101804, 7018040, 7043074, 25034
101805, 7018050, 7043087, 25037
101806, 7018060, 7043101, 25041
101807, 7018070, 7043114, 25044
101808, 7018080, 7043128, 25048
101809, 7018090, 7043141, 25051
101810, 7018100, 7043154, 25054
101811, 7018110, 7043168, 25058
101813, 7018130, 7043181, 25051
101814, 7018140, 7043195, 25055
101815, 7018150, 7043208, 25058
101816, 7018160, 7043222, 25062
101817, 7018170, 7043235, 25065
101818, 7018180, 7043249, 25069
101819, 7018190, 7043262, 25072
101820, 7018200, 7043275, 25075
101821, 7018210, 7043289, 25079
101822, 7018220, 7043302, 25082
101824, 7018240, 7043316, 25076
101825, 7018250, 7043329, 25079
101826, 7018260, 7043343, 25083
101827, 7018270, 7043356, 25086
101828, 7018280, 7043370, 25090
101829, 7018290, 7043383, 25093
101830, 7018300, 7043396, 25096
101831, 7018310, 7043410, 25100
101832, 7018320, 7043423, 25103
101833, 7018330, 7043437, 25107
101834, 7018340, 7043450, 25110
101836, 7018360, 7043464, 25104
101837, 7018370, 7043477, 25107
101838, 7018380, 7043490, 25110
101839, 7018390, 7043504, 25114
101840, 7018400, 7043517, 25117
101841, 7018410, 7043531, 25121
101842, 7018420, 7043544, 25124
101843, 7018430, 7043558, 25128
101844, 7018440, 7043571, 25131
101845, 7018450, 7043585, 25135
101847, 7018470, 7043598, 25128
101848, 7018480, 7043611, 25131
101849, 7018490, 7043625, 25135
101851, 7018510, 7043652, 25142
101852, 7018520, 7043665, 25145
101853, 7018530, 7043679, 25149
101854, 7018540, 7043692, 25152
101855, 7018550, 7043706, 25156
101856, 7018560, 7043719, 25159
101857, 7018570, 7043732, 25162
101859, 7018590, 7043746, 25156
101860, 7018600, 7043759, 25159
101861, 7018610, 7043773, 25163
101862, 7018620, 7043786, 25166
101863, 7018630, 7043800, 25170
101864, 7018640, 7043813, 25173
101865, 7018650, 7043826, 25176
101866, 7018660, 7043840, 25180
101867, 7018670, 7043853, 25183
101868, 7018680, 7043867, 25187
101870, 7018700, 7043880, 25180
101871, 7018710, 7043894, 25184
101872, 7018720, 7043907, 25187
101873, 7018730, 7043921, 25191
101874, 7018740, 7043934, 25194
101875, 7018750, 7043947, 25197
101876, 7018760, 7043961, 25201
101877, 7018770, 7043974, 25204
101878, 7018780, 7043988, 25208
101879, 7018790, 7044001, 25211
101881, 7018810, 7044015, 25205
101882, 7018820, 7044028, 25208
101883, 7018830, 7044042, 25212
101884, 7018840, 7044055, 25215
101885, 7018850, 7044068, 25218
101886, 7018860, 7044082, 25222
101887, 7018870, 7044095, 25225
101888, 7018880, 7044109, 25229
101889, 7018890, 7044122, 25232
101890, 7018900, 7044136, 25236
101891, 7018910, 7044149, 25239
101893, 7018930, 7044162, 25232
101894, 7018940, 7044176, 25236
101895, 7018950, 7044189, 25239
101896, 7018960, 7044203, 25243
101897, 7018970, 7044216, 25246
101898, 7018980, 7044230, 25250
101899, 7018990, 7044243, 25253
101901, 7019010, 7044270, 25260
101902, 7019020, 7044283, 25263
101904, 7019040, 7044297, 25257
101905, 7019050, 7044310, 25260
101906, 7019060, 7044324, 25264
101907, 7019070, 7044337, 25267
101908, 7019080, 7044351, 25271
101909, 7019090, 7044364, 25274
101910, 7019100, 7044378, 25278
101911, 7019110, 7044391, 25281
101912, 7019120, 7044404, 25284
101913, 7019130, 7044418, 25288
101914, 7019140, 7044431, 25291
101916, 7019160, 7048012, 28852
101917, 7019170, 7048026, 28856
101918, 7019180, 7048039, 28859
101919, 7019190, 7048052, 28862
101920, 7019200, 7048066, 28866
101921, 7019210, 7048079, 28869
101922, 7019220, 7048093, 28873
101923, 7019230, 7048106, 28876
101924, 7019240, 7048120, 28880
101925, 7019250, 7048133, 28883
101927, 7019270, 7048146, 28876
101928, 7019280, 7048160, 28880
101929, 7019290, 7048173, 28883
101930, 7019300, 7048187, 28887
101931, 7019310, 7048200, 28890
101932, 7019320, 7048214, 28894
101933, 7019330, 7048227, 28897
101934, 7019340, 7048241, 28901
101935, 7019350, 7048254, 28904
101936, 7019360, 7048267, 28907
101938, 7019380, 7048281, 28901
101939, 7019390, 7048294, 28904
101940, 7019400, 7048308, 28908
101941, 7019410, 7048321, 28911
101942, 7019420, 7048335, 28915
101943, 7019430, 7048348, 28918
101944, 7019440, 7048362, 28922
101945, 7019450, 7048375, 28925
101946, 7019460, 7048388, 28928
101947, 7019470, 7048402, 28932
101948, 7019480, 7048415, 28935
101951, 7019510, 7048442, 28932
101952, 7019520, 7048456, 28936
101953, 7019530, 7048469, 28939
101954, 7019540, 7048482, 28942
101955, 7019550, 7048496, 28946
101956, 7019560, 7048509, 28949
101957, 7019570, 7048523, 28953
101958, 7019580, 7048536, 28956
101959, 7019590, 7048550, 28960
101961, 7019610, 7048563, 28953
101962, 7019620, 7048577, 28957
101963, 7019630, 7048590, 28960
101964, 7019640, 7048603, 28963
101965, 7019650, 7048617, 28967
101966, 7019660, 7048630, 28970
101967, 7019670, 7048644, 28974
101968, 7019680, 7048657, 28977
101969, 7019690, 7048671, 28981
101970, 7019700, 7048684, 28984
101971, 7019710, 7048698, 28988
101973, 7019730, 7048711, 28981
101974, 7019740, 7048724, 28984
101975, 7019750, 7048738, 28988
101976, 7019760, 7048751, 28991
101977, 7019770, 7048765, 28995
101978, 7019780, 7048778, 28998
101979, 7019790, 7048792, 29002
101980, 7019800, 7048805, 29005
101981, 7019810, 7048818, 29008
101982, 7019820, 7048832, 29012
101984, 7019840, 7048845, 29005
101985, 7019850, 7048859, 29009
101986, 7019860, 7048872, 29012
101987, 7019870, 7048886, 29016
101988, 7019880, 7048899, 29019
101989, 7019890, 7048913, 29023
101990, 7019900, 7048926, 29026
101991, 7019910, 7048939, 29029
101992, 7019920, 7048953, 29033
101993, 7019930, 7048966, 29036
101995, 7019950, 7048980, 29030
101996, 7019960, 7048993, 29033
101997, 7019970, 7049007, 29037
101998, 7019980, 7049020, 29040
101999, 7019990, 7049034, 29044
102402, 7024020, 7049060, 25040
102403, 7024030, 7049074, 25044
102404, 7024040, 7049087, 25047
102405, 7024050, 7049101, 25051
102406, 7024060, 7049114, 25054
102407, 7024070, 7049128, 25058
102408, 7024080, 7049141, 25061
102409, 7024090, 7049154, 25064
102410, 7024100, 7049168, 25068
102411, 7024110, 7049181, 25071
102413, 7024130, 7049195, 25065
102414, 7024140, 7049208, 25068
102415, 7024150, 7049222, 25072
102416, 7024160, 7049235, 25075
102417, 7024170, 7049249, 25079
102418, 7024180, 7049262, 25082
102419, 7024190, 7049275, 25085
102420, 7024200, 7049289, 25089
102421, 7024210, 7049302, 25092
102422, 7024220, 7049316, 25096
102424, 7024240, 7049329, 25089
102425, 7024250, 7049343, 25093
102426, 7024260, 7049356, 25096
102427, 7024270, 7049370, 25100
102428, 7024280, 7049383, 25103
102429, 7024290, 7049396, 25106
102430, 7024300, 7049410, 25110
102431, 7024310, 7049423, 25113
102432, 7024320, 7049437, 25117
102433, 7024330, 7049450, 25120
102434, 7024340, 7049464, 25124
102436, 7024360, 7049477, 25117
102437, 7024370, 7049490, 25120
102438, 7024380, 7049504, 25124
102439, 7024390, 7049517, 25127
102440, 7024400, 7049531, 25131
102441, 7024410, 7049544, 25134
102442, 7024420, 7049558, 25138
102443, 7024430, 7049571, 25141
102444, 7024440, 7049585, 25145
102445, 7024450, 7049598, 25148
102447, 7024470, 7049611, 25141
102448, 7024480, 7049625, 25145
102449, 7024490, 7049638, 25148
102451, 7024510, 7049665, 25155
102452, 7024520, 7049679, 25159
102453, 7024530, 7049692, 25162
102454, 7024540, 7049706, 25166
102455, 7024550, 7049719, 25169
102456, 7024560, 7049732, 25172
102457, 7024570, 7049746, 25176
102459, 7024590, 7049759, 25169
102460, 7024600, 7049773, 25173
102461, 7024610, 7049786, 25176
102462, 7024620, 7049800, 25180
102463, 7024630, 7049813, 25183
102464, 7024640, 7049826, 25186
102465, 7024650, 7049840, 25190
102466, 7024660, 7049853, 25193
102467, 7024670, 7049867, 25197
102468, 7024680, 7049880, 25200
102470, 7024700, 7049894, 25194
102471, 7024710, 7049907, 25197
102472, 7024720, 7049921, 25201
102473, 7024730, 7049934, 25204
102474, 7024740, 7049947, 25207
102475, 7024750, 7049961, 25211
102476, 7024760, 7049974, 25214
102477, 7024770, 7049988, 25218
102478, 7024780, 7050001, 25221
102479, 7024790, 7050015, 25225
102481, 7024810, 7050028, 25218
102482, 7024820, 7050042, 25222
102483, 7024830, 7050055, 25225
102485, 7024850, 7050068, 25218
102486, 7024860, 7050082, 25222
102487, 7024870, 7050095, 25225
102488, 7024880, 7050109, 25229
102489, 7024890, 7050122, 25232
102490, 7024900, 7050136, 25236
102491, 7024910, 7050149, 25239
102492, 7024920, 7050162, 25242
102493, 7024930, 7050176, 25246
102495, 7024950, 7050189, 25239
102496, 7024960, 7050203, 25243
102497, 7024970, 7050216, 25246
102498, 7024980, 7050230, 25250
102499, 7024990, 7050243, 25253
102501, 7025010, 7050270, 25260
102502, 7025020, 7050283, 25263
102503, 7025030, 7050297, 25267
102504, 7025040, 7050310, 25270
102506, 7025060, 7050324, 25264
102507, 7025070, 7050337, 25267
102508, 7025080, 7050351, 25271
102509, 7025090, 7050364, 25274
102510, 7025100, 7050378, 25278
102511, 7025110, 7050391, 25281
102512, 7025120, 7050404, 25284
102513, 7025130, 7050418, 25288
102514, 7025140, 7050431, 25291
102515, 7025150, 7054012, 28862
102517, 7025170, 7054026, 28856
102518, 7025180, 7054039, 28859
102519, 7025190, 7054052, 28862
102520, 7025200, 7054066, 28866
102521, 7025210, 7054079, 28869
102522, 7025220, 7054093, 28873
102523, 7025230, 7054106, 28876
102524, 7025240, 7054120, 28880
102525, 7025250, 7054133, 28883
102527, 7025270, 7054146, 28876
102528, 7025280, 7054160, 28880
102529, 7025290, 7054173, 28883
102530, 7025300, 7054187, 28887
102531, 7025310, 7054200, 28890
102532, 7025320, 7054214, 28894
102533, 7025330, 7054227, 28897
102534, 7025340, 7054241, 28901
102535, 7025350, 7054254, 28904
102536, 7025360, 7054267, 28907
102538, 7025380, 7054281, 28901
102539, 7025390, 7054294, 28904
102540, 7025400, 7054308, 28908
102541, 7025410, 7054321, 28911
102542, 7025420, 7054335, 28915
102543, 7025430, 7054348, 28918
102544, 7025440, 7054362, 28922
102545, 7025450, 7054375, 28925
102546, 7025460, 7054388, 28928
102548, 7025480, 7054402, 28922
102549, 7025490, 7054415, 28925
102551, 7025510, 7054442, 28932
102552, 7025520, 7054456, 28936
102553, 7025530, 7054469, 28939
102554, 7025540, 7054482, 28942
102555, 7025550, 7054496, 28946
102556, 7025560, 7054509, 28949
102557, 7025570, 7054523, 28953
102559, 7025590, 7054536, 28946
102560, 7025600, 7054550, 28950
102561, 7025610, 7054563, 28953
102562, 7025620, 7054577, 28957
102563, 7025630, 7054590, 28960
102564, 7025640, 7054603, 28963
102565, 7025650, 7054617, 28967
102566, 7025660, 7054630, 28970
102567, 7025670, 7054644, 28974
102568, 7025680, 7054657, 28977
102570, 7025700, 7054671, 28971
102571, 7025710, 7054684, 28974
102572, 7025720, 7054698, 28978
102573, 7025730, 7054711, 28981
102574, 7025740, 7054724, 28984
102575, 7025750, 7054738, 28988
102576, 7025760, 7054751, 28991
102577, 7025770, 7054765, 28995
102578, 7025780, 7054778, 28998
102580, 7025800, 7054792, 28992
102581, 7025810, 7054805, 28995
102582, 7025820, 7054818, 28998
102583, 7025830, 7054832, 29002
102584, 7025840, 7054845, 29005
102585, 7025850, 7054859, 29009
102586, 7025860, 7054872, 29012
102587, 7025870, 7054886, 29016
102588, 7025880, 7054899, 29019
102589, 7025890, 7054913, 29023
102591, 7025910, 7054926, 29016
102592, 7025920, 7054939, 29019
102593, 7025930, 7054953, 29023
102594, 7025940, 7054966, 29026
102595, 7025950, 7054980, 29030
102596, 7025960, 7054993, 29033
102597, 7025970, 7055007, 29037
102598, 7025980, 7055020, 29040
103002, 7030020, 7055047, 25027
103003, 7030030, 7055060, 25030
103004, 7030040, 7055074, 25034
103005, 7030050, 7055087, 25037
103006, 7030060, 7055101, 25041
103007, 7030070, 7055114, 25044
103008, 7030080, 7055127, 25047
103009, 7030090, 7055141, 25051
103010, 7030100, 7055154, 25054
103012, 7030120, 7055168, 25048
103013, 7030130, 7055181, 25051
103014, 7030140, 7055195, 25055
103015, 7030150, 7055208, 25058
103016, 7030160, 7055222, 25062
103017, 7030170, 7055235, 25065
103018, 7030180, 7055248, 25068
103019, 7030190, 7055262, 25072
103020, 7030200, 7055275, 25075
103021, 7030210, 7055289, 25079
103023, 7030230, 7055302, 25072
103024, 7030240, 7055316, 25076
103025, 7030250, 7055329, 25079
103026, 7030260, 7055342, 25082
103027, 7030270, 7055356, 25086
103028, 7030280, 7055369, 25089
103029, 7030290, 7055383, 25093
103030, 7030300, 7055396, 25096
103031, 7030310, 7055410, 25100
103033, 7030330, 7055423, 25093
103034, 7030340, 7055437, 25097
103035, 7030350, 7055450, 25100
103036, 7030360, 7055463, 25103
103037, 7030370, 7055477, 25107
103038, 7030380, 7055490, 25110
103039, 7030390, 7055504, 25114
103040, 7030400, 7055517, 25117
103041, 7030410, 7055531, 25121
103042, 7030420, 7055544, 25124
103044, 7030440, 7055558, 25118
103045, 7030450, 7055571, 25121
103046, 7030460, 7055584, 25124
103047, 7030470, 7055598, 25128
103048, 7030480, 7055611, 25131
103049, 7030490, 7055625, 25135
103051, 7030510, 7055652, 25142
103052, 7030520, 7055665, 25145
103053, 7030530, 7055678, 25148
103055, 7030550, 7055692, 25142
103056, 7030560, 7055705, 25145
103057, 7030570, 7055719, 25149
103058, 7030580, 7055732, 25152
103059, 7030590, 7055746, 25156
103060, 7030600, 7055759, 25159
103061, 7030610, 7055773, 25163
103062, 7030620, 7055786, 25166
103063, 7030630, 7055799, 25169
103065, 7030650, 7055813, 25163
103066, 7030660, 7055826, 25166
103067, 7030670, 7055840, 25170
103068, 7030680, 7055853, 25173
103069, 7030690, 7055867, 25177
103070, 7030700, 7055880, 25180
103071, 7030710, 7055894, 25184
103072, 7030720, 7055907, 25187
103073, 7030730, 7055920, 25190
103074, 7030740, 7055934, 25194
103076, 7030760, 7055947, 25187
103077, 7030770, 7055961, 25191
103078, 7030780, 7055974, 25194
103079, 7030790, 7055988, 25198
103080, 7030800, 7056001, 25201
103081, 7030810, 7056014, 25204
103082, 7030820, 7056028, 25208
103083, 7030830, 7056041, 25211
103084, 7030840, 7056055, 25215
103085, 7030850, 7056068, 25218
103087, 7030870, 7056082, 25212
103088, 7030880, 7056095, 25215
103089, 7030890, 7056109, 25219
103090, 7030900, 7056122, 25222
103091, 7030910, 7056135, 25225
103092, 7030920, 7056149, 25229
103093, 7030930, 7056162, 25232
103094, 7030940, 7056176, 25236
103095, 7030950, 7056189, 25239
103097, 7030970, 7056203, 25233
103098, 7030980, 7056216, 25236
103099, 7030990, 7056230, 25240
103101, 7031010, 7056256, 25246
103102, 7031020, 7056270, 25250
103103, 7031030, 7056283, 25253
103104, 7031040, 7056297, 25257
103105, 7031050, 7056310, 25260
103106, 7031060, 7056324, 25264
103108, 7031080, 7056337, 25257
103109, 7031090, 7056350, 25260
103110, 7031100, 7056364, 25264
103111, 7031110, 7056377, 25267
103112, 7031120, 7056391, 25271
103113, 7031130, 7056404, 25274
103114, 7031140, 7056418, 25278
103115, 7031150, 7056431, 25281
103116, 7031160, 7060012, 28852
103118, 7031180, 7060026, 28846
103119, 7031190, 7060039, 28849
103120, 7031200, 7060052, 28852
103121, 7031210, 7060066, 28856
103122, 7031220, 7060079, 28859
103123, 7031230, 7060093, 28863
103124, 7031240, 7060106, 28866
103125, 7031250, 7060120, 28870
103126, 7031260, 7060133, 28873
103127, 7031270, 7060146, 28876
103129, 7031290, 7060160, 28870
103130, 7031300, 7060173, 28873
103131, 7031310, 7060187, 28877
103132, 7031320, 7060200, 28880
103133, 7031330, 7060214, 28884
103134, 7031340, 7060227, 28887
103135, 7031350, 7060241, 28891
103136, 7031360, 7060254, 28894
103137, 7031370, 7060267, 28897
103138, 7031380, 7060281, 28901
103140, 7031400, 7060294, 28894
103141, 7031410, 7060308, 28898
103142, 7031420, 7060321, 28901
103143, 7031430, 7060335, 28905
103144, 7031440, 7060348, 28908
103145, 7031450, 7060362, 28912
103146, 7031460, 7060375, 28915
103147, 7031470, 7060388, 28918
103148, 7031480, 7060402, 28922
103151, 7031510, 7060429, 28919
103152, 7031520, 7060442, 28922
103153, 7031530, 7060456, 28926
103154, 7031540, 7060469, 28929
103155, 7031550, 7060482, 28932
103156, 7031560, 7060496, 28936
103157, 7031570, 7060509, 28939
103158, 7031580, 7060523, 28943
103159, 7031590, 7060536, 28946
103161, 7031610, 7060550, 28940
103162, 7031620, 7060563, 28943
103163, 7031630, 7060577, 28947
103164, 7031640, 7060590, 28950
103165, 7031650, 7060603, 28953
103166, 7031660, 7060617, 28957
103167, 7031670, 7060630, 28960
103168, 7031680, 7060644, 28964
103169, 7031690, 7060657, 28967
103171, 7031710, 7060671, 28961
103172, 7031720, 7060684, 28964
103173, 7031730, 7060698, 28968
103174, 7031740, 7060711, 28971
103175, 7031750, 7060724, 28974
103176, 7031760, 7060738, 28978
103177, 7031770, 7060751, 28981
103178, 7031780, 7060765, 28985
103179, 7031790, 7060778, 28988
103180, 7031800, 7060792, 28992
103182, 7031820, 7060805, 28985
103183, 7031830, 7060818, 28988
103184, 7031840, 7060832, 28992
103185, 7031850, 7060845, 28995
103186, 7031860, 7060859, 28999
103187, 7031870, 7060872, 29002
103188, 7031880, 7060886, 29006
103189, 7031890, 7060899, 29009
103190, 7031900, 7060913, 29013
103191, 7031910, 7060926, 29016
103193, 7031930, 7060939, 29009
103194, 7031940, 7060953, 29013
103195, 7031950, 7060966, 29016
103196, 7031960, 7060980, 29020
103197, 7031970, 7060993, 29023
103198, 7031980, 7061007, 29027
103199, 7031990, 7061020, 29030
103602, 7036020, 7061047, 25027
103603, 7036030, 7061060, 25030
103604, 7036040, 7061074, 25034
103605, 7036050, 7061087, 25037
103606, 7036060, 7061101, 25041
103607, 7036070, 7061114, 25044
103608, 7036080, 7061128, 25048
103609, 7036090, 7061141, 25051
103610, 7036100, 7061154, 25054
103612, 7036120, 7061168, 25048
103613, 7036130, 7061181, 25051
103614, 7036140, 7061195, 25055
103615, 7036150, 7061208, 25058
103616, 7036160, 7061222, 25062
103617, 7036170, 7061235, 25065
103618, 7036180, 7061249, 25069
103619, 7036190, 7061262, 25072
103620, 7036200, 7061275, 25075
103621, 7036210, 7061289, 25079
103623, 7036230, 7061302, 25072
103624, 7036240, 7061316, 25076
103625, 7036250, 7061329, 25079
103626, 7036260, 7061343, 25083
103627, 7036270, 7061356, 25086
103628, 7036280, 7061370, 25090
103629, 7036290, 7061383, 25093
103630, 7036300, 7061396, 25096
103631, 7036310, 7061410, 25100
103633, 7036330, 7061423, 25093
103634, 7036340, 7061437, 25097
103635, 7036350, 7061450, 25100
103636, 7036360, 7061464, 25104
103637, 7036370, 7061477, 25107
103638, 7036380, 7061490, 25110
103639, 7036390, 7061504, 25114
103640, 7036400, 7061517, 25117
103641, 7036410, 7061531, 25121
103642, 7036420, 7061544, 25124
103644, 7036440, 7061558, 25118
103645, 7036450, 7061571, 25121
103646, 7036460, 7061585, 25125
103647, 7036470, 7061598, 25128
103648, 7036480, 7061611, 25131
103649, 7036490, 7061625, 25135
103651, 7036510, 7061652, 25142
103652, 7036520, 7061665, 25145
103653, 7036530, 7061679, 25149
103655, 7036550, 7061692, 25142
103656, 7036560, 7061706, 25146
103657, 7036570, 7061719, 25149
103658, 7036580, 7061732, 25152
103659, 7036590, 7061746, 25156
103660, 7036600, 7061759, 25159
103661, 7036610, 7061773, 25163
103662, 7036620, 7061786, 25166
103663, 7036630, 7061800, 25170
103665, 7036650, 7061813, 25163
103666, 7036660, 7061826, 25166
103667, 7036670, 7061840, 25170
103668, 7036680, 7061853, 25173
103669, 7036690, 7061867, 25177
103670, 7036700, 7061880, 25180
103671, 7036710, 7061894, 25184
103672, 7036720, 7061907, 25187
103673, 7036730, 7061921, 25191
103674, 7036740, 7061934, 25194
103676, 7036760, 7061947, 25187
103677, 7036770, 7061961, 25191
103678, 7036780, 7061974, 25194
103679, 7036790, 7061988, 25198
103680, 7036800, 7062001, 25201
103681, 7036810, 7062015, 25205
103682, 7036820, 7062028, 25208
103683, 7036830, 7062042, 25212
103684, 7036840, 7062055, 25215
103685, 7036850, 7062068, 25218
103687, 7036870, 7062082, 25212
103688, 7036880, 7062095, 25215
103689, 7036890, 7062109, 25219
103690, 7036900, 7062122, 25222
103691, 7036910, 7062136, 25226
103692, 7036920, 7062149, 25229
103693, 7036930, 7062162, 25232
103694, 7036940, 7062176, 25236
103695, 7036950, 7062189, 25239
103697, 7036970, 7062203, 25233
103698, 7036980, 7062216, 25236
103699, 7036990, 7062230, 25240
103701, 7037010, 7062257, 25247
103702, 7037020, 7062270, 25250
103703, 7037030, 7062283, 25253
103704, 7037040, 7062297, 25257
103705, 7037050, 7062310, 25260
103706, 7037060, 7062324, 25264
103708, 7037080, 7062337, 25257
103709, 7037090, 7062351, 25261
103710, 7037100, 7062364, 25264
103711, 7037110, 7062378, 25268
103712, 7037120, 7062391, 25271
103713, 7037130, 7062404, 25274
103714, 7037140, 7062418, 25278
103715, 7037150, 7062431, 25281
103716, 7037160, 7066012, 28852
103718, 7037180, 7066026, 28846
103719, 7037190, 7066039, 28849
103720, 7037200, 7066052, 28852
103721, 7037210, 7066066, 28856
103722, 7037220, 7066079, 28859
103723, 7037230, 7066093, 28863
103724, 7037240, 7066106, 28866
103725, 7037250, 7066120, 28870
103726, 7037260, 7066133, 28873
103727, 7037270, 7066146, 28876
103729, 7037290, 7066160, 28870
103730, 7037300, 7066173, 28873
103731, 7037310, 7066187, 28877
103732, 7037320, 7066200, 28880
103733, 7037330, 7066214, 28884
103734, 7037340, 7066227, 28887
103735, 7037350, 7066241, 28891
103736, 7037360, 7066254, 28894
103737, 7037370, 7066267, 28897
103738, 7037380, 7066281, 28901
103740, 7037400, 7066294, 28894
103741, 7037410, 7066308, 28898
103742, 7037420, 7066321, 28901
103743, 7037430, 7066335, 28905
103744, 7037440, 7066348, 28908
103745, 7037450, 7066362, 28912
103746, 7037460, 7066375, 28915
103747, 7037470, 7066388, 28918
103748, 7037480, 7066402, 28922
103751, 7037510, 7066429, 28919
103752, 7037520, 7066442, 28922
103753, 7037530, 7066456, 28926
103754, 7037540, 7066469, 28929
103755, 7037550, 7066482, 28932
103756, 7037560, 7066496, 28936
103757, 7037570, 7066509, 28939
103758, 7037580, 7066523, 28943
103759, 7037590, 7066536, 28946
103761, 7037610, 7066550, 28940
103762, 7037620, 7066563, 28943
103763, 7037630, 7066577, 28947
103764, 7037640, 7066590, 28950
103765, 7037650, 7066603, 28953
103766, 7037660, 7066617, 28957
103767, 7037670, 7066630, 28960
103768, 7037680, 7066644, 28964
103769, 7037690, 7066657, 28967
103771, 7037710, 7066671, 28961
103772, 7037720, 7066684, 28964
103773, 7037730, 7066698, 28968
103774, 7037740, 7066711, 28971
103775, 7037750, 7066724, 28974
103776, 7037760, 7066738, 28978
103777, 7037770, 7066751, 28981
103778, 7037780, 7066765, 28985
103779, 7037790, 7066778, 28988
103780, 7037800, 7066792, 28992
103782, 7037820, 7066805, 28985
103783, 7037830, 7066818, 28988
103784, 7037840, 7066832, 28992
103785, 7037850, 7066845, 28995
103786, 7037860, 7066859, 28999
103787, 7037870, 7066872, 29002
103788, 7037880, 7066886, 29006
103789, 7037890, 7066899, 29009
103790, 7037900, 7066913, 29013
103791, 7037910, 7066926, 29016
103793, 7037930, 7066939, 29009
103794, 7037940, 7066953, 29013
103795, 7037950, 7066966, 29016
103796, 7037960, 7066980, 29020
103797, 7037970, 7066993, 29023
103798, 7037980, 7067007, 29027
103799, 7037990, 7067020, 29030
104202, 7042020, 7067047, 25027
104203, 7042030, 7067060, 25030
104204, 7042040, 7067074, 25034
104205, 7042050, 7067087, 25037
104206, 7042060, 7067101, 25041
104207, 7042070, 7067114, 25044
104208, 7042080, 7067128, 25048
104209, 7042090, 7067141, 25051
104210, 7042100, 7067154, 25054
104212, 7042120, 7067168, 25048
104213, 7042130, 7067181, 25051
104214, 7042140, 7067195, 25055
104215, 7042150, 7067208, 25058
104216, 7042160, 7067222, 25062
104217, 7042170, 7067235, 25065
104218, 7042180, 7067249, 25069
104219, 7042190, 7067262, 25072
104220, 7042200, 7067275, 25075
104221, 7042210, 7067289, 25079
104223, 7042230, 7067302, 25072
104224, 7042240, 7067316, 25076
104225, 7042250, 7067329, 25079
104226, 7042260, 7067343, 25083
104227, 7042270, 7067356, 25086
104228, 7042280, 7067370, 25090
104229, 7042290, 7067383, 25093
104230, 7042300, 7067396, 25096
104231, 7042310, 7067410, 25100
104233, 7042330, 7067423, 25093
104234, 7042340, 7067437, 25097
104235, 7042350, 7067450, 25100
104236, 7042360, 7067464, 25104
104237, 7042370, 7067477, 25107
104238, 7042380, 7067490, 25110
104239, 7042390, 7067504, 25114
104240, 7042400, 7067517, 25117
104241, 7042410, 7067531, 25121
104242, 7042420, 7067544, 25124
104244, 7042440, 7067558, 25118
104245, 7042450, 7067571, 25121
104246, 7042460, 7067585, 25125
104247, 7042470, 7067598, 25128
104248, 7042480, 7067611, 25131
104249, 7042490, 7067625, 25135
104251, 7042510, 7067652, 25142
104252, 7042520, 7067665, 25145
104253, 7042530, 7067679, 25149
104255, 7042550, 7067692, 25142
104256, 7042560, 7067706, 25146
104257, 7042570, 7067719, 25149
104258, 7042580, 7067732, 25152
104259, 7042590, 7067746, 25156
104260, 7042600, 7067759, 25159
104261, 7042610, 7067773, 25163
104262, 7042620, 7067786, 25166
104263, 7042630, 7067800, 25170
104265, 7042650, 7067813, 25163
104266, 7042660, 7067826, 25166
104267, 7042670, 7067840, 25170
104268, 7042680, 7067853, 25173
104269, 7042690, 7067867, 25177
104270, 7042700, 7067880, 25180
104271, 7042710, 7067894, 25184
104272, 7042720, 7067907, 25187
104273, 7042730, 7067921, 25191
104274, 7042740, 7067934, 25194
104276, 7042760, 7067947, 25187
104277, 7042770, 7067961, 25191
104278, 7042780, 7067974, 25194
104279, 7042790, 7067988, 25198
104280, 7042800, 7068001, 25201
104281, 7042810, 7068015, 25205
104282, 7042820, 7068028, 25208
104283, 7042830, 7068042, 25212
104284, 7042840, 7068055, 25215
104285, 7042850, 7068068, 25218
104287, 7042870, 7068082, 25212
104288, 7042880, 7068095, 25215
104289, 7042890, 7068109, 25219
104290, 7042900, 7068122, 25222
104291, 7042910, 7068136, 25226
104292, 7042920, 7068149, 25229
104293, 7042930, 7068162, 25232
104294, 7042940, 7068176, 25236
104295, 7042950, 7068189, 25239
104297, 7042970, 7068203, 25233
104298, 7042980, 7068216, 25236
104299, 7042990, 7068230, 25240
104301, 7043010, 7068257, 25247
104302, 7043020, 7068270, 25250
104303, 7043030, 7068283, 25253
104304, 7043040, 7068297, 25257
104305, 7043050, 7068310, 25260
104306, 7043060, 7068324, 25264
104308, 7043080, 7068337, 25257
104309, 7043090, 7068351, 25261
104310, 7043100, 7068364, 25264
104311, 7043110, 7068378, 25268
104312, 7043120, 7068391, 25271
104313, 7043130, 7068404, 25274
104314, 7043140, 7068418, 25278
104315, 7043150, 7068431, 25281
104316, 7043160, 7072012, 28852
104318, 7043180, 7072026, 28846
104319, 7043190, 7072039, 28849
104320, 7043200, 7072052, 28852
104321, 7043210, 7072066, 28856
104322, 7043220, 7072079, 28859
104323, 7043230, 7072093, 28863
104324, 7043240, 7072106, 28866
104325, 7043250, 7072120, 28870
104326, 7043260, 7072133, 28873
104327, 7043270, 7072146, 28876
104329, 7043290, 7072160, 28870
104330, 7043300, 7072173, 28873
104331, 7043310, 7072187, 28877
104332, 7043320, 7072200, 28880
104333, 7043330, 7072214, 28884
104334, 7043340, 7072227, 28887
104335, 7043350, 7072241, 28891
104336, 7043360, 7072254, 28894
104337, 7043370, 7072267, 28897
104338, 7043380, 7072281, 28901
104340, 7043400, 7072294, 28894
104341, 7043410, 7072308, 28898
104342, 7043420, 7072321, 28901
104343, 7043430, 7072335, 28905
104344, 7043440, 7072348, 28908
104345, 7043450, 7072362, 28912
104346, 7043460, 7072375, 28915
104347, 7043470, 7072388, 28918
104348, 7043480, 7072402, 28922
104351, 7043510, 7072429, 28919
104352, 7043520, 7072442, 28922
104353, 7043530, 7072456, 28926
104354, 7043540, 7072469, 28929
104355, 7043550, 7072482, 28932
104356, 7043560, 7072496, 28936
104357, 7043570, 7072509, 28939
104358, 7043580, 7072523, 28943
104359, 7043590, 7072536, 28946
104361, 7043610, 7072550, 28940
104362, 7043620, 7072563, 28943
104363, 7043630, 7072577, 28947
104364, 7043640, 7072590, 28950
104365, 7043650, 7072603, 28953
104366, 7043660, 7072617, 28957
104367, 7043670, 7072630, 28960
104368, 7043680, 7072644, 28964
104369, 7043690, 7072657, 28967
104371, 7043710, 7072671, 28961
104372, 7043720, 7072684, 28964
104373, 7043730, 7072698, 28968
104374, 7043740, 7072711, 28971
104375, 7043750, 7072724, 28974
104376, 7043760, 7072738, 28978
104377, 7043770, 7072751, 28981
104378, 7043780, 7072765, 28985
104379, 7043790, 7072778, 28988
104380, 7043800, 7072792, 28992
104382, 7043820, 7072805, 28985
104383, 7043830, 7072818, 28988
104384, 7043840, 7072832, 28992
104385, 7043850, 7072845, 28995
104386, 7043860, 7072859, 28999
104387, 7043870, 7072872, 29002
104388, 7043880, 7072886, 29006
104389, 7043890, 7072899, 29009
104390, 7043900, 7072913, 29013
104391, 7043910, 7072926, 29016
104393, 7043930, 7072939, 29009
104394, 7043940, 7072953, 29013
104395, 7043950, 7072966, 29016
104396, 7043960, 7072980, 29020
104397, 7043970, 7072993, 29023
104398, 7043980, 7073007, 29027
104399, 7043990, 7073020, 29030
104802, 7048020, 7073047, 25027
104803, 7048030, 7073060, 25030
104804, 7048040, 7073074, 25034
104805, 7048050, 7073087, 25037
104806, 7048060, 7073101, 25041
104807, 7048070, 7073114, 25044
104808, 7048080, 7073128, 25048
104809, 7048090, 7073141, 25051
104810, 7048100, 7073154, 25054
104812, 7048120, 7073168, 25048
104813, 7048130, 7073181, 25051
104814, 7048140, 7073195, 25055
104815, 7048150, 7073208, 25058
104816, 7048160, 7073222, 25062
104817, 7048170, 7073235, 25065
104818, 7048180, 7073249, 25069
104819, 7048190, 7073262, 25072
104820, 7048200, 7073275, 25075
104821, 7048210, 7073289, 25079
104823, 7048230, 7073302, 25072
104824, 7048240, 7073316, 25076
104825, 7048250, 7073329, 25079
104826, 7048260, 7073343, 25083
104827, 7048270, 7073356, 25086
104828, 7048280, 7073370, 25090
104829, 7048290, 7073383, 25093
104830, 7048300, 7073396, 25096
104831, 7048310, 7073410, 25100
104833, 7048330, 7073423, 25093
104834, 7048340, 7073437, 25097
104835, 7048350, 7073450, 25100
104836, 7048360, 7073464, 25104
104837, 7048370, 7073477, 25107
104838, 7048380, 7073490, 25110
104839, 7048390, 7073504, 25114
104840, 7048400, 7073517, 25117
104841, 7048410, 7073531, 25121
104842, 7048420, 7073544, 25124
104844, 7048440, 7073558, 25118
104845, 7048450, 7073571, 25121
104846, 7048460, 7073585, 25125
104847, 7048470, 7073598, 25128
104848, 7048480, 7073611, 25131
104849, 7048490, 7073625, 25135
104851, 7048510, 7073652, 25142
104852, 7048520, 7073665, 25145
104853, 7048530, 7073679, 25149
104855, 7048550, 7073692, 25142
104856, 7048560, 7073706, 25146
104857, 7048570, 7073719, 25149
104858, 7048580, 7073732, 25152
104859, 7048590, 7073746, 25156
104860, 7048600, 7073759, 25159
104861, 7048610, 7073773, 25163
104862, 7048620, 7073786, 25166
104863, 7048630, 7073800, 25170
104865, 7048650, 7073813, 25163
104866, 7048660, 7073826, 25166
104867, 7048670, 7073840, 25170
104868, 7048680, 7073853, 25173
104869, 7048690, 7073867, 25177
104870, 7048700, 7073880, 25180
104871, 7048710, 7073894, 25184
104872, 7048720, 7073907, 25187
104873, 7048730, 7073921, 25191
104874, 7048740, 7073934, 25194
104876, 7048760, 7073947, 25187
104877, 7048770, 7073961, 25191
104878, 7048780, 7073974, 25194
104879, 7048790, 7073988, 25198
104880, 7048800, 7074001, 25201
104881, 7048810, 7074015, 25205
104882, 7048820, 7074028, 25208
104883, 7048830, 7074042, 25212
104884, 7048840, 7074055, 25215
104885, 7048850, 7074068, 25218
104887, 7048870, 7074082, 25212
104888, 7048880, 7074095, 25215
104889, 7048890, 7074109, 25219
104890, 7048900, 7074122, 25222
104891, 7048910, 7074136, 25226
104892, 7048920, 7074149, 25229
104893, 7048930, 7074162, 25232
104894, 7048940, 7074176, 25236
104895, 7048950, 7074189, 25239
104897, 7048970, 7074203, 25233
104898, 7048980, 7074216, 25236
104899, 7048990, 7074230, 25240
104901, 7049010, 7074257, 25247
104902, 7049020, 7074270, 25250
104903, 7049030, 7074283, 25253
104904, 7049040, 7074297, 25257
104905, 7049050, 7074310, 25260
104906, 7049060, 7074324, 25264
104908, 7049080, 7074337, 25257
104909, 7049090, 7074351, 25261
104910, 7049100, 7074364, 25264
104911, 7049110, 7074378, 25268
104912, 7049120, 7074391, 25271
104913, 7049130, 7074404, 25274
104914, 7049140, 7074418, 25278
104915, 7049150, 7074431, 25281
104916, 7049160, 7078012, 28852
104918, 7049180, 7078026, 28846
104919, 7049190, 7078039, 28849
104920, 7049200, 7078052, 28852
104921, 7049210, 7078066, 28856
104922, 7049220, 7078079, 28859
104923, 7049230, 7078093, 28863
104924, 7049240, 7078106, 28866
104925, 7049250, 7078120, 28870
104926, 7049260, 7078133, 28873
104927, 7049270, 7078146, 28876
104929, 7049290, 7078160, 28870
104930, 7049300, 7078173, 28873
104931, 7049310, 7078187, 28877
104932, 7049320, 7078200, 28880
104933, 7049330, 7078214, 28884
104934, 7049340, 7078227, 28887
104935, 7049350, 7078241, 28891
104936, 7049360, 7078254, 28894
104937, 7049370, 7078267, 28897
104938, 7049380, 7078281, 28901
104940, 7049400, 7078294, 28894
104941, 7049410, 7078308, 28898
104942, 7049420, 7078321, 28901
104943, 7049430, 7078335, 28905
104944, 7049440, 7078348, 28908
104945, 7049450, 7078362, 28912
104946, 7049460, 7078375, 28915
104947, 7049470, 7078388, 28918
104948, 7049480, 7078402, 28922
104951, 7049510, 7078429, 28919
104952, 7049520, 7078442, 28922
104953, 7049530, 7078456, 28926
104954, 7049540, 7078469, 28929
104955, 7049550, 7078482, 28932
104956, 7049560, 7078496, 28936
104957, 7049570, 7078509, 28939
104958, 7049580, 7078523, 28943
104959, 7049590, 7078536, 28946
104961, 7049610, 7078550, 28940
104962, 7049620, 7078563, 28943
104963, 7049630, 7078577, 28947
104964, 7049640, 7078590, 28950
104965, 7049650, 7078603, 28953
104966, 7049660, 7078617, 28957
104967, 7049670, 7078630, 28960
104968, 7049680, 7078644, 28964
104969, 7049690, 7078657, 28967
104971, 7049710, 7078671, 28961
104972, 7049720, 7078684, 28964
104973, 7049730, 7078698, 28968
104974, 7049740, 7078711, 28971
104975, 7049750, 7078724, 28974
104976, 7049760, 7078738, 28978
104977, 7049770, 7078751, 28981
104978, 7049780, 7078765, 28985
104979, 7049790, 7078778, 28988
104980, 7049800, 7078792, 28992
104982, 7049820, 7078805, 28985
104983, 7049830, 7078818, 28988
104984, 7049840, 7078832, 28992
104985, 7049850, 7078845, 28995
104986, 7049860, 7078859, 28999
104987, 7049870, 7078872, 29002
104988, 7049880, 7078886, 29006
104989, 7049890, 7078899, 29009
104990, 7049900, 7078913, 29013
104991, 7049910, 7078926, 29016
104993, 7049930, 7078939, 29009
104994, 7049940, 7078953, 29013
104995, 7049950, 7078966, 29016
104996, 7049960, 7078980, 29020
104997, 7049970, 7078993, 29023
104998, 7049980, 7079007, 29027
104999, 7049990, 7079020, 29030
105402, 7054020, 7079047, 25027
105403, 7054030, 7079060, 25030
105404, 7054040, 7079074, 25034
105405, 7054050, 7079087, 25037
105406, 7054060, 7079101, 25041
105407, 7054070, 7079114, 25044
105408, 7054080, 7079128, 25048
105409, 7054090, 7079141, 25051
105410, 7054100, 7079154, 25054
105412, 7054120, 7079168, 25048
105413, 7054130, 7079181, 25051
105414, 7054140, 7079195, 25055
105415, 7054150, 7079208, 25058
105416, 7054160, 7079222, 25062
105417, 7054170, 7079235, 25065
105418, 7054180, 7079249, 25069
105419, 7054190, 7079262, 25072
105420, 7054200, 7079275, 25075
105421, 7054210, 7079289, 25079
105423, 7054230, 7079302, 25072
105424, 7054240, 7079316, 25076
105425, 7054250, 7079329, 25079
105426, 7054260, 7079343, 25083
105427, 7054270, 7079356, 25086
105428, 7054280, 7079370, 25090
105429, 7054290, 7079383, 25093
105430, 7054300, 7079396, 25096
105431, 7054310, 7079410, 25100
105433, 7054330, 7079423, 25093
105434, 7054340, 7079437, 25097
105435, 7054350, 7079450, 25100
105436, 7054360, 7079464, 25104
105437, 7054370, 7079477, 25107
105438, 7054380, 7079490, 25110
105439, 7054390, 7079504, 25114
105440, 7054400, 7079517, 25117
105441, 7054410, 7079531, 25121
105442, 7054420, 7079544, 25124
105444, 7054440, 7079558, 25118
105445, 7054450, 7079571, 25121
105446, 7054460, 7079585, 25125
105447, 7054470, 7079598, 25128
105448, 7054480, 7079611, 25131
105449, 7054490, 7079625, 25135
105451, 7054510, 7079652, 25142
105452, 7054520, 7079665, 25145
105453, 7054530, 7079679, 25149
105455, 7054550, 7079692, 25142
105456, 7054560, 7079706, 25146
105457, 7054570, 7079719, 25149
105458, 7054580, 7079732, 25152
105459, 7054590, 7079746, 25156
105460, 7054600, 7079759, 25159
105461, 7054610, 7079773, 25163
105462, 7054620, 7079786, 25166
105463, 7054630, 7079800, 25170
105465, 7054650, 7079813, 25163
105466, 7054660, 7079826, 25166
105467, 7054670, 7079840, 25170
105468, 7054680, 7079853, 25173
105469, 7054690, 7079867, 25177
105470, 7054700, 7079880, 25180
105471, 7054710, 7079894, 25184
105472, 7054720, 7079907, 25187
105473, 7054730, 7079921, 25191
105474, 7054740, 7079934, 25194
105476, 7054760, 7079947, 25187
105477, 7054770, 7079961, 25191
105478, 7054780, 7079974, 25194
105479, 7054790, 7079988, 25198
105480, 7054800, 7080001, 25201
105481, 7054810, 7080015, 25205
105482, 7054820, 7080028, 25208
105483, 7054830, 7080042, 25212
105484, 7054840, 7080055, 25215
105485, 7054850, 7080068, 25218
105487, 7054870, 7080082, 25212
105488, 7054880, 7080095, 25215
105489, 7054890, 7080109, 25219
105490, 7054900, 7080122, 25222
105491, 7054910, 7080136, 25226
105492, 7054920, 7080149, 25229
105493, 7054930, 7080162, 25232
105494, 7054940, 7080176, 25236
105495, 7054950, 7080189, 25239
105497, 7054970, 7080203, 25233
105498, 7054980, 7080216, 25236
105499, 7054990, 7080230, 25240
105501, 7055010, 7080257, 25247
105502, 7055020, 7080270, 25250
105503, 7055030, 7080283, 25253
105504, 7055040, 7080297, 25257
105505, 7055050, 7080310, 25260
105506, 7055060, 7080324, 25264
105508, 7055080, 7080337, 25257
105509, 7055090, 7080351, 25261
105510, 7055100, 7080364, 25264
105511, 7055110, 7080378, 25268
105512, 7055120, 7080391, 25271
105513, 7055130, 7080404, 25274
105514, 7055140, 7080418, 25278
105515, 7055150, 7080431, 25281
105516, 7055160, 7084012, 28852
105517, 7055170, 7084026, 28856
105519, 7055190, 7084039, 28849
105520, 7055200, 7084052, 28852
105521, 7055210, 7084066, 28856
105522, 7055220, 7084079, 28859
105523, 7055230, 7084093, 28863
105524, 7055240, 7084106, 28866
105525, 7055250, 7084120, 28870
105526, 7055260, 7084133, 28873
105527, 7055270, 7084146, 28876
105529, 7055290, 7084160, 28870
105530, 7055300, 7084173, 28873
105531, 7055310, 7084187, 28877
105532, 7055320, 7084200, 28880
105533, 7055330, 7084214, 28884
105534, 7055340, 7084227, 28887
105535, 7055350, 7084241, 28891
105536, 7055360, 7084254, 28894
105537, 7055370, 7084267, 28897
105538, 7055380, 7084281, 28901
105540, 7055400, 7084294, 28894
105541, 7055410, 7084308, 28898
105542, 7055420, 7084321, 28901
105543, 7055430, 7084335, 28905
105544, 7055440, 7084348, 28908
105545, 7055450, 7084362, 28912
105546, 7055460, 7084375, 28915
105547, 7055470, 7084388, 28918
105548, 7055480, 7084402, 28922
105551, 7055510, 7084429, 28919
105552, 7055520, 7084442, 28922
105553, 7055530, 7084456, 28926
105554, 7055540, 7084469, 28929
105555, 7055550, 7084482, 28932
105556, 7055560, 7084496, 28936
105557, 7055570, 7084509, 28939
105558, 7055580, 7084523, 28943
105559, 7055590, 7084536, 28946
105561, 7055610, 7084550, 28940
105562, 7055620, 7084563, 28943
105563, 7055630, 7084577, 28947
105564, 7055640, 7084590, 28950
105565, 7055650, 7084603, 28953
105566, 7055660, 7084617, 28957
105567, 7055670, 7084630, 28960
105568, 7055680, 7084644, 28964
105569, 7055690, 7084657, 28967
105570, 7055700, 7084671, 28971
105572, 7055720, 7084684, 28964
105573, 7055730, 7084698, 28968
105574, 7055740, 7084711, 28971
105575, 7055750, 7084724, 28974
105576, 7055760, 7084738, 28978
105577, 7055770, 7084751, 28981
105578, 7055780, 7084765, 28985
105579, 7055790, 7084778, 28988
105580, 7055800, 7084792, 28992
105582, 7055820, 7084805, 28985
105583, 7055830, 7084818, 28988
105584, 7055840, 7084832, 28992
105585, 7055850, 7084845, 28995
105586, 7055860, 7084859, 28999
105587, 7055870, 7084872, 29002
105588, 7055880, 7084886, 29006
105589, 7055890, 7084899, 29009
105590, 7055900, 7084913, 29013
105591, 7055910, 7084926, 29016
105593, 7055930, 7084939, 29009
105594, 7055940, 7084953, 29013
105595, 7055950, 7084966, 29016
105596, 7055960, 7084980, 29020
105597, 7055970, 7084993, 29023
105598, 7055980, 7085007, 29027
105599, 7055990, 7085020, 29030
106002, 7060020, 7085047, 25027
106003, 7060030, 7085060, 25030
106004, 7060040, 7085074, 25034
106005, 7060050, 7085087, 25037
106006, 7060060, 7085101, 25041
106007, 7060070, 7085114, 25044
106008, 7060080, 7085127, 25047
106009, 7060090, 7085141, 25051
106010, 7060100, 7085154, 25054
106012, 7060120, 7085168, 25048
106013, 7060130, 7085181, 25051
106014, 7060140, 7085195, 25055
106015, 7060150, 7085208, 25058
106016, 7060160, 7085222, 25062
106017, 7060170, 7085235, 25065
106018, 7060180, 7085248, 25068
106019, 7060190, 7085262, 25072
106020, 7060200, 7085275, 25075
106021, 7060210, 7085289, 25079
106023, 7060230, 7085302, 25072
106024, 7060240, 7085316, 25076
106025, 7060250, 7085329, 25079
106026, 7060260, 7085342, 25082
106027, 7060270, 7085356, 25086
106028, 7060280, 7085369, 25089
106029, 7060290, 7085383, 25093
106030, 7060300, 7085396, 25096
106031, 7060310, 7085410, 25100
106033, 7060330, 7085423, 25093
106034, 7060340, 7085437, 25097
106035, 7060350, 7085450, 25100
106036, 7060360, 7085463, 25103
106037, 7060370, 7085477, 25107
106038, 7060380, 7085490, 25110
106039, 7060390, 7085504, 25114
106040, 7060400, 7085517, 25117
106041, 7060410, 7085531, 25121
106042, 7060420, 7085544, 25124
106044, 7060440, 7085558, 25118
106045, 7060450, 7085571, 25121
106046, 7060460, 7085584, 25124
106047, 7060470, 7085598, 25128
106048, 7060480, 7085611, 25131
106049, 7060490, 7085625, 25135
106051, 7060510, 7085652, 25142
106052, 7060520, 7085665, 25145
106053, 7060530, 7085678, 25148
106055, 7060550, 7085692, 25142
106056, 7060560, 7085705, 25145
106057, 7060570, 7085719, 25149
106058, 7060580, 7085732, 25152
106059, 7060590, 7085746, 25156
106060, 7060600, 7085759, 25159
106061, 7060610, 7085773, 25163
106062, 7060620, 7085786, 25166
106063, 7060630, 7085799, 25169
106065, 7060650, 7085813, 25163
106066, 7060660, 7085826, 25166
106067, 7060670, 7085840, 25170
106068, 7060680, 7085853, 25173
106069, 7060690, 7085867, 25177
106070, 7060700, 7085880, 25180
106071, 7060710, 7085894, 25184
106072, 7060720, 7085907, 25187
106073, 7060730, 7085920, 25190
106074, 7060740, 7085934, 25194
106076, 7060760, 7085947, 25187
106077, 7060770, 7085961, 25191
106078, 7060780, 7085974, 25194
106079, 7060790, 7085988, 25198
106080, 7060800, 7086001, 25201
106081, 7060810, 7086014, 25204
106082, 7060820, 7086028, 25208
106083, 7060830, 7086041, 25211
106084, 7060840, 7086055, 25215
106085, 7060850, 7086068, 25218
106087, 7060870, 7086082, 25212
106088, 7060880, 7086095, 25215
106089, 7060890, 7086109, 25219
106090, 7060900, 7086122, 25222
106091, 7060910, 7086135, 25225
106092, 7060920, 7086149, 25229
106093, 7060930, 7086162, 25232
106094, 7060940, 7086176, 25236
106095, 7060950, 7086189, 25239
106097, 7060970, 7086203, 25233
106098, 7060980, 7086216, 25236
106099, 7060990, 7086230, 25240
106101, 7061010, 7086256, 25246
106102, 7061020, 7086270, 25250
106103, 7061030, 7086283, 25253
106104, 7061040, 7086297, 25257
106105, 7061050, 7086310, 25260
106106, 7061060, 7086324, 25264
106108, 7061080, 7086337, 25257
106109, 7061090, 7086350, 25260
106110, 7061100, 7086364, 25264
106111, 7061110, 7086377, 25267
106112, 7061120, 7086391, 25271
106113, 7061130, 7086404, 25274
106114, 7061140, 7086418, 25278
106115, 7061150, 7086431, 25281
106116, 7061160, 7090012, 28852
106118, 7061180, 7090026, 28846
106119, 7061190, 7090039, 28849
106120, 7061200, 7090052, 28852
106121, 7061210, 7090066, 28856
106122, 7061220, 7090079, 28859
106123, 7061230, 7090093, 28863
106124, 7061240, 7090106, 28866
106125, 7061250, 7090120, 28870
106126, 7061260, 7090133, 28873
106127, 7061270, 7090146, 28876
106129, 7061290, 7090160, 28870
106130, 7061300, 7090173, 28873
106131, 7061310, 7090187, 28877
106132, 7061320, 7090200, 28880
106133, 7061330, 7090214, 28884
106134, 7061340, 7090227, 28887
106135, 7061350, 7090241, 28891
106136, 7061360, 7090254, 28894
106137, 7061370, 7090267, 28897
106138, 7061380, 7090281, 28901
106140, 7061400, 7090294, 28894
106141, 7061410, 7090308, 28898
106142, 7061420, 7090321, 28901
106143, 7061430, 7090335, 28905
106144, 7061440, 7090348, 28908
106145, 7061450, 7090362, 28912
106146, 7061460, 7090375, 28915
106147, 7061470, 7090388, 28918
106148, 7061480, 7090402, 28922
106151, 7061510, 7090429, 28919
106152, 7061520, 7090442, 28922
106153, 7061530, 7090456, 28926
106154, 7061540, 7090469, 28929
106155, 7061550, 7090482, 28932
106156, 7061560, 7090496, 28936
106157, 7061570, 7090509, 28939
106158, 7061580, 7090523, 28943
106159, 7061590, 7090536, 28946
106161, 7061610, 7090550, 28940
106162, 7061620, 7090563, 28943
106163, 7061630, 7090577, 28947
106164, 7061640, 7090590, 28950
106165, 7061650, 7090603, 28953
106166, 7061660, 7090617, 28957
106167, 7061670, 7090630, 28960
106168, 7061680, 7090644, 28964
106169, 7061690, 7090657, 28967
106171, 7061710, 7090671, 28961
106172, 7061720, 7090684, 28964
106173, 7061730, 7090698, 28968
106174, 7061740, 7090711, 28971
106175, 7061750, 7090724, 28974
106176, 7061760, 7090738, 28978
106177, 7061770, 7090751, 28981
106178, 7061780, 7090765, 28985
106179, 7061790, 7090778, 28988
106180, 7061800, 7090792, 28992
106182, 7061820, 7090805, 28985
106183, 7061830, 7090818, 28988
106184, 7061840, 7090832, 28992
106185, 7061850, 7090845, 28995
106186, 7061860, 7090859, 28999
106187, 7061870, 7090872, 29002
106188, 7061880, 7090886, 29006
106189, 7061890, 7090899, 29009
106190, 7061900, 7090913, 29013
106191, 7061910, 7090926, 29016
106193, 7061930, 7090939, 29009
106194, 7061940, 7090953, 29013
106195, 7061950, 7090966, 29016
106196, 7061960, 7090980, 29020
106197, 7061970, 7090993, 29023
106198, 7061980, 7091007, 29027
106199, 7061990, 7091020, 29030
106602, 7066020, 7091047, 25027
106603, 7066030, 7091060, 25030
106604, 7066040, 7091074, 25034
106605, 7066050, 7091087, 25037
106606, 7066060, 7091101, 25041
106607, 7066070, 7091114, 25044
106608, 7066080, 7091128, 25048
106609, 7066090, 7091141, 25051
106610, 7066100, 7091154, 25054
106612, 7066120, 7091168, 25048
106613, 7066130, 7091181, 25051
106614, 7066140, 7091195, 25055
106615, 7066150, 7091208, 25058
106616, 7066160, 7091222, 25062
106617, 7066170, 7091235, 25065
106618, 7066180, 7091249, 25069
106619, 7066190, 7091262, 25072
106620, 7066200, 7091275, 25075
106621, 7066210, 7091289, 25079
106623, 7066230, 7091302, 25072
106624, 7066240, 7091316, 25076
106625, 7066250, 7091329, 25079
106626, 7066260, 7091343, 25083
106627, 7066270, 7091356, 25086
106628, 7066280, 7091370, 25090
106629, 7066290, 7091383, 25093
106630, 7066300, 7091396, 25096
106631, 7066310, 7091410, 25100
106633, 7066330, 7091423, 25093
106634, 7066340, 7091437, 25097
106635, 7066350, 7091450, 25100
106636, 7066360, 7091464, 25104
106637, 7066370, 7091477, 25107
106638, 7066380, 7091490, 25110
106639, 7066390, 7091504, 25114
106640, 7066400, 7091517, 25117
106641, 7066410, 7091531, 25121
106642, 7066420, 7091544, 25124
106644, 7066440, 7091558, 25118
106645, 7066450, 7091571, 25121
106646, 7066460, 7091585, 25125
106647, 7066470, 7091598, 25128
106648, 7066480, 7091611, 25131
106649, 7066490, 7091625, 25135
106651, 7066510, 7091652, 25142
106652, 7066520, 7091665, 25145
106653, 7066530, 7091679, 25149
106655, 7066550, 7091692, 25142
106656, 7066560, 7091706, 25146
106657, 7066570, 7091719, 25149
106658, 7066580, 7091732, 25152
106659, 7066590, 7091746, 25156
106660, 7066600, 7091759, 25159
106661, 7066610, 7091773, 25163
106662, 7066620, 7091786, 25166
106663, 7066630, 7091800, 25170
106665, 7066650, 7091813, 25163
106666, 7066660, 7091826, 25166
106667, 7066670, 7091840, 25170
106668, 7066680, 7091853, 25173
106669, 7066690, 7091867, 25177
106670, 7066700, 7091880, 25180
106671, 7066710, 7091894, 25184
106672, 7066720, 7091907, 25187
106673, 7066730, 7091921, 25191
106674, 7066740, 7091934, 25194
106676, 7066760, 7091947, 25187
106677, 7066770, 7091961, 25191
106678, 7066780, 7091974, 25194
106679, 7066790, 7091988, 25198
106680, 7066800, 7092001, 25201
106681, 7066810, 7092015, 25205
106682, 7066820, 7092028, 25208
106683, 7066830, 7092042, 25212
106684, 7066840, 7092055, 25215
106685, 7066850, 7092068, 25218
106687, 7066870, 7092082, 25212
106688, 7066880, 7092095, 25215
106689, 7066890, 7092109, 25219
106690, 7066900, 7092122, 25222
106691, 7066910, 7092136, 25226
106692, 7066920, 7092149, 25229
106693, 7066930, 7092162, 25232
106694, 7066940, 7092176, 25236
106695, 7066950, 7092189, 25239
106697, 7066970, 7092203, 25233
106698, 7066980, 7092216, 25236
106699, 7066990, 7092230, 25240
106701, 7067010, 7092257, 25247
106702, 7067020, 7092270, 25250
106703, 7067030, 7092283, 25253
106704, 7067040, 7092297, 25257
106705, 7067050, 7092310, 25260
106706, 7067060, 7092324, 25264
106708, 7067080, 7092337, 25257
106709, 7067090, 7092351, 25261
106710, 7067100, 7092364, 25264
106711, 7067110, 7092378, 25268
106712, 7067120, 7092391, 25271
106713, 7067130, 7092404, 25274
106714, 7067140, 7092418, 25278
106715, 7067150, 7092431, 25281
106716, 7067160, 7096012, 28852
106718, 7067180, 7096026, 28846
106719, 7067190, 7096039, 28849
106720, 7067200, 7096052, 28852
106721, 7067210, 7096066, 28856
106722, 7067220, 7096079, 28859
106723, 7067230, 7096093, 28863
106724, 7067240, 7096106, 28866
106725, 7067250, 7096120, 28870
106726, 7067260, 7096133, 28873
106727, 7067270, 7096146, 28876
106729, 7067290, 7096160, 28870
106730, 7067300, 7096173, 28873
106731, 7067310, 7096187, 28877
106732, 7067320, 7096200, 28880
106733, 7067330, 7096214, 28884
106734, 7067340, 7096227, 28887
106735, 7067350, 7096241, 28891
106736, 7067360, 7096254, 28894
106737, 7067370, 7096267, 28897
106738, 7067380, 7096281, 28901
106740, 7067400, 7096294, 28894
106741, 7067410, 7096308, 28898
106742, 7067420, 7096321, 28901
106743, 7067430, 7096335, 28905
106744, 7067440, 7096348, 28908
106745, 7067450, 7096362, 28912
106746, 7067460, 7096375, 28915
106747, 7067470, 7096388, 28918
106748, 7067480, 7096402, 28922
106751, 7067510, 7096429, 28919
106752, 7067520, 7096442, 28922
106753, 7067530, 7096456, 28926
106754, 7067540, 7096469, 28929
106755, 7067550, 7096482, 28932
106756, 7067560, 7096496, 28936
106757, 7067570, 7096509, 28939
106758, 7067580, 7096523, 28943
106759, 7067590, 7096536, 28946
106761, 7067610, 7096550, 28940
106762, 7067620, 7096563, 28943
106763, 7067630, 7096577, 28947
106764, 7067640, 7096590, 28950
106765, 7067650, 7096603, 28953
106766, 7067660, 7096617, 28957
106767, 7067670, 7096630, 28960
106768, 7067680, 7096644, 28964
106769, 7067690, 7096657, 28967
106771, 7067710, 7096671, 28961
106772, 7067720, 7096684, 28964
106773, 7067730, 7096698, 28968
106774, 7067740, 7096711, 28971
106775, 7067750, 7096724, 28974
106776, 7067760, 7096738, 28978
106777, 7067770, 7096751, 28981
106778, 7067780, 7096765, 28985
106779, 7067790, 7096778, 28988
106780, 7067800, 7096792, 28992
106782, 7067820, 7096805, 28985
106783, 7067830, 7096818, 28988
106784, 7067840, 7096832, 28992
106785, 7067850, 7096845, 28995
106786, 7067860, 7096859, 28999
106787, 7067870, 7096872, 29002
106788, 7067880, 7096886, 29006
106789, 7067890, 7096899, 29009
106790, 7067900, 7096913, 29013
106791, 7067910, 7096926, 29016
106793, 7067930, 7096939, 29009
106794, 7067940, 7096953, 29013
106795, 7067950, 7096966, 29016
106796, 7067960, 7096980, 29020
106797, 7067970, 7096993, 29023
106798, 7067980, 7097007, 29027
106799, 7067990, 7097020, 29030
107202, 7072020, 7097047, 25027
107203, 7072030, 7097060, 25030
107204, 7072040, 7097074, 25034
107205, 7072050, 7097087, 25037
107206, 7072060, 7097101, 25041
107207, 7072070, 7097114, 25044
107208, 7072080, 7097128, 25048
107209, 7072090, 7097141, 25051
107210, 7072100, 7097154, 25054
107212, 7072120, 7097168, 25048
107213, 7072130, 7097181, 25051
107214, 7072140, 7097195, 25055
107215, 7072150, 7097208, 25058
107216, 7072160, 7097222, 25062
107217, 7072170, 7097235, 25065
107218, 7072180, 7097249, 25069
107219, 7072190, 7097262, 25072
107220, 7072200, 7097275, 25075
107221, 7072210, 7097289, 25079
107223, 7072230, 7097302, 25072
107224, 7072240, 7097316, 25076
107225, 7072250, 7097329, 25079
107226, 7072260, 7097343, 25083
107227, 7072270, 7097356, 25086
107228, 7072280, 7097370, 25090
107229, 7072290, 7097383, 25093
107230, 7072300, 7097396, 25096
107231, 7072310, 7097410, 25100
107233, 7072330, 7097423, 25093
107234, 7072340, 7097437, 25097
107235, 7072350, 7097450, 25100
107236, 7072360, 7097464, 25104
107237, 7072370, 7097477, 25107
107238, 7072380, 7097490, 25110
107239, 7072390, 7097504, 25114
107240, 7072400, 7097517, 25117
107241, 7072410, 7097531, 25121
107242, 7072420, 7097544, 25124
107244, 7072440, 7097558, 25118
107245, 7072450, 7097571, 25121
107246, 7072460, 7097585, 25125
107247, 7072470, 7097598, 25128
107248, 7072480, 7097611, 25131
107249, 7072490, 7097625, 25135
107251, 7072510, 7097652, 25142
107252, 7072520, 7097665, 25145
107253, 7072530, 7097679, 25149
107255, 7072550, 7097692, 25142
107256, 7072560, 7097706, 25146
107257, 7072570, 7097719, 25149
107258, 7072580, 7097732, 25152
107259, 7072590, 7097746, 25156
107260, 7072600, 7097759, 25159
107261, 7072610, 7097773, 25163
107262, 7072620, 7097786, 25166
107263, 7072630, 7097800, 25170
107265, 7072650, 7097813, 25163
107266, 7072660, 7097826, 25166
107267, 7072670, 7097840, 25170
107268, 7072680, 7097853, 25173
107269, 7072690, 7097867, 25177
107270, 7072700, 7097880, 25180
107271, 7072710, 7097894, 25184
107272, 7072720, 7097907, 25187
107273, 7072730, 7097921, 25191
107274, 7072740, 7097934, 25194
107276, 7072760, 7097947, 25187
107277, 7072770, 7097961, 25191
107278, 7072780, 7097974, 25194
107279, 7072790, 7097988, 25198
107280, 7072800, 7098001, 25201
107281, 7072810, 7098015, 25205
107282, 7072820, 7098028, 25208
107283, 7072830, 7098042, 25212
107284, 7072840, 7098055, 25215
107285, 7072850, 7098068, 25218
107287, 7072870, 7098082, 25212
107288, 7072880, 7098095, 25215
107289, 7072890, 7098109, 25219
107290, 7072900, 7098122, 25222
107291, 7072910, 7098136, 25226
107292, 7072920, 7098149, 25229
107293, 7072930, 7098162, 25232
107294, 7072940, 7098176, 25236
107295, 7072950, 7098189, 25239
107297, 7072970, 7098203, 25233
107298, 7072980, 7098216, 25236
107299, 7072990, 7098230, 25240
107301, 7073010, 7098257, 25247
107302, 7073020, 7098270, 25250
107303, 7073030, 7098283, 25253
107304, 7073040, 7098297, 25257
107305, 7073050, 7098310, 25260
107306, 7073060, 7098324, 25264
107308, 7073080, 7098337, 25257
107309, 7073090, 7098351, 25261
107310, 7073100, 7098364, 25264
107311, 7073110, 7098378, 25268
107312, 7073120, 7098391, 25271
107313, 7073130, 7098404, 25274
107314, 7073140, 7098418, 25278
107315, 7073150, 7098431, 25281
107316, 7073160, 7102012, 28852
107318, 7073180, 7102026, 28846
107319, 7073190, 7102039, 28849
107320, 7073200, 7102052, 28852
107321, 7073210, 7102066, 28856
107322, 7073220, 7102079, 28859
107323, 7073230, 7102093, 28863
107324, 7073240, 7102106, 28866
107325, 7073250, 7102120, 28870
107326, 7073260, 7102133, 28873
107327, 7073270, 7102146, 28876
107329, 7073290, 7102160, 28870
107330, 7073300, 7102173, 28873
107331, 7073310, 7102187, 28877
107332, 7073320, 7102200, 28880
107333, 7073330, 7102214, 28884
107334, 7073340, 7102227, 28887
107335, 7073350, 7102241, 28891
107336, 7073360, 7102254, 28894
107337, 7073370, 7102267, 28897
107338, 7073380, 7102281, 28901
107340, 7073400, 7102294, 28894
107341, 7073410, 7102308, 28898
107342, 7073420, 7102321, 28901
107343, 7073430, 7102335, 28905
107344, 7073440, 7102348, 28908
107345, 7073450, 7102362, 28912
107346, 7073460, 7102375, 28915
107347, 7073470, 7102388, 28918
107348, 7073480, 7102402, 28922
107351, 7073510, 7102429, 28919
107352, 7073520, 7102442, 28922
107353, 7073530, 7102456, 28926
107354, 7073540, 7102469, 28929
107355, 7073550, 7102482, 28932
107356, 7073560, 7102496, 28936
107357, 7073570, 7102509, 28939
107358, 7073580, 7102523, 28943
107359, 7073590, 7102536, 28946
107361, 7073610, 7102550, 28940
107362, 7073620, 7102563, 28943
107363, 7073630, 7102577, 28947
107364, 7073640, 7102590, 28950
107365, 7073650, 7102603, 28953
107366, 7073660, 7102617, 28957
107367, 7073670, 7102630, 28960
107368, 7073680, 7102644, 28964
107369, 7073690, 7102657, 28967
107371, 7073710, 7102671, 28961
107372, 7073720, 7102684, 28964
107373, 7073730, 7102698, 28968
107374, 7073740, 7102711, 28971
107375, 7073750, 7102724, 28974
107376, 7073760, 7102738, 28978
107377, 7073770, 7102751, 28981
107378, 7073780, 7102765, 28985
107379, 7073790, 7102778, 28988
107380, 7073800, 7102792, 28992
107382, 7073820, 7102805, 28985
107383, 7073830, 7102818, 28988
107384, 7073840, 7102832, 28992
107385, 7073850, 7102845, 28995
107386, 7073860, 7102859, 28999
107387, 7073870, 7102872, 29002
107388, 7073880, 7102886, 29006
107389, 7073890, 7102899, 29009
107390, 7073900, 7102913, 29013
107391, 7073910, 7102926, 29016
107393, 7073930, 7102939, 29009
107394, 7073940, 7102953, 29013
107395, 7073950, 7102966, 29016
107396, 7073960, 7102980, 29020
107397, 7073970, 7102993, 29023
107398, 7073980, 7103007, 29027
107399, 7073990, 7103020, 29030
107802, 7078020, 7103047, 25027
107803, 7078030, 7103060, 25030
107804, 7078040, 7103074, 25034
107805, 7078050, 7103087, 25037
107806, 7078060, 7103101, 25041
107807, 7078070, 7103114, 25044
107808, 7078080, 7103128, 25048
107809, 7078090, 7103141, 25051
107810, 7078100, 7103154, 25054
107812, 7078120, 7103168, 25048
107813, 7078130, 7103181, 25051
107814, 7078140, 7103195, 25055
107815, 7078150, 7103208, 25058
107816, 7078160, 7103222, 25062
107817, 7078170, 7103235, 25065
107818, 7078180, 7103249, 25069
107819, 7078190, 7103262, 25072
107820, 7078200, 7103275, 25075
107821, 7078210, 7103289, 25079
107823, 7078230, 7103302, 25072
107824, 7078240, 7103316, 25076
107825, 7078250, 7103329, 25079
107826, 7078260, 7103343, 25083
107827, 7078270, 7103356, 25086
107828, 7078280, 7103370, 25090
107829, 7078290, 7103383, 25093
107830, 7078300, 7103396, 25096
107831, 7078310, 7103410, 25100
107833, 7078330, 7103423, 25093
107834, 7078340, 7103437, 25097
107835, 7078350, 7103450, 25100
107836, 7078360, 7103464, 25104
107837, 7078370, 7103477, 25107
107838, 7078380, 7103490, 25110
107839, 7078390, 7103504, 25114
107840, 7078400, 7103517, 25117
107841, 7078410, 7103531, 25121
107842, 7078420, 7103544, 25124
107844, 7078440, 7103558, 25118
107845, 7078450, 7103571, 25121
107846, 7078460, 7103585, 25125
107847, 7078470, 7103598, 25128
107848, 7078480, 7103611, 25131
107849, 7078490, 7103625, 25135
107851, 7078510, 7103652, 25142
107852, 7078520, 7103665, 25145
107853, 7078530, 7103679, 25149
107855, 7078550, 7103692, 25142
107856, 7078560, 7103706, 25146
107857, 7078570, 7103719, 25149
107858, 7078580, 7103732, 25152
107859, 7078590, 7103746, 25156
107860, 7078600, 7103759, 25159
107861, 7078610, 7103773, 25163
107862, 7078620, 7103786, 25166
107863, 7078630, 7103800, 25170
107865, 7078650, 7103813, 25163
107866, 7078660, 7103826, 25166
107867, 7078670, 7103840, 25170
107868, 7078680, 7103853, 25173
107869, 7078690, 7103867, 25177
107870, 7078700, 7103880, 25180
107871, 7078710, 7103894, 25184
107872, 7078720, 7103907, 25187
107873, 7078730, 7103921, 25191
107874, 7078740, 7103934, 25194
107876, 7078760, 7103947, 25187
107877, 7078770, 7103961, 25191
107878, 7078780, 7103974, 25194
107879, 7078790, 7103988, 25198
107880, 7078800, 7104001, 25201
107881, 7078810, 7104015, 25205
107882, 7078820, 7104028, 25208
107883, 7078830, 7104042, 25212
107884, 7078840, 7104055, 25215
107885, 7078850, 7104068, 25218
107887, 7078870, 7104082, 25212
107888, 7078880, 7104095, 25215
107889, 7078890, 7104109, 25219
107890, 7078900, 7104122, 25222
107891, 7078910, 7104136, 25226
107892, 7078920, 7104149, 25229
107893, 7078930, 7104162, 25232
107894, 7078940, 7104176, 25236
107895, 7078950, 7104189, 25239
107897, 7078970, 7104203, 25233
107898, 7078980, 7104216, 25236
107899, 7078990, 7104230, 25240
107901, 7079010, 7104257, 25247
107902, 7079020, 7104270, 25250
107903, 7079030, 7104283, 25253
107904, 7079040, 7104297, 25257
107905, 7079050, 7104310, 25260
107906, 7079060, 7104324, 25264
107908, 7079080, 7104337, 25257
107909, 7079090, 7104351, 25261
107910, 7079100, 7104364, 25264
107911, 7079110, 7104378, 25268
107912, 7079120, 7104391, 25271
107913, 7079130, 7104404, 25274
107914, 7079140, 7104418, 25278
107915, 7079150, 7104431, 25281
107916, 7079160, 7108012, 28852
107918, 7079180, 7108026, 28846
107919, 7079190, 7108039, 28849
107920, 7079200, 7108052, 28852
107921, 7079210, 7108066, 28856
107922, 7079220, 7108079, 28859
107923, 7079230, 7108093, 28863
107924, 7079240, 7108106, 28866
107925, 7079250, 7108120, 28870
107926, 7079260, 7108133, 28873
107927, 7079270, 7108146, 28876
107929, 7079290, 7108160, 28870
107930, 7079300, 7108173, 28873
107931, 7079310, 7108187, 28877
107932, 7079320, 7108200, 28880
107933, 7079330, 7108214, 28884
107934, 7079340, 7108227, 28887
107935, 7079350, 7108241, 28891
107936, 7079360, 7108254, 28894
107937, 7079370, 7108267, 28897
107938, 7079380, 7108281, 28901
107940, 7079400, 7108294, 28894
107941, 7079410, 7108308, 28898
107942, 7079420, 7108321, 28901
107943, 7079430, 7108335, 28905
107944, 7079440, 7108348, 28908
107945, 7079450, 7108362, 28912
107946, 7079460, 7108375, 28915
107947, 7079470, 7108388, 28918
107948, 7079480, 7108402, 28922
107951, 7079510, 7108429, 28919
107952, 7079520, 7108442, 28922
107953, 7079530, 7108456, 28926
107954, 7079540, 7108469, 28929
107955, 7079550, 7108482, 28932
107956, 7079560, 7108496, 28936
107957, 7079570, 7108509, 28939
107958, 7079580, 7108523, 28943
107959, 7079590, 7108536, 28946
107961, 7079610, 7108550, 28940
107962, 7079620, 7108563, 28943
107963, 7079630, 7108577, 28947
107964, 7079640, 7108590, 28950
107965, 7079650, 7108603, 28953
107966, 7079660, 7108617, 28957
107967, 7079670, 7108630, 28960
107968, 7079680, 7108644, 28964
107969, 7079690, 7108657, 28967
107971, 7079710, 7108671, 28961
107972, 7079720, 7108684, 28964
107973, 7079730, 7108698, 28968
107974, 7079740, 7108711, 28971
107975, 7079750, 7108724, 28974
107976, 7079760, 7108738, 28978
107977, 7079770, 7108751, 28981
107978, 7079780, 7108765, 28985
107979, 7079790, 7108778, 28988
107980, 7079800, 7108792, 28992
107982, 7079820, 7108805, 28985
107983, 7079830, 7108818, 28988
107984, 7079840, 7108832, 28992
107985, 7079850, 7108845, 28995
107986, 7079860, 7108859, 28999
107987, 7079870, 7108872, 29002
107988, 7079880, 7108886, 29006
107989, 7079890, 7108899, 29009
107990, 7079900, 7108913, 29013
107991, 7079910, 7108926, 29016
107993, 7079930, 7108939, 29009
107994, 7079940, 7108953, 29013
107995, 7079950, 7108966, 29016
107996, 7079960, 7108980, 29020
107997, 7079970, 7108993, 29023
107998, 7079980, 7109007, 29027
107999, 7079990, 7109020, 29030
108402, 7084020, 7109047, 25027
108403, 7084030, 7109060, 25030
108404, 7084040, 7109074, 25034
108405, 7084050, 7109087, 25037
108406, 7084060, 7109101, 25041
108407, 7084070, 7109114, 25044
108408, 7084080, 7109128, 25048
108409, 7084090, 7109141, 25051
108410, 7084100, 7109154, 25054
108412, 7084120, 7109168, 25048
108413, 7084130, 7109181, 25051
108414, 7084140, 7109195, 25055
108415, 7084150, 7109208, 25058
108416, 7084160, 7109222, 25062
108417, 7084170, 7109235, 25065
108418, 7084180, 7109249, 25069
108419, 7084190, 7109262, 25072
108420, 7084200, 7109275, 25075
108421, 7084210, 7109289, 25079
108423, 7084230, 7109302, 25072
108424, 7084240, 7109316, 25076
108425, 7084250, 7109329, 25079
108426, 7084260, 7109343, 25083
108427, 7084270, 7109356, 25086
108428, 7084280, 7109370, 25090
108429, 7084290, 7109383, 25093
108430, 7084300, 7109396, 25096
108431, 7084310, 7109410, 25100
108433, 7084330, 7109423, 25093
108434, 7084340, 7109437, 25097
108435, 7084350, 7109450, 25100
108436, 7084360, 7109464, 25104
108437, 7084370, 7109477, 25107
108438, 7084380, 7109490, 25110
108439, 7084390, 7109504, 25114
108440, 7084400, 7109517, 25117
108441, 7084410, 7109531, 25121
108442, 7084420, 7109544, 25124
108444, 7084440, 7109558, 25118
108445, 7084450, 7109571, 25121
108446, 7084460, 7109585, 25125
108447, 7084470, 7109598, 25128
108448, 7084480, 7109611, 25131
108449, 7084490, 7109625, 25135
108451, 7084510, 7109652, 25142
108452, 7084520, 7109665, 25145
108453, 7084530, 7109679, 25149
108455, 7084550, 7109692, 25142
108456, 7084560, 7109706, 25146
108457, 7084570, 7109719, 25149
108458, 7084580, 7109732, 25152
108459, 7084590, 7109746, 25156
108460, 7084600, 7109759, 25159
108461, 7084610, 7109773, 25163
108462, 7084620, 7109786, 25166
108463, 7084630, 7109800, 25170
108465, 7084650, 7109813, 25163
108466, 7084660, 7109826, 25166
108467, 7084670, 7109840, 25170
108468, 7084680, 7109853, 25173
108469, 7084690, 7109867, 25177
108470, 7084700, 7109880, 25180
108471, 7084710, 7109894, 25184
108472, 7084720, 7109907, 25187
108473, 7084730, 7109921, 25191
108474, 7084740, 7109934, 25194
108476, 7084760, 7109947, 25187
108477, 7084770, 7109961, 25191
108478, 7084780, 7109974, 25194
108479, 7084790, 7109988, 25198
108480, 7084800, 7110001, 25201
108481, 7084810, 7110015, 25205
108482, 7084820, 7110028, 25208
108483, 7084830, 7110042, 25212
108484, 7084840, 7110055, 25215
108485, 7084850, 7110068, 25218
108487, 7084870, 7110082, 25212
108488, 7084880, 7110095, 25215
108489, 7084890, 7110109, 25219
108490, 7084900, 7110122, 25222
108491, 7084910, 7110136, 25226
108492, 7084920, 7110149, 25229
108493, 7084930, 7110162, 25232
108494, 7084940, 7110176, 25236
108495, 7084950, 7110189, 25239
108497, 7084970, 7110203, 25233
108498, 7084980, 7110216, 25236
108499, 7084990, 7110230, 25240
108501, 7085010, 7110257, 25247
108502, 7085020, 7110270, 25250
108503, 7085030, 7110283, 25253
108504, 7085040, 7110297, 25257
108505, 7085050, 7110310, 25260
108506, 7085060, 7110324, 25264
108508, 7085080, 7110337, 25257
108509, 7085090, 7110351, 25261
108510, 7085100, 7110364, 25264
108511, 7085110, 7110378, 25268
108512, 7085120, 7110391, 25271
108513, 7085130, 7110404, 25274
108514, 7085140, 7110418, 25278
108515, 7085150, 7110431, 25281
108516, 7085160, 7114012, 28852
108517, 7085170, 7114026, 28856
108519, 7085190, 7114039, 28849
108520, 7085200, 7114052, 28852
108521, 7085210, 7114066, 28856
108522, 7085220, 7114079, 28859
108523, 7085230, 7114093, 28863
108524, 7085240, 7114106, 28866
108525, 7085250, 7114120, 28870
108526, 7085260, 7114133, 28873
108527, 7085270, 7114146, 28876
108529, 7085290, 7114160, 28870
108530, 7085300, 7114173, 28873
108531, 7085310, 7114187, 28877
108532, 7085320, 7114200, 28880
108533, 7085330, 7114214, 28884
108534, 7085340, 7114227, 28887
108535, 7085350, 7114241, 28891
108536, 7085360, 7114254, 28894
108537, 7085370, 7114267, 28897
108538, 7085380, 7114281, 28901
108540, 7085400, 7114294, 28894
108541, 7085410, 7114308, 28898
108542, 7085420, 7114321, 28901
108543, 7085430, 7114335, 28905
108544, 7085440, 7114348, 28908
108545, 7085450, 7114362, 28912
108546, 7085460, 7114375, 28915
108547, 7085470, 7114388, 28918
108548, 7085480, 7114402, 28922
108551, 7085510, 7114429, 28919
108552, 7085520, 7114442, 28922
108553, 7085530, 7114456, 28926
108554, 7085540, 7114469, 28929
108555, 7085550, 7114482, 28932
108556, 7085560, 7114496, 28936
108557, 7085570, 7114509, 28939
108558, 7085580, 7114523, 28943
108559, 7085590, 7114536, 28946
108561, 7085610, 7114550, 28940
108562, 7085620, 7114563, 28943
108563, 7085630, 7114577, 28947
108564, 7085640, 7114590, 28950
108565, 7085650, 7114603, 28953
108566, 7085660, 7114617, 28957
108567, 7085670, 7114630, 28960
108568, 7085680, 7114644, 28964
108569, 7085690, 7114657, 28967
108570, 7085700, 7114671, 28971
108572, 7085720, 7114684, 28964
108573, 7085730, 7114698, 28968
108574, 7085740, 7114711, 28971
108575, 7085750, 7114724, 28974
108576, 7085760, 7114738, 28978
108577, 7085770, 7114751, 28981
108578, 7085780, 7114765, 28985
108579, 7085790, 7114778, 28988
108580, 7085800, 7114792, 28992
108582, 7085820, 7114805, 28985
108583, 7085830, 7114818, 28988
108584, 7085840, 7114832, 28992
108585, 7085850, 7114845, 28995
108586, 7085860, 7114859, 28999
108587, 7085870, 7114872, 29002
108588, 7085880, 7114886, 29006
108589, 7085890, 7114899, 29009
108590, 7085900, 7114913, 29013
108591, 7085910, 7114926, 29016
108593, 7085930, 7114939, 29009
108594, 7085940, 7114953, 29013
108595, 7085950, 7114966, 29016
108596, 7085960, 7114980, 29020
108597, 7085970, 7114993, 29023
108598, 7085980, 7115007, 29027
108599, 7085990, 7115020, 29030
109002, 7090020, 7115047, 25027
109003, 7090030, 7115060, 25030
109004, 7090040, 7115074, 25034
109005, 7090050, 7115087, 25037
109006, 7090060, 7115101, 25041
109007, 7090070, 7115114, 25044
109008, 7090080, 7115127, 25047
109009, 7090090, 7115141, 25051
109010, 7090100, 7115154, 25054
109012, 7090120, 7115168, 25048
109013, 7090130, 7115181, 25051
109014, 7090140, 7115195, 25055
109015, 7090150, 7115208, 25058
109016, 7090160, 7115222, 25062
109017, 7090170, 7115235, 25065
109018, 7090180, 7115248, 25068
109019, 7090190, 7115262, 25072
109020, 7090200, 7115275, 25075
109021, 7090210, 7115289, 25079
109023, 7090230, 7115302, 25072
109024, 7090240, 7115316, 25076
109025, 7090250, 7115329, 25079
109026, 7090260, 7115342, 25082
109027, 7090270, 7115356, 25086
109028, 7090280, 7115369, 25089
109029, 7090290, 7115383, 25093
109030, 7090300, 7115396, 25096
109031, 7090310, 7115410, 25100
109033, 7090330, 7115423, 25093
109034, 7090340, 7115437, 25097
109035, 7090350, 7115450, 25100
109036, 7090360, 7115463, 25103
109037, 7090370, 7115477, 25107
109038, 7090380, 7115490, 25110
109039, 7090390, 7115504, 25114
109040, 7090400, 7115517, 25117
109041, 7090410, 7115531, 25121
109042, 7090420, 7115544, 25124
109044, 7090440, 7115558, 25118
109045, 7090450, 7115571, 25121
109046, 7090460, 7115584, 25124
109047, 7090470, 7115598, 25128
109048, 7090480, 7115611, 25131
109049, 7090490, 7115625, 25135
109051, 7090510, 7115652, 25142
109052, 7090520, 7115665, 25145
109053, 7090530, 7115678, 25148
109055, 7090550, 7115692, 25142
109056, 7090560, 7115705, 25145
109057, 7090570, 7115719, 25149
109058, 7090580, 7115732, 25152
109059, 7090590, 7115746, 25156
109060, 7090600, 7115759, 25159
109061, 7090610, 7115773, 25163
109062, 7090620, 7115786, 25166
109063, 7090630, 7115799, 25169
109065, 7090650, 7115813, 25163
109066, 7090660, 7115826, 25166
109067, 7090670, 7115840, 25170
109068, 7090680, 7115853, 25173
109069, 7090690, 7115867, 25177
109070, 7090700, 7115880, 25180
109071, 7090710, 7115894, 25184
109072, 7090720, 7115907, 25187
109073, 7090730, 7115920, 25190
109074, 7090740, 7115934, 25194
109076, 7090760, 7115947, 25187
109077, 7090770, 7115961, 25191
109078, 7090780, 7115974, 25194
109079, 7090790, 7115988, 25198
109080, 7090800, 7116001, 25201
109081, 7090810, 7116014, 25204
109082, 7090820, 7116028, 25208
109083, 7090830, 7116041, 25211
109084, 7090840, 7116055, 25215
109085, 7090850, 7116068, 25218
109087, 7090870, 7116082, 25212
109088, 7090880, 7116095, 25215
109089, 7090890, 7116109, 25219
109090, 7090900, 7116122, 25222
109091, 7090910, 7116135, 25225
109092, 7090920, 7116149, 25229
109093, 7090930, 7116162, 25232
109094, 7090940, 7116176, 25236
109095, 7090950, 7116189, 25239
109097, 7090970, 7116203, 25233
109098, 7090980, 7116216, 25236
109099, 7090990, 7116230, 25240
109101, 7091010, 7116256, 25246
109102, 7091020, 7116270, 25250
109103, 7091030, 7116283, 25253
109104, 7091040, 7116297, 25257
109105, 7091050, 7116310, 25260
109106, 7091060, 7116324, 25264
109108, 7091080, 7116337, 25257
109109, 7091090, 7116350, 25260
109110, 7091100, 7116364, 25264
109111, 7091110, 7116377, 25267
109112, 7091120, 7116391, 25271
109113, 7091130, 7116404, 25274
109114, 7091140, 7116418, 25278
109115, 7091150, 7116431, 25281
109116, 7091160, 7120012, 28852
109118, 7091180, 7120026, 28846
109119, 7091190, 7120039, 28849
109120, 7091200, 7120052, 28852
109121, 7091210, 7120066, 28856
109122, 7091220, 7120079, 28859
109123, 7091230, 7120093, 28863
109124, 7091240, 7120106, 28866
109125, 7091250, 7120120, 28870
109126, 7091260, 7120133, 28873
109127, 7091270, 7120146, 28876
109129, 7091290, 7120160, 28870
109130, 7091300, 7120173, 28873
109131, 7091310, 7120187, 28877
109132, 7091320, 7120200, 28880
109133, 7091330, 7120214, 28884
109134, 7091340, 7120227, 28887
109135, 7091350, 7120241, 28891
109136, 7091360, 7120254, 28894
109137, 7091370, 7120267, 28897
109138, 7091380, 7120281, 28901
109140, 7091400, 7120294, 28894
109141, 7091410, 7120308, 28898
109142, 7091420, 7120321, 28901
109143, 7091430, 7120335, 28905
109144, 7091440, 7120348, 28908
109145, 7091450, 7120362, 28912
109146, 7091460, 7120375, 28915
109147, 7091470, 7120388, 28918
109148, 7091480, 7120402, 28922
109151, 7091510, 7120429, 28919
109152, 7091520, 7120442, 28922
109153, 7091530, 7120456, 28926
109154, 7091540, 7120469, 28929
109155, 7091550, 7120482, 28932
109156, 7091560, 7120496, 28936
109157, 7091570, 7120509, 28939
109158, 7091580, 7120523, 28943
109159, 7091590, 7120536, 28946
109161, 7091610, 7120550, 28940
109162, 7091620, 7120563, 28943
109163, 7091630, 7120577, 28947
109164, 7091640, 7120590, 28950
109165, 7091650, 7120603, 28953
109166, 7091660, 7120617, 28957
109167, 7091670, 7120630, 28960
109168, 7091680, 7120644, 28964
109169, 7091690, 7120657, 28967
109171, 7091710, 7120671, 28961
109172, 7091720, 7120684, 28964
109173, 7091730, 7120698, 28968
109174, 7091740, 7120711, 28971
109175, 7091750, 7120724, 28974
109176, 7091760, 7120738, 28978
109177, 7091770, 7120751, 28981
109178, 7091780, 7120765, 28985
109179, 7091790, 7120778, 28988
109180, 7091800, 7120792, 28992
109182, 7091820, 7120805, 28985
109183, 7091830, 7120818, 28988
109184, 7091840, 7120832, 28992
109185, 7091850, 7120845, 28995
109186, 7091860, 7120859, 28999
109187, 7091870, 7120872, 29002
109188, 7091880, 7120886, 29006
109189, 7091890, 7120899, 29009
109190, 7091900, 7120913, 29013
109191, 7091910, 7120926, 29016
109193, 7091930, 7120939, 29009
109194, 7091940, 7120953, 29013
109195, 7091950, 7120966, 29016
109196, 7091960, 7120980, 29020
109197, 7091970, 7120993, 29023
109198, 7091980, 7121007, 29027
109199, 7091990, 7121020, 29030
109602, 7096020, 7121047, 25027
109603, 7096030, 7121060, 25030
109604, 7096040, 7121074, 25034
109605, 7096050, 7121087, 25037
109606, 7096060, 7121101, 25041
109607, 7096070, 7121114, 25044
109608, 7096080, 7121128, 25048
109609, 7096090, 7121141, 25051
109610, 7096100, 7121154, 25054
109612, 7096120, 7121168, 25048
109613, 7096130, 7121181, 25051
109614, 7096140, 7121195, 25055
109615, 7096150, 7121208, 25058
109616, 7096160, 7121222, 25062
109617, 7096170, 7121235, 25065
109618, 7096180, 7121249, 25069
109619, 7096190, 7121262, 25072
109620, 7096200, 7121275, 25075
109621, 7096210, 7121289, 25079
109623, 7096230, 7121302, 25072
109624, 7096240, 7121316, 25076
109625, 7096250, 7121329, 25079
109626, 7096260, 7121343, 25083
109627, 7096270, 7121356, 25086
109628, 7096280, 7121370, 25090
109629, 7096290, 7121383, 25093
109630, 7096300, 7121396, 25096
109631, 7096310, 7121410, 25100
109633, 7096330, 7121423, 25093
109634, 7096340, 7121437, 25097
109635, 7096350, 7121450, 25100
109636, 7096360, 7121464, 25104
109637, 7096370, 7121477, 25107
109638, 7096380, 7121490, 25110
109639, 7096390, 7121504, 25114
109640, 7096400, 7121517, 25117
109641, 7096410, 7121531, 25121
109642, 7096420, 7121544, 25124
109644, 7096440, 7121558, 25118
109645, 7096450, 7121571, 25121
109646, 7096460, 7121585, 25125
109647, 7096470, 7121598, 25128
109648, 7096480, 7121611, 25131
109649, 7096490, 7121625, 25135
109651, 7096510, 7121652, 25142
109652, 7096520, 7121665, 25145
109653, 7096530, 7121679, 25149
109655, 7096550, 7121692, 25142
109656, 7096560, 7121706, 25146
109657, 7096570, 7121719, 25149
109658, 7096580, 7121732, 25152
109659, 7096590, 7121746, 25156
109660, 7096600, 7121759, 25159
109661, 7096610, 7121773, 25163
109662, 7096620, 7121786, 25166
109663, 7096630, 7121800, 25170
109665, 7096650, 7121813, 25163
109666, 7096660, 7121826, 25166
109667, 7096670, 7121840, 25170
109668, 7096680, 7121853, 25173
109669, 7096690, 7121867, 25177
109670, 7096700, 7121880, 25180
109671, 7096710, 7121894, 25184
109672, 7096720, 7121907, 25187
109673, 7096730, 7121921, 25191
109674, 7096740, 7121934, 25194
109676, 7096760, 7121947, 25187
109677, 7096770, 7121961, 25191
109678, 7096780, 7121974, 25194
109679, 7096790, 7121988, 25198
109680, 7096800, 7122001, 25201
109681, 7096810, 7122015, 25205
109682, 7096820, 7122028, 25208
109683, 7096830, 7122042, 25212
109684, 7096840, 7122055, 25215
109685, 7096850, 7122068, 25218
109687, 7096870, 7122082, 25212
109688, 7096880, 7122095, 25215
109689, 7096890, 7122109, 25219
109690, 7096900, 7122122, 25222
109691, 7096910, 7122136, 25226
109692, 7096920, 7122149, 25229
109693, 7096930, 7122162, 25232
109694, 7096940, 7122176, 25236
109695, 7096950, 7122189, 25239
109697, 7096970, 7122203, 25233
109698, 7096980, 7122216, 25236
109699, 7096990, 7122230, 25240
109701, 7097010, 7122257, 25247
109702, 7097020, 7122270, 25250
109703, 7097030, 7122283, 25253
109704, 7097040, 7122297, 25257
109705, 7097050, 7122310, 25260
109706, 7097060, 7122324, 25264
109708, 7097080, 7122337, 25257
109709, 7097090, 7122351, 25261
109710, 7097100, 7122364, 25264
109711, 7097110, 7122378, 25268
109712, 7097120, 7122391, 25271
109713, 7097130, 7122404, 25274
109714, 7097140, 7122418, 25278
109715, 7097150, 7122431, 25281
109716, 7097160, 7126012, 28852
109718, 7097180, 7126026, 28846
109719, 7097190, 7126039, 28849
109720, 7097200, 7126052, 28852
109721, 7097210, 7126066, 28856
109722, 7097220, 7126079, 28859
109723, 7097230, 7126093, 28863
109724, 7097240, 7126106, 28866
109725, 7097250, 7126120, 28870
109726, 7097260, 7126133, 28873
109727, 7097270, 7126146, 28876
109729, 7097290, 7126160, 28870
109730, 7097300, 7126173, 28873
109731, 7097310, 7126187, 28877
109732, 7097320, 7126200, 28880
109733, 7097330, 7126214, 28884
109734, 7097340, 7126227, 28887
109735, 7097350, 7126241, 28891
109736, 7097360, 7126254, 28894
109737, 7097370, 7126267, 28897
109738, 7097380, 7126281, 28901
109740, 7097400, 7126294, 28894
109741, 7097410, 7126308, 28898
109742, 7097420, 7126321, 28901
109743, 7097430, 7126335, 28905
109744, 7097440, 7126348, 28908
109745, 7097450, 7126362, 28912
109746, 7097460, 7126375, 28915
109747, 7097470, 7126388, 28918
109748, 7097480, 7126402, 28922
109751, 7097510, 7126429, 28919
109752, 7097520, 7126442, 28922
109753, 7097530, 7126456, 28926
109754, 7097540, 7126469, 28929
109755, 7097550, 7126482, 28932
109756, 7097560, 7126496, 28936
109757, 7097570, 7126509, 28939
109758, 7097580, 7126523, 28943
109759, 7097590, 7126536, 28946
109761, 7097610, 7126550, 28940
109762, 7097620, 7126563, 28943
109763, 7097630, 7126577, 28947
109764, 7097640, 7126590, 28950
109765, 7097650, 7126603, 28953
109766, 7097660, 7126617, 28957
109767, 7097670, 7126630, 28960
109768, 7097680, 7126644, 28964
109769, 7097690, 7126657, 28967
109771, 7097710, 7126671, 28961
109772, 7097720, 7126684, 28964
109773, 7097730, 7126698, 28968
109774, 7097740, 7126711, 28971
109775, 7097750, 7126724, 28974
109776, 7097760, 7126738, 28978
109777, 7097770, 7126751, 28981
109778, 7097780, 7126765, 28985
109779, 7097790, 7126778, 28988
109780, 7097800, 7126792, 28992
109782, 7097820, 7126805, 28985
109783, 7097830, 7126818, 28988
109784, 7097840, 7126832, 28992
109785, 7097850, 7126845, 28995
109786, 7097860, 7126859, 28999
109787, 7097870, 7126872, 29002
109788, 7097880, 7126886, 29006
109789, 7097890, 7126899, 29009
109790, 7097900, 7126913, 29013
109791, 7097910, 7126926, 29016
109793, 7097930, 7126939, 29009
109794, 7097940, 7126953, 29013
109795, 7097950, 7126966, 29016
109796, 7097960, 7126980, 29020
109797, 7097970, 7126993, 29023
109798, 7097980, 7127007, 29027
109799, 7097990, 7127020, 29030
110202, 7102020, 7127047, 25027
110203, 7102030, 7127060, 25030
110204, 7102040, 7127074, 25034
110205, 7102050, 7127087, 25037
110206, 7102060, 7127101, 25041
110207, 7102070, 7127114, 25044
110208, 7102080, 7127128, 25048
110209, 7102090, 7127141, 25051
110210, 7102100, 7127154, 25054
110212, 7102120, 7127168, 25048
110213, 7102130, 7127181, 25051
110214, 7102140, 7127195, 25055
110215, 7102150, 7127208, 25058
110216, 7102160, 7127222, 25062
110217, 7102170, 7127235, 25065
110218, 7102180, 7127249, 25069
110219, 7102190, 7127262, 25072
110220, 7102200, 7127275, 25075
110221, 7102210, 7127289, 25079
110223, 7102230, 7127302, 25072
110224, 7102240, 7127316, 25076
110225, 7102250, 7127329, 25079
110226, 7102260, 7127343, 25083
110227, 7102270, 7127356, 25086
110228, 7102280, 7127370, 25090
110229, 7102290, 7127383, 25093
110230, 7102300, 7127396, 25096
110231, 7102310, 7127410, 25100
110233, 7102330, 7127423, 25093
110234, 7102340, 7127437, 25097
110235, 7102350, 7127450, 25100
110236, 7102360, 7127464, 25104
110237, 7102370, 7127477, 25107
110238, 7102380, 7127490, 25110
110239, 7102390, 7127504, 25114
110240, 7102400, 7127517, 25117
110241, 7102410, 7127531, 25121
110242, 7102420, 7127544, 25124
110244, 7102440, 7127558, 25118
110245, 7102450, 7127571, 25121
110246, 7102460, 7127585, 25125
110247, 7102470, 7127598, 25128
110248, 7102480, 7127611, 25131
110249, 7102490, 7127625, 25135
110251, 7102510, 7127652, 25142
110252, 7102520, 7127665, 25145
110253, 7102530, 7127679, 25149
110255, 7102550, 7127692, 25142
110256, 7102560, 7127706, 25146
110257, 7102570, 7127719, 25149
110258, 7102580, 7127732, 25152
110259, 7102590, 7127746, 25156
110260, 7102600, 7127759, 25159
110261, 7102610, 7127773, 25163
110262, 7102620, 7127786, 25166
110263, 7102630, 7127800, 25170
110265, 7102650, 7127813, 25163
110266, 7102660, 7127826, 25166
110267, 7102670, 7127840, 25170
110268, 7102680, 7127853, 25173
110269, 7102690, 7127867, 25177
110270, 7102700, 7127880, 25180
110271, 7102710, 7127894, 25184
110272, 7102720, 7127907, 25187
110273, 7102730, 7127921, 25191
110274, 7102740, 7127934, 25194
110276, 7102760, 7127947, 25187
110277, 7102770, 7127961, 25191
110278, 7102780, 7127974, 25194
110279, 7102790, 7127988, 25198
110280, 7102800, 7128001, 25201
110281, 7102810, 7128015, 25205
110282, 7102820, 7128028, 25208
110283, 7102830, 7128042, 25212
110284, 7102840, 7128055, 25215
110285, 7102850, 7128068, 25218
110287, 7102870, 7128082, 25212
110288, 7102880, 7128095, 25215
110289, 7102890, 7128109, 25219
110290, 7102900, 7128122, 25222
110291, 7102910, 7128136, 25226
110292, 7102920, 7128149, 25229
110293, 7102930, 7128162, 25232
110294, 7102940, 7128176, 25236
110295, 7102950, 7128189, 25239
110297, 7102970, 7128203, 25233
110298, 7102980, 7128216, 25236
110299, 7102990, 7128230, 25240
110301, 7103010, 7128257, 25247
110302, 7103020, 7128270, 25250
110303, 7103030, 7128283, 25253
110304, 7103040, 7128297, 25257
110305, 7103050, 7128310, 25260
110306, 7103060, 7128324, 25264
110308, 7103080, 7128337, 25257
110309, 7103090, 7128351, 25261
110310, 7103100, 7128364, 25264
110311, 7103110, 7128378, 25268
110312, 7103120, 7128391, 25271
110313, 7103130, 7128404, 25274
110314, 7103140, 7128418, 25278
110315, 7103150, 7128431, 25281
110316, 7103160, 7132012, 28852
110318, 7103180, 7132026, 28846
110319, 7103190, 7132039, 28849
110320, 7103200, 7132052, 28852
110321, 7103210, 7132066, 28856
110322, 7103220, 7132079, 28859
110323, 7103230, 7132093, 28863
110324, 7103240, 7132106, 28866
110325, 7103250, 7132120, 28870
110326, 7103260, 7132133, 28873
110327, 7103270, 7132146, 28876
110329, 7103290, 7132160, 28870
110330, 7103300, 7132173, 28873
110331, 7103310, 7132187, 28877
110332, 7103320, 7132200, 28880
110333, 7103330, 7132214, 28884
110334, 7103340, 7132227, 28887
110335, 7103350, 7132241, 28891
110336, 7103360, 7132254, 28894
110337, 7103370, 7132267, 28897
110338, 7103380, 7132281, 28901
110340, 7103400, 7132294, 28894
110341, 7103410, 7132308, 28898
110342, 7103420, 7132321, 28901
110343, 7103430, 7132335, 28905
110344, 7103440, 7132348, 28908
110345, 7103450, 7132362, 28912
110346, 7103460, 7132375, 28915
110347, 7103470, 7132388, 28918
110348, 7103480, 7132402, 28922
110351, 7103510, 7132429, 28919
110352, 7103520, 7132442, 28922
110353, 7103530, 7132456, 28926
110354, 7103540, 7132469, 28929
110355, 7103550, 7132482, 28932
110356, 7103560, 7132496, 28936
110357, 7103570, 7132509, 28939
110358, 7103580, 7132523, 28943
110359, 7103590, 7132536, 28946
110361, 7103610, 7132550, 28940
110362, 7103620, 7132563, 28943
110363, 7103630, 7132577, 28947
110364, 7103640, 7132590, 28950
110365, 7103650, 7132603, 28953
110366, 7103660, 7132617, 28957
110367, 7103670, 7132630, 28960
110368, 7103680, 7132644, 28964
110369, 7103690, 7132657, 28967
110371, 7103710, 7132671, 28961
110372, 7103720, 7132684, 28964
110373, 7103730, 7132698, 28968
110374, 7103740, 7132711, 28971
110375, 7103750, 7132724, 28974
110376, 7103760, 7132738, 28978
110377, 7103770, 7132751, 28981
110378, 7103780, 7132765, 28985
110379, 7103790, 7132778, 28988
110380, 7103800, 7132792, 28992
110382, 7103820, 7132805, 28985
110383, 7103830, 7132818, 28988
110384, 7103840, 7132832, 28992
110385, 7103850, 7132845, 28995
110386, 7103860, 7132859, 28999
110387, 7103870, 7132872, 29002
110388, 7103880, 7132886, 29006
110389, 7103890, 7132899, 29009
110390, 7103900, 7132913, 29013
110391, 7103910, 7132926, 29016
110393, 7103930, 7132939, 29009
110394, 7103940, 7132953, 29013
110395, 7103950, 7132966, 29016
110396, 7103960, 7132980, 29020
110397, 7103970, 7132993, 29023
110398, 7103980, 7133007, 29027
110399, 7103990, 7133020, 29030
110802, 7108020, 7133047, 25027
110803, 7108030, 7133060, 25030
110804, 7108040, 7133074, 25034
110805, 7108050, 7133087, 25037
110806, 7108060, 7133101, 25041
110807, 7108070, 7133114, 25044
110808, 7108080, 7133128, 25048
110809, 7108090, 7133141, 25051
110810, 7108100, 7133154, 25054
110812, 7108120, 7133168, 25048
110813, 7108130, 7133181, 25051
110814, 7108140, 7133195, 25055
110815, 7108150, 7133208, 25058
110816, 7108160, 7133222, 25062
110817, 7108170, 7133235, 25065
110818, 7108180, 7133249, 25069
110819, 7108190, 7133262, 25072
110820, 7108200, 7133275, 25075
110821, 7108210, 7133289, 25079
110823, 7108230, 7133302, 25072
110824, 7108240, 7133316, 25076
110825, 7108250, 7133329, 25079
110826, 7108260, 7133343, 25083
110827, 7108270, 7133356, 25086
110828, 7108280, 7133370, 25090
110829, 7108290, 7133383, 25093
110830, 7108300, 7133396, 25096
110831, 7108310, 7133410, 25100
110833, 7108330, 7133423, 25093
110834, 7108340, 7133437, 25097
110835, 7108350, 7133450, 25100
110836, 7108360, 7133464, 25104
110837, 7108370, 7133477, 25107
110838, 7108380, 7133490, 25110
110839, 7108390, 7133504, 25114
110840, 7108400, 7133517, 25117
110841, 7108410, 7133531, 25121
110842, 7108420, 7133544, 25124
110844, 7108440, 7133558, 25118
110845, 7108450, 7133571, 25121
110846, 7108460, 7133585, 25125
110847, 7108470, 7133598, 25128
110848, 7108480, 7133611, 25131
110849, 7108490, 7133625, 25135
110851, 7108510, 7133652, 25142
110852, 7108520, 7133665, 25145
110853, 7108530, 7133679, 25149
110855, 7108550, 7133692, 25142
110856, 7108560, 7133706, 25146
110857, 7108570, 7133719, 25149
110858, 7108580, 7133732, 25152
110859, 7108590, 7133746, 25156
110860, 7108600, 7133759, 25159
110861, 7108610, 7133773, 25163
110862, 7108620, 7133786, 25166
110863, 7108630, 7133800, 25170
110865, 7108650, 7133813, 25163
110866, 7108660, 7133826, 25166
110867, 7108670, 7133840, 25170
110868, 7108680, 7133853, 25173
110869, 7108690, 7133867, 25177
110870, 7108700, 7133880, 25180
110871, 7108710, 7133894, 25184
110872, 7108720, 7133907, 25187
110873, 7108730, 7133921, 25191
110874, 7108740, 7133934, 25194
110876, 7108760, 7133947, 25187
110877, 7108770, 7133961, 25191
110878, 7108780, 7133974, 25194
110879, 7108790, 7133988, 25198
110880, 7108800, 7134001, 25201
110881, 7108810, 7134015, 25205
110882, 7108820, 7134028, 25208
110883, 7108830, 7134042, 25212
110884, 7108840, 7134055, 25215
110885, 7108850, 7134068, 25218
110887, 7108870, 7134082, 25212
110888, 7108880, 7134095, 25215
110889, 7108890, 7134109, 25219
110890, 7108900, 7134122, 25222
110891, 7108910, 7134136, 25226
110892, 7108920, 7134149, 25229
110893, 7108930, 7134162, 25232
110894, 7108940, 7134176, 25236
110895, 7108950, 7134189, 25239
110897, 7108970, 7134203, 25233
110898, 7108980, 7134216, 25236
110899, 7108990, 7134230, 25240
110901, 7109010, 7134257, 25247
110902, 7109020, 7134270, 25250
110903, 7109030, 7134283, 25253
110904, 7109040, 7134297, 25257
110905, 7109050, 7134310, 25260
110906, 7109060, 7134324, 25264
110908, 7109080, 7134337, 25257
110909, 7109090, 7134351, 25261
110910, 7109100, 7134364, 25264
110911, 7109110, 7134378, 25268
110912, 7109120, 7134391, 25271
110913, 7109130, 7134404, 25274
110914, 7109140, 7134418, 25278
110915, 7109150, 7134431, 25281
110916, 7109160, 7138012, 28852
110918, 7109180, 7138026, 28846
110919, 7109190, 7138039, 28849
110920, 7109200, 7138052, 28852
110921, 7109210, 7138066, 28856
110922, 7109220, 7138079, 28859
110923, 7109230, 7138093, 28863
110924, 7109240, 7138106, 28866
110925, 7109250, 7138120, 28870
110926, 7109260, 7138133, 28873
110927, 7109270, 7138146, 28876
110929, 7109290, 7138160, 28870
110930, 7109300, 7138173, 28873
110931, 7109310, 7138187, 28877
110932, 7109320, 7138200, 28880
110933, 7109330, 7138214, 28884
110934, 7109340, 7138227, 28887
110935, 7109350, 7138241, 28891
110936, 7109360, 7138254, 28894
110937, 7109370, 7138267, 28897
110938, 7109380, 7138281, 28901
110940, 7109400, 7138294, 28894
110941, 7109410, 7138308, 28898
110942, 7109420, 7138321, 28901
110943, 7109430, 7138335, 28905
110944, 7109440, 7138348, 28908
110945, 7109450, 7138362, 28912
110946, 7109460, 7138375, 28915
110947, 7109470, 7138388, 28918
110948, 7109480, 7138402, 28922
110951, 7109510, 7138429, 28919
110952, 7109520, 7138442, 28922
110953, 7109530, 7138456, 28926
110954, 7109540, 7138469, 28929
110955, 7109550, 7138482, 28932
110956, 7109560, 7138496, 28936
110957, 7109570, 7138509, 28939
110958, 7109580, 7138523, 28943
110959, 7109590, 7138536, 28946
110961, 7109610, 7138550, 28940
110962, 7109620, 7138563, 28943
110963, 7109630, 7138577, 28947
110964, 7109640, 7138590, 28950
110965, 7109650, 7138603, 28953
110966, 7109660, 7138617, 28957
110967, 7109670, 7138630, 28960
110968, 7109680, 7138644, 28964
110969, 7109690, 7138657, 28967
110971, 7109710, 7138671, 28961
110972, 7109720, 7138684, 28964
110973, 7109730, 7138698, 28968
110974, 7109740, 7138711, 28971
110975, 7109750, 7138724, 28974
110976, 7109760, 7138738, 28978
110977, 7109770, 7138751, 28981
110978, 7109780, 7138765, 28985
110979, 7109790, 7138778, 28988
110980, 7109800, 7138792, 28992
110982, 7109820, 7138805, 28985
110983, 7109830, 7138818, 28988
110984, 7109840, 7138832, 28992
110985, 7109850, 7138845, 28995
110986, 7109860, 7138859, 28999
110987, 7109870, 7138872, 29002
110988, 7109880, 7138886, 29006
110989, 7109890, 7138899, 29009
110990, 7109900, 7138913, 29013
110991, 7109910, 7138926, 29016
110993, 7109930, 7138939, 29009
110994, 7109940, 7138953, 29013
110995, 7109950, 7138966, 29016
110996, 7109960, 7138980, 29020
110997, 7109970, 7138993, 29023
110998, 7109980, 7139007, 29027
110999, 7109990, 7139020, 29030
111402, 7114020, 7139047, 25027
111403, 7114030, 7139060, 25030
111404, 7114040, 7139074, 25034
111405, 7114050, 7139087, 25037
111406, 7114060, 7139101, 25041
111407, 7114070, 7139114, 25044
111408, 7114080, 7139128, 25048
111409, 7114090, 7139141, 25051
111410, 7114100, 7139154, 25054
111412, 7114120, 7139168, 25048
111413, 7114130, 7139181, 25051
111414, 7114140, 7139195, 25055
111415, 7114150, 7139208, 25058
111416, 7114160, 7139222, 25062
111417, 7114170, 7139235, 25065
111418, 7114180, 7139249, 25069
111419, 7114190, 7139262, 25072
111420, 7114200, 7139275, 25075
111421, 7114210, 7139289, 25079
111423, 7114230, 7139302, 25072
111424, 7114240, 7139316, 25076
111425, 7114250, 7139329, 25079
111426, 7114260, 7139343, 25083
111427, 7114270, 7139356, 25086
111428, 7114280, 7139370, 25090
111429, 7114290, 7139383, 25093
111430, 7114300, 7139396, 25096
111431, 7114310, 7139410, 25100
111433, 7114330, 7139423, 25093
111434, 7114340, 7139437, 25097
111435, 7114350, 7139450, 25100
111436, 7114360, 7139464, 25104
111437, 7114370, 7139477, 25107
111438, 7114380, 7139490, 25110
111439, 7114390, 7139504, 25114
111440, 7114400, 7139517, 25117
111441, 7114410, 7139531, 25121
111442, 7114420, 7139544, 25124
111444, 7114440, 7139558, 25118
111445, 7114450, 7139571, 25121
111446, 7114460, 7139585, 25125
111447, 7114470, 7139598, 25128
111448, 7114480, 7139611, 25131
111449, 7114490, 7139625, 25135
111451, 7114510, 7139652, 25142
111452, 7114520, 7139665, 25145
111453, 7114530, 7139679, 25149
111455, 7114550, 7139692, 25142
111456, 7114560, 7139706, 25146
111457, 7114570, 7139719, 25149
111458, 7114580, 7139732, 25152
111459, 7114590, 7139746, 25156
111460, 7114600, 7139759, 25159
111461, 7114610, 7139773, 25163
111462, 7114620, 7139786, 25166
111463, 7114630, 7139800, 25170
111465, 7114650, 7139813, 25163
111466, 7114660, 7139826, 25166
111467, 7114670, 7139840, 25170
111468, 7114680, 7139853, 25173
111469, 7114690, 7139867, 25177
111470, 7114700, 7139880, 25180
111471, 7114710, 7139894, 25184
111472, 7114720, 7139907, 25187
111473, 7114730, 7139921, 25191
111474, 7114740, 7139934, 25194
111476, 7114760, 7139947, 25187
111477, 7114770, 7139961, 25191
111478, 7114780, 7139974, 25194
111479, 7114790, 7139988, 25198
111480, 7114800, 7140001, 25201
111481, 7114810, 7140015, 25205
111482, 7114820, 7140028, 25208
111483, 7114830, 7140042, 25212
111484, 7114840, 7140055, 25215
111485, 7114850, 7140068, 25218
111487, 7114870, 7140082, 25212
111488, 7114880, 7140095, 25215
111489, 7114890, 7140109, 25219
111490, 7114900, 7140122, 25222
111491, 7114910, 7140136, 25226
111492, 7114920, 7140149, 25229
111493, 7114930, 7140162, 25232
111494, 7114940, 7140176, 25236
111495, 7114950, 7140189, 25239
111497, 7114970, 7140203, 25233
111498, 7114980, 7140216, 25236
111499, 7114990, 7140230, 25240
111501, 7115010, 7140257, 25247
111502, 7115020, 7140270, 25250
111503, 7115030, 7140283, 25253
111504, 7115040, 7140297, 25257
111505, 7115050, 7140310, 25260
111506, 7115060, 7140324, 25264
111508, 7115080, 7140337, 25257
111509, 7115090, 7140351, 25261
111510, 7115100, 7140364, 25264
111511, 7115110, 7140378, 25268
111512, 7115120, 7140391, 25271
111513, 7115130, 7140404, 25274
111514, 7115140, 7140418, 25278
111515, 7115150, 7140431, 25281
111516, 7115160, 7144012, 28852
111517, 7115170, 7144026, 28856
111519, 7115190, 7144039, 28849
111520, 7115200, 7144052, 28852
111521, 7115210, 7144066, 28856
111522, 7115220, 7144079, 28859
111523, 7115230, 7144093, 28863
111524, 7115240, 7144106, 28866
111525, 7115250, 7144120, 28870
111526, 7115260, 7144133, 28873
111527, 7115270, 7144146, 28876
111529, 7115290, 7144160, 28870
111530, 7115300, 7144173, 28873
111531, 7115310, 7144187, 28877
111532, 7115320, 7144200, 28880
111533, 7115330, 7144214, 28884
111534, 7115340, 7144227, 28887
111535, 7115350, 7144241, 28891
111536, 7115360, 7144254, 28894
111537, 7115370, 7144267, 28897
111538, 7115380, 7144281, 28901
111540, 7115400, 7144294, 28894
111541, 7115410, 7144308, 28898
111542, 7115420, 7144321, 28901
111543, 7115430, 7144335, 28905
111544, 7115440, 7144348, 28908
111545, 7115450, 7144362, 28912
111546, 7115460, 7144375, 28915
111547, 7115470, 7144388, 28918
111548, 7115480, 7144402, 28922
111551, 7115510, 7144429, 28919
111552, 7115520, 7144442, 28922
111553, 7115530, 7144456, 28926
111554, 7115540, 7144469, 28929
111555, 7115550, 7144482, 28932
111556, 7115560, 7144496, 28936
111557, 7115570, 7144509, 28939
111558, 7115580, 7144523, 28943
111559, 7115590, 7144536, 28946
111561, 7115610, 7144550, 28940
111562, 7115620, 7144563, 28943
111563, 7115630, 7144577, 28947
111564, 7115640, 7144590, 28950
111565, 7115650, 7144603, 28953
111566, 7115660, 7144617, 28957
111567, 7115670, 7144630, 28960
111568, 7115680, 7144644, 28964
111569, 7115690, 7144657, 28967
111570, 7115700, 7144671, 28971
111572, 7115720, 7144684, 28964
111573, 7115730, 7144698, 28968
111574, 7115740, 7144711, 28971
111575, 7115750, 7144724, 28974
111576, 7115760, 7144738, 28978
111577, 7115770, 7144751, 28981
111578, 7115780, 7144765, 28985
111579, 7115790, 7144778, 28988
111580, 7115800, 7144792, 28992
111582, 7115820, 7144805, 28985
111583, 7115830, 7144818, 28988
111584, 7115840, 7144832, 28992
111585, 7115850, 7144845, 28995
111586, 7115860, 7144859, 28999
111587, 7115870, 7144872, 29002
111588, 7115880, 7144886, 29006
111589, 7115890, 7144899, 29009
111590, 7115900, 7144913, 29013
111591, 7115910, 7144926, 29016
111593, 7115930, 7144939, 29009
111594, 7115940, 7144953, 29013
111595, 7115950, 7144966, 29016
111596, 7115960, 7144980, 29020
111597, 7115970, 7144993, 29023
111598, 7115980, 7145007, 29027
111599, 7115990, 7145020, 29030
112002, 7120020, 7145047, 25027
112003, 7120030, 7145060, 25030
112004, 7120040, 7145074, 25034
112005, 7120050, 7145087, 25037
112006, 7120060, 7145101, 25041
112007, 7120070, 7145114, 25044
112008, 7120080, 7145127, 25047
112009, 7120090, 7145141, 25051
112010, 7120100, 7145154, 25054
112012, 7120120, 7145168, 25048
112013, 7120130, 7145181, 25051
112014, 7120140, 7145195, 25055
112015, 7120150, 7145208, 25058
112016, 7120160, 7145222, 25062
112017, 7120170, 7145235, 25065
112018, 7120180, 7145248, 25068
112019, 7120190, 7145262, 25072
112020, 7120200, 7145275, 25075
112021, 7120210, 7145289, 25079
112023, 7120230, 7145302, 25072
112024, 7120240, 7145316, 25076
112025, 7120250, 7145329, 25079
112026, 7120260, 7145342, 25082
112027, 7120270, 7145356, 25086
112028, 7120280, 7145369, 25089
112029, 7120290, 7145383, 25093
112030, 7120300, 7145396, 25096
112031, 7120310, 7145410, 25100
112033, 7120330, 7145423, 25093
112034, 7120340, 7145437, 25097
112035, 7120350, 7145450, 25100
112036, 7120360, 7145463, 25103
112037, 7120370, 7145477, 25107
112038, 7120380, 7145490, 25110
112039, 7120390, 7145504, 25114
112040, 7120400, 7145517, 25117
112041, 7120410, 7145531, 25121
112042, 7120420, 7145544, 25124
112044, 7120440, 7145558, 25118
112045, 7120450, 7145571, 25121
112046, 7120460, 7145584, 25124
112047, 7120470, 7145598, 25128
112048, 7120480, 7145611, 25131
112049, 7120490, 7145625, 25135
112051, 7120510, 7145652, 25142
112052, 7120520, 7145665, 25145
112053, 7120530, 7145678, 25148
112055, 7120550, 7145692, 25142
112056, 7120560, 7145705, 25145
112057, 7120570, 7145719, 25149
112058, 7120580, 7145732, 25152
112059, 7120590, 7145746, 25156
112060, 7120600, 7145759, 25159
112061, 7120610, 7145773, 25163
112062, 7120620, 7145786, 25166
112063, 7120630, 7145799, 25169
112065, 7120650, 7145813, 25163
112066, 7120660, 7145826, 25166
112067, 7120670, 7145840, 25170
112068, 7120680, 7145853, 25173
112069, 7120690, 7145867, 25177
112070, 7120700, 7145880, 25180
112071, 7120710, 7145894, 25184
112072, 7120720, 7145907, 25187
112073, 7120730, 7145920, 25190
112074, 7120740, 7145934, 25194
112076, 7120760, 7145947, 25187
112077, 7120770, 7145961, 25191
112078, 7120780, 7145974, 25194
112079, 7120790, 7145988, 25198
112080, 7120800, 7146001, 25201
112081, 7120810, 7146014, 25204
112082, 7120820, 7146028, 25208
112083, 7120830, 7146041, 25211
112084, 7120840, 7146055, 25215
112085, 7120850, 7146068, 25218
112087, 7120870, 7146082, 25212
112088, 7120880, 7146095, 25215
112089, 7120890, 7146109, 25219
112090, 7120900, 7146122, 25222
112091, 7120910, 7146135, 25225
112092, 7120920, 7146149, 25229
112093, 7120930, 7146162, 25232
112094, 7120940, 7146176, 25236
112095, 7120950, 7146189, 25239
112097, 7120970, 7146203, 25233
112098, 7120980, 7146216, 25236
112099, 7120990, 7146230, 25240
112101, 7121010, 7146256, 25246
112102, 7121020, 7146270, 25250
112103, 7121030, 7146283, 25253
112104, 7121040, 7146297, 25257
112105, 7121050, 7146310, 25260
112106, 7121060, 7146324, 25264
112108, 7121080, 7146337, 25257
112109, 7121090, 7146350, 25260
112110, 7121100, 7146364, 25264
112111, 7121110, 7146377, 25267
112112, 7121120, 7146391, 25271
112113, 7121130, 7146404, 25274
112114, 7121140, 7146418, 25278
112115, 7121150, 7146431, 25281
112116, 7121160, 7150012, 28852
112118, 7121180, 7150026, 28846
112119, 7121190, 7150039, 28849
112120, 7121200, 7150052, 28852
112121, 7121210, 7150066, 28856
112122, 7121220, 7150079, 28859
112123, 7121230, 7150093, 28863
112124, 7121240, 7150106, 28866
112125, 7121250, 7150120, 28870
112126, 7121260, 7150133, 28873
112127, 7121270, 7150146, 28876
112129, 7121290, 7150160, 28870
112130, 7121300, 7150173, 28873
112131, 7121310, 7150187, 28877
112132, 7121320, 7150200, 28880
112133, 7121330, 7150214, 28884
112134, 7121340, 7150227, 28887
112135, 7121350, 7150241, 28891
112136, 7121360, 7150254, 28894
112137, 7121370, 7150267, 28897
112138, 7121380, 7150281, 28901
112140, 7121400, 7150294, 28894
112141, 7121410, 7150308, 28898
112142, 7121420, 7150321, 28901
112143, 7121430, 7150335, 28905
112144, 7121440, 7150348, 28908
112145, 7121450, 7150362, 28912
112146, 7121460, 7150375, 28915
112147, 7121470, 7150388, 28918
112148, 7121480, 7150402, 28922
112151, 7121510, 7150429, 28919
112152, 7121520, 7150442, 28922
112153, 7121530, 7150456, 28926
112154, 7121540, 7150469, 28929
112155, 7121550, 7150482, 28932
112156, 7121560, 7150496, 28936
112157, 7121570, 7150509, 28939
112158, 7121580, 7150523, 28943
112159, 7121590, 7150536, 28946
112161, 7121610, 7150550, 28940
112162, 7121620, 7150563, 28943
112163, 7121630, 7150577, 28947
112164, 7121640, 7150590, 28950
112165, 7121650, 7150603, 28953
112166, 7121660, 7150617, 28957
112167, 7121670, 7150630, 28960
112168, 7121680, 7150644, 28964
112169, 7121690, 7150657, 28967
112171, 7121710, 7150671, 28961
112172, 7121720, 7150684, 28964
112173, 7121730, 7150698, 28968
112174, 7121740, 7150711, 28971
112175, 7121750, 7150724, 28974
112176, 7121760, 7150738, 28978
112177, 7121770, 7150751, 28981
112178, 7121780, 7150765, 28985
112179, 7121790, 7150778, 28988
112180, 7121800, 7150792, 28992
112182, 7121820, 7150805, 28985
112183, 7121830, 7150818, 28988
112184, 7121840, 7150832, 28992
112185, 7121850, 7150845, 28995
112186, 7121860, 7150859, 28999
112187, 7121870, 7150872, 29002
112188, 7121880, 7150886, 29006
112189, 7121890, 7150899, 29009
112190, 7121900, 7150913, 29013
112191, 7121910, 7150926, 29016
112193, 7121930, 7150939, 29009
112194, 7121940, 7150953, 29013
112195, 7121950, 7150966, 29016
112196, 7121960, 7150980, 29020
112197, 7121970, 7150993, 29023
112198, 7121980, 7151007, 29027
112199, 7121990, 7151020, 29030
112602, 7126020, 7151047, 25027
112603, 7126030, 7151060, 25030
112604, 7126040, 7151074, 25034
112605, 7126050, 7151087, 25037
112606, 7126060, 7151101, 25041
112607, 7126070, 7151114, 25044
112608, 7126080, 7151128, 25048
112609, 7126090, 7151141, 25051
112610, 7126100, 7151154, 25054
112612, 7126120, 7151168, 25048
112613, 7126130, 7151181, 25051
112614, 7126140, 7151195, 25055
112615, 7126150, 7151208, 25058
112616, 7126160, 7151222, 25062
112617, 7126170, 7151235, 25065
112618, 7126180, 7151249, 25069
112619, 7126190, 7151262, 25072
112620, 7126200, 7151275, 25075
112621, 7126210, 7151289, 25079
112623, 7126230, 7151302, 25072
112624, 7126240, 7151316, 25076
112625, 7126250, 7151329, 25079
112626, 7126260, 7151343, 25083
112627, 7126270, 7151356, 25086
112628, 7126280, 7151370, 25090
112629, 7126290, 7151383, 25093
112630, 7126300, 7151396, 25096
112631, 7126310, 7151410, 25100
112633, 7126330, 7151423, 25093
112634, 7126340, 7151437, 25097
112635, 7126350, 7151450, 25100
112636, 7126360, 7151464, 25104
112637, 7126370, 7151477, 25107
112638, 7126380, 7151490, 25110
112639, 7126390, 7151504, 25114
112640, 7126400, 7151517, 25117
112641, 7126410, 7151531, 25121
112642, 7126420, 7151544, 25124
112644, 7126440, 7151558, 25118
112645, 7126450, 7151571, 25121
112646, 7126460, 7151585, 25125
112647, 7126470, 7151598, 25128
112648, 7126480, 7151611, 25131
112649, 7126490, 7151625, 25135
112651, 7126510, 7151652, 25142
112652, 7126520, 7151665, 25145
112653, 7126530, 7151679, 25149
112655, 7126550, 7151692, 25142
112656, 7126560, 7151706, 25146
112657, 7126570, 7151719, 25149
112658, 7126580, 7151732, 25152
112659, 7126590, 7151746, 25156
112660, 7126600, 7151759, 25159
112661, 7126610, 7151773, 25163
112662, 7126620, 7151786, 25166
112663, 7126630, 7151800, 25170
112665, 7126650, 7151813, 25163
112666, 7126660, 7151826, 25166
112667, 7126670, 7151840, 25170
112668, 7126680, 7151853, 25173
112669, 7126690, 7151867, 25177
112670, 7126700, 7151880, 25180
112671, 7126710, 7151894, 25184
112672, 7126720, 7151907, 25187
112673, 7126730, 7151921, 25191
112674, 7126740, 7151934, 25194
112676, 7126760, 7151947, 25187
112677, 7126770, 7151961, 25191
112678, 7126780, 7151974, 25194
112679, 7126790, 7151988, 25198
112680, 7126800, 7152001, 25201
112681, 7126810, 7152015, 25205
112682, 7126820, 7152028, 25208
112683, 7126830, 7152042, 25212
112684, 7126840, 7152055, 25215
112685, 7126850, 7152068, 25218
112687, 7126870, 7152082, 25212
112688, 7126880, 7152095, 25215
112689, 7126890, 7152109, 25219
112690, 7126900, 7152122, 25222
112691, 7126910, 7152136, 25226
112692, 7126920, 7152149, 25229
112693, 7126930, 7152162, 25232
112694, 7126940, 7152176, 25236
112695, 7126950, 7152189, 25239
112697, 7126970, 7152203, 25233
112698, 7126980, 7152216, 25236
112699, 7126990, 7152230, 25240
112701, 7127010, 7152257, 25247
112702, 7127020, 7152270, 25250
112703, 7127030, 7152283, 25253
112704, 7127040, 7152297, 25257
112705, 7127050, 7152310, 25260
112706, 7127060, 7152324, 25264
112708, 7127080, 7152337, 25257
112709, 7127090, 7152351, 25261
112710, 7127100, 7152364, 25264
112711, 7127110, 7152378, 25268
112712, 7127120, 7152391, 25271
112713, 7127130, 7152404, 25274
112714, 7127140, 7152418, 25278
112715, 7127150, 7152431, 25281
112716, 7127160, 7156012, 28852
112718, 7127180, 7156026, 28846
112719, 7127190, 7156039, 28849
112720, 7127200, 7156052, 28852
112721, 7127210, 7156066, 28856
112722, 7127220, 7156079, 28859
112723, 7127230, 7156093, 28863
112724, 7127240, 7156106, 28866
112725, 7127250, 7156120, 28870
112726, 7127260, 7156133, 28873
112727, 7127270, 7156146, 28876
112729, 7127290, 7156160, 28870
112730, 7127300, 7156173, 28873
112731, 7127310, 7156187, 28877
112732, 7127320, 7156200, 28880
112733, 7127330, 7156214, 28884
112734, 7127340, 7156227, 28887
112735, 7127350, 7156241, 28891
112736, 7127360, 7156254, 28894
112737, 7127370, 7156267, 28897
112738, 7127380, 7156281, 28901
112740, 7127400, 7156294, 28894
112741, 7127410, 7156308, 28898
112742, 7127420, 7156321, 28901
112743, 7127430, 7156335, 28905
112744, 7127440, 7156348, 28908
112745, 7127450, 7156362, 28912
112746, 7127460, 7156375, 28915
112747, 7127470, 7156388, 28918
112748, 7127480, 7156402, 28922
112751, 7127510, 7156429, 28919
112752, 7127520, 7156442, 28922
112753, 7127530, 7156456, 28926
112754, 7127540, 7156469, 28929
112755, 7127550, 7156482, 28932
112756, 7127560, 7156496, 28936
112757, 7127570, 7156509, 28939
112758, 7127580, 7156523, 28943
112759, 7127590, 7156536, 28946
112761, 7127610, 7156550, 28940
112762, 7127620, 7156563, 28943
112763, 7127630, 7156577, 28947
112764, 7127640, 7156590, 28950
112765, 7127650, 7156603, 28953
112766, 7127660, 7156617, 28957
112767, 7127670, 7156630, 28960
112768, 7127680, 7156644, 28964
112769, 7127690, 7156657, 28967
112771, 7127710, 7156671, 28961
112772, 7127720, 7156684, 28964
112773, 7127730, 7156698, 28968
112774, 7127740, 7156711, 28971
112775, 7127750, 7156724, 28974
112776, 7127760, 7156738, 28978
112777, 7127770, 7156751, 28981
112778, 7127780, 7156765, 28985
112779, 7127790, 7156778, 28988
112780, 7127800, 7156792, 28992
112782, 7127820, 7156805, 28985
112783, 7127830, 7156818, 28988
112784, 7127840, 7156832, 28992
112785, 7127850, 7156845, 28995
112786, 7127860, 7156859, 28999
112787, 7127870, 7156872, 29002
112788, 7127880, 7156886, 29006
112789, 7127890, 7156899, 29009
112790, 7127900, 7156913, 29013
112791, 7127910, 7156926, 29016
112793, 7127930, 7156939, 29009
112794, 7127940, 7156953, 29013
112795, 7127950, 7156966, 29016
112796, 7127960, 7156980, 29020
112797, 7127970, 7156993, 29023
112798, 7127980, 7157007, 29027
112799, 7127990, 7157020, 29030
113202, 7132020, 7157047, 25027
113203, 7132030, 7157060, 25030
113204, 7132040, 7157074, 25034
113205, 7132050, 7157087, 25037
113206, 7132060, 7157101, 25041
113207, 7132070, 7157114, 25044
113208, 7132080, 7157128, 25048
113209, 7132090, 7157141, 25051
113210, 7132100, 7157154, 25054
113212, 7132120, 7157168, 25048
113213, 7132130, 7157181, 25051
113214, 7132140, 7157195, 25055
113215, 7132150, 7157208, 25058
113216, 7132160, 7157222, 25062
113217, 7132170, 7157235, 25065
113218, 7132180, 7157249, 25069
113219, 7132190, 7157262, 25072
113220, 7132200, 7157275, 25075
113221, 7132210, 7157289, 25079
113223, 7132230, 7157302, 25072
113224, 7132240, 7157316, 25076
113225, 7132250, 7157329, 25079
113226, 7132260, 7157343, 25083
113227, 7132270, 7157356, 25086
113228, 7132280, 7157370, 25090
113229, 7132290, 7157383, 25093
113230, 7132300, 7157396, 25096
113231, 7132310, 7157410, 25100
113233, 7132330, 7157423, 25093
113234, 7132340, 7157437, 25097
113235, 7132350, 7157450, 25100
113236, 7132360, 7157464, 25104
113237, 7132370, 7157477, 25107
113238, 7132380, 7157490, 25110
113239, 7132390, 7157504, 25114
113240, 7132400, 7157517, 25117
113241, 7132410, 7157531, 25121
113242, 7132420, 7157544, 25124
113244, 7132440, 7157558, 25118
113245, 7132450, 7157571, 25121
113246, 7132460, 7157585, 25125
113247, 7132470, 7157598, 25128
113248, 7132480, 7157611, 25131
113249, 7132490, 7157625, 25135
113251, 7132510, 7157652, 25142
113252, 7132520, 7157665, 25145
113253, 7132530, 7157679, 25149
113255, 7132550, 7157692, 25142
113256, 7132560, 7157706, 25146
113257, 7132570, 7157719, 25149
113258, 7132580, 7157732, 25152
113259, 7132590, 7157746, 25156
113260, 7132600, 7157759, 25159
113261, 7132610, 7157773, 25163
113262, 7132620, 7157786, 25166
113263, 7132630, 7157800, 25170
113265, 7132650, 7157813, 25163
113266, 7132660, 7157826, 25166
113267, 7132670, 7157840, 25170
113268, 7132680, 7157853, 25173
113269, 7132690, 7157867, 25177
113270, 7132700, 7157880, 25180
113271, 7132710, 7157894, 25184
113272, 7132720, 7157907, 25187
113273, 7132730, 7157921, 25191
113274, 7132740, 7157934, 25194
113276, 7132760, 7157947, 25187
113277, 7132770, 7157961, 25191
113278, 7132780, 7157974, 25194
113279, 7132790, 7157988, 25198
113280, 7132800, 7158001, 25201
113281, 7132810, 7158015, 25205
113282, 7132820, 7158028, 25208
113283, 7132830, 7158042, 25212
113284, 7132840, 7158055, 25215
113285, 7132850, 7158068, 25218
113287, 7132870, 7158082, 25212
113288, 7132880, 7158095, 25215
113289, 7132890, 7158109, 25219
113290, 7132900, 7158122, 25222
113291, 7132910, 7158136, 25226
113292, 7132920, 7158149, 25229
113293, 7132930, 7158162, 25232
113294, 7132940, 7158176, 25236
113295, 7132950, 7158189, 25239
113297, 7132970, 7158203, 25233
113298, 7132980, 7158216, 25236
113299, 7132990, 7158230, 25240
113301, 7133010, 7158257, 25247
113302, 7133020, 7158270, 25250
113303, 7133030, 7158283, 25253
113304, 7133040, 7158297, 25257
113305, 7133050, 7158310, 25260
113306, 7133060, 7158324, 25264
113308, 7133080, 7158337, 25257
113309, 7133090, 7158351, 25261
113310, 7133100, 7158364, 25264
113311, 7133110, 7158378, 25268
113312, 7133120, 7158391, 25271
113313, 7133130, 7158404, 25274
113314, 7133140, 7158418, 25278
113315, 7133150, 7158431, 25281
113316, 7133160, 7162012, 28852
113318, 7133180, 7162026, 28846
113319, 7133190, 7162039, 28849
113320, 7133200, 7162052, 28852
113321, 7133210, 7162066, 28856
113322, 7133220, 7162079, 28859
113323, 7133230, 7162093, 28863
113324, 7133240, 7162106, 28866
113325, 7133250, 7162120, 28870
113326, 7133260, 7162133, 28873
113327, 7133270, 7162146, 28876
113329, 7133290, 7162160, 28870
113330, 7133300, 7162173, 28873
113331, 7133310, 7162187, 28877
113332, 7133320, 7162200, 28880
113333, 7133330, 7162214, 28884
113334, 7133340, 7162227, 28887
113335, 7133350, 7162241, 28891
113336, 7133360, 7162254, 28894
113337, 7133370, 7162267, 28897
113338, 7133380, 7162281, 28901
113340, 7133400, 7162294, 28894
113341, 7133410, 7162308, 28898
113342, 7133420, 7162321, 28901
113343, 7133430, 7162335, 28905
113344, 7133440, 7162348, 28908
113345, 7133450, 7162362, 28912
113346, 7133460, 7162375, 28915
113347, 7133470, 7162388, 28918
113348, 7133480, 7162402, 28922
113351, 7133510, 7162429, 28919
113352, 7133520, 7162442, 28922
113353, 7133530, 7162456, 28926
113354, 7133540, 7162469, 28929
113355, 7133550, 7162482, 28932
113356, 7133560, 7162496, 28936
113357, 7133570, 7162509, 28939
113358, 7133580, 7162523, 28943
113359, 7133590, 7162536, 28946
113361, 7133610, 7162550, 28940
113362, 7133620, 7162563, 28943
113363, 7133630, 7162577, 28947
113364, 7133640, 7162590, 28950
113365, 7133650, 7162603, 28953
113366, 7133660, 7162617, 28957
113367, 7133670, 7162630, 28960
113368, 7133680, 7162644, 28964
113369, 7133690, 7162657, 28967
113371, 7133710, 7162671, 28961
113372, 7133720, 7162684, 28964
113373, 7133730, 7162698, 28968
113374, 7133740, 7162711, 28971
113375, 7133750, 7162724, 28974
113376, 7133760, 7162738, 28978
113377, 7133770, 7162751, 28981
113378, 7133780, 7162765, 28985
113379, 7133790, 7162778, 28988
113380, 7133800, 7162792, 28992
113382, 7133820, 7162805, 28985
113383, 7133830, 7162818, 28988
113384, 7133840, 7162832, 28992
113385, 7133850, 7162845, 28995
113386, 7133860, 7162859, 28999
113387, 7133870, 7162872, 29002
113388, 7133880, 7162886, 29006
113389, 7133890, 7162899, 29009
113390, 7133900, 7162913, 29013
113391, 7133910, 7162926, 29016
113393, 7133930, 7162939, 29009
113394, 7133940, 7162953, 29013
113395, 7133950, 7162966, 29016
113396, 7133960, 7162980, 29020
113397, 7133970, 7162993, 29023
113398, 7133980, 7163007, 29027
113399, 7133990, 7163020, 29030
113802, 7138020, 7163047, 25027
113803, 7138030, 7163060, 25030
113804, 7138040, 7163074, 25034
113805, 7138050, 7163087, 25037
113806, 7138060, 7163101, 25041
113807, 7138070, 7163114, 25044
113808, 7138080, 7163128, 25048
113809, 7138090, 7163141, 25051
113810, 7138100, 7163154, 25054
113812, 7138120, 7163168, 25048
113813, 7138130, 7163181, 25051
113814, 7138140, 7163195, 25055
113815, 7138150, 7163208, 25058
113816, 7138160, 7163222, 25062
113817, 7138170, 7163235, 25065
113818, 7138180, 7163249, 25069
113819, 7138190, 7163262, 25072
113820, 7138200, 7163275, 25075
113821, 7138210, 7163289, 25079
113823, 7138230, 7163302, 25072
113824, 7138240, 7163316, 25076
113825, 7138250, 7163329, 25079
113826, 7138260, 7163343, 25083
113827, 7138270, 7163356, 25086
113828, 7138280, 7163370, 25090
113829, 7138290, 7163383, 25093
113830, 7138300, 7163396, 25096
113831, 7138310, 7163410, 25100
113833, 7138330, 7163423, 25093
113834, 7138340, 7163437, 25097
113835, 7138350, 7163450, 25100
113836, 7138360, 7163464, 25104
113837, 7138370, 7163477, 25107
113838, 7138380, 7163490, 25110
113839, 7138390, 7163504, 25114
113840, 7138400, 7163517, 25117
113841, 7138410, 7163531, 25121
113842, 7138420, 7163544, 25124
113844, 7138440, 7163558, 25118
113845, 7138450, 7163571, 25121
113846, 7138460, 7163585, 25125
113847, 7138470, 7163598, 25128
113848, 7138480, 7163611, 25131
113849, 7138490, 7163625, 25135
113851, 7138510, 7163652, 25142
113852, 7138520, 7163665, 25145
113853, 7138530, 7163679, 25149
113855, 7138550, 7163692, 25142
113856, 7138560, 7163706, 25146
113857, 7138570, 7163719, 25149
113858, 7138580, 7163732, 25152
113859, 7138590, 7163746, 25156
113860, 7138600, 7163759, 25159
113861, 7138610, 7163773, 25163
113862, 7138620, 7163786, 25166
113863, 7138630, 7163800, 25170
113865, 7138650, 7163813, 25163
113866, 7138660, 7163826, 25166
113867, 7138670, 7163840, 25170
113868, 7138680, 7163853, 25173
113869, 7138690, 7163867, 25177
113870, 7138700, 7163880, 25180
113871, 7138710, 7163894, 25184
113872, 7138720, 7163907, 25187
113873, 7138730, 7163921, 25191
113874, 7138740, 7163934, 25194
113876, 7138760, 7163947, 25187
113877, 7138770, 7163961, 25191
113878, 7138780, 7163974, 25194
113879, 7138790, 7163988, 25198
113880, 7138800, 7164001, 25201
113881, 7138810, 7164015, 25205
113882, 7138820, 7164028, 25208
113883, 7138830, 7164042, 25212
113884, 7138840, 7164055, 25215
113885, 7138850, 7164068, 25218
113887, 7138870, 7164082, 25212
113888, 7138880, 7164095, 25215
113889, 7138890, 7164109, 25219
113890, 7138900, 7164122, 25222
113891, 7138910, 7164136, 25226
113892, 7138920, 7164149, 25229
113893, 7138930, 7164162, 25232
113894, 7138940, 7164176, 25236
113895, 7138950, 7164189, 25239
113897, 7138970, 7164203, 25233
113898, 7138980, 7164216, 25236
113899, 7138990, 7164230, 25240
113901, 7139010, 7164257, 25247
113902, 7139020, 7164270, 25250
113903, 7139030, 7164283, 25253
113904, 7139040, 7164297, 25257
113905, 7139050, 7164310, 25260
113906, 7139060, 7164324, 25264
113908, 7139080, 7164337, 25257
113909, 7139090, 7164351, 25261
113910, 7139100, 7164364, 25264
113911, 7139110, 7164378, 25268
113912, 7139120, 7164391, 25271
113913, 7139130, 7164404, 25274
113914, 7139140, 7164418, 25278
113915, 7139150, 7164431, 25281
113916, 7139160, 7168012, 28852
113918, 7139180, 7168026, 28846
113919, 7139190, 7168039, 28849
113920, 7139200, 7168052, 28852
113921, 7139210, 7168066, 28856
113922, 7139220, 7168079, 28859
113923, 7139230, 7168093, 28863
113924, 7139240, 7168106, 28866
113925, 7139250, 7168120, 28870
113926, 7139260, 7168133, 28873
113927, 7139270, 7168146, 28876
113929, 7139290, 7168160, 28870
113930, 7139300, 7168173, 28873
113931, 7139310, 7168187, 28877
113932, 7139320, 7168200, 28880
113933, 7139330, 7168214, 28884
113934, 7139340, 7168227, 28887
113935, 7139350, 7168241, 28891
113936, 7139360, 7168254, 28894
113937, 7139370, 7168267, 28897
113938, 7139380, 7168281, 28901
113940, 7139400, 7168294, 28894
113941, 7139410, 7168308, 28898
113942, 7139420, 7168321, 28901
113943, 7139430, 7168335, 28905
113944, 7139440, 7168348, 28908
113945, 7139450, 7168362, 28912
113946, 7139460, 7168375, 28915
113947, 7139470, 7168388, 28918
113948, 7139480, 7168402, 28922
113951, 7139510, 7168429, 28919
113952, 7139520, 7168442, 28922
113953, 7139530, 7168456, 28926
113954, 7139540, 7168469, 28929
113955, 7139550, 7168482, 28932
113956, 7139560, 7168496, 28936
113957, 7139570, 7168509, 28939
113958, 7139580, 7168523, 28943
113959, 7139590, 7168536, 28946
113961, 7139610, 7168550, 28940
113962, 7139620, 7168563, 28943
113963, 7139630, 7168577, 28947
113964, 7139640, 7168590, 28950
113965, 7139650, 7168603, 28953
113966, 7139660, 7168617, 28957
113967, 7139670, 7168630, 28960
113968, 7139680, 7168644, 28964
113969, 7139690, 7168657, 28967
113971, 7139710, 7168671, 28961
113972, 7139720, 7168684, 28964
113973, 7139730, 7168698, 28968
113974, 7139740, 7168711, 28971
113975, 7139750, 7168724, 28974
113976, 7139760, 7168738, 28978
113977, 7139770, 7168751, 28981
113978, 7139780, 7168765, 28985
113979, 7139790, 7168778, 28988
113980, 7139800, 7168792, 28992
113982, 7139820, 7168805, 28985
113983, 7139830, 7168818, 28988
113984, 7139840, 7168832, 28992
113985, 7139850, 7168845, 28995
113986, 7139860, 7168859, 28999
113987, 7139870, 7168872, 29002
113988, 7139880, 7168886, 29006
113989, 7139890, 7168899, 29009
113990, 7139900, 7168913, 29013
113991, 7139910, 7168926, 29016
113993, 7139930, 7168939, 29009
113994, 7139940, 7168953, 29013
113995, 7139950, 7168966, 29016
113996, 7139960, 7168980, 29020
113997, 7139970, 7168993, 29023
113998, 7139980, 7169007, 29027
113999, 7139990, 7169020, 29030
114402, 7144020, 7169047, 25027
114403, 7144030, 7169060, 25030
114404, 7144040, 7169074, 25034
114405, 7144050, 7169087, 25037
114406, 7144060, 7169101, 25041
114407, 7144070, 7169114, 25044
114408, 7144080, 7169128, 25048
114409, 7144090, 7169141, 25051
114410, 7144100, 7169154, 25054
114412, 7144120, 7169168, 25048
114413, 7144130, 7169181, 25051
114414, 7144140, 7169195, 25055
114415, 7144150, 7169208, 25058
114416, 7144160, 7169222, 25062
114417, 7144170, 7169235, 25065
114418, 7144180, 7169249, 25069
114419, 7144190, 7169262, 25072
114420, 7144200, 7169275, 25075
114421, 7144210, 7169289, 25079
114423, 7144230, 7169302, 25072
114424, 7144240, 7169316, 25076
114425, 7144250, 7169329, 25079
114426, 7144260, 7169343, 25083
114427, 7144270, 7169356, 25086
114428, 7144280, 7169370, 25090
114429, 7144290, 7169383, 25093
114430, 7144300, 7169396, 25096
114431, 7144310, 7169410, 25100
114433, 7144330, 7169423, 25093
114434, 7144340, 7169437, 25097
114435, 7144350, 7169450, 25100
114436, 7144360, 7169464, 25104
114437, 7144370, 7169477, 25107
114438, 7144380, 7169490, 25110
114439, 7144390, 7169504, 25114
114440, 7144400, 7169517, 25117
114441, 7144410, 7169531, 25121
114442, 7144420, 7169544, 25124
114444, 7144440, 7169558, 25118
114445, 7144450, 7169571, 25121
114446, 7144460, 7169585, 25125
114447, 7144470, 7169598, 25128
114448, 7144480, 7169611, 25131
114449, 7144490, 7169625, 25135
114451, 7144510, 7169652, 25142
114452, 7144520, 7169665, 25145
114453, 7144530, 7169679, 25149
114455, 7144550, 7169692, 25142
114456, 7144560, 7169706, 25146
114457, 7144570, 7169719, 25149
114458, 7144580, 7169732, 25152
114459, 7144590, 7169746, 25156
114460, 7144600, 7169759, 25159
114461, 7144610, 7169773, 25163
114462, 7144620, 7169786, 25166
114463, 7144630, 7169800, 25170
114465, 7144650, 7169813, 25163
114466, 7144660, 7169826, 25166
114467, 7144670, 7169840, 25170
114468, 7144680, 7169853, 25173
114469, 7144690, 7169867, 25177
114470, 7144700, 7169880, 25180
114471, 7144710, 7169894, 25184
114472, 7144720, 7169907, 25187
114473, 7144730, 7169921, 25191
114474, 7144740, 7169934, 25194
114476, 7144760, 7169947, 25187
114477, 7144770, 7169961, 25191
114478, 7144780, 7169974, 25194
114479, 7144790, 7169988, 25198
114480, 7144800, 7170001, 25201
114481, 7144810, 7170015, 25205
114482, 7144820, 7170028, 25208
114483, 7144830, 7170042, 25212
114484, 7144840, 7170055, 25215
114485, 7144850, 7170068, 25218
114487, 7144870, 7170082, 25212
114488, 7144880, 7170095, 25215
114489, 7144890, 7170109, 25219
114490, 7144900, 7170122, 25222
114491, 7144910, 7170136, 25226
114492, 7144920, 7170149, 25229
114493, 7144930, 7170162, 25232
114494, 7144940, 7170176, 25236
114495, 7144950, 7170189, 25239
114497, 7144970, 7170203, 25233
114498, 7144980, 7170216, 25236
114499, 7144990, 7170230, 25240
114501, 7145010, 7170257, 25247
114502, 7145020, 7170270, 25250
114503, 7145030, 7170283, 25253
114504, 7145040, 7170297, 25257
114505, 7145050, 7170310, 25260
114506, 7145060, 7170324, 25264
114508, 7145080, 7170337, 25257
114509, 7145090, 7170351, 25261
114510, 7145100, 7170364, 25264
114511, 7145110, 7170378, 25268
114512, 7145120, 7170391, 25271
114513, 7145130, 7170404, 25274
114514, 7145140, 7170418, 25278
114515, 7145150, 7170431, 25281
114516, 7145160, 7174012, 28852
114517, 7145170, 7174026, 28856
114519, 7145190, 7174039, 28849
114520, 7145200, 7174052, 28852
114521, 7145210, 7174066, 28856
114522, 7145220, 7174079, 28859
114523, 7145230, 7174093, 28863
114524, 7145240, 7174106, 28866
114525, 7145250, 7174120, 28870
114526, 7145260, 7174133, 28873
114527, 7145270, 7174146, 28876
114529, 7145290, 7174160, 28870
114530, 7145300, 7174173, 28873
114531, 7145310, 7174187, 28877
114532, 7145320, 7174200, 28880
114533, 7145330, 7174214, 28884
114534, 7145340, 7174227, 28887
114535, 7145350, 7174241, 28891
114536, 7145360, 7174254, 28894
114537, 7145370, 7174267, 28897
114538, 7145380, 7174281, 28901
114540, 7145400, 7174294, 28894
114541, 7145410, 7174308, 28898
114542, 7145420, 7174321, 28901
114543, 7145430, 7174335, 28905
114544, 7145440, 7174348, 28908
114545, 7145450, 7174362, 28912
114546, 7145460, 7174375, 28915
114547, 7145470, 7174388, 28918
114548, 7145480, 7174402, 28922
114551, 7145510, 7174429, 28919
114552, 7145520, 7174442, 28922
114553, 7145530, 7174456, 28926
114554, 7145540, 7174469, 28929
114555, 7145550, 7174482, 28932
114556, 7145560, 7174496, 28936
114557, 7145570, 7174509, 28939
114558, 7145580, 7174523, 28943
114559, 7145590, 7174536, 28946
114561, 7145610, 7174550, 28940
114562, 7145620, 7174563, 28943
114563, 7145630, 7174577, 28947
114564, 7145640, 7174590, 28950
114565, 7145650, 7174603, 28953
114566, 7145660, 7174617, 28957
114567, 7145670, 7174630, 28960
114568, 7145680, 7174644, 28964
114569, 7145690, 7174657, 28967
114570, 7145700, 7174671, 28971
114572, 7145720, 7174684, 28964
114573, 7145730, 7174698, 28968
114574, 7145740, 7174711, 28971
114575, 7145750, 7174724, 28974
114576, 7145760, 7174738, 28978
114577, 7145770, 7174751, 28981
114578, 7145780, 7174765, 28985
114579, 7145790, 7174778, 28988
114580, 7145800, 7174792, 28992
114582, 7145820, 7174805, 28985
114583, 7145830, 7174818, 28988
114584, 7145840, 7174832, 28992
114585, 7145850, 7174845, 28995
114586, 7145860, 7174859, 28999
114587, 7145870, 7174872, 29002
114588, 7145880, 7174886, 29006
114589, 7145890, 7174899, 29009
114590, 7145900, 7174913, 29013
114591, 7145910, 7174926, 29016
114593, 7145930, 7174939, 29009
114594, 7145940, 7174953, 29013
114595, 7145950, 7174966, 29016
114596, 7145960, 7174980, 29020
114597, 7145970, 7174993, 29023
114598, 7145980, 7175007, 29027
114599, 7145990, 7175020, 29030
115002, 7150020, 7175047, 25027
115003, 7150030, 7175060, 25030
115004, 7150040, 7175074, 25034
115005, 7150050, 7175087, 25037
115006, 7150060, 7175101, 25041
115007, 7150070, 7175114, 25044
115008, 7150080, 7175127, 25047
115009, 7150090, 7175141, 25051
115010, 7150100, 7175154, 25054
115012, 7150120, 7175168, 25048
115013, 7150130, 7175181, 25051
115014, 7150140, 7175195, 25055
115015, 7150150, 7175208, 25058
115016, 7150160, 7175222, 25062
115017, 7150170, 7175235, 25065
115018, 7150180, 7175248, 25068
115019, 7150190, 7175262, 25072
115020, 7150200, 7175275, 25075
115021, 7150210, 7175289, 25079
115023, 7150230, 7175302, 25072
115024, 7150240, 7175316, 25076
115025, 7150250, 7175329, 25079
115026, 7150260, 7175342, 25082
115027, 7150270, 7175356, 25086
115028, 7150280, 7175369, 25089
115029, 7150290, 7175383, 25093
115030, 7150300, 7175396, 25096
115031, 7150310, 7175410, 25100
115033, 7150330, 7175423, 25093
115034, 7150340, 7175437, 25097
115035, 7150350, 7175450, 25100
115036, 7150360, 7175463, 25103
115037, 7150370, 7175477, 25107
115038, 7150380, 7175490, 25110
115039, 7150390, 7175504, 25114
115040, 7150400, 7175517, 25117
115041, 7150410, 7175531, 25121
115042, 7150420, 7175544, 25124
115044, 7150440, 7175558, 25118
115045, 7150450, 7175571, 25121
115046, 7150460, 7175584, 25124
115047, 7150470, 7175598, 25128
115048, 7150480, 7175611, 25131
115049, 7150490, 7175625, 25135
115051, 7150510, 7175652, 25142
115052, 7150520, 7175665, 25145
115053, 7150530, 7175678, 25148
115055, 7150550, 7175692, 25142
115056, 7150560, 7175705, 25145
115057, 7150570, 7175719, 25149
115058, 7150580, 7175732, 25152
115059, 7150590, 7175746, 25156
115060, 7150600, 7175759, 25159
115061, 7150610, 7175773, 25163
115062, 7150620, 7175786, 25166
115063, 7150630, 7175799, 25169
115065, 7150650, 7175813, 25163
115066, 7150660, 7175826, 25166
115067, 7150670, 7175840, 25170
115068, 7150680, 7175853, 25173
115069, 7150690, 7175867, 25177
115070, 7150700, 7175880, 25180
115071, 7150710, 7175894, 25184
115072, 7150720, 7175907, 25187
115073, 7150730, 7175920, 25190
115074, 7150740, 7175934, 25194
115076, 7150760, 7175947, 25187
115077, 7150770, 7175961, 25191
115078, 7150780, 7175974, 25194
115079, 7150790, 7175988, 25198
115080, 7150800, 7176001, 25201
115081, 7150810, 7176014, 25204
115082, 7150820, 7176028, 25208
115083, 7150830, 7176041, 25211
115084, 7150840, 7176055, 25215
115085, 7150850, 7176068, 25218
115087, 7150870, 7176082, 25212
115088, 7150880, 7176095, 25215
115089, 7150890, 7176109, 25219
115090, 7150900, 7176122, 25222
115091, 7150910, 7176135, 25225
115092, 7150920, 7176149, 25229
115093, 7150930, 7176162, 25232
115094, 7150940, 7176176, 25236
115095, 7150950, 7176189, 25239
115097, 7150970, 7176203, 25233
115098, 7150980, 7176216, 25236
115099, 7150990, 7176230, 25240
115101, 7151010, 7176256, 25246
115102, 7151020, 7176270, 25250
115103, 7151030, 7176283, 25253
115104, 7151040, 7176297, 25257
115105, 7151050, 7176310, 25260
115106, 7151060, 7176324, 25264
115108, 7151080, 7176337, 25257
115109, 7151090, 7176350, 25260
115110, 7151100, 7176364, 25264
115111, 7151110, 7176377, 25267
115112, 7151120, 7176391, 25271
115113, 7151130, 7176404, 25274
115114, 7151140, 7176418, 25278
115115, 7151150, 7176431, 25281
115116, 7151160, 7180012, 28852
115118, 7151180, 7180026, 28846
115119, 7151190, 7180039, 28849
115120, 7151200, 7180052, 28852
115121, 7151210, 7180066, 28856
115122, 7151220, 7180079, 28859
115123, 7151230, 7180093, 28863
115124, 7151240, 7180106, 28866
115125, 7151250, 7180120, 28870
115126, 7151260, 7180133, 28873
115127, 7151270, 7180146, 28876
115129, 7151290, 7180160, 28870
115130, 7151300, 7180173, 28873
115131, 7151310, 7180187, 28877
115132, 7151320, 7180200, 28880
115133, 7151330, 7180214, 28884
115134, 7151340, 7180227, 28887
115135, 7151350, 7180241, 28891
115136, 7151360, 7180254, 28894
115137, 7151370, 7180267, 28897
115138, 7151380, 7180281, 28901
115140, 7151400, 7180294, 28894
115141, 7151410, 7180308, 28898
115142, 7151420, 7180321, 28901
115143, 7151430, 7180335, 28905
115144, 7151440, 7180348, 28908
115145, 7151450, 7180362, 28912
115146, 7151460, 7180375, 28915
115147, 7151470, 7180388, 28918
115148, 7151480, 7180402, 28922
115151, 7151510, 7180429, 28919
115152, 7151520, 7180442, 28922
115153, 7151530, 7180456, 28926
115154, 7151540, 7180469, 28929
115155, 7151550, 7180482, 28932
115156, 7151560, 7180496, 28936
115157, 7151570, 7180509, 28939
115158, 7151580, 7180523, 28943
115159, 7151590, 7180536, 28946
115161, 7151610, 7180550, 28940
115162, 7151620, 7180563, 28943
115163, 7151630, 7180577, 28947
115164, 7151640, 7180590, 28950
115165, 7151650, 7180603, 28953
115166, 7151660, 7180617, 28957
115167, 7151670, 7180630, 28960
115168, 7151680, 7180644, 28964
115169, 7151690, 7180657, 28967
115171, 7151710, 7180671, 28961
115172, 7151720, 7180684, 28964
115173, 7151730, 7180698, 28968
115174, 7151740, 7180711, 28971
115175, 7151750, 7180724, 28974
115176, 7151760, 7180738, 28978
115177, 7151770, 7180751, 28981
115178, 7151780, 7180765, 28985
115179, 7151790, 7180778, 28988
115180, 7151800, 7180792, 28992
115182, 7151820, 7180805, 28985
115183, 7151830, 7180818, 28988
115184, 7151840, 7180832, 28992
115185, 7151850, 7180845, 28995
115186, 7151860, 7180859, 28999
115187, 7151870, 7180872, 29002
115188, 7151880, 7180886, 29006
115189, 7151890, 7180899, 29009
115190, 7151900, 7180913, 29013
115191, 7151910, 7180926, 29016
115193, 7151930, 7180939, 29009
115194, 7151940, 7180953, 29013
115195, 7151950, 7180966, 29016
115196, 7151960, 7180980, 29020
115197, 7151970, 7180993, 29023
115198, 7151980, 7181007, 29027
115199, 7151990, 7181020, 29030
115602, 7156020, 7181047, 25027
115603, 7156030, 7181060, 25030
115604, 7156040, 7181074, 25034
115605, 7156050, 7181087, 25037
115606, 7156060, 7181101, 25041
115607, 7156070, 7181114, 25044
115608, 7156080, 7181128, 25048
115609, 7156090, 7181141, 25051
115610, 7156100, 7181154, 25054
115612, 7156120, 7181168, 25048
115613, 7156130, 7181181, 25051
115614, 7156140, 7181195, 25055
115615, 7156150, 7181208, 25058
115616, 7156160, 7181222, 25062
115617, 7156170, 7181235, 25065
115618, 7156180, 7181249, 25069
115619, 7156190, 7181262, 25072
115620, 7156200, 7181275, 25075
115621, 7156210, 7181289, 25079
115623, 7156230, 7181302, 25072
115624, 7156240, 7181316, 25076
115625, 7156250, 7181329, 25079
115626, 7156260, 7181343, 25083
115627, 7156270, 7181356, 25086
115628, 7156280, 7181370, 25090
115629, 7156290, 7181383, 25093
115630, 7156300, 7181396, 25096
115631, 7156310, 7181410, 25100
115633, 7156330, 7181423, 25093
115634, 7156340, 7181437, 25097
115635, 7156350, 7181450, 25100
115636, 7156360, 7181464, 25104
115637, 7156370, 7181477, 25107
115638, 7156380, 7181490, 25110
115639, 7156390, 7181504, 25114
115640, 7156400, 7181517, 25117
115641, 7156410, 7181531, 25121
115642, 7156420, 7181544, 25124
115644, 7156440, 7181558, 25118
115645, 7156450, 7181571, 25121
115646, 7156460, 7181585, 25125
115647, 7156470, 7181598, 25128
115648, 7156480, 7181611, 25131
115649, 7156490, 7181625, 25135
115651, 7156510, 7181652, 25142
115652, 7156520, 7181665, 25145
115653, 7156530, 7181679, 25149
115655, 7156550, 7181692, 25142
115656, 7156560, 7181706, 25146
115657, 7156570, 7181719, 25149
115658, 7156580, 7181732, 25152
115659, 7156590, 7181746, 25156
115660, 7156600, 7181759, 25159
115661, 7156610, 7181773, 25163
115662, 7156620, 7181786, 25166
115663, 7156630, 7181800, 25170
115665, 7156650, 7181813, 25163
115666, 7156660, 7181826, 25166
115667, 7156670, 7181840, 25170
115668, 7156680, 7181853, 25173
115669, 7156690, 7181867, 25177
115670, 7156700, 7181880, 25180
115671, 7156710, 7181894, 25184
115672, 7156720, 7181907, 25187
115673, 7156730, 7181921, 25191
115674, 7156740, 7181934, 25194
115676, 7156760, 7181947, 25187
115677, 7156770, 7181961, 25191
115678, 7156780, 7181974, 25194
115679, 7156790, 7181988, 25198
115680, 7156800, 7182001, 25201
115681, 7156810, 7182015, 25205
115682, 7156820, 7182028, 25208
115683, 7156830, 7182042, 25212
115684, 7156840, 7182055, 25215
115685, 7156850, 7182068, 25218
115687, 7156870, 7182082, 25212
115688, 7156880, 7182095, 25215
115689, 7156890, 7182109, 25219
115690, 7156900, 7182122, 25222
115691, 7156910, 7182136, 25226
115692, 7156920, 7182149, 25229
115693, 7156930, 7182162, 25232
115694, 7156940, 7182176, 25236
115695, 7156950, 7182189, 25239
115697, 7156970, 7182203, 25233
115698, 7156980, 7182216, 25236
115699, 7156990, 7182230, 25240
115701, 7157010, 7182257, 25247
115702, 7157020, 7182270, 25250
115703, 7157030, 7182283, 25253
115704, 7157040, 7182297, 25257
115705, 7157050, 7182310, 25260
115706, 7157060, 7182324, 25264
115708, 7157080, 7182337, 25257
115709, 7157090, 7182351, 25261
115710, 7157100, 7182364, 25264
115711, 7157110, 7182378, 25268
115712, 7157120, 7182391, 25271
115713, 7157130, 7182404, 25274
115714, 7157140, 7182418, 25278
115715, 7157150, 7182431, 25281
115716, 7157160, 7186012, 28852
115718, 7157180, 7186026, 28846
115719, 7157190, 7186039, 28849
115720, 7157200, 7186052, 28852
115721, 7157210, 7186066, 28856
115722, 7157220, 7186079, 28859
115723, 7157230, 7186093, 28863
115724, 7157240, 7186106, 28866
115725, 7157250, 7186120, 28870
115726, 7157260, 7186133, 28873
115727, 7157270, 7186146, 28876
115729, 7157290, 7186160, 28870
115730, 7157300, 7186173, 28873
115731, 7157310, 7186187, 28877
115732, 7157320, 7186200, 28880
115733, 7157330, 7186214, 28884
115734, 7157340, 7186227, 28887
115735, 7157350, 7186241, 28891
115736, 7157360, 7186254, 28894
115737, 7157370, 7186267, 28897
115738, 7157380, 7186281, 28901
115740, 7157400, 7186294, 28894
115741, 7157410, 7186308, 28898
115742, 7157420, 7186321, 28901
115743, 7157430, 7186335, 28905
115744, 7157440, 7186348, 28908
115745, 7157450, 7186362, 28912
115746, 7157460, 7186375, 28915
115747, 7157470, 7186388, 28918
115748, 7157480, 7186402, 28922
115751, 7157510, 7186429, 28919
115752, 7157520, 7186442, 28922
115753, 7157530, 7186456, 28926
115754, 7157540, 7186469, 28929
115755, 7157550, 7186482, 28932
115756, 7157560, 7186496, 28936
115757, 7157570, 7186509, 28939
115758, 7157580, 7186523, 28943
115759, 7157590, 7186536, 28946
115761, 7157610, 7186550, 28940
115762, 7157620, 7186563, 28943
115763, 7157630, 7186577, 28947
115764, 7157640, 7186590, 28950
115765, 7157650, 7186603, 28953
115766, 7157660, 7186617, 28957
115767, 7157670, 7186630, 28960
115768, 7157680, 7186644, 28964
115769, 7157690, 7186657, 28967
115771, 7157710, 7186671, 28961
115772, 7157720, 7186684, 28964
115773, 7157730, 7186698, 28968
115774, 7157740, 7186711, 28971
115775, 7157750, 7186724, 28974
115776, 7157760, 7186738, 28978
115777, 7157770, 7186751, 28981
115778, 7157780, 7186765, 28985
115779, 7157790, 7186778, 28988
115780, 7157800, 7186792, 28992
115782, 7157820, 7186805, 28985
115783, 7157830, 7186818, 28988
115784, 7157840, 7186832, 28992
115785, 7157850, 7186845, 28995
115786, 7157860, 7186859, 28999
115787, 7157870, 7186872, 29002
115788, 7157880, 7186886, 29006
115789, 7157890, 7186899, 29009
115790, 7157900, 7186913, 29013
115791, 7157910, 7186926, 29016
115793, 7157930, 7186939, 29009
115794, 7157940, 7186953, 29013
115795, 7157950, 7186966, 29016
115796, 7157960, 7186980, 29020
115797, 7157970, 7186993, 29023
115798, 7157980, 7187007, 29027
115799, 7157990, 7187020, 29030
116202, 7162020, 7187047, 25027
116203, 7162030, 7187060, 25030
116204, 7162040, 7187074, 25034
116205, 7162050, 7187087, 25037
116206, 7162060, 7187101, 25041
116207, 7162070, 7187114, 25044
116208, 7162080, 7187128, 25048
116209, 7162090, 7187141, 25051
116210, 7162100, 7187154, 25054
116212, 7162120, 7187168, 25048
116213, 7162130, 7187181, 25051
116214, 7162140, 7187195, 25055
116215, 7162150, 7187208, 25058
116216, 7162160, 7187222, 25062
116217, 7162170, 7187235, 25065
116218, 7162180, 7187249, 25069
116219, 7162190, 7187262, 25072
116220, 7162200, 7187275, 25075
116221, 7162210, 7187289, 25079
116223, 7162230, 7187302, 25072
116224, 7162240, 7187316, 25076
116225, 7162250, 7187329, 25079
116226, 7162260, 7187343, 25083
116227, 7162270, 7187356, 25086
116228, 7162280, 7187370, 25090
116229, 7162290, 7187383, 25093
116230, 7162300, 7187396, 25096
116231, 7162310, 7187410, 25100
116233, 7162330, 7187423, 25093
116234, 7162340, 7187437, 25097
116235, 7162350, 7187450, 25100
116236, 7162360, 7187464, 25104
116237, 7162370, 7187477, 25107
116238, 7162380, 7187490, 25110
116239, 7162390, 7187504, 25114
116240, 7162400, 7187517, 25117
116241, 7162410, 7187531, 25121
116242, 7162420, 7187544, 25124
116244, 7162440, 7187558, 25118
116245, 7162450, 7187571, 25121
116246, 7162460, 7187585, 25125
116247, 7162470, 7187598, 25128
116248, 7162480, 7187611, 25131
116249, 7162490, 7187625, 25135
116251, 7162510, 7187652, 25142
116252, 7162520, 7187665, 25145
116253, 7162530, 7187679, 25149
116255, 7162550, 7187692, 25142
116256, 7162560, 7187706, 25146
116257, 7162570, 7187719, 25149
116258, 7162580, 7187732, 25152
116259, 7162590, 7187746, 25156
116260, 7162600, 7187759, 25159
116261, 7162610, 7187773, 25163
116262, 7162620, 7187786, 25166
116263, 7162630, 7187800, 25170
116265, 7162650, 7187813, 25163
116266, 7162660, 7187826, 25166
116267, 7162670, 7187840, 25170
116268, 7162680, 7187853, 25173
116269, 7162690, 7187867, 25177
116270, 7162700, 7187880, 25180
116271, 7162710, 7187894, 25184
116272, 7162720, 7187907, 25187
116273, 7162730, 7187921, 25191
116274, 7162740, 7187934, 25194
116276, 7162760, 7187947, 25187
116277, 7162770, 7187961, 25191
116278, 7162780, 7187974, 25194
116279, 7162790, 7187988, 25198
116280, 7162800, 7188001, 25201
116281, 7162810, 7188015, 25205
116282, 7162820, 7188028, 25208
116283, 7162830, 7188042, 25212
116284, 7162840, 7188055, 25215
116285, 7162850, 7188068, 25218
116287, 7162870, 7188082, 25212
116288, 7162880, 7188095, 25215
116289, 7162890, 7188109, 25219
116290, 7162900, 7188122, 25222
116291, 7162910, 7188136, 25226
116292, 7162920, 7188149, 25229
116293, 7162930, 7188162, 25232
116294, 7162940, 7188176, 25236
116295, 7162950, 7188189, 25239
116297, 7162970, 7188203, 25233
116298, 7162980, 7188216, 25236
116299, 7162990, 7188230, 25240
116301, 7163010, 7188257, 25247
116302, 7163020, 7188270, 25250
116303, 7163030, 7188283, 25253
116304, 7163040, 7188297, 25257
116305, 7163050, 7188310, 25260
116306, 7163060, 7188324, 25264
116308, 7163080, 7188337, 25257
116309, 7163090, 7188351, 25261
116310, 7163100, 7188364, 25264
116311, 7163110, 7188378, 25268
116312, 7163120, 7188391, 25271
116313, 7163130, 7188404, 25274
116314, 7163140, 7188418, 25278
116315, 7163150, 7188431, 25281
116316, 7163160, 7192012, 28852
116318, 7163180, 7192026, 28846
116319, 7163190, 7192039, 28849
116320, 7163200, 7192052, 28852
116321, 7163210, 7192066, 28856
116322, 7163220, 7192079, 28859
116323, 7163230, 7192093, 28863
116324, 7163240, 7192106, 28866
116325, 7163250, 7192120, 28870
116326, 7163260, 7192133, 28873
116327, 7163270, 7192146, 28876
116329, 7163290, 7192160, 28870
116330, 7163300, 7192173, 28873
116331, 7163310, 7192187, 28877
116332, 7163320, 7192200, 28880
116333, 7163330, 7192214, 28884
116334, 7163340, 7192227, 28887
116335, 7163350, 7192241, 28891
116336, 7163360, 7192254, 28894
116337, 7163370, 7192267, 28897
116338, 7163380, 7192281, 28901
116340, 7163400, 7192294, 28894
116341, 7163410, 7192308, 28898
116342, 7163420, 7192321, 28901
116343, 7163430, 7192335, 28905
116344, 7163440, 7192348, 28908
116345, 7163450, 7192362, 28912
116346, 7163460, 7192375, 28915
116347, 7163470, 7192388, 28918
116348, 7163480, 7192402, 28922
116351, 7163510, 7192429, 28919
116352, 7163520, 7192442, 28922
116353, 7163530, 7192456, 28926
116354, 7163540, 7192469, 28929
116355, 7163550, 7192482, 28932
116356, 7163560, 7192496, 28936
116357, 7163570, 7192509, 28939
116358, 7163580, 7192523, 28943
116359, 7163590, 7192536, 28946
116361, 7163610, 7192550, 28940
116362, 7163620, 7192563, 28943
116363, 7163630, 7192577, 28947
116364, 7163640, 7192590, 28950
116365, 7163650, 7192603, 28953
116366, 7163660, 7192617, 28957
116367, 7163670, 7192630, 28960
116368, 7163680, 7192644, 28964
116369, 7163690, 7192657, 28967
116371, 7163710, 7192671, 28961
116372, 7163720, 7192684, 28964
116373, 7163730, 7192698, 28968
116374, 7163740, 7192711, 28971
116375, 7163750, 7192724, 28974
116376, 7163760, 7192738, 28978
116377, 7163770, 7192751, 28981
116378, 7163780, 7192765, 28985
116379, 7163790, 7192778, 28988
116380, 7163800, 7192792, 28992
116382, 7163820, 7192805, 28985
116383, 7163830, 7192818, 28988
116384, 7163840, 7192832, 28992
116385, 7163850, 7192845, 28995
116386, 7163860, 7192859, 28999
116387, 7163870, 7192872, 29002
116388, 7163880, 7192886, 29006
116389, 7163890, 7192899, 29009
116390, 7163900, 7192913, 29013
116391, 7163910, 7192926, 29016
116393, 7163930, 7192939, 29009
116394, 7163940, 7192953, 29013
116395, 7163950, 7192966, 29016
116396, 7163960, 7192980, 29020
116397, 7163970, 7192993, 29023
116398, 7163980, 7193007, 29027
116399, 7163990, 7193020, 29030
116802, 7168020, 7193047, 25027
116803, 7168030, 7193060, 25030
116804, 7168040, 7193074, 25034
116805, 7168050, 7193087, 25037
116806, 7168060, 7193101, 25041
116807, 7168070, 7193114, 25044
116808, 7168080, 7193128, 25048
116809, 7168090, 7193141, 25051
116810, 7168100, 7193154, 25054
116812, 7168120, 7193168, 25048
116813, 7168130, 7193181, 25051
116814, 7168140, 7193195, 25055
116815, 7168150, 7193208, 25058
116816, 7168160, 7193222, 25062
116817, 7168170, 7193235, 25065
116818, 7168180, 7193249, 25069
116819, 7168190, 7193262, 25072
116820, 7168200, 7193275, 25075
116821, 7168210, 7193289, 25079
116823, 7168230, 7193302, 25072
116824, 7168240, 7193316, 25076
116825, 7168250, 7193329, 25079
116826, 7168260, 7193343, 25083
116827, 7168270, 7193356, 25086
116828, 7168280, 7193370, 25090
116829, 7168290, 7193383, 25093
116830, 7168300, 7193396, 25096
116831, 7168310, 7193410, 25100
116833, 7168330, 7193423, 25093
116834, 7168340, 7193437, 25097
116835, 7168350, 7193450, 25100
116836, 7168360, 7193464, 25104
116837, 7168370, 7193477, 25107
116838, 7168380, 7193490, 25110
116839, 7168390, 7193504, 25114
116840, 7168400, 7193517, 25117
116841, 7168410, 7193531, 25121
116842, 7168420, 7193544, 25124
116844, 7168440, 7193558, 25118
116845, 7168450, 7193571, 25121
116846, 7168460, 7193585, 25125
116847, 7168470, 7193598, 25128
116848, 7168480, 7193611, 25131
116849, 7168490, 7193625, 25135
116851, 7168510, 7193652, 25142
116852, 7168520, 7193665, 25145
116853, 7168530, 7193679, 25149
116855, 7168550, 7193692, 25142
116856, 7168560, 7193706, 25146
116857, 7168570, 7193719, 25149
116858, 7168580, 7193732, 25152
116859, 7168590, 7193746, 25156
116860, 7168600, 7193759, 25159
116861, 7168610, 7193773, 25163
116862, 7168620, 7193786, 25166
116863, 7168630, 7193800, 25170
116865, 7168650, 7193813, 25163
116866, 7168660, 7193826, 25166
116867, 7168670, 7193840, 25170
116868, 7168680, 7193853, 25173
116869, 7168690, 7193867, 25177
116870, 7168700, 7193880, 25180
116871, 7168710, 7193894, 25184
116872, 7168720, 7193907, 25187
116873, 7168730, 7193921, 25191
116874, 7168740, 7193934, 25194
116876, 7168760, 7193947, 25187
116877, 7168770, 7193961, 25191
116878, 7168780, 7193974, 25194
116879, 7168790, 7193988, 25198
116880, 7168800, 7194001, 25201
116881, 7168810, 7194015, 25205
116882, 7168820, 7194028, 25208
116883, 7168830, 7194042, 25212
116884, 7168840, 7194055, 25215
116885, 7168850, 7194068, 25218
116887, 7168870, 7194082, 25212
116888, 7168880, 7194095, 25215
116889, 7168890, 7194109, 25219
116890, 7168900, 7194122, 25222
116891, 7168910, 7194136, 25226
116892, 7168920, 7194149, 25229
116893, 7168930, 7194162, 25232
116894, 7168940, 7194176, 25236
116895, 7168950, 7194189, 25239
116897, 7168970, 7194203, 25233
116898, 7168980, 7194216, 25236
116899, 7168990, 7194230, 25240
116901, 7169010, 7194257, 25247
116902, 7169020, 7194270, 25250
116903, 7169030, 7194283, 25253
116904, 7169040, 7194297, 25257
116905, 7169050, 7194310, 25260
116906, 7169060, 7194324, 25264
116908, 7169080, 7194337, 25257
116909, 7169090, 7194351, 25261
116910, 7169100, 7194364, 25264
116911, 7169110, 7194378, 25268
116912, 7169120, 7194391, 25271
116913, 7169130, 7194404, 25274
116914, 7169140, 7194418, 25278
116915, 7169150, 7194431, 25281
116916, 7169160, 7198012, 28852
116918, 7169180, 7198026, 28846
116919, 7169190, 7198039, 28849
116920, 7169200, 7198052, 28852
116921, 7169210, 7198066, 28856
116922, 7169220, 7198079, 28859
116923, 7169230, 7198093, 28863
116924, 7169240, 7198106, 28866
116925, 7169250, 7198120, 28870
116926, 7169260, 7198133, 28873
116927, 7169270, 7198146, 28876
116929, 7169290, 7198160, 28870
116930, 7169300, 7198173, 28873
116931, 7169310, 7198187, 28877
116932, 7169320, 7198200, 28880
116933, 7169330, 7198214, 28884
116934, 7169340, 7198227, 28887
116935, 7169350, 7198241, 28891
116936, 7169360, 7198254, 28894
116937, 7169370, 7198267, 28897
116938, 7169380, 7198281, 28901
116940, 7169400, 7198294, 28894
116941, 7169410, 7198308, 28898
116942, 7169420, 7198321, 28901
116943, 7169430, 7198335, 28905
116944, 7169440, 7198348, 28908
116945, 7169450, 7198362, 28912
116946, 7169460, 7198375, 28915
116947, 7169470, 7198388, 28918
116948, 7169480, 7198402, 28922
116951, 7169510, 7198429, 28919
116952, 7169520, 7198442, 28922
116953, 7169530, 7198456, 28926
116954, 7169540, 7198469, 28929
116955, 7169550, 7198482, 28932
116956, 7169560, 7198496, 28936
116957, 7169570, 7198509, 28939
116958, 7169580, 7198523, 28943
116959, 7169590, 7198536, 28946
116961, 7169610, 7198550, 28940
116962, 7169620, 7198563, 28943
116963, 7169630, 7198577, 28947
116964, 7169640, 7198590, 28950
116965, 7169650, 7198603, 28953
116966, 7169660, 7198617, 28957
116967, 7169670, 7198630, 28960
116968, 7169680, 7198644, 28964
116969, 7169690, 7198657, 28967
116971, 7169710, 7198671, 28961
116972, 7169720, 7198684, 28964
116973, 7169730, 7198698, 28968
116974, 7169740, 7198711, 28971
116975, 7169750, 7198724, 28974
116976, 7169760, 7198738, 28978
116977, 7169770, 7198751, 28981
116978, 7169780, 7198765, 28985
116979, 7169790, 7198778, 28988
116980, 7169800, 7198792, 28992
116982, 7169820, 7198805, 28985
116983, 7169830, 7198818, 28988
116984, 7169840, 7198832, 28992
116985, 7169850, 7198845, 28995
116986, 7169860, 7198859, 28999
116987, 7169870, 7198872, 29002
116988, 7169880, 7198886, 29006
116989, 7169890, 7198899, 29009
116990, 7169900, 7198913, 29013
116991, 7169910, 7198926, 29016
116993, 7169930, 7198939, 29009
116994, 7169940, 7198953, 29013
116995, 7169950, 7198966, 29016
116996, 7169960, 7198980, 29020
116997, 7169970, 7198993, 29023
116998, 7169980, 7199007, 29027
116999, 7169990, 7199020, 29030
117402, 7174020, 7199047, 25027
117403, 7174030, 7199060, 25030
117404, 7174040, 7199074, 25034
117405, 7174050, 7199087, 25037
117406, 7174060, 7199101, 25041
117407, 7174070, 7199114, 25044
117408, 7174080, 7199128, 25048
117409, 7174090, 7199141, 25051
117410, 7174100, 7199154, 25054
117412, 7174120, 7199168, 25048
117413, 7174130, 7199181, 25051
117414, 7174140, 7199195, 25055
117415, 7174150, 7199208, 25058
117416, 7174160, 7199222, 25062
117417, 7174170, 7199235, 25065
117418, 7174180, 7199249, 25069
117419, 7174190, 7199262, 25072
117420, 7174200, 7199275, 25075
117421, 7174210, 7199289, 25079
117423, 7174230, 7199302, 25072
117424, 7174240, 7199316, 25076
117425, 7174250, 7199329, 25079
117426, 7174260, 7199343, 25083
117427, 7174270, 7199356, 25086
117428, 7174280, 7199370, 25090
117429, 7174290, 7199383, 25093
117430, 7174300, 7199396, 25096
117431, 7174310, 7199410, 25100
117433, 7174330, 7199423, 25093
117434, 7174340, 7199437, 25097
117435, 7174350, 7199450, 25100
117436, 7174360, 7199464, 25104
117437, 7174370, 7199477, 25107
117438, 7174380, 7199490, 25110
117439, 7174390, 7199504, 25114
117440, 7174400, 7199517, 25117
117441, 7174410, 7199531, 25121
117442, 7174420, 7199544, 25124
117444, 7174440, 7199558, 25118
117445, 7174450, 7199571, 25121
117446, 7174460, 7199585, 25125
117447, 7174470, 7199598, 25128
117448, 7174480, 7199611, 25131
117449, 7174490, 7199625, 25135
117451, 7174510, 7199652, 25142
117452, 7174520, 7199665, 25145
117453, 7174530, 7199679, 25149
117455, 7174550, 7199692, 25142
117456, 7174560, 7199706, 25146
117457, 7174570, 7199719, 25149
117458, 7174580, 7199732, 25152
117459, 7174590, 7199746, 25156
117460, 7174600, 7199759, 25159
117461, 7174610, 7199773, 25163
117462, 7174620, 7199786, 25166
117463, 7174630, 7199800, 25170
117465, 7174650, 7199813, 25163
117466, 7174660, 7199826, 25166
117467, 7174670, 7199840, 25170
117468, 7174680, 7199853, 25173
117469, 7174690, 7199867, 25177
117470, 7174700, 7199880, 25180
117471, 7174710, 7199894, 25184
117472, 7174720, 7199907, 25187
117473, 7174730, 7199921, 25191
117474, 7174740, 7199934, 25194
117476, 7174760, 7199947, 25187
117477, 7174770, 7199961, 25191
117478, 7174780, 7199974, 25194
117479, 7174790, 7199988, 25198
117480, 7174800, 7200001, 25201
117481, 7174810, 7200015, 25205
117482, 7174820, 7200028, 25208
117483, 7174830, 7200042, 25212
117484, 7174840, 7200055, 25215
117485, 7174850, 7200068, 25218
117487, 7174870, 7200082, 25212
117488, 7174880, 7200095, 25215
117489, 7174890, 7200109, 25219
117490, 7174900, 7200122, 25222
117491, 7174910, 7200136, 25226
117492, 7174920, 7200149, 25229
117493, 7174930, 7200162, 25232
117494, 7174940, 7200176, 25236
117495, 7174950, 7200189, 25239
117497, 7174970, 7200203, 25233
117498, 7174980, 7200216, 25236
117499, 7174990, 7200230, 25240
117501, 7175010, 7200257, 25247
117502, 7175020, 7200270, 25250
117503, 7175030, 7200283, 25253
117504, 7175040, 7200297, 25257
117505, 7175050, 7200310, 25260
117506, 7175060, 7200324, 25264
117508, 7175080, 7200337, 25257
117509, 7175090, 7200351, 25261
117510, 7175100, 7200364, 25264
117511, 7175110, 7200378, 25268
117512, 7175120, 7200391, 25271
117513, 7175130, 7200404, 25274
117514, 7175140, 7200418, 25278
117515, 7175150, 7200431, 25281
117516, 7175160, 7204012, 28852
117517, 7175170, 7204026, 28856
117519, 7175190, 7204039, 28849
117520, 7175200, 7204052, 28852
117521, 7175210, 7204066, 28856
117522, 7175220, 7204079, 28859
117523, 7175230, 7204093, 28863
117524, 7175240, 7204106, 28866
117525, 7175250, 7204120, 28870
117526, 7175260, 7204133, 28873
117527, 7175270, 7204146, 28876
117529, 7175290, 7204160, 28870
117530, 7175300, 7204173, 28873
117531, 7175310, 7204187, 28877
117532, 7175320, 7204200, 28880
117533, 7175330, 7204214, 28884
117534, 7175340, 7204227, 28887
117535, 7175350, 7204241, 28891
117536, 7175360, 7204254, 28894
117537, 7175370, 7204267, 28897
117538, 7175380, 7204281, 28901
117540, 7175400, 7204294, 28894
117541, 7175410, 7204308, 28898
117542, 7175420, 7204321, 28901
117543, 7175430, 7204335, 28905
117544, 7175440, 7204348, 28908
117545, 7175450, 7204362, 28912
117546, 7175460, 7204375, 28915
117547, 7175470, 7204388, 28918
117548, 7175480, 7204402, 28922
117551, 7175510, 7204429, 28919
117552, 7175520, 7204442, 28922
117553, 7175530, 7204456, 28926
117554, 7175540, 7204469, 28929
117555, 7175550, 7204482, 28932
117556, 7175560, 7204496, 28936
117557, 7175570, 7204509, 28939
117558, 7175580, 7204523, 28943
117559, 7175590, 7204536, 28946
117561, 7175610, 7204550, 28940
117562, 7175620, 7204563, 28943
117563, 7175630, 7204577, 28947
117564, 7175640, 7204590, 28950
117565, 7175650, 7204603, 28953
117566, 7175660, 7204617, 28957
117567, 7175670, 7204630, 28960
117568, 7175680, 7204644, 28964
117569, 7175690, 7204657, 28967
117570, 7175700, 7204671, 28971
117572, 7175720, 7204684, 28964
117573, 7175730, 7204698, 28968
117574, 7175740, 7204711, 28971
117575, 7175750, 7204724, 28974
117576, 7175760, 7204738, 28978
117577, 7175770, 7204751, 28981
117578, 7175780, 7204765, 28985
117579, 7175790, 7204778, 28988
117580, 7175800, 7204792, 28992
117582, 7175820, 7204805, 28985
117583, 7175830, 7204818, 28988
117584, 7175840, 7204832, 28992
117585, 7175850, 7204845, 28995
117586, 7175860, 7204859, 28999
117587, 7175870, 7204872, 29002
117588, 7175880, 7204886, 29006
117589, 7175890, 7204899, 29009
117590, 7175900, 7204913, 29013
117591, 7175910, 7204926, 29016
117593, 7175930, 7204939, 29009
117594, 7175940, 7204953, 29013
117595, 7175950, 7204966, 29016
117596, 7175960, 7204980, 29020
117597, 7175970, 7204993, 29023
117598, 7175980, 7205007, 29027
117599, 7175990, 7205020, 29030
118002, 7180020, 7205047, 25027
118003, 7180030, 7205060, 25030
118004, 7180040, 7205074, 25034
118005, 7180050, 7205087, 25037
118006, 7180060, 7205101, 25041
118007, 7180070, 7205114, 25044
118008, 7180080, 7205127, 25047
118009, 7180090, 7205141, 25051
118010, 7180100, 7205154, 25054
118012, 7180120, 7205168, 25048
118013, 7180130, 7205181, 25051
118014, 7180140, 7205195, 25055
118015, 7180150, 7205208, 25058
118016, 7180160, 7205222, 25062
118017, 7180170, 7205235, 25065
118018, 7180180, 7205248, 25068
118019, 7180190, 7205262, 25072
118020, 7180200, 7205275, 25075
118021, 7180210, 7205289, 25079
118023, 7180230, 7205302, 25072
118024, 7180240, 7205316, 25076
118025, 7180250, 7205329, 25079
118026, 7180260, 7205342, 25082
118027, 7180270, 7205356, 25086
118028, 7180280, 7205369, 25089
118029, 7180290, 7205383, 25093
118030, 7180300, 7205396, 25096
118031, 7180310, 7205410, 25100
118033, 7180330, 7205423, 25093
118034, 7180340, 7205437, 25097
118035, 7180350, 7205450, 25100
118036, 7180360, 7205463, 25103
118037, 7180370, 7205477, 25107
118038, 7180380, 7205490, 25110
118039, 7180390, 7205504, 25114
118040, 7180400, 7205517, 25117
118041, 7180410, 7205531, 25121
118042, 7180420, 7205544, 25124
118044, 7180440, 7205558, 25118
118045, 7180450, 7205571, 25121
118046, 7180460, 7205584, 25124
118047, 7180470, 7205598, 25128
118048, 7180480, 7205611, 25131
118049, 7180490, 7205625, 25135
118051, 7180510, 7205652, 25142
118052, 7180520, 7205665, 25145
118053, 7180530, 7205678, 25148
118055, 7180550, 7205692, 25142
118056, 7180560, 7205705, 25145
118057, 7180570, 7205719, 25149
118058, 7180580, 7205732, 25152
118059, 7180590, 7205746, 25156
118060, 7180600, 7205759, 25159
118061, 7180610, 7205773, 25163
118062, 7180620, 7205786, 25166
118063, 7180630, 7205799, 25169
118065, 7180650, 7205813, 25163
118066, 7180660, 7205826, 25166
118067, 7180670, 7205840, 25170
118068, 7180680, 7205853, 25173
118069, 7180690, 7205867, 25177
118070, 7180700, 7205880, 25180
118071, 7180710, 7205894, 25184
118072, 7180720, 7205907, 25187
118073, 7180730, 7205920, 25190
118074, 7180740, 7205934, 25194
118076, 7180760, 7205947, 25187
118077, 7180770, 7205961, 25191
118078, 7180780, 7205974, 25194
118079, 7180790, 7205988, 25198
118080, 7180800, 7206001, 25201
118081, 7180810, 7206014, 25204
118082, 7180820, 7206028, 25208
118083, 7180830, 7206041, 25211
118084, 7180840, 7206055, 25215
118085, 7180850, 7206068, 25218
118087, 7180870, 7206082, 25212
118088, 7180880, 7206095, 25215
118089, 7180890, 7206109, 25219
118090, 7180900, 7206122, 25222
118091, 7180910, 7206135, 25225
118092, 7180920, 7206149, 25229
118093, 7180930, 7206162, 25232
118094, 7180940, 7206176, 25236
118095, 7180950, 7206189, 25239
118097, 7180970, 7206203, 25233
118098, 7180980, 7206216, 25236
118099, 7180990, 7206230, 25240
118101, 7181010, 7206256, 25246
118102, 7181020, 7206270, 25250
118103, 7181030, 7206283, 25253
118104, 7181040, 7206297, 25257
118105, 7181050, 7206310, 25260
118106, 7181060, 7206324, 25264
118108, 7181080, 7206337, 25257
118109, 7181090, 7206350, 25260
118110, 7181100, 7206364, 25264
118111, 7181110, 7206377, 25267
118112, 7181120, 7206391, 25271
118113, 7181130, 7206404, 25274
118114, 7181140, 7206418, 25278
118115, 7181150, 7206431, 25281
118116, 7181160, 7210012, 28852
118118, 7181180, 7210026, 28846
118119, 7181190, 7210039, 28849
118120, 7181200, 7210052, 28852
118121, 7181210, 7210066, 28856
118122, 7181220, 7210079, 28859
118123, 7181230, 7210093, 28863
118124, 7181240, 7210106, 28866
118125, 7181250, 7210120, 28870
118126, 7181260, 7210133, 28873
118127, 7181270, 7210146, 28876
118129, 7181290, 7210160, 28870
118130, 7181300, 7210173, 28873
118131, 7181310, 7210187, 28877
118132, 7181320, 7210200, 28880
118133, 7181330, 7210214, 28884
118134, 7181340, 7210227, 28887
118135, 7181350, 7210241, 28891
118136, 7181360, 7210254, 28894
118137, 7181370, 7210267, 28897
118138, 7181380, 7210281, 28901
118140, 7181400, 7210294, 28894
118141, 7181410, 7210308, 28898
118142, 7181420, 7210321, 28901
118143, 7181430, 7210335, 28905
118144, 7181440, 7210348, 28908
118145, 7181450, 7210362, 28912
118146, 7181460, 7210375, 28915
118147, 7181470, 7210388, 28918
118148, 7181480, 7210402, 28922
118151, 7181510, 7210429, 28919
118152, 7181520, 7210442, 28922
118153, 7181530, 7210456, 28926
118154, 7181540, 7210469, 28929
118155, 7181550, 7210482, 28932
118156, 7181560, 7210496, 28936
118157, 7181570, 7210509, 28939
118158, 7181580, 7210523, 28943
118159, 7181590, 7210536, 28946
118161, 7181610, 7210550, 28940
118162, 7181620, 7210563, 28943
118163, 7181630, 7210577, 28947
118164, 7181640, 7210590, 28950
118165, 7181650, 7210603, 28953
118166, 7181660, 7210617, 28957
118167, 7181670, 7210630, 28960
118168, 7181680, 7210644, 28964
118169, 7181690, 7210657, 28967
118171, 7181710, 7210671, 28961
118172, 7181720, 7210684, 28964
118173, 7181730, 7210698, 28968
118174, 7181740, 7210711, 28971
118175, 7181750, 7210724, 28974
118176, 7181760, 7210738, 28978
118177, 7181770, 7210751, 28981
118178, 7181780, 7210765, 28985
118179, 7181790, 7210778, 28988
118180, 7181800, 7210792, 28992
118182, 7181820, 7210805, 28985
118183, 7181830, 7210818, 28988
118184, 7181840, 7210832, 28992
118185, 7181850, 7210845, 28995
118186, 7181860, 7210859, 28999
118187, 7181870, 7210872, 29002
118188, 7181880, 7210886, 29006
118189, 7181890, 7210899, 29009
118190, 7181900, 7210913, 29013
118191, 7181910, 7210926, 29016
118193, 7181930, 7210939, 29009
118194, 7181940, 7210953, 29013
118195, 7181950, 7210966, 29016
118196, 7181960, 7210980, 29020
118197, 7181970, 7210993, 29023
118198, 7181980, 7211007, 29027
118199, 7181990, 7211020, 29030
118602, 7186020, 7211047, 25027
118603, 7186030, 7211060, 25030
118604, 7186040, 7211074, 25034
118605, 7186050, 7211087, 25037
118606, 7186060, 7211101, 25041
118607, 7186070, 7211114, 25044
118608, 7186080, 7211128, 25048
118609, 7186090, 7211141, 25051
118610, 7186100, 7211154, 25054
118612, 7186120, 7211168, 25048
118613, 7186130, 7211181, 25051
118614, 7186140, 7211195, 25055
118615, 7186150, 7211208, 25058
118616, 7186160, 7211222, 25062
118617, 7186170, 7211235, 25065
118618, 7186180, 7211249, 25069
118619, 7186190, 7211262, 25072
118620, 7186200, 7211275, 25075
118621, 7186210, 7211289, 25079
118623, 7186230, 7211302, 25072
118624, 7186240, 7211316, 25076
118625, 7186250, 7211329, 25079
118626, 7186260, 7211343, 25083
118627, 7186270, 7211356, 25086
118628, 7186280, 7211370, 25090
118629, 7186290, 7211383, 25093
118630, 7186300, 7211396, 25096
118631, 7186310, 7211410, 25100
118633, 7186330, 7211423, 25093
118634, 7186340, 7211437, 25097
118635, 7186350, 7211450, 25100
118636, 7186360, 7211464, 25104
118637, 7186370, 7211477, 25107
118638, 7186380, 7211490, 25110
118639, 7186390, 7211504, 25114
118640, 7186400, 7211517, 25117
118641, 7186410, 7211531, 25121
118642, 7186420, 7211544, 25124
118644, 7186440, 7211558, 25118
118645, 7186450, 7211571, 25121
118646, 7186460, 7211585, 25125
118647, 7186470, 7211598, 25128
118648, 7186480, 7211611, 25131
118649, 7186490, 7211625, 25135
118651, 7186510, 7211652, 25142
118652, 7186520, 7211665, 25145
118653, 7186530, 7211679, 25149
118655, 7186550, 7211692, 25142
118656, 7186560, 7211706, 25146
118657, 7186570, 7211719, 25149
118658, 7186580, 7211732, 25152
118659, 7186590, 7211746, 25156
118660, 7186600, 7211759, 25159
118661, 7186610, 7211773, 25163
118662, 7186620, 7211786, 25166
118663, 7186630, 7211800, 25170
118665, 7186650, 7211813, 25163
118666, 7186660, 7211826, 25166
118667, 7186670, 7211840, 25170
118668, 7186680, 7211853, 25173
118669, 7186690, 7211867, 25177
118670, 7186700, 7211880, 25180
118671, 7186710, 7211894, 25184
118672, 7186720, 7211907, 25187
118673, 7186730, 7211921, 25191
118674, 7186740, 7211934, 25194
118676, 7186760, 7211947, 25187
118677, 7186770, 7211961, 25191
118678, 7186780, 7211974, 25194
118679, 7186790, 7211988, 25198
118680, 7186800, 7212001, 25201
118681, 7186810, 7212015, 25205
118682, 7186820, 7212028, 25208
118683, 7186830, 7212042, 25212
118684, 7186840, 7212055, 25215
118685, 7186850, 7212068, 25218
118687, 7186870, 7212082, 25212
118688, 7186880, 7212095, 25215
118689, 7186890, 7212109, 25219
118690, 7186900, 7212122, 25222
118691, 7186910, 7212136, 25226
118692, 7186920, 7212149, 25229
118693, 7186930, 7212162, 25232
118694, 7186940, 7212176, 25236
118695, 7186950, 7212189, 25239
118697, 7186970, 7212203, 25233
118698, 7186980, 7212216, 25236
118699, 7186990, 7212230, 25240
118701, 7187010, 7212257, 25247
118702, 7187020, 7212270, 25250
118703, 7187030, 7212283, 25253
118704, 7187040, 7212297, 25257
118705, 7187050, 7212310, 25260
118706, 7187060, 7212324, 25264
118708, 7187080, 7212337, 25257
118709, 7187090, 7212351, 25261
118710, 7187100, 7212364, 25264
118711, 7187110, 7212378, 25268
118712, 7187120, 7212391, 25271
118713, 7187130, 7212404, 25274
118714, 7187140, 7212418, 25278
118715, 7187150, 7212431, 25281
118716, 7187160, 7216012, 28852
118718, 7187180, 7216026, 28846
118719, 7187190, 7216039, 28849
118720, 7187200, 7216052, 28852
118721, 7187210, 7216066, 28856
118722, 7187220, 7216079, 28859
118723, 7187230, 7216093, 28863
118724, 7187240, 7216106, 28866
118725, 7187250, 7216120, 28870
118726, 7187260, 7216133, 28873
118727, 7187270, 7216146, 28876
118729, 7187290, 7216160, 28870
118730, 7187300, 7216173, 28873
118731, 7187310, 7216187, 28877
118732, 7187320, 7216200, 28880
118733, 7187330, 7216214, 28884
118734, 7187340, 7216227, 28887
118735, 7187350, 7216241, 28891
118736, 7187360, 7216254, 28894
118737, 7187370, 7216267, 28897
118738, 7187380, 7216281, 28901
118740, 7187400, 7216294, 28894
118741, 7187410, 7216308, 28898
118742, 7187420, 7216321, 28901
118743, 7187430, 7216335, 28905
118744, 7187440, 7216348, 28908
118745, 7187450, 7216362, 28912
118746, 7187460, 7216375, 28915
118747, 7187470, 7216388, 28918
118748, 7187480, 7216402, 28922
118751, 7187510, 7216429, 28919
118752, 7187520, 7216442, 28922
118753, 7187530, 7216456, 28926
118754, 7187540, 7216469, 28929
118755, 7187550, 7216482, 28932
118756, 7187560, 7216496, 28936
118757, 7187570, 7216509, 28939
118758, 7187580, 7216523, 28943
118759, 7187590, 7216536, 28946
118761, 7187610, 7216550, 28940
118762, 7187620, 7216563, 28943
118763, 7187630, 7216577, 28947
118764, 7187640, 7216590, 28950
118765, 7187650, 7216603, 28953
118766, 7187660, 7216617, 28957
118767, 7187670, 7216630, 28960
118768, 7187680, 7216644, 28964
118769, 7187690, 7216657, 28967
118771, 7187710, 7216671, 28961
118772, 7187720, 7216684, 28964
118773, 7187730, 7216698, 28968
118774, 7187740, 7216711, 28971
118775, 7187750, 7216724, 28974
118776, 7187760, 7216738, 28978
118777, 7187770, 7216751, 28981
118778, 7187780, 7216765, 28985
118779, 7187790, 7216778, 28988
118780, 7187800, 7216792, 28992
118782, 7187820, 7216805, 28985
118783, 7187830, 7216818, 28988
118784, 7187840, 7216832, 28992
118785, 7187850, 7216845, 28995
118786, 7187860, 7216859, 28999
118787, 7187870, 7216872, 29002
118788, 7187880, 7216886, 29006
118789, 7187890, 7216899, 29009
118790, 7187900, 7216913, 29013
118791, 7187910, 7216926, 29016
118793, 7187930, 7216939, 29009
118794, 7187940, 7216953, 29013
118795, 7187950, 7216966, 29016
118796, 7187960, 7216980, 29020
118797, 7187970, 7216993, 29023
118798, 7187980, 7217007, 29027
118799, 7187990, 7217020, 29030
119202, 7192020, 7217047, 25027
119203, 7192030, 7217060, 25030
119204, 7192040, 7217074, 25034
119205, 7192050, 7217087, 25037
119206, 7192060, 7217101, 25041
119207, 7192070, 7217114, 25044
119208, 7192080, 7217128, 25048
119209, 7192090, 7217141, 25051
119210, 7192100, 7217154, 25054
119212, 7192120, 7217168, 25048
119213, 7192130, 7217181, 25051
119214, 7192140, 7217195, 25055
119215, 7192150, 7217208, 25058
119216, 7192160, 7217222, 25062
119217, 7192170, 7217235, 25065
119218, 7192180, 7217249, 25069
119219, 7192190, 7217262, 25072
119220, 7192200, 7217275, 25075
119221, 7192210, 7217289, 25079
119223, 7192230, 7217302, 25072
119224, 7192240, 7217316, 25076
119225, 7192250, 7217329, 25079
119226, 7192260, 7217343, 25083
119227, 7192270, 7217356, 25086
119228, 7192280, 7217370, 25090
119229, 7192290, 7217383, 25093
119230, 7192300, 7217396, 25096
119231, 7192310, 7217410, 25100
119233, 7192330, 7217423, 25093
119234, 7192340, 7217437, 25097
119235, 7192350, 7217450, 25100
119236, 7192360, 7217464, 25104
119237, 7192370, 7217477, 25107
119238, 7192380, 7217490, 25110
119239, 7192390, 7217504, 25114
119240, 7192400, 7217517, 25117
119241, 7192410, 7217531, 25121
119242, 7192420, 7217544, 25124
119244, 7192440, 7217558, 25118
119245, 7192450, 7217571, 25121
119246, 7192460, 7217585, 25125
119247, 7192470, 7217598, 25128
119248, 7192480, 7217611, 25131
119249, 7192490, 7217625, 25135
119251, 7192510, 7217652, 25142
119252, 7192520, 7217665, 25145
119253, 7192530, 7217679, 25149
119255, 7192550, 7217692, 25142
119256, 7192560, 7217706, 25146
119257, 7192570, 7217719, 25149
119258, 7192580, 7217732, 25152
119259, 7192590, 7217746, 25156
119260, 7192600, 7217759, 25159
119261, 7192610, 7217773, 25163
119262, 7192620, 7217786, 25166
119263, 7192630, 7217800, 25170
119265, 7192650, 7217813, 25163
119266, 7192660, 7217826, 25166
119267, 7192670, 7217840, 25170
119268, 7192680, 7217853, 25173
119269, 7192690, 7217867, 25177
119270, 7192700, 7217880, 25180
119271, 7192710, 7217894, 25184
119272, 7192720, 7217907, 25187
119273, 7192730, 7217921, 25191
119274, 7192740, 7217934, 25194
119276, 7192760, 7217947, 25187
119277, 7192770, 7217961, 25191
119278, 7192780, 7217974, 25194
119279, 7192790, 7217988, 25198
119280, 7192800, 7218001, 25201
119281, 7192810, 7218015, 25205
119282, 7192820, 7218028, 25208
119283, 7192830, 7218042, 25212
119284, 7192840, 7218055, 25215
119285, 7192850, 7218068, 25218
119287, 7192870, 7218082, 25212
119288, 7192880, 7218095, 25215
119289, 7192890, 7218109, 25219
119290, 7192900, 7218122, 25222
119291, 7192910, 7218136, 25226
119292, 7192920, 7218149, 25229
119293, 7192930, 7218162, 25232
119294, 7192940, 7218176, 25236
119295, 7192950, 7218189, 25239
119297, 7192970, 7218203, 25233
119298, 7192980, 7218216, 25236
119299, 7192990, 7218230, 25240
119301, 7193010, 7218257, 25247
119302, 7193020, 7218270, 25250
119303, 7193030, 7218283, 25253
119304, 7193040, 7218297, 25257
119305, 7193050, 7218310, 25260
119306, 7193060, 7218324, 25264
119308, 7193080, 7218337, 25257
119309, 7193090, 7218351, 25261
119310, 7193100, 7218364, 25264
119311, 7193110, 7218378, 25268
119312, 7193120, 7218391, 25271
119313, 7193130, 7218404, 25274
119314, 7193140, 7218418, 25278
119315, 7193150, 7218431, 25281
119316, 7193160, 7222012, 28852
119318, 7193180, 7222026, 28846
119319, 7193190, 7222039, 28849
119320, 7193200, 7222052, 28852
119321, 7193210, 7222066, 28856
119322, 7193220, 7222079, 28859
119323, 7193230, 7222093, 28863
119324, 7193240, 7222106, 28866
119325, 7193250, 7222120, 28870
119326, 7193260, 7222133, 28873
119327, 7193270, 7222146, 28876
119329, 7193290, 7222160, 28870
119330, 7193300, 7222173, 28873
119331, 7193310, 7222187, 28877
119332, 7193320, 7222200, 28880
119333, 7193330, 7222214, 28884
119334, 7193340, 7222227, 28887
119335, 7193350, 7222241, 28891
119336, 7193360, 7222254, 28894
119337, 7193370, 7222267, 28897
119338, 7193380, 7222281, 28901
119340, 7193400, 7222294, 28894
119341, 7193410, 7222308, 28898
119342, 7193420, 7222321, 28901
119343, 7193430, 7222335, 28905
119344, 7193440, 7222348, 28908
119345, 7193450, 7222362, 28912
119346, 7193460, 7222375, 28915
119347, 7193470, 7222388, 28918
119348, 7193480, 7222402, 28922
119351, 7193510, 7222429, 28919
119352, 7193520, 7222442, 28922
119353, 7193530, 7222456, 28926
119354, 7193540, 7222469, 28929
119355, 7193550, 7222482, 28932
119356, 7193560, 7222496, 28936
119357, 7193570, 7222509, 28939
119358, 7193580, 7222523, 28943
119359, 7193590, 7222536, 28946
119361, 7193610, 7222550, 28940
119362, 7193620, 7222563, 28943
119363, 7193630, 7222577, 28947
119364, 7193640, 7222590, 28950
119365, 7193650, 7222603, 28953
119366, 7193660, 7222617, 28957
119367, 7193670, 7222630, 28960
119368, 7193680, 7222644, 28964
119369, 7193690, 7222657, 28967
119371, 7193710, 7222671, 28961
119372, 7193720, 7222684, 28964
119373, 7193730, 7222698, 28968
119374, 7193740, 7222711, 28971
119375, 7193750, 7222724, 28974
119376, 7193760, 7222738, 28978
119377, 7193770, 7222751, 28981
119378, 7193780, 7222765, 28985
119379, 7193790, 7222778, 28988
119380, 7193800, 7222792, 28992
119382, 7193820, 7222805, 28985
119383, 7193830, 7222818, 28988
119384, 7193840, 7222832, 28992
119385, 7193850, 7222845, 28995
119386, 7193860, 7222859, 28999
119387, 7193870, 7222872, 29002
119388, 7193880, 7222886, 29006
119389, 7193890, 7222899, 29009
119390, 7193900, 7222913, 29013
119391, 7193910, 7222926, 29016
119393, 7193930, 7222939, 29009
119394, 7193940, 7222953, 29013
119395, 7193950, 7222966, 29016
119396, 7193960, 7222980, 29020
119397, 7193970, 7222993, 29023
119398, 7193980, 7223007, 29027
119399, 7193990, 7223020, 29030
119802, 7198020, 7223047, 25027
119803, 7198030, 7223060, 25030
119804, 7198040, 7223074, 25034
119805, 7198050, 7223087, 25037
119806, 7198060, 7223101, 25041
119807, 7198070, 7223114, 25044
119808, 7198080, 7223128, 25048
119809, 7198090, 7223141, 25051
119810, 7198100, 7223154, 25054
119812, 7198120, 7223168, 25048
119813, 7198130, 7223181, 25051
119814, 7198140, 7223195, 25055
119815, 7198150, 7223208, 25058
119816, 7198160, 7223222, 25062
119817, 7198170, 7223235, 25065
119818, 7198180, 7223249, 25069
119819, 7198190, 7223262, 25072
119820, 7198200, 7223275, 25075
119821, 7198210, 7223289, 25079
119823, 7198230, 7223302, 25072
119824, 7198240, 7223316, 25076
119825, 7198250, 7223329, 25079
119826, 7198260, 7223343, 25083
119827, 7198270, 7223356, 25086
119828, 7198280, 7223370, 25090
119829, 7198290, 7223383, 25093
119830, 7198300, 7223396, 25096
119831, 7198310, 7223410, 25100
119833, 7198330, 7223423, 25093
119834, 7198340, 7223437, 25097
119835, 7198350, 7223450, 25100
119836, 7198360, 7223464, 25104
119837, 7198370, 7223477, 25107
119838, 7198380, 7223490, 25110
119839, 7198390, 7223504, 25114
119840, 7198400, 7223517, 25117
119841, 7198410, 7223531, 25121
119842, 7198420, 7223544, 25124
119844, 7198440, 7223558, 25118
119845, 7198450, 7223571, 25121
119846, 7198460, 7223585, 25125
119847, 7198470, 7223598, 25128
119848, 7198480, 7223611, 25131
119849, 7198490, 7223625, 25135
119851, 7198510, 7223652, 25142
119852, 7198520, 7223665, 25145
119853, 7198530, 7223679, 25149
119855, 7198550, 7223692, 25142
119856, 7198560, 7223706, 25146
119857, 7198570, 7223719, 25149
119858, 7198580, 7223732, 25152
119859, 7198590, 7223746, 25156
119860, 7198600, 7223759, 25159
119861, 7198610, 7223773, 25163
119862, 7198620, 7223786, 25166
119863, 7198630, 7223800, 25170
119865, 7198650, 7223813, 25163
119866, 7198660, 7223826, 25166
119867, 7198670, 7223840, 25170
119868, 7198680, 7223853, 25173
119869, 7198690, 7223867, 25177
119870, 7198700, 7223880, 25180
119871, 7198710, 7223894, 25184
119872, 7198720, 7223907, 25187
119873, 7198730, 7223921, 25191
119874, 7198740, 7223934, 25194
119876, 7198760, 7223947, 25187
119877, 7198770, 7223961, 25191
119878, 7198780, 7223974, 25194
119879, 7198790, 7223988, 25198
119880, 7198800, 7224001, 25201
119881, 7198810, 7224015, 25205
119882, 7198820, 7224028, 25208
119883, 7198830, 7224042, 25212
119884, 7198840, 7224055, 25215
119885, 7198850, 7224068, 25218
119887, 7198870, 7224082, 25212
119888, 7198880, 7224095, 25215
119889, 7198890, 7224109, 25219
119890, 7198900, 7224122, 25222
119891, 7198910, 7224136, 25226
119892, 7198920, 7224149, 25229
119893, 7198930, 7224162, 25232
119894, 7198940, 7224176, 25236
119895, 7198950, 7224189, 25239
119897, 7198970, 7224203, 25233
119898, 7198980, 7224216, 25236
119899, 7198990, 7224230, 25240
119901, 7199010, 7224257, 25247
119902, 7199020, 7224270, 25250
119903, 7199030, 7224283, 25253
119904, 7199040, 7224297, 25257
119905, 7199050, 7224310, 25260
119906, 7199060, 7224324, 25264
119908, 7199080, 7224337, 25257
119909, 7199090, 7224351, 25261
119910, 7199100, 7224364, 25264
119911, 7199110, 7224378, 25268
119912, 7199120, 7224391, 25271
119913, 7199130, 7224404, 25274
119914, 7199140, 7224418, 25278
119915, 7199150, 7224431, 25281
119916, 7199160, 7228012, 28852
119918, 7199180, 7228026, 28846
119919, 7199190, 7228039, 28849
119920, 7199200, 7228052, 28852
119921, 7199210, 7228066, 28856
119922, 7199220, 7228079, 28859
119923, 7199230, 7228093, 28863
119924, 7199240, 7228106, 28866
119925, 7199250, 7228120, 28870
119926, 7199260, 7228133, 28873
119927, 7199270, 7228146, 28876
119929, 7199290, 7228160, 28870
119930, 7199300, 7228173, 28873
119931, 7199310, 7228187, 28877
119932, 7199320, 7228200, 28880
119933, 7199330, 7228214, 28884
119934, 7199340, 7228227, 28887
119935, 7199350, 7228241, 28891
119936, 7199360, 7228254, 28894
119937, 7199370, 7228267, 28897
119938, 7199380, 7228281, 28901
119940, 7199400, 7228294, 28894
119941, 7199410, 7228308, 28898
119942, 7199420, 7228321, 28901
119943, 7199430, 7228335, 28905
119944, 7199440, 7228348, 28908
119945, 7199450, 7228362, 28912
119946, 7199460, 7228375, 28915
119947, 7199470, 7228388, 28918
119948, 7199480, 7228402, 28922
119951, 7199510, 7228429, 28919
119952, 7199520, 7228442, 28922
119953, 7199530, 7228456, 28926
119954, 7199540, 7228469, 28929
119955, 7199550, 7228482, 28932
119956, 7199560, 7228496, 28936
119957, 7199570, 7228509, 28939
119958, 7199580, 7228523, 28943
119959, 7199590, 7228536, 28946
119961, 7199610, 7228550, 28940
119962, 7199620, 7228563, 28943
119963, 7199630, 7228577, 28947
119964, 7199640, 7228590, 28950
119965, 7199650, 7228603, 28953
119966, 7199660, 7228617, 28957
119967, 7199670, 7228630, 28960
119968, 7199680, 7228644, 28964
119969, 7199690, 7228657, 28967
119971, 7199710, 7228671, 28961
119972, 7199720, 7228684, 28964
119973, 7199730, 7228698, 28968
119974, 7199740, 7228711, 28971
119975, 7199750, 7228724, 28974
119976, 7199760, 7228738, 28978
119977, 7199770, 7228751, 28981
119978, 7199780, 7228765, 28985
119979, 7199790, 7228778, 28988
119980, 7199800, 7228792, 28992
119982, 7199820, 7228805, 28985
119983, 7199830, 7228818, 28988
119984, 7199840, 7228832, 28992
119985, 7199850, 7228845, 28995
119986, 7199860, 7228859, 28999
119987, 7199870, 7228872, 29002
119988, 7199880, 7228886, 29006
119989, 7199890, 7228899, 29009
119990, 7199900, 7228913, 29013
119991, 7199910, 7228926, 29016
119993, 7199930, 7228939, 29009
119994, 7199940, 7228953, 29013
119995, 7199950, 7228966, 29016
119996, 7199960, 7228980, 29020
119997, 7199970, 7228993, 29023
119998, 7199980, 7229007, 29027
119999, 7199990, 7229020, 29030
120402, 7204020, 7229047, 25027
120403, 7204030, 7229060, 25030
120404, 7204040, 7229074, 25034
120405, 7204050, 7229087, 25037
120406, 7204060, 7229101, 25041
120407, 7204070, 7229114, 25044
120408, 7204080, 7229128, 25048
120409, 7204090, 7229141, 25051
120410, 7204100, 7229154, 25054
120412, 7204120, 7229168, 25048
120413, 7204130, 7229181, 25051
120414, 7204140, 7229195, 25055
120415, 7204150, 7229208, 25058
120416, 7204160, 7229222, 25062
120417, 7204170, 7229235, 25065
120418, 7204180, 7229249, 25069
120419, 7204190, 7229262, 25072
120420, 7204200, 7229275, 25075
120421, 7204210, 7229289, 25079
120423, 7204230, 7229302, 25072
120424, 7204240, 7229316, 25076
120425, 7204250, 7229329, 25079
120426, 7204260, 7229343, 25083
120427, 7204270, 7229356, 25086
120428, 7204280, 7229370, 25090
120429, 7204290, 7229383, 25093
120430, 7204300, 7229396, 25096
120431, 7204310, 7229410, 25100
120433, 7204330, 7229423, 25093
120434, 7204340, 7229437, 25097
120435, 7204350, 7229450, 25100
120436, 7204360, 7229464, 25104
120437, 7204370, 7229477, 25107
120438, 7204380, 7229490, 25110
120439, 7204390, 7229504, 25114
120440, 7204400, 7229517, 25117
120441, 7204410, 7229531, 25121
120442, 7204420, 7229544, 25124
120444, 7204440, 7229558, 25118
120445, 7204450, 7229571, 25121
120446, 7204460, 7229585, 25125
120447, 7204470, 7229598, 25128
120448, 7204480, 7229611, 25131
120449, 7204490, 7229625, 25135
120451, 7204510, 7229652, 25142
120452, 7204520, 7229665, 25145
120453, 7204530, 7229679, 25149
120455, 7204550, 7229692, 25142
120456, 7204560, 7229706, 25146
120457, 7204570, 7229719, 25149
120458, 7204580, 7229732, 25152
120459, 7204590, 7229746, 25156
120460, 7204600, 7229759, 25159
120461, 7204610, 7229773, 25163
120462, 7204620, 7229786, 25166
120463, 7204630, 7229800, 25170
120465, 7204650, 7229813, 25163
120466, 7204660, 7229826, 25166
120467, 7204670, 7229840, 25170
120468, 7204680, 7229853, 25173
120469, 7204690, 7229867, 25177
120470, 7204700, 7229880, 25180
120471, 7204710, 7229894, 25184
120472, 7204720, 7229907, 25187
120473, 7204730, 7229921, 25191
120474, 7204740, 7229934, 25194
120476, 7204760, 7229947, 25187
120477, 7204770, 7229961, 25191
120478, 7204780, 7229974, 25194
120479, 7204790, 7229988, 25198
120480, 7204800, 7230001, 25201
120481, 7204810, 7230015, 25205
120482, 7204820, 7230028, 25208
120483, 7204830, 7230042, 25212
120484, 7204840, 7230055, 25215
120485, 7204850, 7230068, 25218
120487, 7204870, 7230082, 25212
120488, 7204880, 7230095, 25215
120489, 7204890, 7230109, 25219
120490, 7204900, 7230122, 25222
120491, 7204910, 7230136, 25226
120492, 7204920, 7230149, 25229
120493, 7204930, 7230162, 25232
120494, 7204940, 7230176, 25236
120495, 7204950, 7230189, 25239
120497, 7204970, 7230203, 25233
120498, 7204980, 7230216, 25236
120499, 7204990, 7230230, 25240
120501, 7205010, 7230257, 25247
120502, 7205020, 7230270, 25250
120503, 7205030, 7230283, 25253
120504, 7205040, 7230297, 25257
120505, 7205050, 7230310, 25260
120506, 7205060, 7230324, 25264
120508, 7205080, 7230337, 25257
120509, 7205090, 7230351, 25261
120510, 7205100, 7230364, 25264
120511, 7205110, 7230378, 25268
120512, 7205120, 7230391, 25271
120513, 7205130, 7230404, 25274
120514, 7205140, 7230418, 25278
120515, 7205150, 7230431, 25281
120516, 7205160, 7234012, 28852
120517, 7205170, 7234026, 28856
120519, 7205190, 7234039, 28849
120520, 7205200, 7234052, 28852
120521, 7205210, 7234066, 28856
120522, 7205220, 7234079, 28859
120523, 7205230, 7234093, 28863
120524, 7205240, 7234106, 28866
120525, 7205250, 7234120, 28870
120526, 7205260, 7234133, 28873
120527, 7205270, 7234146, 28876
120529, 7205290, 7234160, 28870
120530, 7205300, 7234173, 28873
120531, 7205310, 7234187, 28877
120532, 7205320, 7234200, 28880
120533, 7205330, 7234214, 28884
120534, 7205340, 7234227, 28887
120535, 7205350, 7234241, 28891
120536, 7205360, 7234254, 28894
120537, 7205370, 7234267, 28897
120538, 7205380, 7234281, 28901
120540, 7205400, 7234294, 28894
120541, 7205410, 7234308, 28898
120542, 7205420, 7234321, 28901
120543, 7205430, 7234335, 28905
120544, 7205440, 7234348, 28908
120545, 7205450, 7234362, 28912
120546, 7205460, 7234375, 28915
120547, 7205470, 7234388, 28918
120548, 7205480, 7234402, 28922
120551, 7205510, 7234429, 28919
120552, 7205520, 7234442, 28922
120553, 7205530, 7234456, 28926
120554, 7205540, 7234469, 28929
120555, 7205550, 7234482, 28932
120556, 7205560, 7234496, 28936
120557, 7205570, 7234509, 28939
120558, 7205580, 7234523, 28943
120559, 7205590, 7234536, 28946
120561, 7205610, 7234550, 28940
120562, 7205620, 7234563, 28943
120563, 7205630, 7234577, 28947
120564, 7205640, 7234590, 28950
120565, 7205650, 7234603, 28953
120566, 7205660, 7234617, 28957
120567, 7205670, 7234630, 28960
120568, 7205680, 7234644, 28964
120569, 7205690, 7234657, 28967
120570, 7205700, 7234671, 28971
120572, 7205720, 7234684, 28964
120573, 7205730, 7234698, 28968
120574, 7205740, 7234711, 28971
120575, 7205750, 7234724, 28974
120576, 7205760, 7234738, 28978
120577, 7205770, 7234751, 28981
120578, 7205780, 7234765, 28985
120579, 7205790, 7234778, 28988
120580, 7205800, 7234792, 28992
120582, 7205820, 7234805, 28985
120583, 7205830, 7234818, 28988
120584, 7205840, 7234832, 28992
120585, 7205850, 7234845, 28995
120586, 7205860, 7234859, 28999
120587, 7205870, 7234872, 29002
120588, 7205880, 7234886, 29006
120589, 7205890, 7234899, 29009
120590, 7205900, 7234913, 29013
120591, 7205910, 7234926, 29016
120593, 7205930, 7234939, 29009
120594, 7205940, 7234953, 29013
120595, 7205950, 7234966, 29016
120596, 7205960, 7234980, 29020
120597, 7205970, 7234993, 29023
120598, 7205980, 7235007, 29027
120599, 7205990, 7235020, 29030
121002, 7210020, 7235047, 25027
121003, 7210030, 7235060, 25030
121004, 7210040, 7235074, 25034
121005, 7210050, 7235087, 25037
121006, 7210060, 7235101, 25041
121007, 7210070, 7235114, 25044
121008, 7210080, 7235127, 25047
121009, 7210090, 7235141, 25051
121010, 7210100, 7235154, 25054
121012, 7210120, 7235168, 25048
121013, 7210130, 7235181, 25051
121014, 7210140, 7235195, 25055
121015, 7210150, 7235208, 25058
121016, 7210160, 7235222, 25062
121017, 7210170, 7235235, 25065
121018, 7210180, 7235248, 25068
121019, 7210190, 7235262, 25072
121020, 7210200, 7235275, 25075
121021, 7210210, 7235289, 25079
121023, 7210230, 7235302, 25072
121024, 7210240, 7235316, 25076
121025, 7210250, 7235329, 25079
121026, 7210260, 7235342, 25082
121027, 7210270, 7235356, 25086
121028, 7210280, 7235369, 25089
121029, 7210290, 7235383, 25093
121030, 7210300, 7235396, 25096
121031, 7210310, 7235410, 25100
121033, 7210330, 7235423, 25093
121034, 7210340, 7235437, 25097
121035, 7210350, 7235450, 25100
121036, 7210360, 7235463, 25103
121037, 7210370, 7235477, 25107
121038, 7210380, 7235490, 25110
121039, 7210390, 7235504, 25114
121040, 7210400, 7235517, 25117
121041, 7210410, 7235531, 25121
121042, 7210420, 7235544, 25124
121044, 7210440, 7235558, 25118
121045, 7210450, 7235571, 25121
121046, 7210460, 7235584, 25124
121047, 7210470, 7235598, 25128
121048, 7210480, 7235611, 25131
121049, 7210490, 7235625, 25135
121051, 7210510, 7235652, 25142
121052, 7210520, 7235665, 25145
121053, 7210530, 7235678, 25148
121055, 7210550, 7235692, 25142
121056, 7210560, 7235705, 25145
121057, 7210570, 7235719, 25149
121058, 7210580, 7235732, 25152
121059, 7210590, 7235746, 25156
121060, 7210600, 7235759, 25159
121061, 7210610, 7235773, 25163
121062, 7210620, 7235786, 25166
121063, 7210630, 7235799, 25169
121065, 7210650, 7235813, 25163
121066, 7210660, 7235826, 25166
121067, 7210670, 7235840, 25170
121068, 7210680, 7235853, 25173
121069, 7210690, 7235867, 25177
121070, 7210700, 7235880, 25180
121071, 7210710, 7235894, 25184
121072, 7210720, 7235907, 25187
121073, 7210730, 7235920, 25190
121074, 7210740, 7235934, 25194
121076, 7210760, 7235947, 25187
121077, 7210770, 7235961, 25191
121078, 7210780, 7235974, 25194
121079, 7210790, 7235988, 25198
121080, 7210800, 7236001, 25201
121081, 7210810, 7236014, 25204
121082, 7210820, 7236028, 25208
121083, 7210830, 7236041, 25211
121084, 7210840, 7236055, 25215
121085, 7210850, 7236068, 25218
121087, 7210870, 7236082, 25212
121088, 7210880, 7236095, 25215
121089, 7210890, 7236109, 25219
121090, 7210900, 7236122, 25222
121091, 7210910, 7236135, 25225
121092, 7210920, 7236149, 25229
121093, 7210930, 7236162, 25232
121094, 7210940, 7236176, 25236
121095, 7210950, 7236189, 25239
121097, 7210970, 7236203, 25233
121098, 7210980, 7236216, 25236
121099, 7210990, 7236230, 25240
121101, 7211010, 7236256, 25246
121102, 7211020, 7236270, 25250
121103, 7211030, 7236283, 25253
121104, 7211040, 7236297, 25257
121105, 7211050, 7236310, 25260
121106, 7211060, 7236324, 25264
121108, 7211080, 7236337, 25257
121109, 7211090, 7236350, 25260
121110, 7211100, 7236364, 25264
121111, 7211110, 7236377, 25267
121112, 7211120, 7236391, 25271
121113, 7211130, 7236404, 25274
121114, 7211140, 7236418, 25278
121115, 7211150, 7236431, 25281
121116, 7211160, 7240012, 28852
121118, 7211180, 7240026, 28846
121119, 7211190, 7240039, 28849
121120, 7211200, 7240052, 28852
121121, 7211210, 7240066, 28856
121122, 7211220, 7240079, 28859
121123, 7211230, 7240093, 28863
121124, 7211240, 7240106, 28866
121125, 7211250, 7240120, 28870
121126, 7211260, 7240133, 28873
121127, 7211270, 7240146, 28876
121129, 7211290, 7240160, 28870
121130, 7211300, 7240173, 28873
121131, 7211310, 7240187, 28877
121132, 7211320, 7240200, 28880
121133, 7211330, 7240214, 28884
121134, 7211340, 7240227, 28887
121135, 7211350, 7240241, 28891
121136, 7211360, 7240254, 28894
121137, 7211370, 7240267, 28897
121138, 7211380, 7240281, 28901
121140, 7211400, 7240294, 28894
121141, 7211410, 7240308, 28898
121142, 7211420, 7240321, 28901
121143, 7211430, 7240335, 28905
121144, 7211440, 7240348, 28908
121145, 7211450, 7240362, 28912
121146, 7211460, 7240375, 28915
121147, 7211470, 7240388, 28918
121148, 7211480, 7240402, 28922
121151, 7211510, 7240429, 28919
121152, 7211520, 7240442, 28922
121153, 7211530, 7240456, 28926
121154, 7211540, 7240469, 28929
121155, 7211550, 7240482, 28932
121156, 7211560, 7240496, 28936
121157, 7211570, 7240509, 28939
121158, 7211580, 7240523, 28943
121159, 7211590, 7240536, 28946
121161, 7211610, 7240550, 28940
121162, 7211620, 7240563, 28943
121163, 7211630, 7240577, 28947
121164, 7211640, 7240590, 28950
121165, 7211650, 7240603, 28953
121166, 7211660, 7240617, 28957
121167, 7211670, 7240630, 28960
121168, 7211680, 7240644, 28964
121169, 7211690, 7240657, 28967
121171, 7211710, 7240671, 28961
121172, 7211720, 7240684, 28964
121173, 7211730, 7240698, 28968
121174, 7211740, 7240711, 28971
121175, 7211750, 7240724, 28974
121176, 7211760, 7240738, 28978
121177, 7211770, 7240751, 28981
121178, 7211780, 7240765, 28985
121179, 7211790, 7240778, 28988
121180, 7211800, 7240792, 28992
121182, 7211820, 7240805, 28985
121183, 7211830, 7240818, 28988
121184, 7211840, 7240832, 28992
121185, 7211850, 7240845, 28995
121186, 7211860, 7240859, 28999
121187, 7211870, 7240872, 29002
121188, 7211880, 7240886, 29006
121189, 7211890, 7240899, 29009
121190, 7211900, 7240913, 29013
121191, 7211910, 7240926, 29016
121193, 7211930, 7240939, 29009
121194, 7211940, 7240953, 29013
121195, 7211950, 7240966, 29016
121196, 7211960, 7240980, 29020
121197, 7211970, 7240993, 29023
121198, 7211980, 7241007, 29027
121199, 7211990, 7241020, 29030
121602, 7216020, 7241047, 25027
121603, 7216030, 7241060, 25030
121604, 7216040, 7241074, 25034
121605, 7216050, 7241087, 25037
121606, 7216060, 7241101, 25041
121607, 7216070, 7241114, 25044
121608, 7216080, 7241128, 25048
121609, 7216090, 7241141, 25051
121610, 7216100, 7241154, 25054
121612, 7216120, 7241168, 25048
121613, 7216130, 7241181, 25051
121614, 7216140, 7241195, 25055
121615, 7216150, 7241208, 25058
121616, 7216160, 7241222, 25062
121617, 7216170, 7241235, 25065
121618, 7216180, 7241249, 25069
121619, 7216190, 7241262, 25072
121620, 7216200, 7241275, 25075
121621, 7216210, 7241289, 25079
121623, 7216230, 7241302, 25072
121624, 7216240, 7241316, 25076
121625, 7216250, 7241329, 25079
121626, 7216260, 7241343, 25083
121627, 7216270, 7241356, 25086
121628, 7216280, 7241370, 25090
121629, 7216290, 7241383, 25093
121630, 7216300, 7241396, 25096
121631, 7216310, 7241410, 25100
121633, 7216330, 7241423, 25093
121634, 7216340, 7241437, 25097
121635, 7216350, 7241450, 25100
121636, 7216360, 7241464, 25104
121637, 7216370, 7241477, 25107
121638, 7216380, 7241490, 25110
121639, 7216390, 7241504, 25114
121640, 7216400, 7241517, 25117
121641, 7216410, 7241531, 25121
121642, 7216420, 7241544, 25124
121644, 7216440, 7241558, 25118
121645, 7216450, 7241571, 25121
121646, 7216460, 7241585, 25125
121647, 7216470, 7241598, 25128
121648, 7216480, 7241611, 25131
121649, 7216490, 7241625, 25135
121651, 7216510, 7241652, 25142
121652, 7216520, 7241665, 25145
121653, 7216530, 7241679, 25149
121655, 7216550, 7241692, 25142
121656, 7216560, 7241706, 25146
121657, 7216570, 7241719, 25149
121658, 7216580, 7241732, 25152
121659, 7216590, 7241746, 25156
121660, 7216600, 7241759, 25159
121661, 7216610, 7241773, 25163
121662, 7216620, 7241786, 25166
121663, 7216630, 7241800, 25170
121665, 7216650, 7241813, 25163
121666, 7216660, 7241826, 25166
121667, 7216670, 7241840, 25170
121668, 7216680, 7241853, 25173
121669, 7216690, 7241867, 25177
121670, 7216700, 7241880, 25180
121671, 7216710, 7241894, 25184
121672, 7216720, 7241907, 25187
121673, 7216730, 7241921, 25191
121674, 7216740, 7241934, 25194
121676, 7216760, 7241947, 25187
121677, 7216770, 7241961, 25191
121678, 7216780, 7241974, 25194
121679, 7216790, 7241988, 25198
121680, 7216800, 7242001, 25201
121681, 7216810, 7242015, 25205
121682, 7216820, 7242028, 25208
121683, 7216830, 7242042, 25212
121684, 7216840, 7242055, 25215
121685, 7216850, 7242068, 25218
121687, 7216870, 7242082, 25212
121688, 7216880, 7242095, 25215
121689, 7216890, 7242109, 25219
121690, 7216900, 7242122, 25222
121691, 7216910, 7242136, 25226
121692, 7216920, 7242149, 25229
121693, 7216930, 7242162, 25232
121694, 7216940, 7242176, 25236
121695, 7216950, 7242189, 25239
121697, 7216970, 7242203, 25233
121698, 7216980, 7242216, 25236
121699, 7216990, 7242230, 25240
121701, 7217010, 7242257, 25247
121702, 7217020, 7242270, 25250
121703, 7217030, 7242283, 25253
121704, 7217040, 7242297, 25257
121705, 7217050, 7242310, 25260
121706, 7217060, 7242324, 25264
121708, 7217080, 7242337, 25257
121709, 7217090, 7242351, 25261
121710, 7217100, 7242364, 25264
121711, 7217110, 7242378, 25268
121712, 7217120, 7242391, 25271
121713, 7217130, 7242404, 25274
121714, 7217140, 7242418, 25278
121715, 7217150, 7242431, 25281
121716, 7217160, 7246012, 28852
121718, 7217180, 7246026, 28846
121719, 7217190, 7246039, 28849
121720, 7217200, 7246052, 28852
121721, 7217210, 7246066, 28856
121722, 7217220, 7246079, 28859
121723, 7217230, 7246093, 28863
121724, 7217240, 7246106, 28866
121725, 7217250, 7246120, 28870
121726, 7217260, 7246133, 28873
121727, 7217270, 7246146, 28876
121729, 7217290, 7246160, 28870
121730, 7217300, 7246173, 28873
121731, 7217310, 7246187, 28877
121732, 7217320, 7246200, 28880
121733, 7217330, 7246214, 28884
121734, 7217340, 7246227, 28887
121735, 7217350, 7246241, 28891
121736, 7217360, 7246254, 28894
121737, 7217370, 7246267, 28897
121738, 7217380, 7246281, 28901
121740, 7217400, 7246294, 28894
121741, 7217410, 7246308, 28898
121742, 7217420, 7246321, 28901
121743, 7217430, 7246335, 28905
121744, 7217440, 7246348, 28908
121745, 7217450, 7246362, 28912
121746, 7217460, 7246375, 28915
121747, 7217470, 7246388, 28918
121748, 7217480, 7246402, 28922
121751, 7217510, 7246429, 28919
121752, 7217520, 7246442, 28922
121753, 7217530, 7246456, 28926
121754, 7217540, 7246469, 28929
121755, 7217550, 7246482, 28932
121756, 7217560, 7246496, 28936
121757, 7217570, 7246509, 28939
121758, 7217580, 7246523, 28943
121759, 7217590, 7246536, 28946
121761, 7217610, 7246550, 28940
121762, 7217620, 7246563, 28943
121763, 7217630, 7246577, 28947
121764, 7217640, 7246590, 28950
121765, 7217650, 7246603, 28953
121766, 7217660, 7246617, 28957
121767, 7217670, 7246630, 28960
121768, 7217680, 7246644, 28964
121769, 7217690, 7246657, 28967
121771, 7217710, 7246671, 28961
121772, 7217720, 7246684, 28964
121773, 7217730, 7246698, 28968
121774, 7217740, 7246711, 28971
121775, 7217750, 7246724, 28974
121776, 7217760, 7246738, 28978
121777, 7217770, 7246751, 28981
121778, 7217780, 7246765, 28985
121779, 7217790, 7246778, 28988
121780, 7217800, 7246792, 28992
121782, 7217820, 7246805, 28985
121783, 7217830, 7246818, 28988
121784, 7217840, 7246832, 28992
121785, 7217850, 7246845, 28995
121786, 7217860, 7246859, 28999
121787, 7217870, 7246872, 29002
121788, 7217880, 7246886, 29006
121789, 7217890, 7246899, 29009
121790, 7217900, 7246913, 29013
121791, 7217910, 7246926, 29016
121793, 7217930, 7246939, 29009
121794, 7217940, 7246953, 29013
121795, 7217950, 7246966, 29016
121796, 7217960, 7246980, 29020
121797, 7217970, 7246993, 29023
121798, 7217980, 7247007, 29027
121799, 7217990, 7247020, 29030
122202, 7222020, 7247047, 25027
122203, 7222030, 7247060, 25030
122204, 7222040, 7247074, 25034
122205, 7222050, 7247087, 25037
122206, 7222060, 7247101, 25041
122207, 7222070, 7247114, 25044
122208, 7222080, 7247128, 25048
122209, 7222090, 7247141, 25051
122210, 7222100, 7247154, 25054
122212, 7222120, 7247168, 25048
122213, 7222130, 7247181, 25051
122214, 7222140, 7247195, 25055
122215, 7222150, 7247208, 25058
122216, 7222160, 7247222, 25062
122217, 7222170, 7247235, 25065
122218, 7222180, 7247249, 25069
122219, 7222190, 7247262, 25072
122220, 7222200, 7247275, 25075
122221, 7222210, 7247289, 25079
122223, 7222230, 7247302, 25072
122224, 7222240, 7247316, 25076
122225, 7222250, 7247329, 25079
122226, 7222260, 7247343, 25083
122227, 7222270, 7247356, 25086
122228, 7222280, 7247370, 25090
122229, 7222290, 7247383, 25093
122230, 7222300, 7247396, 25096
122231, 7222310, 7247410, 25100
122233, 7222330, 7247423, 25093
122234, 7222340, 7247437, 25097
122235, 7222350, 7247450, 25100
122236, 7222360, 7247464, 25104
122237, 7222370, 7247477, 25107
122238, 7222380, 7247490, 25110
122239, 7222390, 7247504, 25114
122240, 7222400, 7247517, 25117
122241, 7222410, 7247531, 25121
122242, 7222420, 7247544, 25124
122244, 7222440, 7247558, 25118
122245, 7222450, 7247571, 25121
122246, 7222460, 7247585, 25125
122247, 7222470, 7247598, 25128
122248, 7222480, 7247611, 25131
122249, 7222490, 7247625, 25135
122251, 7222510, 7247652, 25142
122252, 7222520, 7247665, 25145
122253, 7222530, 7247679, 25149
122255, 7222550, 7247692, 25142
122256, 7222560, 7247706, 25146
122257, 7222570, 7247719, 25149
122258, 7222580, 7247732, 25152
122259, 7222590, 7247746, 25156
122260, 7222600, 7247759, 25159
122261, 7222610, 7247773, 25163
122262, 7222620, 7247786, 25166
122263, 7222630, 7247800, 25170
122265, 7222650, 7247813, 25163
122266, 7222660, 7247826, 25166
122267, 7222670, 7247840, 25170
122268, 7222680, 7247853, 25173
122269, 7222690, 7247867, 25177
122270, 7222700, 7247880, 25180
122271, 7222710, 7247894, 25184
122272, 7222720, 7247907, 25187
122273, 7222730, 7247921, 25191
122274, 7222740, 7247934, 25194
122276, 7222760, 7247947, 25187
122277, 7222770, 7247961, 25191
122278, 7222780, 7247974, 25194
122279, 7222790, 7247988, 25198
122280, 7222800, 7248001, 25201
122281, 7222810, 7248015, 25205
122282, 7222820, 7248028, 25208
122283, 7222830, 7248042, 25212
122284, 7222840, 7248055, 25215
122285, 7222850, 7248068, 25218
122287, 7222870, 7248082, 25212
122288, 7222880, 7248095, 25215
122289, 7222890, 7248109, 25219
122290, 7222900, 7248122, 25222
122291, 7222910, 7248136, 25226
122292, 7222920, 7248149, 25229
122293, 7222930, 7248162, 25232
122294, 7222940, 7248176, 25236
122295, 7222950, 7248189, 25239
122297, 7222970, 7248203, 25233
122298, 7222980, 7248216, 25236
122299, 7222990, 7248230, 25240
122301, 7223010, 7248257, 25247
122302, 7223020, 7248270, 25250
122303, 7223030, 7248283, 25253
122304, 7223040, 7248297, 25257
122305, 7223050, 7248310, 25260
122306, 7223060, 7248324, 25264
122308, 7223080, 7248337, 25257
122309, 7223090, 7248351, 25261
122310, 7223100, 7248364, 25264
122311, 7223110, 7248378, 25268
122312, 7223120, 7248391, 25271
122313, 7223130, 7248404, 25274
122314, 7223140, 7248418, 25278
122315, 7223150, 7248431, 25281
122316, 7223160, 7252012, 28852
122318, 7223180, 7252026, 28846
122319, 7223190, 7252039, 28849
122320, 7223200, 7252052, 28852
122321, 7223210, 7252066, 28856
122322, 7223220, 7252079, 28859
122323, 7223230, 7252093, 28863
122324, 7223240, 7252106, 28866
122325, 7223250, 7252120, 28870
122326, 7223260, 7252133, 28873
122327, 7223270, 7252146, 28876
122329, 7223290, 7252160, 28870
122330, 7223300, 7252173, 28873
122331, 7223310, 7252187, 28877
122332, 7223320, 7252200, 28880
122333, 7223330, 7252214, 28884
122334, 7223340, 7252227, 28887
122335, 7223350, 7252241, 28891
122336, 7223360, 7252254, 28894
122337, 7223370, 7252267, 28897
122338, 7223380, 7252281, 28901
122340, 7223400, 7252294, 28894
122341, 7223410, 7252308, 28898
122342, 7223420, 7252321, 28901
122343, 7223430, 7252335, 28905
122344, 7223440, 7252348, 28908
122345, 7223450, 7252362, 28912
122346, 7223460, 7252375, 28915
122347, 7223470, 7252388, 28918
122348, 7223480, 7252402, 28922
122351, 7223510, 7252429, 28919
122352, 7223520, 7252442, 28922
122353, 7223530, 7252456, 28926
122354, 7223540, 7252469, 28929
122355, 7223550, 7252482, 28932
122356, 7223560, 7252496, 28936
122357, 7223570, 7252509, 28939
122358, 7223580, 7252523, 28943
122359, 7223590, 7252536, 28946
122361, 7223610, 7252550, 28940
122362, 7223620, 7252563, 28943
122363, 7223630, 7252577, 28947
122364, 7223640, 7252590, 28950
122365, 7223650, 7252603, 28953
122366, 7223660, 7252617, 28957
122367, 7223670, 7252630, 28960
122368, 7223680, 7252644, 28964
122369, 7223690, 7252657, 28967
122371, 7223710, 7252671, 28961
122372, 7223720, 7252684, 28964
122373, 7223730, 7252698, 28968
122374, 7223740, 7252711, 28971
122375, 7223750, 7252724, 28974
122376, 7223760, 7252738, 28978
122377, 7223770, 7252751, 28981
122378, 7223780, 7252765, 28985
122379, 7223790, 7252778, 28988
122380, 7223800, 7252792, 28992
122382, 7223820, 7252805, 28985
122383, 7223830, 7252818, 28988
122384, 7223840, 7252832, 28992
122385, 7223850, 7252845, 28995
122386, 7223860, 7252859, 28999
122387, 7223870, 7252872, 29002
122388, 7223880, 7252886, 29006
122389, 7223890, 7252899, 29009
122390, 7223900, 7252913, 29013
122391, 7223910, 7252926, 29016
122393, 7223930, 7252939, 29009
122394, 7223940, 7252953, 29013
122395, 7223950, 7252966, 29016
122396, 7223960, 7252980, 29020
122397, 7223970, 7252993, 29023
122398, 7223980, 7253007, 29027
122399, 7223990, 7253020, 29030
122802, 7228020, 7253047, 25027
122803, 7228030, 7253060, 25030
122804, 7228040, 7253074, 25034
122805, 7228050, 7253087, 25037
122806, 7228060, 7253101, 25041
122807, 7228070, 7253114, 25044
122808, 7228080, 7253128, 25048
122809, 7228090, 7253141, 25051
122810, 7228100, 7253154, 25054
122812, 7228120, 7253168, 25048
122813, 7228130, 7253181, 25051
122814, 7228140, 7253195, 25055
122815, 7228150, 7253208, 25058
122816, 7228160, 7253222, 25062
122817, 7228170, 7253235, 25065
122818, 7228180, 7253249, 25069
122819, 7228190, 7253262, 25072
122820, 7228200, 7253275, 25075
122821, 7228210, 7253289, 25079
122823, 7228230, 7253302, 25072
122824, 7228240, 7253316, 25076
122825, 7228250, 7253329, 25079
122826, 7228260, 7253343, 25083
122827, 7228270, 7253356, 25086
122828, 7228280, 7253370, 25090
122829, 7228290, 7253383, 25093
122830, 7228300, 7253396, 25096
122831, 7228310, 7253410, 25100
122833, 7228330, 7253423, 25093
122834, 7228340, 7253437, 25097
122835, 7228350, 7253450, 25100
122836, 7228360, 7253464, 25104
122837, 7228370, 7253477, 25107
122838, 7228380, 7253490, 25110
122839, 7228390, 7253504, 25114
122840, 7228400, 7253517, 25117
122841, 7228410, 7253531, 25121
122842, 7228420, 7253544, 25124
122844, 7228440, 7253558, 25118
122845, 7228450, 7253571, 25121
122846, 7228460, 7253585, 25125
122847, 7228470, 7253598, 25128
122848, 7228480, 7253611, 25131
122849, 7228490, 7253625, 25135
122851, 7228510, 7253652, 25142
122852, 7228520, 7253665, 25145
122853, 7228530, 7253679, 25149
122855, 7228550, 7253692, 25142
122856, 7228560, 7253706, 25146
122857, 7228570, 7253719, 25149
122858, 7228580, 7253732, 25152
122859, 7228590, 7253746, 25156
122860, 7228600, 7253759, 25159
122861, 7228610, 7253773, 25163
122862, 7228620, 7253786, 25166
122863, 7228630, 7253800, 25170
122865, 7228650, 7253813, 25163
122866, 7228660, 7253826, 25166
122867, 7228670, 7253840, 25170
122868, 7228680, 7253853, 25173
122869, 7228690, 7253867, 25177
122870, 7228700, 7253880, 25180
122871, 7228710, 7253894, 25184
122872, 7228720, 7253907, 25187
122873, 7228730, 7253921, 25191
122874, 7228740, 7253934, 25194
122876, 7228760, 7253947, 25187
122877, 7228770, 7253961, 25191
122878, 7228780, 7253974, 25194
122879, 7228790, 7253988, 25198
122880, 7228800, 7254001, 25201
122881, 7228810, 7254015, 25205
122882, 7228820, 7254028, 25208
122883, 7228830, 7254042, 25212
122884, 7228840, 7254055, 25215
122885, 7228850, 7254068, 25218
122887, 7228870, 7254082, 25212
122888, 7228880, 7254095, 25215
122889, 7228890, 7254109, 25219
122890, 7228900, 7254122, 25222
122891, 7228910, 7254136, 25226
122892, 7228920, 7254149, 25229
122893, 7228930, 7254162, 25232
122894, 7228940, 7254176, 25236
122895, 7228950, 7254189, 25239
122897, 7228970, 7254203, 25233
122898, 7228980, 7254216, 25236
122899, 7228990, 7254230, 25240
122901, 7229010, 7254257, 25247
122902, 7229020, 7254270, 25250
122903, 7229030, 7254283, 25253
122904, 7229040, 7254297, 25257
122905, 7229050, 7254310, 25260
122906, 7229060, 7254324, 25264
122908, 7229080, 7254337, 25257
122909, 7229090, 7254351, 25261
122910, 7229100, 7254364, 25264
122911, 7229110, 7254378, 25268
122912, 7229120, 7254391, 25271
122913, 7229130, 7254404, 25274
122914, 7229140, 7254418, 25278
122915, 7229150, 7254431, 25281
122916, 7229160, 7258012, 28852
122918, 7229180, 7258026, 28846
122919, 7229190, 7258039, 28849
122920, 7229200, 7258052, 28852
122921, 7229210, 7258066, 28856
122922, 7229220, 7258079, 28859
122923, 7229230, 7258093, 28863
122924, 7229240, 7258106, 28866
122925, 7229250, 7258120, 28870
122926, 7229260, 7258133, 28873
122927, 7229270, 7258146, 28876
122929, 7229290, 7258160, 28870
122930, 7229300, 7258173, 28873
122931, 7229310, 7258187, 28877
122932, 7229320, 7258200, 28880
122933, 7229330, 7258214, 28884
122934, 7229340, 7258227, 28887
122935, 7229350, 7258241, 28891
122936, 7229360, 7258254, 28894
122937, 7229370, 7258267, 28897
122938, 7229380, 7258281, 28901
122940, 7229400, 7258294, 28894
122941, 7229410, 7258308, 28898
122942, 7229420, 7258321, 28901
122943, 7229430, 7258335, 28905
122944, 7229440, 7258348, 28908
122945, 7229450, 7258362, 28912
122946, 7229460, 7258375, 28915
122947, 7229470, 7258388, 28918
122948, 7229480, 7258402, 28922
122951, 7229510, 7258429, 28919
122952, 7229520, 7258442, 28922
122953, 7229530, 7258456, 28926
122954, 7229540, 7258469, 28929
122955, 7229550, 7258482, 28932
122956, 7229560, 7258496, 28936
122957, 7229570, 7258509, 28939
122958, 7229580, 7258523, 28943
122959, 7229590, 7258536, 28946
122961, 7229610, 7258550, 28940
122962, 7229620, 7258563, 28943
122963, 7229630, 7258577, 28947
122964, 7229640, 7258590, 28950
122965, 7229650, 7258603, 28953
122966, 7229660, 7258617, 28957
122967, 7229670, 7258630, 28960
122968, 7229680, 7258644, 28964
122969, 7229690, 7258657, 28967
122971, 7229710, 7258671, 28961
122972, 7229720, 7258684, 28964
122973, 7229730, 7258698, 28968
122974, 7229740, 7258711, 28971
122975, 7229750, 7258724, 28974
122976, 7229760, 7258738, 28978
122977, 7229770, 7258751, 28981
122978, 7229780, 7258765, 28985
122979, 7229790, 7258778, 28988
122980, 7229800, 7258792, 28992
122982, 7229820, 7258805, 28985
122983, 7229830, 7258818, 28988
122984, 7229840, 7258832, 28992
122985, 7229850, 7258845, 28995
122986, 7229860, 7258859, 28999
122987, 7229870, 7258872, 29002
122988, 7229880, 7258886, 29006
122989, 7229890, 7258899, 29009
122990, 7229900, 7258913, 29013
122991, 7229910, 7258926, 29016
122993, 7229930, 7258939, 29009
122994, 7229940, 7258953, 29013
122995, 7229950, 7258966, 29016
122996, 7229960, 7258980, 29020
122997, 7229970, 7258993, 29023
122998, 7229980, 7259007, 29027
122999, 7229990, 7259020, 29030
123402, 7234020, 7259047, 25027
123403, 7234030, 7259060, 25030
123404, 7234040, 7259074, 25034
123405, 7234050, 7259087, 25037
123406, 7234060, 7259101, 25041
123407, 7234070, 7259114, 25044
123408, 7234080, 7259128, 25048
123409, 7234090, 7259141, 25051
123410, 7234100, 7259154, 25054
123412, 7234120, 7259168, 25048
123413, 7234130, 7259181, 25051
123414, 7234140, 7259195, 25055
123415, 7234150, 7259208, 25058
123416, 7234160, 7259222, 25062
123417, 7234170, 7259235, 25065
123418, 7234180, 7259249, 25069
123419, 7234190, 7259262, 25072
123420, 7234200, 7259275, 25075
123421, 7234210, 7259289, 25079
123423, 7234230, 7259302, 25072
123424, 7234240, 7259316, 25076
123425, 7234250, 7259329, 25079
123426, 7234260, 7259343, 25083
123427, 7234270, 7259356, 25086
123428, 7234280, 7259370, 25090
123429, 7234290, 7259383, 25093
123430, 7234300, 7259396, 25096
123431, 7234310, 7259410, 25100
123433, 7234330, 7259423, 25093
123434, 7234340, 7259437, 25097
123435, 7234350, 7259450, 25100
123436, 7234360, 7259464, 25104
123437, 7234370, 7259477, 25107
123438, 7234380, 7259490, 25110
123439, 7234390, 7259504, 25114
123440, 7234400, 7259517, 25117
123441, 7234410, 7259531, 25121
123442, 7234420, 7259544, 25124
123444, 7234440, 7259558, 25118
123445, 7234450, 7259571, 25121
123446, 7234460, 7259585, 25125
123447, 7234470, 7259598, 25128
123448, 7234480, 7259611, 25131
123449, 7234490, 7259625, 25135
123451, 7234510, 7259652, 25142
123452, 7234520, 7259665, 25145
123453, 7234530, 7259679, 25149
123455, 7234550, 7259692, 25142
123456, 7234560, 7259706, 25146
123457, 7234570, 7259719, 25149
123458, 7234580, 7259732, 25152
123459, 7234590, 7259746, 25156
123460, 7234600, 7259759, 25159
123461, 7234610, 7259773, 25163
123462, 7234620, 7259786, 25166
123463, 7234630, 7259800, 25170
123465, 7234650, 7259813, 25163
123466, 7234660, 7259826, 25166
123467, 7234670, 7259840, 25170
123468, 7234680, 7259853, 25173
123469, 7234690, 7259867, 25177
123470, 7234700, 7259880, 25180
123471, 7234710, 7259894, 25184
123472, 7234720, 7259907, 25187
123473, 7234730, 7259921, 25191
123474, 7234740, 7259934, 25194
123476, 7234760, 7259947, 25187
123477, 7234770, 7259961, 25191
123478, 7234780, 7259974, 25194
123479, 7234790, 7259988, 25198
123480, 7234800, 7260001, 25201
123481, 7234810, 7260015, 25205
123482, 7234820, 7260028, 25208
123483, 7234830, 7260042, 25212
123484, 7234840, 7260055, 25215
123485, 7234850, 7260068, 25218
123487, 7234870, 7260082, 25212
123488, 7234880, 7260095, 25215
123489, 7234890, 7260109, 25219
123490, 7234900, 7260122, 25222
123491, 7234910, 7260136, 25226
123492, 7234920, 7260149, 25229
123493, 7234930, 7260162, 25232
123494, 7234940, 7260176, 25236
123495, 7234950, 7260189, 25239
123497, 7234970, 7260203, 25233
123498, 7234980, 7260216, 25236
123499, 7234990, 7260230, 25240
123501, 7235010, 7260257, 25247
123502, 7235020, 7260270, 25250
123503, 7235030, 7260283, 25253
123504, 7235040, 7260297, 25257
123505, 7235050, 7260310, 25260
123506, 7235060, 7260324, 25264
123508, 7235080, 7260337, 25257
123509, 7235090, 7260351, 25261
123510, 7235100, 7260364, 25264
123511, 7235110, 7260378, 25268
123512, 7235120, 7260391, 25271
123513, 7235130, 7260404, 25274
123514, 7235140, 7260418, 25278
123515, 7235150, 7260431, 25281
123516, 7235160, 7264012, 28852
123517, 7235170, 7264026, 28856
123519, 7235190, 7264039, 28849
123520, 7235200, 7264052, 28852
123521, 7235210, 7264066, 28856
123522, 7235220, 7264079, 28859
123523, 7235230, 7264093, 28863
123524, 7235240, 7264106, 28866
123525, 7235250, 7264120, 28870
123526, 7235260, 7264133, 28873
123527, 7235270, 7264146, 28876
123529, 7235290, 7264160, 28870
123530, 7235300, 7264173, 28873
123531, 7235310, 7264187, 28877
123532, 7235320, 7264200, 28880
123533, 7235330, 7264214, 28884
123534, 7235340, 7264227, 28887
123535, 7235350, 7264241, 28891
123536, 7235360, 7264254, 28894
123537, 7235370, 7264267, 28897
123538, 7235380, 7264281, 28901
123540, 7235400, 7264294, 28894
123541, 7235410, 7264308, 28898
123542, 7235420, 7264321, 28901
123543, 7235430, 7264335, 28905
123544, 7235440, 7264348, 28908
123545, 7235450, 7264362, 28912
123546, 7235460, 7264375, 28915
123547, 7235470, 7264388, 28918
123548, 7235480, 7264402, 28922
123551, 7235510, 7264429, 28919
123552, 7235520, 7264442, 28922
123553, 7235530, 7264456, 28926
123554, 7235540, 7264469, 28929
123555, 7235550, 7264482, 28932
123556, 7235560, 7264496, 28936
123557, 7235570, 7264509, 28939
123558, 7235580, 7264523, 28943
123559, 7235590, 7264536, 28946
123561, 7235610, 7264550, 28940
123562, 7235620, 7264563, 28943
123563, 7235630, 7264577, 28947
123564, 7235640, 7264590, 28950
123565, 7235650, 7264603, 28953
123566, 7235660, 7264617, 28957
123567, 7235670, 7264630, 28960
123568, 7235680, 7264644, 28964
123569, 7235690, 7264657, 28967
123570, 7235700, 7264671, 28971
123572, 7235720, 7264684, 28964
123573, 7235730, 7264698, 28968
123574, 7235740, 7264711, 28971
123575, 7235750, 7264724, 28974
123576, 7235760, 7264738, 28978
123577, 7235770, 7264751, 28981
123578, 7235780, 7264765, 28985
123579, 7235790, 7264778, 28988
123580, 7235800, 7264792, 28992
123582, 7235820, 7264805, 28985
123583, 7235830, 7264818, 28988
123584, 7235840, 7264832, 28992
123585, 7235850, 7264845, 28995
123586, 7235860, 7264859, 28999
123587, 7235870, 7264872, 29002
123588, 7235880, 7264886, 29006
123589, 7235890, 7264899, 29009
123590, 7235900, 7264913, 29013
123591, 7235910, 7264926, 29016
123593, 7235930, 7264939, 29009
123594, 7235940, 7264953, 29013
123595, 7235950, 7264966, 29016
123596, 7235960, 7264980, 29020
123597, 7235970, 7264993, 29023
123598, 7235980, 7265007, 29027
123599, 7235990, 7265020, 29030
124002, 7240020, 7265047, 25027
124003, 7240030, 7265060, 25030
124004, 7240040, 7265074, 25034
124005, 7240050, 7265087, 25037
124006, 7240060, 7265101, 25041
124007, 7240070, 7265114, 25044
124008, 7240080, 7265127, 25047
124009, 7240090, 7265141, 25051
124010, 7240100, 7265154, 25054
124012, 7240120, 7265168, 25048
124013, 7240130, 7265181, 25051
124014, 7240140, 7265195, 25055
124015, 7240150, 7265208, 25058
124016, 7240160, 7265222, 25062
124017, 7240170, 7265235, 25065
124018, 7240180, 7265248, 25068
124019, 7240190, 7265262, 25072
124020, 7240200, 7265275, 25075
124021, 7240210, 7265289, 25079
124023, 7240230, 7265302, 25072
124024, 7240240, 7265316, 25076
124025, 7240250, 7265329, 25079
124026, 7240260, 7265342, 25082
124027, 7240270, 7265356, 25086
124028, 7240280, 7265369, 25089
124029, 7240290, 7265383, 25093
124030, 7240300, 7265396, 25096
124031, 7240310, 7265410, 25100
124033, 7240330, 7265423, 25093
124034, 7240340, 7265437, 25097
124035, 7240350, 7265450, 25100
124036, 7240360, 7265463, 25103
124037, 7240370, 7265477, 25107
124038, 7240380, 7265490, 25110
124039, 7240390, 7265504, 25114
124040, 7240400, 7265517, 25117
124041, 7240410, 7265531, 25121
124042, 7240420, 7265544, 25124
124044, 7240440, 7265558, 25118
124045, 7240450, 7265571, 25121
124046, 7240460, 7265584, 25124
124047, 7240470, 7265598, 25128
124048, 7240480, 7265611, 25131
124049, 7240490, 7265625, 25135
124051, 7240510, 7265652, 25142
124052, 7240520, 7265665, 25145
124053, 7240530, 7265678, 25148
124055, 7240550, 7265692, 25142
124056, 7240560, 7265705, 25145
124057, 7240570, 7265719, 25149
124058, 7240580, 7265732, 25152
124059, 7240590, 7265746, 25156
124060, 7240600, 7265759, 25159
124061, 7240610, 7265773, 25163
124062, 7240620, 7265786, 25166
124063, 7240630, 7265799, 25169
124065, 7240650, 7265813, 25163
124066, 7240660, 7265826, 25166
124067, 7240670, 7265840, 25170
124068, 7240680, 7265853, 25173
124069, 7240690, 7265867, 25177
124070, 7240700, 7265880, 25180
124071, 7240710, 7265894, 25184
124072, 7240720, 7265907, 25187
124073, 7240730, 7265920, 25190
124074, 7240740, 7265934, 25194
124076, 7240760, 7265947, 25187
124077, 7240770, 7265961, 25191
124078, 7240780, 7265974, 25194
124079, 7240790, 7265988, 25198
124080, 7240800, 7266001, 25201
124081, 7240810, 7266014, 25204
124082, 7240820, 7266028, 25208
124083, 7240830, 7266041, 25211
124084, 7240840, 7266055, 25215
124085, 7240850, 7266068, 25218
124087, 7240870, 7266082, 25212
124088, 7240880, 7266095, 25215
124089, 7240890, 7266109, 25219
124090, 7240900, 7266122, 25222
124091, 7240910, 7266135, 25225
124092, 7240920, 7266149, 25229
124093, 7240930, 7266162, 25232
124094, 7240940, 7266176, 25236
124095, 7240950, 7266189, 25239
124097, 7240970, 7266203, 25233
124098, 7240980, 7266216, 25236
124099, 7240990, 7266230, 25240
124101, 7241010, 7266256, 25246
124102, 7241020, 7266270, 25250
124103, 7241030, 7266283, 25253
124104, 7241040, 7266297, 25257
124105, 7241050, 7266310, 25260
124106, 7241060, 7266324, 25264
124108, 7241080, 7266337, 25257
124109, 7241090, 7266350, 25260
124110, 7241100, 7266364, 25264
124111, 7241110, 7266377, 25267
124112, 7241120, 7266391, 25271
124113, 7241130, 7266404, 25274
124114, 7241140, 7266418, 25278
124115, 7241150, 7266431, 25281
124116, 7241160, 7270012, 28852
124118, 7241180, 7270026, 28846
124119, 7241190, 7270039, 28849
124120, 7241200, 7270052, 28852
124121, 7241210, 7270066, 28856
124122, 7241220, 7270079, 28859
124123, 7241230, 7270093, 28863
124124, 7241240, 7270106, 28866
124125, 7241250, 7270120, 28870
124126, 7241260, 7270133, 28873
124127, 7241270, 7270146, 28876
124129, 7241290, 7270160, 28870
124130, 7241300, 7270173, 28873
124131, 7241310, 7270187, 28877
124132, 7241320, 7270200, 28880
124133, 7241330, 7270214, 28884
124134, 7241340, 7270227, 28887
124135, 7241350, 7270241, 28891
124136, 7241360, 7270254, 28894
124137, 7241370, 7270267, 28897
124138, 7241380, 7270281, 28901
124140, 7241400, 7270294, 28894
124141, 7241410, 7270308, 28898
124142, 7241420, 7270321, 28901
124143, 7241430, 7270335, 28905
124144, 7241440, 7270348, 28908
124145, 7241450, 7270362, 28912
124146, 7241460, 7270375, 28915
124147, 7241470, 7270388, 28918
124148, 7241480, 7270402, 28922
124151, 7241510, 7270429, 28919
124152, 7241520, 7270442, 28922
124153, 7241530, 7270456, 28926
124154, 7241540, 7270469, 28929
124155, 7241550, 7270482, 28932
124156, 7241560, 7270496, 28936
124157, 7241570, 7270509, 28939
124158, 7241580, 7270523, 28943
124159, 7241590, 7270536, 28946
124161, 7241610, 7270550, 28940
124162, 7241620, 7270563, 28943
124163, 7241630, 7270577, 28947
124164, 7241640, 7270590, 28950
124165, 7241650, 7270603, 28953
124166, 7241660, 7270617, 28957
124167, 7241670, 7270630, 28960
124168, 7241680, 7270644, 28964
124169, 7241690, 7270657, 28967
124171, 7241710, 7270671, 28961
124172, 7241720, 7270684, 28964
124173, 7241730, 7270698, 28968
124174, 7241740, 7270711, 28971
124175, 7241750, 7270724, 28974
124176, 7241760, 7270738, 28978
124177, 7241770, 7270751, 28981
124178, 7241780, 7270765, 28985
124179, 7241790, 7270778, 28988
124180, 7241800, 7270792, 28992
124182, 7241820, 7270805, 28985
124183, 7241830, 7270818, 28988
124184, 7241840, 7270832, 28992
124185, 7241850, 7270845, 28995
124186, 7241860, 7270859, 28999
124187, 7241870, 7270872, 29002
124188, 7241880, 7270886, 29006
124189, 7241890, 7270899, 29009
124190, 7241900, 7270913, 29013
124191, 7241910, 7270926, 29016
124193, 7241930, 7270939, 29009
124194, 7241940, 7270953, 29013
124195, 7241950, 7270966, 29016
124196, 7241960, 7270980, 29020
124197, 7241970, 7270993, 29023
124198, 7241980, 7271007, 29027
124199, 7241990, 7271020, 29030
124602, 7246020, 7271047, 25027
124603, 7246030, 7271060, 25030
124604, 7246040, 7271074, 25034
124605, 7246050, 7271087, 25037
124606, 7246060, 7271101, 25041
124607, 7246070, 7271114, 25044
124608, 7246080, 7271128, 25048
124609, 7246090, 7271141, 25051
124610, 7246100, 7271154, 25054
124612, 7246120, 7271168, 25048
124613, 7246130, 7271181, 25051
124614, 7246140, 7271195, 25055
124615, 7246150, 7271208, 25058
124616, 7246160, 7271222, 25062
124617, 7246170, 7271235, 25065
124618, 7246180, 7271249, 25069
124619, 7246190, 7271262, 25072
124620, 7246200, 7271275, 25075
124621, 7246210, 7271289, 25079
124623, 7246230, 7271302, 25072
124624, 7246240, 7271316, 25076
124625, 7246250, 7271329, 25079
124626, 7246260, 7271343, 25083
124627, 7246270, 7271356, 25086
124628, 7246280, 7271370, 25090
124629, 7246290, 7271383, 25093
124630, 7246300, 7271396, 25096
124631, 7246310, 7271410, 25100
124633, 7246330, 7271423, 25093
124634, 7246340, 7271437, 25097
124635, 7246350, 7271450, 25100
124636, 7246360, 7271464, 25104
124637, 7246370, 7271477, 25107
124638, 7246380, 7271490, 25110
124639, 7246390, 7271504, 25114
124640, 7246400, 7271517, 25117
124641, 7246410, 7271531, 25121
124642, 7246420, 7271544, 25124
124644, 7246440, 7271558, 25118
124645, 7246450, 7271571, 25121
124646, 7246460, 7271585, 25125
124647, 7246470, 7271598, 25128
124648, 7246480, 7271611, 25131
124649, 7246490, 7271625, 25135
124651, 7246510, 7271652, 25142
124652, 7246520, 7271665, 25145
124653, 7246530, 7271679, 25149
124655, 7246550, 7271692, 25142
124656, 7246560, 7271706, 25146
124657, 7246570, 7271719, 25149
124658, 7246580, 7271732, 25152
124659, 7246590, 7271746, 25156
124660, 7246600, 7271759, 25159
124661, 7246610, 7271773, 25163
124662, 7246620, 7271786, 25166
124663, 7246630, 7271800, 25170
124665, 7246650, 7271813, 25163
124666, 7246660, 7271826, 25166
124667, 7246670, 7271840, 25170
124668, 7246680, 7271853, 25173
124669, 7246690, 7271867, 25177
124670, 7246700, 7271880, 25180
124671, 7246710, 7271894, 25184
124672, 7246720, 7271907, 25187
124673, 7246730, 7271921, 25191
124674, 7246740, 7271934, 25194
124676, 7246760, 7271947, 25187
124677, 7246770, 7271961, 25191
124678, 7246780, 7271974, 25194
124679, 7246790, 7271988, 25198
124680, 7246800, 7272001, 25201
124681, 7246810, 7272015, 25205
124682, 7246820, 7272028, 25208
124683, 7246830, 7272042, 25212
124684, 7246840, 7272055, 25215
124685, 7246850, 7272068, 25218
124687, 7246870, 7272082, 25212
124688, 7246880, 7272095, 25215
124689, 7246890, 7272109, 25219
124690, 7246900, 7272122, 25222
124691, 7246910, 7272136, 25226
124692, 7246920, 7272149, 25229
124693, 7246930, 7272162, 25232
124694, 7246940, 7272176, 25236
124695, 7246950, 7272189, 25239
124697, 7246970, 7272203, 25233
124698, 7246980, 7272216, 25236
124699, 7246990, 7272230, 25240
124701, 7247010, 7272257, 25247
124702, 7247020, 7272270, 25250
124703, 7247030, 7272283, 25253
124704, 7247040, 7272297, 25257
124705, 7247050, 7272310, 25260
124706, 7247060, 7272324, 25264
124708, 7247080, 7272337, 25257
124709, 7247090, 7272351, 25261
124710, 7247100, 7272364, 25264
124711, 7247110, 7272378, 25268
124712, 7247120, 7272391, 25271
124713, 7247130, 7272404, 25274
124714, 7247140, 7272418, 25278
124715, 7247150, 7272431, 25281
124716, 7247160, 7276012, 28852
124718, 7247180, 7276026, 28846
124719, 7247190, 7276039, 28849
124720, 7247200, 7276052, 28852
124721, 7247210, 7276066, 28856
124722, 7247220, 7276079, 28859
124723, 7247230, 7276093, 28863
124724, 7247240, 7276106, 28866
124725, 7247250, 7276120, 28870
124726, 7247260, 7276133, 28873
124727, 7247270, 7276146, 28876
124729, 7247290, 7276160, 28870
124730, 7247300, 7276173, 28873
124731, 7247310, 7276187, 28877
124732, 7247320, 7276200, 28880
124733, 7247330, 7276214, 28884
124734, 7247340, 7276227, 28887
124735, 7247350, 7276241, 28891
124736, 7247360, 7276254, 28894
124737, 7247370, 7276267, 28897
124738, 7247380, 7276281, 28901
124740, 7247400, 7276294, 28894
124741, 7247410, 7276308, 28898
124742, 7247420, 7276321, 28901
124743, 7247430, 7276335, 28905
124744, 7247440, 7276348, 28908
124745, 7247450, 7276362, 28912
124746, 7247460, 7276375, 28915
124747, 7247470, 7276388, 28918
124748, 7247480, 7276402, 28922
124751, 7247510, 7276429, 28919
124752, 7247520, 7276442, 28922
124753, 7247530, 7276456, 28926
124754, 7247540, 7276469, 28929
124755, 7247550, 7276482, 28932
124756, 7247560, 7276496, 28936
124757, 7247570, 7276509, 28939
124758, 7247580, 7276523, 28943
124759, 7247590, 7276536, 28946
124761, 7247610, 7276550, 28940
124762, 7247620, 7276563, 28943
124763, 7247630, 7276577, 28947
124764, 7247640, 7276590, 28950
124765, 7247650, 7276603, 28953
124766, 7247660, 7276617, 28957
124767, 7247670, 7276630, 28960
124768, 7247680, 7276644, 28964
124769, 7247690, 7276657, 28967
124771, 7247710, 7276671, 28961
124772, 7247720, 7276684, 28964
124773, 7247730, 7276698, 28968
124774, 7247740, 7276711, 28971
124775, 7247750, 7276724, 28974
124776, 7247760, 7276738, 28978
124777, 7247770, 7276751, 28981
124778, 7247780, 7276765, 28985
124779, 7247790, 7276778, 28988
124780, 7247800, 7276792, 28992
124782, 7247820, 7276805, 28985
124783, 7247830, 7276818, 28988
124784, 7247840, 7276832, 28992
124785, 7247850, 7276845, 28995
124786, 7247860, 7276859, 28999
124787, 7247870, 7276872, 29002
124788, 7247880, 7276886, 29006
124789, 7247890, 7276899, 29009
124790, 7247900, 7276913, 29013
124791, 7247910, 7276926, 29016
124793, 7247930, 7276939, 29009
124794, 7247940, 7276953, 29013
124795, 7247950, 7276966, 29016
124796, 7247960, 7276980, 29020
124797, 7247970, 7276993, 29023
124798, 7247980, 7277007, 29027
124799, 7247990, 7277020, 29030
125202, 7252020, 7277047, 25027
125203, 7252030, 7277060, 25030
125204, 7252040, 7277074, 25034
125205, 7252050, 7277087, 25037
125206, 7252060, 7277101, 25041
125207, 7252070, 7277114, 25044
125208, 7252080, 7277128, 25048
125209, 7252090, 7277141, 25051
125210, 7252100, 7277154, 25054
125212, 7252120, 7277168, 25048
125213, 7252130, 7277181, 25051
125214, 7252140, 7277195, 25055
125215, 7252150, 7277208, 25058
125216, 7252160, 7277222, 25062
125217, 7252170, 7277235, 25065
125218, 7252180, 7277249, 25069
125219, 7252190, 7277262, 25072
125220, 7252200, 7277275, 25075
125221, 7252210, 7277289, 25079
125223, 7252230, 7277302, 25072
125224, 7252240, 7277316, 25076
125225, 7252250, 7277329, 25079
125226, 7252260, 7277343, 25083
125227, 7252270, 7277356, 25086
125228, 7252280, 7277370, 25090
125229, 7252290, 7277383, 25093
125230, 7252300, 7277396, 25096
125231, 7252310, 7277410, 25100
125233, 7252330, 7277423, 25093
125234, 7252340, 7277437, 25097
125235, 7252350, 7277450, 25100
125236, 7252360, 7277464, 25104
125237, 7252370, 7277477, 25107
125238, 7252380, 7277490, 25110
125239, 7252390, 7277504, 25114
125240, 7252400, 7277517, 25117
125241, 7252410, 7277531, 25121
125242, 7252420, 7277544, 25124
125244, 7252440, 7277558, 25118
125245, 7252450, 7277571, 25121
125246, 7252460, 7277585, 25125
125247, 7252470, 7277598, 25128
125248, 7252480, 7277611, 25131
125249, 7252490, 7277625, 25135
125251, 7252510, 7277652, 25142
125252, 7252520, 7277665, 25145
125253, 7252530, 7277679, 25149
125255, 7252550, 7277692, 25142
125256, 7252560, 7277706, 25146
125257, 7252570, 7277719, 25149
125258, 7252580, 7277732, 25152
125259, 7252590, 7277746, 25156
125260, 7252600, 7277759, 25159
125261, 7252610, 7277773, 25163
125262, 7252620, 7277786, 25166
125263, 7252630, 7277800, 25170
125265, 7252650, 7277813, 25163
125266, 7252660, 7277826, 25166
125267, 7252670, 7277840, 25170
125268, 7252680, 7277853, 25173
125269, 7252690, 7277867, 25177
125270, 7252700, 7277880, 25180
125271, 7252710, 7277894, 25184
125272, 7252720, 7277907, 25187
125273, 7252730, 7277921, 25191
125274, 7252740, 7277934, 25194
125276, 7252760, 7277947, 25187
125277, 7252770, 7277961, 25191
125278, 7252780, 7277974, 25194
125279, 7252790, 7277988, 25198
125280, 7252800, 7278001, 25201
125281, 7252810, 7278015, 25205
125282, 7252820, 7278028, 25208
125283, 7252830, 7278042, 25212
125284, 7252840, 7278055, 25215
125285, 7252850, 7278068, 25218
125287, 7252870, 7278082, 25212
125288, 7252880, 7278095, 25215
125289, 7252890, 7278109, 25219
125290, 7252900, 7278122, 25222
125291, 7252910, 7278136, 25226
125292, 7252920, 7278149, 25229
125293, 7252930, 7278162, 25232
125294, 7252940, 7278176, 25236
125295, 7252950, 7278189, 25239
125297, 7252970, 7278203, 25233
125298, 7252980, 7278216, 25236
125299, 7252990, 7278230, 25240
125301, 7253010, 7278257, 25247
125302, 7253020, 7278270, 25250
125303, 7253030, 7278283, 25253
125304, 7253040, 7278297, 25257
125305, 7253050, 7278310, 25260
125306, 7253060, 7278324, 25264
125308, 7253080, 7278337, 25257
125309, 7253090, 7278351, 25261
125310, 7253100, 7278364, 25264
125311, 7253110, 7278378, 25268
125312, 7253120, 7278391, 25271
125313, 7253130, 7278404, 25274
125314, 7253140, 7278418, 25278
125315, 7253150, 7278431, 25281
125316, 7253160, 7282012, 28852
125318, 7253180, 7282026, 28846
125319, 7253190, 7282039, 28849
125320, 7253200, 7282052, 28852
125321, 7253210, 7282066, 28856
125322, 7253220, 7282079, 28859
125323, 7253230, 7282093, 28863
125324, 7253240, 7282106, 28866
125325, 7253250, 7282120, 28870
125326, 7253260, 7282133, 28873
125327, 7253270, 7282146, 28876
125329, 7253290, 7282160, 28870
125330, 7253300, 7282173, 28873
125331, 7253310, 7282187, 28877
125332, 7253320, 7282200, 28880
125333, 7253330, 7282214, 28884
125334, 7253340, 7282227, 28887
125335, 7253350, 7282241, 28891
125336, 7253360, 7282254, 28894
125337, 7253370, 7282267, 28897
125338, 7253380, 7282281, 28901
125340, 7253400, 7282294, 28894
125341, 7253410, 7282308, 28898
125342, 7253420, 7282321, 28901
125343, 7253430, 7282335, 28905
125344, 7253440, 7282348, 28908
125345, 7253450, 7282362, 28912
125346, 7253460, 7282375, 28915
125347, 7253470, 7282388, 28918
125348, 7253480, 7282402, 28922
125351, 7253510, 7282429, 28919
125352, 7253520, 7282442, 28922
125353, 7253530, 7282456, 28926
125354, 7253540, 7282469, 28929
125355, 7253550, 7282482, 28932
125356, 7253560, 7282496, 28936
125357, 7253570, 7282509, 28939
125358, 7253580, 7282523, 28943
125359, 7253590, 7282536, 28946
125361, 7253610, 7282550, 28940
125362, 7253620, 7282563, 28943
125363, 7253630, 7282577, 28947
125364, 7253640, 7282590, 28950
125365, 7253650, 7282603, 28953
125366, 7253660, 7282617, 28957
125367, 7253670, 7282630, 28960
125368, 7253680, 7282644, 28964
125369, 7253690, 7282657, 28967
125371, 7253710, 7282671, 28961
125372, 7253720, 7282684, 28964
125373, 7253730, 7282698, 28968
125374, 7253740, 7282711, 28971
125375, 7253750, 7282724, 28974
125376, 7253760, 7282738, 28978
125377, 7253770, 7282751, 28981
125378, 7253780, 7282765, 28985
125379, 7253790, 7282778, 28988
125380, 7253800, 7282792, 28992
125382, 7253820, 7282805, 28985
125383, 7253830, 7282818, 28988
125384, 7253840, 7282832, 28992
125385, 7253850, 7282845, 28995
125386, 7253860, 7282859, 28999
125387, 7253870, 7282872, 29002
125388, 7253880, 7282886, 29006
125389, 7253890, 7282899, 29009
125390, 7253900, 7282913, 29013
125391, 7253910, 7282926, 29016
125393, 7253930, 7282939, 29009
125394, 7253940, 7282953, 29013
125395, 7253950, 7282966, 29016
125396, 7253960, 7282980, 29020
125397, 7253970, 7282993, 29023
125398, 7253980, 7283007, 29027
125399, 7253990, 7283020, 29030
125802, 7258020, 7283047, 25027
125803, 7258030, 7283060, 25030
125804, 7258040, 7283074, 25034
125805, 7258050, 7283087, 25037
125806, 7258060, 7283101, 25041
125807, 7258070, 7283114, 25044
125808, 7258080, 7283128, 25048
125809, 7258090, 7283141, 25051
125810, 7258100, 7283154, 25054
125812, 7258120, 7283168, 25048
125813, 7258130, 7283181, 25051
125814, 7258140, 7283195, 25055
125815, 7258150, 7283208, 25058
125816, 7258160, 7283222, 25062
125817, 7258170, 7283235, 25065
125818, 7258180, 7283249, 25069
125819, 7258190, 7283262, 25072
125820, 7258200, 7283275, 25075
125821, 7258210, 7283289, 25079
125823, 7258230, 7283302, 25072
125824, 7258240, 7283316, 25076
125825, 7258250, 7283329, 25079
125826, 7258260, 7283343, 25083
125827, 7258270, 7283356, 25086
125828, 7258280, 7283370, 25090
125829, 7258290, 7283383, 25093
125830, 7258300, 7283396, 25096
125831, 7258310, 7283410, 25100
125833, 7258330, 7283423, 25093
125834, 7258340, 7283437, 25097
125835, 7258350, 7283450, 25100
125836, 7258360, 7283464, 25104
125837, 7258370, 7283477, 25107
125838, 7258380, 7283490, 25110
125839, 7258390, 7283504, 25114
125840, 7258400, 7283517, 25117
125841, 7258410, 7283531, 25121
125842, 7258420, 7283544, 25124
125844, 7258440, 7283558, 25118
125845, 7258450, 7283571, 25121
125846, 7258460, 7283585, 25125
125847, 7258470, 7283598, 25128
125848, 7258480, 7283611, 25131
125849, 7258490, 7283625, 25135
125851, 7258510, 7283652, 25142
125852, 7258520, 7283665, 25145
125853, 7258530, 7283679, 25149
125855, 7258550, 7283692, 25142
125856, 7258560, 7283706, 25146
125857, 7258570, 7283719, 25149
125858, 7258580, 7283732, 25152
125859, 7258590, 7283746, 25156
125860, 7258600, 7283759, 25159
125861, 7258610, 7283773, 25163
125862, 7258620, 7283786, 25166
125863, 7258630, 7283800, 25170
125865, 7258650, 7283813, 25163
125866, 7258660, 7283826, 25166
125867, 7258670, 7283840, 25170
125868, 7258680, 7283853, 25173
125869, 7258690, 7283867, 25177
125870, 7258700, 7283880, 25180
125871, 7258710, 7283894, 25184
125872, 7258720, 7283907, 25187
125873, 7258730, 7283921, 25191
125874, 7258740, 7283934, 25194
125876, 7258760, 7283947, 25187
125877, 7258770, 7283961, 25191
125878, 7258780, 7283974, 25194
125879, 7258790, 7283988, 25198
125880, 7258800, 7284001, 25201
125881, 7258810, 7284015, 25205
125882, 7258820, 7284028, 25208
125883, 7258830, 7284042, 25212
125884, 7258840, 7284055, 25215
125885, 7258850, 7284068, 25218
125887, 7258870, 7284082, 25212
125888, 7258880, 7284095, 25215
125889, 7258890, 7284109, 25219
125890, 7258900, 7284122, 25222
125891, 7258910, 7284136, 25226
125892, 7258920, 7284149, 25229
125893, 7258930, 7284162, 25232
125894, 7258940, 7284176, 25236
125895, 7258950, 7284189, 25239
125897, 7258970, 7284203, 25233
125898, 7258980, 7284216, 25236
125899, 7258990, 7284230, 25240
125901, 7259010, 7284257, 25247
125902, 7259020, 7284270, 25250
125903, 7259030, 7284283, 25253
125904, 7259040, 7284297, 25257
125905, 7259050, 7284310, 25260
125906, 7259060, 7284324, 25264
125908, 7259080, 7284337, 25257
125909, 7259090, 7284351, 25261
125910, 7259100, 7284364, 25264
125911, 7259110, 7284378, 25268
125912, 7259120, 7284391, 25271
125913, 7259130, 7284404, 25274
125914, 7259140, 7284418, 25278
125915, 7259150, 7284431, 25281
125916, 7259160, 7288012, 28852
125918, 7259180, 7288026, 28846
125919, 7259190, 7288039, 28849
125920, 7259200, 7288052, 28852
125921, 7259210, 7288066, 28856
125922, 7259220, 7288079, 28859
125923, 7259230, 7288093, 28863
125924, 7259240, 7288106, 28866
125925, 7259250, 7288120, 28870
125926, 7259260, 7288133, 28873
125927, 7259270, 7288146, 28876
125929, 7259290, 7288160, 28870
125930, 7259300, 7288173, 28873
125931, 7259310, 7288187, 28877
125932, 7259320, 7288200, 28880
125933, 7259330, 7288214, 28884
125934, 7259340, 7288227, 28887
125935, 7259350, 7288241, 28891
125936, 7259360, 7288254, 28894
125937, 7259370, 7288267, 28897
125938, 7259380, 7288281, 28901
125940, 7259400, 7288294, 28894
125941, 7259410, 7288308, 28898
125942, 7259420, 7288321, 28901
125943, 7259430, 7288335, 28905
125944, 7259440, 7288348, 28908
125945, 7259450, 7288362, 28912
125946, 7259460, 7288375, 28915
125947, 7259470, 7288388, 28918
125948, 7259480, 7288402, 28922
125951, 7259510, 7288429, 28919
125952, 7259520, 7288442, 28922
125953, 7259530, 7288456, 28926
125954, 7259540, 7288469, 28929
125955, 7259550, 7288482, 28932
125956, 7259560, 7288496, 28936
125957, 7259570, 7288509, 28939
125958, 7259580, 7288523, 28943
125959, 7259590, 7288536, 28946
125961, 7259610, 7288550, 28940
125962, 7259620, 7288563, 28943
125963, 7259630, 7288577, 28947
125964, 7259640, 7288590, 28950
125965, 7259650, 7288603, 28953
125966, 7259660, 7288617, 28957
125967, 7259670, 7288630, 28960
125968, 7259680, 7288644, 28964
125969, 7259690, 7288657, 28967
125971, 7259710, 7288671, 28961
125972, 7259720, 7288684, 28964
125973, 7259730, 7288698, 28968
125974, 7259740, 7288711, 28971
125975, 7259750, 7288724, 28974
125976, 7259760, 7288738, 28978
125977, 7259770, 7288751, 28981
125978, 7259780, 7288765, 28985
125979, 7259790, 7288778, 28988
125980, 7259800, 7288792, 28992
125982, 7259820, 7288805, 28985
125983, 7259830, 7288818, 28988
125984, 7259840, 7288832, 28992
125985, 7259850, 7288845, 28995
125986, 7259860, 7288859, 28999
125987, 7259870, 7288872, 29002
125988, 7259880, 7288886, 29006
125989, 7259890, 7288899, 29009
125990, 7259900, 7288913, 29013
125991, 7259910, 7288926, 29016
125993, 7259930, 7288939, 29009
125994, 7259940, 7288953, 29013
125995, 7259950, 7288966, 29016
125996, 7259960, 7288980, 29020
125997, 7259970, 7288993, 29023
125998, 7259980, 7289007, 29027
125999, 7259990, 7289020, 29030
126402, 7264020, 7289047, 25027
126403, 7264030, 7289060, 25030
126404, 7264040, 7289074, 25034
126405, 7264050, 7289087, 25037
126406, 7264060, 7289101, 25041
126407, 7264070, 7289114, 25044
126408, 7264080, 7289128, 25048
126409, 7264090, 7289141, 25051
126410, 7264100, 7289154, 25054
126412, 7264120, 7289168, 25048
126413, 7264130, 7289181, 25051
126414, 7264140, 7289195, 25055
126415, 7264150, 7289208, 25058
126416, 7264160, 7289222, 25062
126417, 7264170, 7289235, 25065
126418, 7264180, 7289249, 25069
126419, 7264190, 7289262, 25072
126420, 7264200, 7289275, 25075
126421, 7264210, 7289289, 25079
126423, 7264230, 7289302, 25072
126424, 7264240, 7289316, 25076
126425, 7264250, 7289329, 25079
126426, 7264260, 7289343, 25083
126427, 7264270, 7289356, 25086
126428, 7264280, 7289370, 25090
126429, 7264290, 7289383, 25093
126430, 7264300, 7289396, 25096
126431, 7264310, 7289410, 25100
126433, 7264330, 7289423, 25093
126434, 7264340, 7289437, 25097
126435, 7264350, 7289450, 25100
126436, 7264360, 7289464, 25104
126437, 7264370, 7289477, 25107
126438, 7264380, 7289490, 25110
126439, 7264390, 7289504, 25114
126440, 7264400, 7289517, 25117
126441, 7264410, 7289531, 25121
126442, 7264420, 7289544, 25124
126444, 7264440, 7289558, 25118
126445, 7264450, 7289571, 25121
126446, 7264460, 7289585, 25125
126447, 7264470, 7289598, 25128
126448, 7264480, 7289611, 25131
126449, 7264490, 7289625, 25135
126451, 7264510, 7289652, 25142
126452, 7264520, 7289665, 25145
126453, 7264530, 7289679, 25149
126455, 7264550, 7289692, 25142
126456, 7264560, 7289706, 25146
126457, 7264570, 7289719, 25149
126458, 7264580, 7289732, 25152
126459, 7264590, 7289746, 25156
126460, 7264600, 7289759, 25159
126461, 7264610, 7289773, 25163
126462, 7264620, 7289786, 25166
126463, 7264630, 7289800, 25170
126465, 7264650, 7289813, 25163
126466, 7264660, 7289826, 25166
126467, 7264670, 7289840, 25170
126468, 7264680, 7289853, 25173
126469, 7264690, 7289867, 25177
126470, 7264700, 7289880, 25180
126471, 7264710, 7289894, 25184
126472, 7264720, 7289907, 25187
126473, 7264730, 7289921, 25191
126474, 7264740, 7289934, 25194
126476, 7264760, 7289947, 25187
126477, 7264770, 7289961, 25191
126478, 7264780, 7289974, 25194
126479, 7264790, 7289988, 25198
126480, 7264800, 7290001, 25201
126481, 7264810, 7290015, 25205
126482, 7264820, 7290028, 25208
126483, 7264830, 7290042, 25212
126484, 7264840, 7290055, 25215
126485, 7264850, 7290068, 25218
126487, 7264870, 7290082, 25212
126488, 7264880, 7290095, 25215
126489, 7264890, 7290109, 25219
126490, 7264900, 7290122, 25222
126491, 7264910, 7290136, 25226
126492, 7264920, 7290149, 25229
126493, 7264930, 7290162, 25232
126494, 7264940, 7290176, 25236
126495, 7264950, 7290189, 25239
126497, 7264970, 7290203, 25233
126498, 7264980, 7290216, 25236
126499, 7264990, 7290230, 25240
126501, 7265010, 7290257, 25247
126502, 7265020, 7290270, 25250
126503, 7265030, 7290283, 25253
126504, 7265040, 7290297, 25257
126505, 7265050, 7290310, 25260
126506, 7265060, 7290324, 25264
126508, 7265080, 7290337, 25257
126509, 7265090, 7290351, 25261
126510, 7265100, 7290364, 25264
126511, 7265110, 7290378, 25268
126512, 7265120, 7290391, 25271
126513, 7265130, 7290404, 25274
126514, 7265140, 7290418, 25278
126515, 7265150, 7290431, 25281
126516, 7265160, 7294012, 28852
126517, 7265170, 7294026, 28856
126519, 7265190, 7294039, 28849
126520, 7265200, 7294052, 28852
126521, 7265210, 7294066, 28856
126522, 7265220, 7294079, 28859
126523, 7265230, 7294093, 28863
126524, 7265240, 7294106, 28866
126525, 7265250, 7294120, 28870
126526, 7265260, 7294133, 28873
126527, 7265270, 7294146, 28876
126529, 7265290, 7294160, 28870
126530, 7265300, 7294173, 28873
126531, 7265310, 7294187, 28877
126532, 7265320, 7294200, 28880
126533, 7265330, 7294214, 28884
126534, 7265340, 7294227, 28887
126535, 7265350, 7294241, 28891
126536, 7265360, 7294254, 28894
126537, 7265370, 7294267, 28897
126538, 7265380, 7294281, 28901
126540, 7265400, 7294294, 28894
126541, 7265410, 7294308, 28898
126542, 7265420, 7294321, 28901
126543, 7265430, 7294335, 28905
126544, 7265440, 7294348, 28908
126545, 7265450, 7294362, 28912
126546, 7265460, 7294375, 28915
126547, 7265470, 7294388, 28918
126548, 7265480, 7294402, 28922
126551, 7265510, 7294429, 28919
126552, 7265520, 7294442, 28922
126553, 7265530, 7294456, 28926
126554, 7265540, 7294469, 28929
126555, 7265550, 7294482, 28932
126556, 7265560, 7294496, 28936
126557, 7265570, 7294509, 28939
126558, 7265580, 7294523, 28943
126559, 7265590, 7294536, 28946
126561, 7265610, 7294550, 28940
126562, 7265620, 7294563, 28943
126563, 7265630, 7294577, 28947
126564, 7265640, 7294590, 28950
126565, 7265650, 7294603, 28953
126566, 7265660, 7294617, 28957
126567, 7265670, 7294630, 28960
126568, 7265680, 7294644, 28964
126569, 7265690, 7294657, 28967
126570, 7265700, 7294671, 28971
126572, 7265720, 7294684, 28964
126573, 7265730, 7294698, 28968
126574, 7265740, 7294711, 28971
126575, 7265750, 7294724, 28974
126576, 7265760, 7294738, 28978
126577, 7265770, 7294751, 28981
126578, 7265780, 7294765, 28985
126579, 7265790, 7294778, 28988
126580, 7265800, 7294792, 28992
126582, 7265820, 7294805, 28985
126583, 7265830, 7294818, 28988
126584, 7265840, 7294832, 28992
126585, 7265850, 7294845, 28995
126586, 7265860, 7294859, 28999
126587, 7265870, 7294872, 29002
126588, 7265880, 7294886, 29006
126589, 7265890, 7294899, 29009
126590, 7265900, 7294913, 29013
126591, 7265910, 7294926, 29016
126593, 7265930, 7294939, 29009
126594, 7265940, 7294953, 29013
126595, 7265950, 7294966, 29016
126596, 7265960, 7294980, 29020
126597, 7265970, 7294993, 29023
126598, 7265980, 7295007, 29027
126599, 7265990, 7295020, 29030
127002, 7270020, 7295047, 25027
127003, 7270030, 7295060, 25030
127004, 7270040, 7295074, 25034
127005, 7270050, 7295087, 25037
127006, 7270060, 7295101, 25041
127007, 7270070, 7295114, 25044
127008, 7270080, 7295127, 25047
127009, 7270090, 7295141, 25051
127010, 7270100, 7295154, 25054
127012, 7270120, 7295168, 25048
127013, 7270130, 7295181, 25051
127014, 7270140, 7295195, 25055
127015, 7270150, 7295208, 25058
127016, 7270160, 7295222, 25062
127017, 7270170, 7295235, 25065
127018, 7270180, 7295248, 25068
127019, 7270190, 7295262, 25072
127020, 7270200, 7295275, 25075
127021, 7270210, 7295289, 25079
127023, 7270230, 7295302, 25072
127024, 7270240, 7295316, 25076
127025, 7270250, 7295329, 25079
127026, 7270260, 7295342, 25082
127027, 7270270, 7295356, 25086
127028, 7270280, 7295369, 25089
127029, 7270290, 7295383, 25093
127030, 7270300, 7295396, 25096
127031, 7270310, 7295410, 25100
127033, 7270330, 7295423, 25093
127034, 7270340, 7295437, 25097
127035, 7270350, 7295450, 25100
127036, 7270360, 7295463, 25103
127037, 7270370, 7295477, 25107
127038, 7270380, 7295490, 25110
127039, 7270390, 7295504, 25114
127040, 7270400, 7295517, 25117
127041, 7270410, 7295531, 25121
127042, 7270420, 7295544, 25124
127044, 7270440, 7295558, 25118
127045, 7270450, 7295571, 25121
127046, 7270460, 7295584, 25124
127047, 7270470, 7295598, 25128
127048, 7270480, 7295611, 25131
127049, 7270490, 7295625, 25135
127051, 7270510, 7295652, 25142
127052, 7270520, 7295665, 25145
127053, 7270530, 7295678, 25148
127055, 7270550, 7295692, 25142
127056, 7270560, 7295705, 25145
127057, 7270570, 7295719, 25149
127058, 7270580, 7295732, 25152
127059, 7270590, 7295746, 25156
127060, 7270600, 7295759, 25159
127061, 7270610, 7295773, 25163
127062, 7270620, 7295786, 25166
127063, 7270630, 7295799, 25169
127065, 7270650, 7295813, 25163
127066, 7270660, 7295826, 25166
127067, 7270670, 7295840, 25170
127068, 7270680, 7295853, 25173
127069, 7270690, 7295867, 25177
127070, 7270700, 7295880, 25180
127071, 7270710, 7295894, 25184
127072, 7270720, 7295907, 25187
127073, 7270730, 7295920, 25190
127074, 7270740, 7295934, 25194
127076, 7270760, 7295947, 25187
127077, 7270770, 7295961, 25191
127078, 7270780, 7295974, 25194
127079, 7270790, 7295988, 25198
127080, 7270800, 7296001, 25201
127081, 7270810, 7296014, 25204
127082, 7270820, 7296028, 25208
127083, 7270830, 7296041, 25211
127084, 7270840, 7296055, 25215
127085, 7270850, 7296068, 25218
127087, 7270870, 7296082, 25212
127088, 7270880, 7296095, 25215
127089, 7270890, 7296109, 25219
127090, 7270900, 7296122, 25222
127091, 7270910, 7296135, 25225
127092, 7270920, 7296149, 25229
127093, 7270930, 7296162, 25232
127094, 7270940, 7296176, 25236
127095, 7270950, 7296189, 25239
127097, 7270970, 7296203, 25233
127098, 7270980, 7296216, 25236
127099, 7270990, 7296230, 25240
127101, 7271010, 7296256, 25246
127102, 7271020, 7296270, 25250
127103, 7271030, 7296283, 25253
127104, 7271040, 7296297, 25257
127105, 7271050, 7296310, 25260
127106, 7271060, 7296324, 25264
127108, 7271080, 7296337, 25257
127109, 7271090, 7296350, 25260
127110, 7271100, 7296364, 25264
127111, 7271110, 7296377, 25267
127112, 7271120, 7296391, 25271
127113, 7271130, 7296404, 25274
127114, 7271140, 7296418, 25278
127115, 7271150, 7296431, 25281
127116, 7271160, 7300012, 28852
127118, 7271180, 7300026, 28846
127119, 7271190, 7300039, 28849
127120, 7271200, 7300052, 28852
127121, 7271210, 7300066, 28856
127122, 7271220, 7300079, 28859
127123, 7271230, 7300093, 28863
127124, 7271240, 7300106, 28866
127125, 7271250, 7300120, 28870
127126, 7271260, 7300133, 28873
127127, 7271270, 7300146, 28876
127129, 7271290, 7300160, 28870
127130, 7271300, 7300173, 28873
127131, 7271310, 7300187, 28877
127132, 7271320, 7300200, 28880
127133, 7271330, 7300214, 28884
127134, 7271340, 7300227, 28887
127135, 7271350, 7300241, 28891
127136, 7271360, 7300254, 28894
127137, 7271370, 7300267, 28897
127138, 7271380, 7300281, 28901
127140, 7271400, 7300294, 28894
127141, 7271410, 7300308, 28898
127142, 7271420, 7300321, 28901
127143, 7271430, 7300335, 28905
127144, 7271440, 7300348, 28908
127145, 7271450, 7300362, 28912
127146, 7271460, 7300375, 28915
127147, 7271470, 7300388, 28918
127148, 7271480, 7300402, 28922
127151, 7271510, 7300429, 28919
127152, 7271520, 7300442, 28922
127153, 7271530, 7300456, 28926
127154, 7271540, 7300469, 28929
127155, 7271550, 7300482, 28932
127156, 7271560, 7300496, 28936
127157, 7271570, 7300509, 28939
127158, 7271580, 7300523, 28943
127159, 7271590, 7300536, 28946
127161, 7271610, 7300550, 28940
127162, 7271620, 7300563, 28943
127163, 7271630, 7300577, 28947
127164, 7271640, 7300590, 28950
127165, 7271650, 7300603, 28953
127166, 7271660, 7300617, 28957
127167, 7271670, 7300630, 28960
127168, 7271680, 7300644, 28964
127169, 7271690, 7300657, 28967
127171, 7271710, 7300671, 28961
127172, 7271720, 7300684, 28964
127173, 7271730, 7300698, 28968
127174, 7271740, 7300711, 28971
127175, 7271750, 7300724, 28974
127176, 7271760, 7300738, 28978
127177, 7271770, 7300751, 28981
127178, 7271780, 7300765, 28985
127179, 7271790, 7300778, 28988
127180, 7271800, 7300792, 28992
127182, 7271820, 7300805, 28985
127183, 7271830, 7300818, 28988
127184, 7271840, 7300832, 28992
127185, 7271850, 7300845, 28995
127186, 7271860, 7300859, 28999
127187, 7271870, 7300872, 29002
127188, 7271880, 7300886, 29006
127189, 7271890, 7300899, 29009
127190, 7271900, 7300913, 29013
127191, 7271910, 7300926, 29016
127193, 7271930, 7300939, 29009
127194, 7271940, 7300953, 29013
127195, 7271950, 7300966, 29016
127196, 7271960, 7300980, 29020
127197, 7271970, 7300993, 29023
127198, 7271980, 7301007, 29027
127199, 7271990, 7301020, 29030
127602, 7276020, 7301047, 25027
127603, 7276030, 7301060, 25030
127604, 7276040, 7301074, 25034
127605, 7276050, 7301087, 25037
127606, 7276060, 7301101, 25041
127607, 7276070, 7301114, 25044
127608, 7276080, 7301128, 25048
127609, 7276090, 7301141, 25051
127610, 7276100, 7301154, 25054
127612, 7276120, 7301168, 25048
127613, 7276130, 7301181, 25051
127614, 7276140, 7301195, 25055
127615, 7276150, 7301208, 25058
127616, 7276160, 7301222, 25062
127617, 7276170, 7301235, 25065
127618, 7276180, 7301249, 25069
127619, 7276190, 7301262, 25072
127620, 7276200, 7301275, 25075
127621, 7276210, 7301289, 25079
127623, 7276230, 7301302, 25072
127624, 7276240, 7301316, 25076
127625, 7276250, 7301329, 25079
127626, 7276260, 7301343, 25083
127627, 7276270, 7301356, 25086
127628, 7276280, 7301370, 25090
127629, 7276290, 7301383, 25093
127630, 7276300, 7301396, 25096
127631, 7276310, 7301410, 25100
127633, 7276330, 7301423, 25093
127634, 7276340, 7301437, 25097
127635, 7276350, 7301450, 25100
127636, 7276360, 7301464, 25104
127637, 7276370, 7301477, 25107
127638, 7276380, 7301490, 25110
127639, 7276390, 7301504, 25114
127640, 7276400, 7301517, 25117
127641, 7276410, 7301531, 25121
127642, 7276420, 7301544, 25124
127644, 7276440, 7301558, 25118
127645, 7276450, 7301571, 25121
127646, 7276460, 7301585, 25125
127647, 7276470, 7301598, 25128
127648, 7276480, 7301611, 25131
127649, 7276490, 7301625, 25135
127651, 7276510, 7301652, 25142
127652, 7276520, 7301665, 25145
127653, 7276530, 7301679, 25149
127655, 7276550, 7301692, 25142
127656, 7276560, 7301706, 25146
127657, 7276570, 7301719, 25149
127658, 7276580, 7301732, 25152
127659, 7276590, 7301746, 25156
127660, 7276600, 7301759, 25159
127661, 7276610, 7301773, 25163
127662, 7276620, 7301786, 25166
127663, 7276630, 7301800, 25170
127665, 7276650, 7301813, 25163
127666, 7276660, 7301826, 25166
127667, 7276670, 7301840, 25170
127668, 7276680, 7301853, 25173
127669, 7276690, 7301867, 25177
127670, 7276700, 7301880, 25180
127671, 7276710, 7301894, 25184
127672, 7276720, 7301907, 25187
127673, 7276730, 7301921, 25191
127674, 7276740, 7301934, 25194
127676, 7276760, 7301947, 25187
127677, 7276770, 7301961, 25191
127678, 7276780, 7301974, 25194
127679, 7276790, 7301988, 25198
127680, 7276800, 7302001, 25201
127681, 7276810, 7302015, 25205
127682, 7276820, 7302028, 25208
127683, 7276830, 7302042, 25212
127684, 7276840, 7302055, 25215
127685, 7276850, 7302068, 25218
127687, 7276870, 7302082, 25212
127688, 7276880, 7302095, 25215
127689, 7276890, 7302109, 25219
127690, 7276900, 7302122, 25222
127691, 7276910, 7302136, 25226
127692, 7276920, 7302149, 25229
127693, 7276930, 7302162, 25232
127694, 7276940, 7302176, 25236
127695, 7276950, 7302189, 25239
127697, 7276970, 7302203, 25233
127698, 7276980, 7302216, 25236
127699, 7276990, 7302230, 25240
127701, 7277010, 7302257, 25247
127702, 7277020, 7302270, 25250
127703, 7277030, 7302283, 25253
127704, 7277040, 7302297, 25257
127705, 7277050, 7302310, 25260
127706, 7277060, 7302324, 25264
127708, 7277080, 7302337, 25257
127709, 7277090, 7302351, 25261
127710, 7277100, 7302364, 25264
127711, 7277110, 7302378, 25268
127712, 7277120, 7302391, 25271
127713, 7277130, 7302404, 25274
127714, 7277140, 7302418, 25278
127715, 7277150, 7302431, 25281
127716, 7277160, 7306012, 28852
127718, 7277180, 7306026, 28846
127719, 7277190, 7306039, 28849
127720, 7277200, 7306052, 28852
127721, 7277210, 7306066, 28856
127722, 7277220, 7306079, 28859
127723, 7277230, 7306093, 28863
127724, 7277240, 7306106, 28866
127725, 7277250, 7306120, 28870
127726, 7277260, 7306133, 28873
127727, 7277270, 7306146, 28876
127729, 7277290, 7306160, 28870
127730, 7277300, 7306173, 28873
127731, 7277310, 7306187, 28877
127732, 7277320, 7306200, 28880
127733, 7277330, 7306214, 28884
127734, 7277340, 7306227, 28887
127735, 7277350, 7306241, 28891
127736, 7277360, 7306254, 28894
127737, 7277370, 7306267, 28897
127738, 7277380, 7306281, 28901
127740, 7277400, 7306294, 28894
127741, 7277410, 7306308, 28898
127742, 7277420, 7306321, 28901
127743, 7277430, 7306335, 28905
127744, 7277440, 7306348, 28908
127745, 7277450, 7306362, 28912
127746, 7277460, 7306375, 28915
127747, 7277470, 7306388, 28918
127748, 7277480, 7306402, 28922
127751, 7277510, 7306429, 28919
127752, 7277520, 7306442, 28922
127753, 7277530, 7306456, 28926
127754, 7277540, 7306469, 28929
127755, 7277550, 7306482, 28932
127756, 7277560, 7306496, 28936
127757, 7277570, 7306509, 28939
127758, 7277580, 7306523, 28943
127759, 7277590, 7306536, 28946
127761, 7277610, 7306550, 28940
127762, 7277620, 7306563, 28943
127763, 7277630, 7306577, 28947
127764, 7277640, 7306590, 28950
127765, 7277650, 7306603, 28953
127766, 7277660, 7306617, 28957
127767, 7277670, 7306630, 28960
127768, 7277680, 7306644, 28964
127769, 7277690, 7306657, 28967
127771, 7277710, 7306671, 28961
127772, 7277720, 7306684, 28964
127773, 7277730, 7306698, 28968
127774, 7277740, 7306711, 28971
127775, 7277750, 7306724, 28974
127776, 7277760, 7306738, 28978
127777, 7277770, 7306751, 28981
127778, 7277780, 7306765, 28985
127779, 7277790, 7306778, 28988
127780, 7277800, 7306792, 28992
127782, 7277820, 7306805, 28985
127783, 7277830, 7306818, 28988
127784, 7277840, 7306832, 28992
127785, 7277850, 7306845, 28995
127786, 7277860, 7306859, 28999
127787, 7277870, 7306872, 29002
127788, 7277880, 7306886, 29006
127789, 7277890, 7306899, 29009
127790, 7277900, 7306913, 29013
127791, 7277910, 7306926, 29016
127793, 7277930, 7306939, 29009
127794, 7277940, 7306953, 29013
127795, 7277950, 7306966, 29016
127796, 7277960, 7306980, 29020
127797, 7277970, 7306993, 29023
127798, 7277980, 7307007, 29027
127799, 7277990, 7307020, 29030
128202, 7282020, 7307047, 25027
128203, 7282030, 7307060, 25030
128204, 7282040, 7307074, 25034
128205, 7282050, 7307087, 25037
128206, 7282060, 7307101, 25041
128207, 7282070, 7307114, 25044
128208, 7282080, 7307128, 25048
128209, 7282090, 7307141, 25051
128210, 7282100, 7307154, 25054
128212, 7282120, 7307168, 25048
128213, 7282130, 7307181, 25051
128214, 7282140, 7307195, 25055
128215, 7282150, 7307208, 25058
128216, 7282160, 7307222, 25062
128217, 7282170, 7307235, 25065
128218, 7282180, 7307249, 25069
128219, 7282190, 7307262, 25072
128220, 7282200, 7307275, 25075
128221, 7282210, 7307289, 25079
128223, 7282230, 7307302, 25072
128224, 7282240, 7307316, 25076
128225, 7282250, 7307329, 25079
128226, 7282260, 7307343, 25083
128227, 7282270, 7307356, 25086
128228, 7282280, 7307370, 25090
128229, 7282290, 7307383, 25093
128230, 7282300, 7307396, 25096
128231, 7282310, 7307410, 25100
128233, 7282330, 7307423, 25093
128234, 7282340, 7307437, 25097
128235, 7282350, 7307450, 25100
128236, 7282360, 7307464, 25104
128237, 7282370, 7307477, 25107
128238, 7282380, 7307490, 25110
128239, 7282390, 7307504, 25114
128240, 7282400, 7307517, 25117
128241, 7282410, 7307531, 25121
128242, 7282420, 7307544, 25124
128244, 7282440, 7307558, 25118
128245, 7282450, 7307571, 25121
128246, 7282460, 7307585, 25125
128247, 7282470, 7307598, 25128
128248, 7282480, 7307611, 25131
128249, 7282490, 7307625, 25135
128251, 7282510, 7307652, 25142
128252, 7282520, 7307665, 25145
128253, 7282530, 7307679, 25149
128255, 7282550, 7307692, 25142
128256, 7282560, 7307706, 25146
128257, 7282570, 7307719, 25149
128258, 7282580, 7307732, 25152
128259, 7282590, 7307746, 25156
128260, 7282600, 7307759, 25159
128261, 7282610, 7307773, 25163
128262, 7282620, 7307786, 25166
128263, 7282630, 7307800, 25170
128265, 7282650, 7307813, 25163
128266, 7282660, 7307826, 25166
128267, 7282670, 7307840, 25170
128268, 7282680, 7307853, 25173
128269, 7282690, 7307867, 25177
128270, 7282700, 7307880, 25180
128271, 7282710, 7307894, 25184
128272, 7282720, 7307907, 25187
128273, 7282730, 7307921, 25191
128274, 7282740, 7307934, 25194
128276, 7282760, 7307947, 25187
128277, 7282770, 7307961, 25191
128278, 7282780, 7307974, 25194
128279, 7282790, 7307988, 25198
128280, 7282800, 7308001, 25201
128281, 7282810, 7308015, 25205
128282, 7282820, 7308028, 25208
128283, 7282830, 7308042, 25212
128284, 7282840, 7308055, 25215
128285, 7282850, 7308068, 25218
128287, 7282870, 7308082, 25212
128288, 7282880, 7308095, 25215
128289, 7282890, 7308109, 25219
128290, 7282900, 7308122, 25222
128291, 7282910, 7308136, 25226
128292, 7282920, 7308149, 25229
128293, 7282930, 7308162, 25232
128294, 7282940, 7308176, 25236
128295, 7282950, 7308189, 25239
128297, 7282970, 7308203, 25233
128298, 7282980, 7308216, 25236
128299, 7282990, 7308230, 25240
128301, 7283010, 7308257, 25247
128302, 7283020, 7308270, 25250
128303, 7283030, 7308283, 25253
128304, 7283040, 7308297, 25257
128305, 7283050, 7308310, 25260
128306, 7283060, 7308324, 25264
128308, 7283080, 7308337, 25257
128309, 7283090, 7308351, 25261
128310, 7283100, 7308364, 25264
128311, 7283110, 7308378, 25268
128312, 7283120, 7308391, 25271
128313, 7283130, 7308404, 25274
128314, 7283140, 7308418, 25278
128315, 7283150, 7308431, 25281
128316, 7283160, 7312012, 28852
128318, 7283180, 7312026, 28846
128319, 7283190, 7312039, 28849
128320, 7283200, 7312052, 28852
128321, 7283210, 7312066, 28856
128322, 7283220, 7312079, 28859
128323, 7283230, 7312093, 28863
128324, 7283240, 7312106, 28866
128325, 7283250, 7312120, 28870
128326, 7283260, 7312133, 28873
128327, 7283270, 7312146, 28876
128329, 7283290, 7312160, 28870
128330, 7283300, 7312173, 28873
128331, 7283310, 7312187, 28877
128332, 7283320, 7312200, 28880
128333, 7283330, 7312214, 28884
128334, 7283340, 7312227, 28887
128335, 7283350, 7312241, 28891
128336, 7283360, 7312254, 28894
128337, 7283370, 7312267, 28897
128338, 7283380, 7312281, 28901
128340, 7283400, 7312294, 28894
128341, 7283410, 7312308, 28898
128342, 7283420, 7312321, 28901
128343, 7283430, 7312335, 28905
128344, 7283440, 7312348, 28908
128345, 7283450, 7312362, 28912
128346, 7283460, 7312375, 28915
128347, 7283470, 7312388, 28918
128348, 7283480, 7312402, 28922
128351, 7283510, 7312429, 28919
128352, 7283520, 7312442, 28922
128353, 7283530, 7312456, 28926
128354, 7283540, 7312469, 28929
128355, 7283550, 7312482, 28932
128356, 7283560, 7312496, 28936
128357, 7283570, 7312509, 28939
128358, 7283580, 7312523, 28943
128359, 7283590, 7312536, 28946
128361, 7283610, 7312550, 28940
128362, 7283620, 7312563, 28943
128363, 7283630, 7312577, 28947
128364, 7283640, 7312590, 28950
128365, 7283650, 7312603, 28953
128366, 7283660, 7312617, 28957
128367, 7283670, 7312630, 28960
128368, 7283680, 7312644, 28964
128369, 7283690, 7312657, 28967
128371, 7283710, 7312671, 28961
128372, 7283720, 7312684, 28964
128373, 7283730, 7312698, 28968
128374, 7283740, 7312711, 28971
128375, 7283750, 7312724, 28974
128376, 7283760, 7312738, 28978
128377, 7283770, 7312751, 28981
128378, 7283780, 7312765, 28985
128379, 7283790, 7312778, 28988
128380, 7283800, 7312792, 28992
128382, 7283820, 7312805, 28985
128383, 7283830, 7312818, 28988
128384, 7283840, 7312832, 28992
128385, 7283850, 7312845, 28995
128386, 7283860, 7312859, 28999
128387, 7283870, 7312872, 29002
128388, 7283880, 7312886, 29006
128389, 7283890, 7312899, 29009
128390, 7283900, 7312913, 29013
128391, 7283910, 7312926, 29016
128393, 7283930, 7312939, 29009
128394, 7283940, 7312953, 29013
128395, 7283950, 7312966, 29016
128396, 7283960, 7312980, 29020
128397, 7283970, 7312993, 29023
128398, 7283980, 7313007, 29027
128399, 7283990, 7313020, 29030
128802, 7288020, 7313047, 25027
128803, 7288030, 7313060, 25030
128804, 7288040, 7313074, 25034
128805, 7288050, 7313087, 25037
128806, 7288060, 7313101, 25041
128807, 7288070, 7313114, 25044
128808, 7288080, 7313128, 25048
128809, 7288090, 7313141, 25051
128810, 7288100, 7313154, 25054
128812, 7288120, 7313168, 25048
128813, 7288130, 7313181, 25051
128814, 7288140, 7313195, 25055
128815, 7288150, 7313208, 25058
128816, 7288160, 7313222, 25062
128817, 7288170, 7313235, 25065
128818, 7288180, 7313249, 25069
128819, 7288190, 7313262, 25072
128820, 7288200, 7313275, 25075
128821, 7288210, 7313289, 25079
128823, 7288230, 7313302, 25072
128824, 7288240, 7313316, 25076
128825, 7288250, 7313329, 25079
128826, 7288260, 7313343, 25083
128827, 7288270, 7313356, 25086
128828, 7288280, 7313370, 25090
128829, 7288290, 7313383, 25093
128830, 7288300, 7313396, 25096
128831, 7288310, 7313410, 25100
128833, 7288330, 7313423, 25093
128834, 7288340, 7313437, 25097
128835, 7288350, 7313450, 25100
128836, 7288360, 7313464, 25104
128837, 7288370, 7313477, 25107
128838, 7288380, 7313490, 25110
128839, 7288390, 7313504, 25114
128840, 7288400, 7313517, 25117
128841, 7288410, 7313531, 25121
128842, 7288420, 7313544, 25124
128844, 7288440, 7313558, 25118
128845, 7288450, 7313571, 25121
128846, 7288460, 7313585, 25125
128847, 7288470, 7313598, 25128
128848, 7288480, 7313611, 25131
128849, 7288490, 7313625, 25135
128851, 7288510, 7313652, 25142
128852, 7288520, 7313665, 25145
128853, 7288530, 7313679, 25149
128855, 7288550, 7313692, 25142
128856, 7288560, 7313706, 25146
128857, 7288570, 7313719, 25149
128858, 7288580, 7313732, 25152
128859, 7288590, 7313746, 25156
128860, 7288600, 7313759, 25159
128861, 7288610, 7313773, 25163
128862, 7288620, 7313786, 25166
128863, 7288630, 7313800, 25170
128865, 7288650, 7313813, 25163
128866, 7288660, 7313826, 25166
128867, 7288670, 7313840, 25170
128868, 7288680, 7313853, 25173
128869, 7288690, 7313867, 25177
128870, 7288700, 7313880, 25180
128871, 7288710, 7313894, 25184
128872, 7288720, 7313907, 25187
128873, 7288730, 7313921, 25191
128874, 7288740, 7313934, 25194
128876, 7288760, 7313947, 25187
128877, 7288770, 7313961, 25191
128878, 7288780, 7313974, 25194
128879, 7288790, 7313988, 25198
128880, 7288800, 7314001, 25201
128881, 7288810, 7314015, 25205
128882, 7288820, 7314028, 25208
128883, 7288830, 7314042, 25212
128884, 7288840, 7314055, 25215
128885, 7288850, 7314068, 25218
128887, 7288870, 7314082, 25212
128888, 7288880, 7314095, 25215
128889, 7288890, 7314109, 25219
128890, 7288900, 7314122, 25222
128891, 7288910, 7314136, 25226
128892, 7288920, 7314149, 25229
128893, 7288930, 7314162, 25232
128894, 7288940, 7314176, 25236
128895, 7288950, 7314189, 25239
128897, 7288970, 7314203, 25233
128898, 7288980, 7314216, 25236
128899, 7288990, 7314230, 25240
128901, 7289010, 7314257, 25247
128902, 7289020, 7314270, 25250
128903, 7289030, 7314283, 25253
128904, 7289040, 7314297, 25257
128905, 7289050, 7314310, 25260
128906, 7289060, 7314324, 25264
128908, 7289080, 7314337, 25257
128909, 7289090, 7314351, 25261
128910, 7289100, 7314364, 25264
128911, 7289110, 7314378, 25268
128912, 7289120, 7314391, 25271
128913, 7289130, 7314404, 25274
128914, 7289140, 7314418, 25278
128915, 7289150, 7314431, 25281
128916, 7289160, 7318012, 28852
128918, 7289180, 7318026, 28846
128919, 7289190, 7318039, 28849
128920, 7289200, 7318052, 28852
128921, 7289210, 7318066, 28856
128922, 7289220, 7318079, 28859
128923, 7289230, 7318093, 28863
128924, 7289240, 7318106, 28866
128925, 7289250, 7318120, 28870
128926, 7289260, 7318133, 28873
128927, 7289270, 7318146, 28876
128929, 7289290, 7318160, 28870
128930, 7289300, 7318173, 28873
128931, 7289310, 7318187, 28877
128932, 7289320, 7318200, 28880
128933, 7289330, 7318214, 28884
128934, 7289340, 7318227, 28887
128935, 7289350, 7318241, 28891
128936, 7289360, 7318254, 28894
128937, 7289370, 7318267, 28897
128938, 7289380, 7318281, 28901
128940, 7289400, 7318294, 28894
128941, 7289410, 7318308, 28898
128942, 7289420, 7318321, 28901
128943, 7289430, 7318335, 28905
128944, 7289440, 7318348, 28908
128945, 7289450, 7318362, 28912
128946, 7289460, 7318375, 28915
128947, 7289470, 7318388, 28918
128948, 7289480, 7318402, 28922
128951, 7289510, 7318429, 28919
128952, 7289520, 7318442, 28922
128953, 7289530, 7318456, 28926
128954, 7289540, 7318469, 28929
128955, 7289550, 7318482, 28932
128956, 7289560, 7318496, 28936
128957, 7289570, 7318509, 28939
128958, 7289580, 7318523, 28943
128959, 7289590, 7318536, 28946
128961, 7289610, 7318550, 28940
128962, 7289620, 7318563, 28943
128963, 7289630, 7318577, 28947
128964, 7289640, 7318590, 28950
128965, 7289650, 7318603, 28953
128966, 7289660, 7318617, 28957
128967, 7289670, 7318630, 28960
128968, 7289680, 7318644, 28964
128969, 7289690, 7318657, 28967
128971, 7289710, 7318671, 28961
128972, 7289720, 7318684, 28964
128973, 7289730, 7318698, 28968
128974, 7289740, 7318711, 28971
128975, 7289750, 7318724, 28974
128976, 7289760, 7318738, 28978
128977, 7289770, 7318751, 28981
128978, 7289780, 7318765, 28985
128979, 7289790, 7318778, 28988
128980, 7289800, 7318792, 28992
128982, 7289820, 7318805, 28985
128983, 7289830, 7318818, 28988
128984, 7289840, 7318832, 28992
128985, 7289850, 7318845, 28995
128986, 7289860, 7318859, 28999
128987, 7289870, 7318872, 29002
128988, 7289880, 7318886, 29006
128989, 7289890, 7318899, 29009
128990, 7289900, 7318913, 29013
128991, 7289910, 7318926, 29016
128993, 7289930, 7318939, 29009
128994, 7289940, 7318953, 29013
128995, 7289950, 7318966, 29016
128996, 7289960, 7318980, 29020
128997, 7289970, 7318993, 29023
128998, 7289980, 7319007, 29027
128999, 7289990, 7319020, 29030
129402, 7294020, 7319047, 25027
129403, 7294030, 7319060, 25030
129404, 7294040, 7319074, 25034
129405, 7294050, 7319087, 25037
129406, 7294060, 7319101, 25041
129407, 7294070, 7319114, 25044
129408, 7294080, 7319128, 25048
129409, 7294090, 7319141, 25051
129410, 7294100, 7319154, 25054
129412, 7294120, 7319168, 25048
129413, 7294130, 7319181, 25051
129414, 7294140, 7319195, 25055
129415, 7294150, 7319208, 25058
129416, 7294160, 7319222, 25062
129417, 7294170, 7319235, 25065
129418, 7294180, 7319249, 25069
129419, 7294190, 7319262, 25072
129420, 7294200, 7319275, 25075
129421, 7294210, 7319289, 25079
129423, 7294230, 7319302, 25072
129424, 7294240, 7319316, 25076
129425, 7294250, 7319329, 25079
129426, 7294260, 7319343, 25083
129427, 7294270, 7319356, 25086
129428, 7294280, 7319370, 25090
129429, 7294290, 7319383, 25093
129430, 7294300, 7319396, 25096
129431, 7294310, 7319410, 25100
129433, 7294330, 7319423, 25093
129434, 7294340, 7319437, 25097
129435, 7294350, 7319450, 25100
129436, 7294360, 7319464, 25104
129437, 7294370, 7319477, 25107
129438, 7294380, 7319490, 25110
129439, 7294390, 7319504, 25114
129440, 7294400, 7319517, 25117
129441, 7294410, 7319531, 25121
129442, 7294420, 7319544, 25124
129444, 7294440, 7319558, 25118
129445, 7294450, 7319571, 25121
129446, 7294460, 7319585, 25125
129447, 7294470, 7319598, 25128
129448, 7294480, 7319611, 25131
129449, 7294490, 7319625, 25135
129451, 7294510, 7319652, 25142
129452, 7294520, 7319665, 25145
129453, 7294530, 7319679, 25149
129455, 7294550, 7319692, 25142
129456, 7294560, 7319706, 25146
129457, 7294570, 7319719, 25149
129458, 7294580, 7319732, 25152
129459, 7294590, 7319746, 25156
129460, 7294600, 7319759, 25159
129461, 7294610, 7319773, 25163
129462, 7294620, 7319786, 25166
129463, 7294630, 7319800, 25170
129465, 7294650, 7319813, 25163
129466, 7294660, 7319826, 25166
129467, 7294670, 7319840, 25170
129468, 7294680, 7319853, 25173
129469, 7294690, 7319867, 25177
129470, 7294700, 7319880, 25180
129471, 7294710, 7319894, 25184
129472, 7294720, 7319907, 25187
129473, 7294730, 7319921, 25191
129474, 7294740, 7319934, 25194
129476, 7294760, 7319947, 25187
129477, 7294770, 7319961, 25191
129478, 7294780, 7319974, 25194
129479, 7294790, 7319988, 25198
129480, 7294800, 7320001, 25201
129481, 7294810, 7320015, 25205
129482, 7294820, 7320028, 25208
129483, 7294830, 7320042, 25212
129484, 7294840, 7320055, 25215
129485, 7294850, 7320068, 25218
129487, 7294870, 7320082, 25212
129488, 7294880, 7320095, 25215
129489, 7294890, 7320109, 25219
129490, 7294900, 7320122, 25222
129491, 7294910, 7320136, 25226
129492, 7294920, 7320149, 25229
129493, 7294930, 7320162, 25232
129494, 7294940, 7320176, 25236
129495, 7294950, 7320189, 25239
129497, 7294970, 7320203, 25233
129498, 7294980, 7320216, 25236
129499, 7294990, 7320230, 25240
129501, 7295010, 7320257, 25247
129502, 7295020, 7320270, 25250
129503, 7295030, 7320283, 25253
129504, 7295040, 7320297, 25257
129505, 7295050, 7320310, 25260
129506, 7295060, 7320324, 25264
129508, 7295080, 7320337, 25257
129509, 7295090, 7320351, 25261
129510, 7295100, 7320364, 25264
129511, 7295110, 7320378, 25268
129512, 7295120, 7320391, 25271
129513, 7295130, 7320404, 25274
129514, 7295140, 7320418, 25278
129515, 7295150, 7320431, 25281
129516, 7295160, 7324012, 28852
129517, 7295170, 7324026, 28856
129519, 7295190, 7324039, 28849
129520, 7295200, 7324052, 28852
129521, 7295210, 7324066, 28856
129522, 7295220, 7324079, 28859
129523, 7295230, 7324093, 28863
129524, 7295240, 7324106, 28866
129525, 7295250, 7324120, 28870
129526, 7295260, 7324133, 28873
129527, 7295270, 7324146, 28876
129529, 7295290, 7324160, 28870
129530, 7295300, 7324173, 28873
129531, 7295310, 7324187, 28877
129532, 7295320, 7324200, 28880
129533, 7295330, 7324214, 28884
129534, 7295340, 7324227, 28887
129535, 7295350, 7324241, 28891
129536, 7295360, 7324254, 28894
129537, 7295370, 7324267, 28897
129538, 7295380, 7324281, 28901
129540, 7295400, 7324294, 28894
129541, 7295410, 7324308, 28898
129542, 7295420, 7324321, 28901
129543, 7295430, 7324335, 28905
129544, 7295440, 7324348, 28908
129545, 7295450, 7324362, 28912
129546, 7295460, 7324375, 28915
129547, 7295470, 7324388, 28918
129548, 7295480, 7324402, 28922
129551, 7295510, 7324429, 28919
129552, 7295520, 7324442, 28922
129553, 7295530, 7324456, 28926
129554, 7295540, 7324469, 28929
129555, 7295550, 7324482, 28932
129556, 7295560, 7324496, 28936
129557, 7295570, 7324509, 28939
129558, 7295580, 7324523, 28943
129559, 7295590, 7324536, 28946
129561, 7295610, 7324550, 28940
129562, 7295620, 7324563, 28943
129563, 7295630, 7324577, 28947
129564, 7295640, 7324590, 28950
129565, 7295650, 7324603, 28953
129566, 7295660, 7324617, 28957
129567, 7295670, 7324630, 28960
129568, 7295680, 7324644, 28964
129569, 7295690, 7324657, 28967
129570, 7295700, 7324671, 28971
129572, 7295720, 7324684, 28964
129573, 7295730, 7324698, 28968
129574, 7295740, 7324711, 28971
129575, 7295750, 7324724, 28974
129576, 7295760, 7324738, 28978
129577, 7295770, 7324751, 28981
129578, 7295780, 7324765, 28985
129579, 7295790, 7324778, 28988
129580, 7295800, 7324792, 28992
129582, 7295820, 7324805, 28985
129583, 7295830, 7324818, 28988
129584, 7295840, 7324832, 28992
129585, 7295850, 7324845, 28995
129586, 7295860, 7324859, 28999
129587, 7295870, 7324872, 29002
129588, 7295880, 7324886, 29006
129589, 7295890, 7324899, 29009
129590, 7295900, 7324913, 29013
129591, 7295910, 7324926, 29016
129593, 7295930, 7324939, 29009
129594, 7295940, 7324953, 29013
129595, 7295950, 7324966, 29016
129596, 7295960, 7324980, 29020
129597, 7295970, 7324993, 29023
129598, 7295980, 7325007, 29027
129599, 7295990, 7325020, 29030
130002, 7300020, 7325047, 25027
130003, 7300030, 7325060, 25030
130004, 7300040, 7325074, 25034
130005, 7300050, 7325087, 25037
130006, 7300060, 7325101, 25041
130007, 7300070, 7325114, 25044
130008, 7300080, 7325127, 25047
130009, 7300090, 7325141, 25051
130010, 7300100, 7325154, 25054
130012, 7300120, 7325168, 25048
130013, 7300130, 7325181, 25051
130014, 7300140, 7325195, 25055
130015, 7300150, 7325208, 25058
130016, 7300160, 7325222, 25062
130017, 7300170, 7325235, 25065
130018, 7300180, 7325248, 25068
130019, 7300190, 7325262, 25072
130020, 7300200, 7325275, 25075
130021, 7300210, 7325289, 25079
130023, 7300230, 7325302, 25072
130024, 7300240, 7325316, 25076
130025, 7300250, 7325329, 25079
130026, 7300260, 7325342, 25082
130027, 7300270, 7325356, 25086
130028, 7300280, 7325369, 25089
130029, 7300290, 7325383, 25093
130030, 7300300, 7325396, 25096
130031, 7300310, 7325410, 25100
130033, 7300330, 7325423, 25093
130034, 7300340, 7325437, 25097
130035, 7300350, 7325450, 25100
130036, 7300360, 7325463, 25103
130037, 7300370, 7325477, 25107
130038, 7300380, 7325490, 25110
130039, 7300390, 7325504, 25114
130040, 7300400, 7325517, 25117
130041, 7300410, 7325531, 25121
130042, 7300420, 7325544, 25124
130044, 7300440, 7325558, 25118
130045, 7300450, 7325571, 25121
130046, 7300460, 7325584, 25124
130047, 7300470, 7325598, 25128
130048, 7300480, 7325611, 25131
130049, 7300490, 7325625, 25135
130051, 7300510, 7325652, 25142
130052, 7300520, 7325665, 25145
130053, 7300530, 7325678, 25148
130055, 7300550, 7325692, 25142
130056, 7300560, 7325705, 25145
130057, 7300570, 7325719, 25149
130058, 7300580, 7325732, 25152
130059, 7300590, 7325746, 25156
130060, 7300600, 7325759, 25159
130061, 7300610, 7325773, 25163
130062, 7300620, 7325786, 25166
130063, 7300630, 7325799, 25169
130065, 7300650, 7325813, 25163
130066, 7300660, 7325826, 25166
130067, 7300670, 7325840, 25170
130068, 7300680, 7325853, 25173
130069, 7300690, 7325867, 25177
130070, 7300700, 7325880, 25180
130071, 7300710, 7325894, 25184
130072, 7300720, 7325907, 25187
130073, 7300730, 7325920, 25190
130074, 7300740, 7325934, 25194
130076, 7300760, 7325947, 25187
130077, 7300770, 7325961, 25191
130078, 7300780, 7325974, 25194
130079, 7300790, 7325988, 25198
130080, 7300800, 7326001, 25201
130081, 7300810, 7326014, 25204
130082, 7300820, 7326028, 25208
130083, 7300830, 7326041, 25211
130084, 7300840, 7326055, 25215
130085, 7300850, 7326068, 25218
130087, 7300870, 7326082, 25212
130088, 7300880, 7326095, 25215
130089, 7300890, 7326109, 25219
130090, 7300900, 7326122, 25222
130091, 7300910, 7326135, 25225
130092, 7300920, 7326149, 25229
130093, 7300930, 7326162, 25232
130094, 7300940, 7326176, 25236
130095, 7300950, 7326189, 25239
130097, 7300970, 7326203, 25233
130098, 7300980, 7326216, 25236
130099, 7300990, 7326230, 25240
130101, 7301010, 7326256, 25246
130102, 7301020, 7326270, 25250
130103, 7301030, 7326283, 25253
130104, 7301040, 7326297, 25257
130105, 7301050, 7326310, 25260
130106, 7301060, 7326324, 25264
130108, 7301080, 7326337, 25257
130109, 7301090, 7326350, 25260
130110, 7301100, 7326364, 25264
130111, 7301110, 7326377, 25267
130112, 7301120, 7326391, 25271
130113, 7301130, 7326404, 25274
130114, 7301140, 7326418, 25278
130115, 7301150, 7326431, 25281
130116, 7301160, 7330012, 28852
130118, 7301180, 7330026, 28846
130119, 7301190, 7330039, 28849
130120, 7301200, 7330052, 28852
130121, 7301210, 7330066, 28856
130122, 7301220, 7330079, 28859
130123, 7301230, 7330093, 28863
130124, 7301240, 7330106, 28866
130125, 7301250, 7330120, 28870
130126, 7301260, 7330133, 28873
130127, 7301270, 7330146, 28876
130129, 7301290, 7330160, 28870
130130, 7301300, 7330173, 28873
130131, 7301310, 7330187, 28877
130132, 7301320, 7330200, 28880
130133, 7301330, 7330214, 28884
130134, 7301340, 7330227, 28887
130135, 7301350, 7330241, 28891
130136, 7301360, 7330254, 28894
130137, 7301370, 7330267, 28897
130138, 7301380, 7330281, 28901
130140, 7301400, 7330294, 28894
130141, 7301410, 7330308, 28898
130142, 7301420, 7330321, 28901
130143, 7301430, 7330335, 28905
130144, 7301440, 7330348, 28908
130145, 7301450, 7330362, 28912
130146, 7301460, 7330375, 28915
130147, 7301470, 7330388, 28918
130148, 7301480, 7330402, 28922
130151, 7301510, 7330429, 28919
130152, 7301520, 7330442, 28922
130153, 7301530, 7330456, 28926
130154, 7301540, 7330469, 28929
130155, 7301550, 7330482, 28932
130156, 7301560, 7330496, 28936
130157, 7301570, 7330509, 28939
130158, 7301580, 7330523, 28943
130159, 7301590, 7330536, 28946
130161, 7301610, 7330550, 28940
130162, 7301620, 7330563, 28943
130163, 7301630, 7330577, 28947
130164, 7301640, 7330590, 28950
130165, 7301650, 7330603, 28953
130166, 7301660, 7330617, 28957
130167, 7301670, 7330630, 28960
130168, 7301680, 7330644, 28964
130169, 7301690, 7330657, 28967
130171, 7301710, 7330671, 28961
130172, 7301720, 7330684, 28964
130173, 7301730, 7330698, 28968
130174, 7301740, 7330711, 28971
130175, 7301750, 7330724, 28974
130176, 7301760, 7330738, 28978
130177, 7301770, 7330751, 28981
130178, 7301780, 7330765, 28985
130179, 7301790, 7330778, 28988
130180, 7301800, 7330792, 28992
130182, 7301820, 7330805, 28985
130183, 7301830, 7330818, 28988
130184, 7301840, 7330832, 28992
130185, 7301850, 7330845, 28995
130186, 7301860, 7330859, 28999
130187, 7301870, 7330872, 29002
130188, 7301880, 7330886, 29006
130189, 7301890, 7330899, 29009
130190, 7301900, 7330913, 29013
130191, 7301910, 7330926, 29016
130193, 7301930, 7330939, 29009
130194, 7301940, 7330953, 29013
130195, 7301950, 7330966, 29016
130196, 7301960, 7330980, 29020
130197, 7301970, 7330993, 29023
130198, 7301980, 7331007, 29027
130199, 7301990, 7331020, 29030
130602, 7306020, 7331047, 25027
130603, 7306030, 7331060, 25030
130604, 7306040, 7331074, 25034
130605, 7306050, 7331087, 25037
130606, 7306060, 7331101, 25041
130607, 7306070, 7331114, 25044
130608, 7306080, 7331128, 25048
130609, 7306090, 7331141, 25051
130610, 7306100, 7331154, 25054
130612, 7306120, 7331168, 25048
130613, 7306130, 7331181, 25051
130614, 7306140, 7331195, 25055
130615, 7306150, 7331208, 25058
130616, 7306160, 7331222, 25062
130617, 7306170, 7331235, 25065
130618, 7306180, 7331249, 25069
130619, 7306190, 7331262, 25072
130620, 7306200, 7331275, 25075
130621, 7306210, 7331289, 25079
130623, 7306230, 7331302, 25072
130624, 7306240, 7331316, 25076
130625, 7306250, 7331329, 25079
130626, 7306260, 7331343, 25083
130627, 7306270, 7331356, 25086
130628, 7306280, 7331370, 25090
130629, 7306290, 7331383, 25093
130630, 7306300, 7331396, 25096
130631, 7306310, 7331410, 25100
130633, 7306330, 7331423, 25093
130634, 7306340, 7331437, 25097
130635, 7306350, 7331450, 25100
130636, 7306360, 7331464, 25104
130637, 7306370, 7331477, 25107
130638, 7306380, 7331490, 25110
130639, 7306390, 7331504, 25114
130640, 7306400, 7331517, 25117
130641, 7306410, 7331531, 25121
130642, 7306420, 7331544, 25124
130644, 7306440, 7331558, 25118
130645, 7306450, 7331571, 25121
130646, 7306460, 7331585, 25125
130647, 7306470, 7331598, 25128
130648, 7306480, 7331611, 25131
130649, 7306490, 7331625, 25135
130651, 7306510, 7331652, 25142
130652, 7306520, 7331665, 25145
130653, 7306530, 7331679, 25149
130655, 7306550, 7331692, 25142
130656, 7306560, 7331706, 25146
130657, 7306570, 7331719, 25149
130658, 7306580, 7331732, 25152
130659, 7306590, 7331746, 25156
130660, 7306600, 7331759, 25159
130661, 7306610, 7331773, 25163
130662, 7306620, 7331786, 25166
130663, 7306630, 7331800, 25170
130665, 7306650, 7331813, 25163
130666, 7306660, 7331826, 25166
130667, 7306670, 7331840, 25170
130668, 7306680, 7331853, 25173
130669, 7306690, 7331867, 25177
130670, 7306700, 7331880, 25180
130671, 7306710, 7331894, 25184
130672, 7306720, 7331907, 25187
130673, 7306730, 7331921, 25191
130674, 7306740, 7331934, 25194
130676, 7306760, 7331947, 25187
130677, 7306770, 7331961, 25191
130678, 7306780, 7331974, 25194
130679, 7306790, 7331988, 25198
130680, 7306800, 7332001, 25201
130681, 7306810, 7332015, 25205
130682, 7306820, 7332028, 25208
130683, 7306830, 7332042, 25212
130684, 7306840, 7332055, 25215
130685, 7306850, 7332068, 25218
130687, 7306870, 7332082, 25212
130688, 7306880, 7332095, 25215
130689, 7306890, 7332109, 25219
130690, 7306900, 7332122, 25222
130691, 7306910, 7332136, 25226
130692, 7306920, 7332149, 25229
130693, 7306930, 7332162, 25232
130694, 7306940, 7332176, 25236
130695, 7306950, 7332189, 25239
130697, 7306970, 7332203, 25233
130698, 7306980, 7332216, 25236
130699, 7306990, 7332230, 25240
130701, 7307010, 7332257, 25247
130702, 7307020, 7332270, 25250
130703, 7307030, 7332283, 25253
130704, 7307040, 7332297, 25257
130705, 7307050, 7332310, 25260
130706, 7307060, 7332324, 25264
130708, 7307080, 7332337, 25257
130709, 7307090, 7332351, 25261
130710, 7307100, 7332364, 25264
130711, 7307110, 7332378, 25268
130712, 7307120, 7332391, 25271
130713, 7307130, 7332404, 25274
130714, 7307140, 7332418, 25278
130715, 7307150, 7332431, 25281
130716, 7307160, 7336012, 28852
130718, 7307180, 7336026, 28846
130719, 7307190, 7336039, 28849
130720, 7307200, 7336052, 28852
130721, 7307210, 7336066, 28856
130722, 7307220, 7336079, 28859
130723, 7307230, 7336093, 28863
130724, 7307240, 7336106, 28866
130725, 7307250, 7336120, 28870
130726, 7307260, 7336133, 28873
130727, 7307270, 7336146, 28876
130729, 7307290, 7336160, 28870
130730, 7307300, 7336173, 28873
130731, 7307310, 7336187, 28877
130732, 7307320, 7336200, 28880
130733, 7307330, 7336214, 28884
130734, 7307340, 7336227, 28887
130735, 7307350, 7336241, 28891
130736, 7307360, 7336254, 28894
130737, 7307370, 7336267, 28897
130738, 7307380, 7336281, 28901
130740, 7307400, 7336294, 28894
130741, 7307410, 7336308, 28898
130742, 7307420, 7336321, 28901
130743, 7307430, 7336335, 28905
130744, 7307440, 7336348, 28908
130745, 7307450, 7336362, 28912
130746, 7307460, 7336375, 28915
130747, 7307470, 7336388, 28918
130748, 7307480, 7336402, 28922
130751, 7307510, 7336429, 28919
130752, 7307520, 7336442, 28922
130753, 7307530, 7336456, 28926
130754, 7307540, 7336469, 28929
130755, 7307550, 7336482, 28932
130756, 7307560, 7336496, 28936
130757, 7307570, 7336509, 28939
130758, 7307580, 7336523, 28943
130759, 7307590, 7336536, 28946
130761, 7307610, 7336550, 28940
130762, 7307620, 7336563, 28943
130763, 7307630, 7336577, 28947
130764, 7307640, 7336590, 28950
130765, 7307650, 7336603, 28953
130766, 7307660, 7336617, 28957
130767, 7307670, 7336630, 28960
130768, 7307680, 7336644, 28964
130769, 7307690, 7336657, 28967
130771, 7307710, 7336671, 28961
130772, 7307720, 7336684, 28964
130773, 7307730, 7336698, 28968
130774, 7307740, 7336711, 28971
130775, 7307750, 7336724, 28974
130776, 7307760, 7336738, 28978
130777, 7307770, 7336751, 28981
130778, 7307780, 7336765, 28985
130779, 7307790, 7336778, 28988
130780, 7307800, 7336792, 28992
130782, 7307820, 7336805, 28985
130783, 7307830, 7336818, 28988
130784, 7307840, 7336832, 28992
130785, 7307850, 7336845, 28995
130786, 7307860, 7336859, 28999
130787, 7307870, 7336872, 29002
130788, 7307880, 7336886, 29006
130789, 7307890, 7336899, 29009
130790, 7307900, 7336913, 29013
130791, 7307910, 7336926, 29016
130793, 7307930, 7336939, 29009
130794, 7307940, 7336953, 29013
130795, 7307950, 7336966, 29016
130796, 7307960, 7336980, 29020
130797, 7307970, 7336993, 29023
130798, 7307980, 7337007, 29027
130799, 7307990, 7337020, 29030
131202, 7312020, 7337047, 25027
131203, 7312030, 7337060, 25030
131204, 7312040, 7337074, 25034
131205, 7312050, 7337087, 25037
131206, 7312060, 7337101, 25041
131207, 7312070, 7337114, 25044
131208, 7312080, 7337128, 25048
131209, 7312090, 7337141, 25051
131210, 7312100, 7337154, 25054
131212, 7312120, 7337168, 25048
131213, 7312130, 7337181, 25051
131214, 7312140, 7337195, 25055
131215, 7312150, 7337208, 25058
131216, 7312160, 7337222, 25062
131217, 7312170, 7337235, 25065
131218, 7312180, 7337249, 25069
131219, 7312190, 7337262, 25072
131220, 7312200, 7337275, 25075
131221, 7312210, 7337289, 25079
131223, 7312230, 7337302, 25072
131224, 7312240, 7337316, 25076
131225, 7312250, 7337329, 25079
131226, 7312260, 7337343, 25083
131227, 7312270, 7337356, 25086
131228, 7312280, 7337370, 25090
131229, 7312290, 7337383, 25093
131230, 7312300, 7337396, 25096
131231, 7312310, 7337410, 25100
131233, 7312330, 7337423, 25093
131234, 7312340, 7337437, 25097
131235, 7312350, 7337450, 25100
131236, 7312360, 7337464, 25104
131237, 7312370, 7337477, 25107
131238, 7312380, 7337490, 25110
131239, 7312390, 7337504, 25114
131240, 7312400, 7337517, 25117
131241, 7312410, 7337531, 25121
131242, 7312420, 7337544, 25124
131244, 7312440, 7337558, 25118
131245, 7312450, 7337571, 25121
131246, 7312460, 7337585, 25125
131247, 7312470, 7337598, 25128
131248, 7312480, 7337611, 25131
131249, 7312490, 7337625, 25135
131251, 7312510, 7337652, 25142
131252, 7312520, 7337665, 25145
131253, 7312530, 7337679, 25149
131255, 7312550, 7337692, 25142
131256, 7312560, 7337706, 25146
131257, 7312570, 7337719, 25149
131258, 7312580, 7337732, 25152
131259, 7312590, 7337746, 25156
131260, 7312600, 7337759, 25159
131261, 7312610, 7337773, 25163
131262, 7312620, 7337786, 25166
131263, 7312630, 7337800, 25170
131265, 7312650, 7337813, 25163
131266, 7312660, 7337826, 25166
131267, 7312670, 7337840, 25170
131268, 7312680, 7337853, 25173
131269, 7312690, 7337867, 25177
131270, 7312700, 7337880, 25180
131271, 7312710, 7337894, 25184
131272, 7312720, 7337907, 25187
131273, 7312730, 7337921, 25191
131274, 7312740, 7337934, 25194
131276, 7312760, 7337947, 25187
131277, 7312770, 7337961, 25191
131278, 7312780, 7337974, 25194
131279, 7312790, 7337988, 25198
131280, 7312800, 7338001, 25201
131281, 7312810, 7338015, 25205
131282, 7312820, 7338028, 25208
131283, 7312830, 7338042, 25212
131284, 7312840, 7338055, 25215
131285, 7312850, 7338068, 25218
131287, 7312870, 7338082, 25212
131288, 7312880, 7338095, 25215
131289, 7312890, 7338109, 25219
131290, 7312900, 7338122, 25222
131291, 7312910, 7338136, 25226
131292, 7312920, 7338149, 25229
131293, 7312930, 7338162, 25232
131294, 7312940, 7338176, 25236
131295, 7312950, 7338189, 25239
131297, 7312970, 7338203, 25233
131298, 7312980, 7338216, 25236
131299, 7312990, 7338230, 25240
131301, 7313010, 7338257, 25247
131302, 7313020, 7338270, 25250
131303, 7313030, 7338283, 25253
131304, 7313040, 7338297, 25257
131305, 7313050, 7338310, 25260
131306, 7313060, 7338324, 25264
131308, 7313080, 7338337, 25257
131309, 7313090, 7338351, 25261
131310, 7313100, 7338364, 25264
131311, 7313110, 7338378, 25268
131312, 7313120, 7338391, 25271
131313, 7313130, 7338404, 25274
131314, 7313140, 7338418, 25278
131315, 7313150, 7338431, 25281
131316, 7313160, 7342012, 28852
131318, 7313180, 7342026, 28846
131319, 7313190, 7342039, 28849
131320, 7313200, 7342052, 28852
131321, 7313210, 7342066, 28856
131322, 7313220, 7342079, 28859
131323, 7313230, 7342093, 28863
131324, 7313240, 7342106, 28866
131325, 7313250, 7342120, 28870
131326, 7313260, 7342133, 28873
131327, 7313270, 7342146, 28876
131329, 7313290, 7342160, 28870
131330, 7313300, 7342173, 28873
131331, 7313310, 7342187, 28877
131332, 7313320, 7342200, 28880
131333, 7313330, 7342214, 28884
131334, 7313340, 7342227, 28887
131335, 7313350, 7342241, 28891
131336, 7313360, 7342254, 28894
131337, 7313370, 7342267, 28897
131338, 7313380, 7342281, 28901
131340, 7313400, 7342294, 28894
131341, 7313410, 7342308, 28898
131342, 7313420, 7342321, 28901
131343, 7313430, 7342335, 28905
131344, 7313440, 7342348, 28908
131345, 7313450, 7342362, 28912
131346, 7313460, 7342375, 28915
131347, 7313470, 7342388, 28918
131348, 7313480, 7342402, 28922
131351, 7313510, 7342429, 28919
131352, 7313520, 7342442, 28922
131353, 7313530, 7342456, 28926
131354, 7313540, 7342469, 28929
131355, 7313550, 7342482, 28932
131356, 7313560, 7342496, 28936
131357, 7313570, 7342509, 28939
131358, 7313580, 7342523, 28943
131359, 7313590, 7342536, 28946
131361, 7313610, 7342550, 28940
131362, 7313620, 7342563, 28943
131363, 7313630, 7342577, 28947
131364, 7313640, 7342590, 28950
131365, 7313650, 7342603, 28953
131366, 7313660, 7342617, 28957
131367, 7313670, 7342630, 28960
131368, 7313680, 7342644, 28964
131369, 7313690, 7342657, 28967
131371, 7313710, 7342671, 28961
131372, 7313720, 7342684, 28964
131373, 7313730, 7342698, 28968
131374, 7313740, 7342711, 28971
131375, 7313750, 7342724, 28974
131376, 7313760, 7342738, 28978
131377, 7313770, 7342751, 28981
131378, 7313780, 7342765, 28985
131379, 7313790, 7342778, 28988
131380, 7313800, 7342792, 28992
131382, 7313820, 7342805, 28985
131383, 7313830, 7342818, 28988
131384, 7313840, 7342832, 28992
131385, 7313850, 7342845, 28995
131386, 7313860, 7342859, 28999
131387, 7313870, 7342872, 29002
131388, 7313880, 7342886, 29006
131389, 7313890, 7342899, 29009
131390, 7313900, 7342913, 29013
131391, 7313910, 7342926, 29016
131393, 7313930, 7342939, 29009
131394, 7313940, 7342953, 29013
131395, 7313950, 7342966, 29016
131396, 7313960, 7342980, 29020
131397, 7313970, 7342993, 29023
131398, 7313980, 7343007, 29027
131399, 7313990, 7343020, 29030
131802, 7318020, 7343047, 25027
131803, 7318030, 7343060, 25030
131804, 7318040, 7343074, 25034
131805, 7318050, 7343087, 25037
131806, 7318060, 7343101, 25041
131807, 7318070, 7343114, 25044
131808, 7318080, 7343128, 25048
131809, 7318090, 7343141, 25051
131810, 7318100, 7343154, 25054
131812, 7318120, 7343168, 25048
131813, 7318130, 7343181, 25051
131814, 7318140, 7343195, 25055
131815, 7318150, 7343208, 25058
131816, 7318160, 7343222, 25062
131817, 7318170, 7343235, 25065
131818, 7318180, 7343249, 25069
131819, 7318190, 7343262, 25072
131820, 7318200, 7343275, 25075
131821, 7318210, 7343289, 25079
131823, 7318230, 7343302, 25072
131824, 7318240, 7343316, 25076
131825, 7318250, 7343329, 25079
131826, 7318260, 7343343, 25083
131827, 7318270, 7343356, 25086
131828, 7318280, 7343370, 25090
131829, 7318290, 7343383, 25093
131830, 7318300, 7343396, 25096
131831, 7318310, 7343410, 25100
131833, 7318330, 7343423, 25093
131834, 7318340, 7343437, 25097
131835, 7318350, 7343450, 25100
131836, 7318360, 7343464, 25104
131837, 7318370, 7343477, 25107
131838, 7318380, 7343490, 25110
131839, 7318390, 7343504, 25114
131840, 7318400, 7343517, 25117
131841, 7318410, 7343531, 25121
131842, 7318420, 7343544, 25124
131844, 7318440, 7343558, 25118
131845, 7318450, 7343571, 25121
131846, 7318460, 7343585, 25125
131847, 7318470, 7343598, 25128
131848, 7318480, 7343611, 25131
131849, 7318490, 7343625, 25135
131851, 7318510, 7343652, 25142
131852, 7318520, 7343665, 25145
131853, 7318530, 7343679, 25149
131855, 7318550, 7343692, 25142
131856, 7318560, 7343706, 25146
131857, 7318570, 7343719, 25149
131858, 7318580, 7343732, 25152
131859, 7318590, 7343746, 25156
131860, 7318600, 7343759, 25159
131861, 7318610, 7343773, 25163
131862, 7318620, 7343786, 25166
131863, 7318630, 7343800, 25170
131865, 7318650, 7343813, 25163
131866, 7318660, 7343826, 25166
131867, 7318670, 7343840, 25170
131868, 7318680, 7343853, 25173
131869, 7318690, 7343867, 25177
131870, 7318700, 7343880, 25180
131871, 7318710, 7343894, 25184
131872, 7318720, 7343907, 25187
131873, 7318730, 7343921, 25191
131874, 7318740, 7343934, 25194
131876, 7318760, 7343947, 25187
131877, 7318770, 7343961, 25191
131878, 7318780, 7343974, 25194
131879, 7318790, 7343988, 25198
131880, 7318800, 7344001, 25201
131881, 7318810, 7344015, 25205
131882, 7318820, 7344028, 25208
131883, 7318830, 7344042, 25212
131884, 7318840, 7344055, 25215
131885, 7318850, 7344068, 25218
131887, 7318870, 7344082, 25212
131888, 7318880, 7344095, 25215
131889, 7318890, 7344109, 25219
131890, 7318900, 7344122, 25222
131891, 7318910, 7344136, 25226
131892, 7318920, 7344149, 25229
131893, 7318930, 7344162, 25232
131894, 7318940, 7344176, 25236
131895, 7318950, 7344189, 25239
131897, 7318970, 7344203, 25233
131898, 7318980, 7344216, 25236
131899, 7318990, 7344230, 25240
131901, 7319010, 7344257, 25247
131902, 7319020, 7344270, 25250
131903, 7319030, 7344283, 25253
131904, 7319040, 7344297, 25257
131905, 7319050, 7344310, 25260
131906, 7319060, 7344324, 25264
131908, 7319080, 7344337, 25257
131909, 7319090, 7344351, 25261
131910, 7319100, 7344364, 25264
131911, 7319110, 7344378, 25268
131912, 7319120, 7344391, 25271
131913, 7319130, 7344404, 25274
131914, 7319140, 7344418, 25278
131915, 7319150, 7344431, 25281
131916, 7319160, 7348012, 28852
131918, 7319180, 7348026, 28846
131919, 7319190, 7348039, 28849
131920, 7319200, 7348052, 28852
131921, 7319210, 7348066, 28856
131922, 7319220, 7348079, 28859
131923, 7319230, 7348093, 28863
131924, 7319240, 7348106, 28866
131925, 7319250, 7348120, 28870
131926, 7319260, 7348133, 28873
131927, 7319270, 7348146, 28876
131929, 7319290, 7348160, 28870
131930, 7319300, 7348173, 28873
131931, 7319310, 7348187, 28877
131932, 7319320, 7348200, 28880
131933, 7319330, 7348214, 28884
131934, 7319340, 7348227, 28887
131935, 7319350, 7348241, 28891
131936, 7319360, 7348254, 28894
131937, 7319370, 7348267, 28897
131938, 7319380, 7348281, 28901
131940, 7319400, 7348294, 28894
131941, 7319410, 7348308, 28898
131942, 7319420, 7348321, 28901
131943, 7319430, 7348335, 28905
131944, 7319440, 7348348, 28908
131945, 7319450, 7348362, 28912
131946, 7319460, 7348375, 28915
131947, 7319470, 7348388, 28918
131948, 7319480, 7348402, 28922
131951, 7319510, 7348429, 28919
131952, 7319520, 7348442, 28922
131953, 7319530, 7348456, 28926
131954, 7319540, 7348469, 28929
131955, 7319550, 7348482, 28932
131956, 7319560, 7348496, 28936
131957, 7319570, 7348509, 28939
131958, 7319580, 7348523, 28943
131959, 7319590, 7348536, 28946
131961, 7319610, 7348550, 28940
131962, 7319620, 7348563, 28943
131963, 7319630, 7348577, 28947
131964, 7319640, 7348590, 28950
131965, 7319650, 7348603, 28953
131966, 7319660, 7348617, 28957
131967, 7319670, 7348630, 28960
131968, 7319680, 7348644, 28964
131969, 7319690, 7348657, 28967
131971, 7319710, 7348671, 28961
131972, 7319720, 7348684, 28964
131973, 7319730, 7348698, 28968
131974, 7319740, 7348711, 28971
131975, 7319750, 7348724, 28974
131976, 7319760, 7348738, 28978
131977, 7319770, 7348751, 28981
131978, 7319780, 7348765, 28985
131979, 7319790, 7348778, 28988
131980, 7319800, 7348792, 28992
131982, 7319820, 7348805, 28985
131983, 7319830, 7348818, 28988
131984, 7319840, 7348832, 28992
131985, 7319850, 7348845, 28995
131986, 7319860, 7348859, 28999
131987, 7319870, 7348872, 29002
131988, 7319880, 7348886, 29006
131989, 7319890, 7348899, 29009
131990, 7319900, 7348913, 29013
131991, 7319910, 7348926, 29016
131993, 7319930, 7348939, 29009
131994, 7319940, 7348953, 29013
131995, 7319950, 7348966, 29016
131996, 7319960, 7348980, 29020
131997, 7319970, 7348993, 29023
131998, 7319980, 7349007, 29027
131999, 7319990, 7349020, 29030
132402, 7324020, 7349047, 25027
132403, 7324030, 7349060, 25030
132404, 7324040, 7349074, 25034
132405, 7324050, 7349087, 25037
132406, 7324060, 7349101, 25041
132407, 7324070, 7349114, 25044
132408, 7324080, 7349128, 25048
132409, 7324090, 7349141, 25051
132410, 7324100, 7349154, 25054
132412, 7324120, 7349168, 25048
132413, 7324130, 7349181, 25051
132414, 7324140, 7349195, 25055
132415, 7324150, 7349208, 25058
132416, 7324160, 7349222, 25062
132417, 7324170, 7349235, 25065
132418, 7324180, 7349249, 25069
132419, 7324190, 7349262, 25072
132420, 7324200, 7349275, 25075
132421, 7324210, 7349289, 25079
132423, 7324230, 7349302, 25072
132424, 7324240, 7349316, 25076
132425, 7324250, 7349329, 25079
132426, 7324260, 7349343, 25083
132427, 7324270, 7349356, 25086
132428, 7324280, 7349370, 25090
132429, 7324290, 7349383, 25093
132430, 7324300, 7349396, 25096
132431, 7324310, 7349410, 25100
132433, 7324330, 7349423, 25093
132434, 7324340, 7349437, 25097
132435, 7324350, 7349450, 25100
132436, 7324360, 7349464, 25104
132437, 7324370, 7349477, 25107
132438, 7324380, 7349490, 25110
132439, 7324390, 7349504, 25114
132440, 7324400, 7349517, 25117
132441, 7324410, 7349531, 25121
132442, 7324420, 7349544, 25124
132444, 7324440, 7349558, 25118
132445, 7324450, 7349571, 25121
132446, 7324460, 7349585, 25125
132447, 7324470, 7349598, 25128
132448, 7324480, 7349611, 25131
132449, 7324490, 7349625, 25135
132451, 7324510, 7349652, 25142
132452, 7324520, 7349665, 25145
132453, 7324530, 7349679, 25149
132455, 7324550, 7349692, 25142
132456, 7324560, 7349706, 25146
132457, 7324570, 7349719, 25149
132458, 7324580, 7349732, 25152
132459, 7324590, 7349746, 25156
132460, 7324600, 7349759, 25159
132461, 7324610, 7349773, 25163
132462, 7324620, 7349786, 25166
132463, 7324630, 7349800, 25170
132465, 7324650, 7349813, 25163
132466, 7324660, 7349826, 25166
132467, 7324670, 7349840, 25170
132468, 7324680, 7349853, 25173
132469, 7324690, 7349867, 25177
132470, 7324700, 7349880, 25180
132471, 7324710, 7349894, 25184
132472, 7324720, 7349907, 25187
132473, 7324730, 7349921, 25191
132474, 7324740, 7349934, 25194
132476, 7324760, 7349947, 25187
132477, 7324770, 7349961, 25191
132478, 7324780, 7349974, 25194
132479, 7324790, 7349988, 25198
132480, 7324800, 7350001, 25201
132481, 7324810, 7350015, 25205
132482, 7324820, 7350028, 25208
132483, 7324830, 7350042, 25212
132484, 7324840, 7350055, 25215
132485, 7324850, 7350068, 25218
132487, 7324870, 7350082, 25212
132488, 7324880, 7350095, 25215
132489, 7324890, 7350109, 25219
132490, 7324900, 7350122, 25222
132491, 7324910, 7350136, 25226
132492, 7324920, 7350149, 25229
132493, 7324930, 7350162, 25232
132494, 7324940, 7350176, 25236
132495, 7324950, 7350189, 25239
132497, 7324970, 7350203, 25233
132498, 7324980, 7350216, 25236
132499, 7324990, 7350230, 25240
132501, 7325010, 7350257, 25247
132502, 7325020, 7350270, 25250
132503, 7325030, 7350283, 25253
132504, 7325040, 7350297, 25257
132505, 7325050, 7350310, 25260
132506, 7325060, 7350324, 25264
132508, 7325080, 7350337, 25257
132509, 7325090, 7350351, 25261
132510, 7325100, 7350364, 25264
132511, 7325110, 7350378, 25268
132512, 7325120, 7350391, 25271
132513, 7325130, 7350404, 25274
132514, 7325140, 7350418, 25278
132515, 7325150, 7350431, 25281
132516, 7325160, 7354012, 28852
132517, 7325170, 7354026, 28856
132519, 7325190, 7354039, 28849
132520, 7325200, 7354052, 28852
132521, 7325210, 7354066, 28856
132522, 7325220, 7354079, 28859
132523, 7325230, 7354093, 28863
132524, 7325240, 7354106, 28866
132525, 7325250, 7354120, 28870
132526, 7325260, 7354133, 28873
132527, 7325270, 7354146, 28876
132529, 7325290, 7354160, 28870
132530, 7325300, 7354173, 28873
132531, 7325310, 7354187, 28877
132532, 7325320, 7354200, 28880
132533, 7325330, 7354214, 28884
132534, 7325340, 7354227, 28887
132535, 7325350, 7354241, 28891
132536, 7325360, 7354254, 28894
132537, 7325370, 7354267, 28897
132538, 7325380, 7354281, 28901
132540, 7325400, 7354294, 28894
132541, 7325410, 7354308, 28898
132542, 7325420, 7354321, 28901
132543, 7325430, 7354335, 28905
132544, 7325440, 7354348, 28908
132545, 7325450, 7354362, 28912
132546, 7325460, 7354375, 28915
132547, 7325470, 7354388, 28918
132548, 7325480, 7354402, 28922
132551, 7325510, 7354429, 28919
132552, 7325520, 7354442, 28922
132553, 7325530, 7354456, 28926
132554, 7325540, 7354469, 28929
132555, 7325550, 7354482, 28932
132556, 7325560, 7354496, 28936
132557, 7325570, 7354509, 28939
132558, 7325580, 7354523, 28943
132559, 7325590, 7354536, 28946
132561, 7325610, 7354550, 28940
132562, 7325620, 7354563, 28943
132563, 7325630, 7354577, 28947
132564, 7325640, 7354590, 28950
132565, 7325650, 7354603, 28953
132566, 7325660, 7354617, 28957
132567, 7325670, 7354630, 28960
132568, 7325680, 7354644, 28964
132569, 7325690, 7354657, 28967
132570, 7325700, 7354671, 28971
132572, 7325720, 7354684, 28964
132573, 7325730, 7354698, 28968
132574, 7325740, 7354711, 28971
132575, 7325750, 7354724, 28974
132576, 7325760, 7354738, 28978
132577, 7325770, 7354751, 28981
132578, 7325780, 7354765, 28985
132579, 7325790, 7354778, 28988
132580, 7325800, 7354792, 28992
132582, 7325820, 7354805, 28985
132583, 7325830, 7354818, 28988
132584, 7325840, 7354832, 28992
132585, 7325850, 7354845, 28995
132586, 7325860, 7354859, 28999
132587, 7325870, 7354872, 29002
132588, 7325880, 7354886, 29006
132589, 7325890, 7354899, 29009
132590, 7325900, 7354913, 29013
132591, 7325910, 7354926, 29016
132593, 7325930, 7354939, 29009
132594, 7325940, 7354953, 29013
132595, 7325950, 7354966, 29016
132596, 7325960, 7354980, 29020
132597, 7325970, 7354993, 29023
132598, 7325980, 7355007, 29027
132599, 7325990, 7355020, 29030
133002, 7330020, 7355047, 25027
133003, 7330030, 7355060, 25030
133004, 7330040, 7355074, 25034
133005, 7330050, 7355087, 25037
133006, 7330060, 7355101, 25041
133007, 7330070, 7355114, 25044
133008, 7330080, 7355127, 25047
133009, 7330090, 7355141, 25051
133010, 7330100, 7355154, 25054
133012, 7330120, 7355168, 25048
133013, 7330130, 7355181, 25051
133014, 7330140, 7355195, 25055
133015, 7330150, 7355208, 25058
133016, 7330160, 7355222, 25062
133017, 7330170, 7355235, 25065
133018, 7330180, 7355248, 25068
133019, 7330190, 7355262, 25072
133020, 7330200, 7355275, 25075
133021, 7330210, 7355289, 25079
133023, 7330230, 7355302, 25072
133024, 7330240, 7355316, 25076
133025, 7330250, 7355329, 25079
133026, 7330260, 7355342, 25082
133027, 7330270, 7355356, 25086
133028, 7330280, 7355369, 25089
133029, 7330290, 7355383, 25093
133030, 7330300, 7355396, 25096
133031, 7330310, 7355410, 25100
133033, 7330330, 7355423, 25093
133034, 7330340, 7355437, 25097
133035, 7330350, 7355450, 25100
133036, 7330360, 7355463, 25103
133037, 7330370, 7355477, 25107
133038, 7330380, 7355490, 25110
133039, 7330390, 7355504, 25114
133040, 7330400, 7355517, 25117
133041, 7330410, 7355531, 25121
133042, 7330420, 7355544, 25124
133044, 7330440, 7355558, 25118
133045, 7330450, 7355571, 25121
133046, 7330460, 7355584, 25124
133047, 7330470, 7355598, 25128
133048, 7330480, 7355611, 25131
133049, 7330490, 7355625, 25135
133051, 7330510, 7355652, 25142
133052, 7330520, 7355665, 25145
133053, 7330530, 7355678, 25148
133055, 7330550, 7355692, 25142
133056, 7330560, 7355705, 25145
133057, 7330570, 7355719, 25149
133058, 7330580, 7355732, 25152
133059, 7330590, 7355746, 25156
133060, 7330600, 7355759, 25159
133061, 7330610, 7355773, 25163
133062, 7330620, 7355786, 25166
133063, 7330630, 7355799, 25169
133065, 7330650, 7355813, 25163
133066, 7330660, 7355826, 25166
133067, 7330670, 7355840, 25170
133068, 7330680, 7355853, 25173
133069, 7330690, 7355867, 25177
133070, 7330700, 7355880, 25180
133071, 7330710, 7355894, 25184
133072, 7330720, 7355907, 25187
133073, 7330730, 7355920, 25190
133074, 7330740, 7355934, 25194
133076, 7330760, 7355947, 25187
133077, 7330770, 7355961, 25191
133078, 7330780, 7355974, 25194
133079, 7330790, 7355988, 25198
133080, 7330800, 7356001, 25201
133081, 7330810, 7356014, 25204
133082, 7330820, 7356028, 25208
133083, 7330830, 7356041, 25211
133084, 7330840, 7356055, 25215
133085, 7330850, 7356068, 25218
133087, 7330870, 7356082, 25212
133088, 7330880, 7356095, 25215
133089, 7330890, 7356109, 25219
133090, 7330900, 7356122, 25222
133091, 7330910, 7356135, 25225
133092, 7330920, 7356149, 25229
133093, 7330930, 7356162, 25232
133094, 7330940, 7356176, 25236
133095, 7330950, 7356189, 25239
133097, 7330970, 7356203, 25233
133098, 7330980, 7356216, 25236
133099, 7330990, 7356230, 25240
133101, 7331010, 7356256, 25246
133102, 7331020, 7356270, 25250
133103, 7331030, 7356283, 25253
133104, 7331040, 7356297, 25257
133105, 7331050, 7356310, 25260
133106, 7331060, 7356324, 25264
133108, 7331080, 7356337, 25257
133109, 7331090, 7356350, 25260
133110, 7331100, 7356364, 25264
133111, 7331110, 7356377, 25267
133112, 7331120, 7356391, 25271
133113, 7331130, 7356404, 25274
133114, 7331140, 7356418, 25278
133115, 7331150, 7356431, 25281
133116, 7331160, 7360012, 28852
133118, 7331180, 7360026, 28846
133119, 7331190, 7360039, 28849
133120, 7331200, 7360052, 28852
133121, 7331210, 7360066, 28856
133122, 7331220, 7360079, 28859
133123, 7331230, 7360093, 28863
133124, 7331240, 7360106, 28866
133125, 7331250, 7360120, 28870
133126, 7331260, 7360133, 28873
133127, 7331270, 7360146, 28876
133129, 7331290, 7360160, 28870
133130, 7331300, 7360173, 28873
133131, 7331310, 7360187, 28877
133132, 7331320, 7360200, 28880
133133, 7331330, 7360214, 28884
133134, 7331340, 7360227, 28887
133135, 7331350, 7360241, 28891
133136, 7331360, 7360254, 28894
133137, 7331370, 7360267, 28897
133138, 7331380, 7360281, 28901
133140, 7331400, 7360294, 28894
133141, 7331410, 7360308, 28898
133142, 7331420, 7360321, 28901
133143, 7331430, 7360335, 28905
133144, 7331440, 7360348, 28908
133145, 7331450, 7360362, 28912
133146, 7331460, 7360375, 28915
133147, 7331470, 7360388, 28918
133148, 7331480, 7360402, 28922
133151, 7331510, 7360429, 28919
133152, 7331520, 7360442, 28922
133153, 7331530, 7360456, 28926
133154, 7331540, 7360469, 28929
133155, 7331550, 7360482, 28932
133156, 7331560, 7360496, 28936
133157, 7331570, 7360509, 28939
133158, 7331580, 7360523, 28943
133159, 7331590, 7360536, 28946
133161, 7331610, 7360550, 28940
133162, 7331620, 7360563, 28943
133163, 7331630, 7360577, 28947
133164, 7331640, 7360590, 28950
133165, 7331650, 7360603, 28953
133166, 7331660, 7360617, 28957
133167, 7331670, 7360630, 28960
133168, 7331680, 7360644, 28964
133169, 7331690, 7360657, 28967
133171, 7331710, 7360671, 28961
133172, 7331720, 7360684, 28964
133173, 7331730, 7360698, 28968
133174, 7331740, 7360711, 28971
133175, 7331750, 7360724, 28974
133176, 7331760, 7360738, 28978
133177, 7331770, 7360751, 28981
133178, 7331780, 7360765, 28985
133179, 7331790, 7360778, 28988
133180, 7331800, 7360792, 28992
133182, 7331820, 7360805, 28985
133183, 7331830, 7360818, 28988
133184, 7331840, 7360832, 28992
133185, 7331850, 7360845, 28995
133186, 7331860, 7360859, 28999
133187, 7331870, 7360872, 29002
133188, 7331880, 7360886, 29006
133189, 7331890, 7360899, 29009
133190, 7331900, 7360913, 29013
133191, 7331910, 7360926, 29016
133193, 7331930, 7360939, 29009
133194, 7331940, 7360953, 29013
133195, 7331950, 7360966, 29016
133196, 7331960, 7360980, 29020
133197, 7331970, 7360993, 29023
133198, 7331980, 7361007, 29027
133199, 7331990, 7361020, 29030
133602, 7336020, 7361047, 25027
133603, 7336030, 7361060, 25030
133604, 7336040, 7361074, 25034
133605, 7336050, 7361087, 25037
133606, 7336060, 7361101, 25041
133607, 7336070, 7361114, 25044
133608, 7336080, 7361128, 25048
133609, 7336090, 7361141, 25051
133610, 7336100, 7361154, 25054
133612, 7336120, 7361168, 25048
133613, 7336130, 7361181, 25051
133614, 7336140, 7361195, 25055
133615, 7336150, 7361208, 25058
133616, 7336160, 7361222, 25062
133617, 7336170, 7361235, 25065
133618, 7336180, 7361249, 25069
133619, 7336190, 7361262, 25072
133620, 7336200, 7361275, 25075
133621, 7336210, 7361289, 25079
133623, 7336230, 7361302, 25072
133624, 7336240, 7361316, 25076
133625, 7336250, 7361329, 25079
133626, 7336260, 7361343, 25083
133627, 7336270, 7361356, 25086
133628, 7336280, 7361370, 25090
133629, 7336290, 7361383, 25093
133630, 7336300, 7361396, 25096
133631, 7336310, 7361410, 25100
133633, 7336330, 7361423, 25093
133634, 7336340, 7361437, 25097
133635, 7336350, 7361450, 25100
133636, 7336360, 7361464, 25104
133637, 7336370, 7361477, 25107
133638, 7336380, 7361490, 25110
133639, 7336390, 7361504, 25114
133640, 7336400, 7361517, 25117
133641, 7336410, 7361531, 25121
133642, 7336420, 7361544, 25124
133644, 7336440, 7361558, 25118
133645, 7336450, 7361571, 25121
133646, 7336460, 7361585, 25125
133647, 7336470, 7361598, 25128
133648, 7336480, 7361611, 25131
133649, 7336490, 7361625, 25135
133651, 7336510, 7361652, 25142
133652, 7336520, 7361665, 25145
133653, 7336530, 7361679, 25149
133655, 7336550, 7361692, 25142
133656, 7336560, 7361706, 25146
133657, 7336570, 7361719, 25149
133658, 7336580, 7361732, 25152
133659, 7336590, 7361746, 25156
133660, 7336600, 7361759, 25159
133661, 7336610, 7361773, 25163
133662, 7336620, 7361786, 25166
133663, 7336630, 7361800, 25170
133665, 7336650, 7361813, 25163
133666, 7336660, 7361826, 25166
133667, 7336670, 7361840, 25170
133668, 7336680, 7361853, 25173
133669, 7336690, 7361867, 25177
133670, 7336700, 7361880, 25180
133671, 7336710, 7361894, 25184
133672, 7336720, 7361907, 25187
133673, 7336730, 7361921, 25191
133674, 7336740, 7361934, 25194
133676, 7336760, 7361947, 25187
133677, 7336770, 7361961, 25191
133678, 7336780, 7361974, 25194
133679, 7336790, 7361988, 25198
133680, 7336800, 7362001, 25201
133681, 7336810, 7362015, 25205
133682, 7336820, 7362028, 25208
133683, 7336830, 7362042, 25212
133684, 7336840, 7362055, 25215
133685, 7336850, 7362068, 25218
133687, 7336870, 7362082, 25212
133688, 7336880, 7362095, 25215
133689, 7336890, 7362109, 25219
133690, 7336900, 7362122, 25222
133691, 7336910, 7362136, 25226
133692, 7336920, 7362149, 25229
133693, 7336930, 7362162, 25232
133694, 7336940, 7362176, 25236
133695, 7336950, 7362189, 25239
133697, 7336970, 7362203, 25233
133698, 7336980, 7362216, 25236
133699, 7336990, 7362230, 25240
133701, 7337010, 7362257, 25247
133702, 7337020, 7362270, 25250
133703, 7337030, 7362283, 25253
133704, 7337040, 7362297, 25257
133705, 7337050, 7362310, 25260
133706, 7337060, 7362324, 25264
133708, 7337080, 7362337, 25257
133709, 7337090, 7362351, 25261
133710, 7337100, 7362364, 25264
133711, 7337110, 7362378, 25268
133712, 7337120, 7362391, 25271
133713, 7337130, 7362404, 25274
133714, 7337140, 7362418, 25278
133715, 7337150, 7362431, 25281
133716, 7337160, 7366012, 28852
133718, 7337180, 7366026, 28846
133719, 7337190, 7366039, 28849
133720, 7337200, 7366052, 28852
133721, 7337210, 7366066, 28856
133722, 7337220, 7366079, 28859
133723, 7337230, 7366093, 28863
133724, 7337240, 7366106, 28866
133725, 7337250, 7366120, 28870
133726, 7337260, 7366133, 28873
133727, 7337270, 7366146, 28876
133729, 7337290, 7366160, 28870
133730, 7337300, 7366173, 28873
133731, 7337310, 7366187, 28877
133732, 7337320, 7366200, 28880
133733, 7337330, 7366214, 28884
133734, 7337340, 7366227, 28887
133735, 7337350, 7366241, 28891
133736, 7337360, 7366254, 28894
133737, 7337370, 7366267, 28897
133738, 7337380, 7366281, 28901
133740, 7337400, 7366294, 28894
133741, 7337410, 7366308, 28898
133742, 7337420, 7366321, 28901
133743, 7337430, 7366335, 28905
133744, 7337440, 7366348, 28908
133745, 7337450, 7366362, 28912
133746, 7337460, 7366375, 28915
133747, 7337470, 7366388, 28918
133748, 7337480, 7366402, 28922
133751, 7337510, 7366429, 28919
133752, 7337520, 7366442, 28922
133753, 7337530, 7366456, 28926
133754, 7337540, 7366469, 28929
133755, 7337550, 7366482, 28932
133756, 7337560, 7366496, 28936
133757, 7337570, 7366509, 28939
133758, 7337580, 7366523, 28943
133759, 7337590, 7366536, 28946
133761, 7337610, 7366550, 28940
133762, 7337620, 7366563, 28943
133763, 7337630, 7366577, 28947
133764, 7337640, 7366590, 28950
133765, 7337650, 7366603, 28953
133766, 7337660, 7366617, 28957
133767, 7337670, 7366630, 28960
133768, 7337680, 7366644, 28964
133769, 7337690, 7366657, 28967
133771, 7337710, 7366671, 28961
133772, 7337720, 7366684, 28964
133773, 7337730, 7366698, 28968
133774, 7337740, 7366711, 28971
133775, 7337750, 7366724, 28974
133776, 7337760, 7366738, 28978
133777, 7337770, 7366751, 28981
133778, 7337780, 7366765, 28985
133779, 7337790, 7366778, 28988
133780, 7337800, 7366792, 28992
133782, 7337820, 7366805, 28985
133783, 7337830, 7366818, 28988
133784, 7337840, 7366832, 28992
133785, 7337850, 7366845, 28995
133786, 7337860, 7366859, 28999
133787, 7337870, 7366872, 29002
133788, 7337880, 7366886, 29006
133789, 7337890, 7366899, 29009
133790, 7337900, 7366913, 29013
133791, 7337910, 7366926, 29016
133793, 7337930, 7366939, 29009
133794, 7337940, 7366953, 29013
133795, 7337950, 7366966, 29016
133796, 7337960, 7366980, 29020
133797, 7337970, 7366993, 29023
133798, 7337980, 7367007, 29027
133799, 7337990, 7367020, 29030
134202, 7342020, 7367047, 25027
134203, 7342030, 7367060, 25030
134204, 7342040, 7367074, 25034
134205, 7342050, 7367087, 25037
134206, 7342060, 7367101, 25041
134207, 7342070, 7367114, 25044
134208, 7342080, 7367128, 25048
134209, 7342090, 7367141, 25051
134210, 7342100, 7367154, 25054
134212, 7342120, 7367168, 25048
134213, 7342130, 7367181, 25051
134214, 7342140, 7367195, 25055
134215, 7342150, 7367208, 25058
134216, 7342160, 7367222, 25062
134217, 7342170, 7367235, 25065
134218, 7342180, 7367249, 25069
134219, 7342190, 7367262, 25072
134220, 7342200, 7367275, 25075
134221, 7342210, 7367289, 25079
134223, 7342230, 7367302, 25072
134224, 7342240, 7367316, 25076
134225, 7342250, 7367329, 25079
134226, 7342260, 7367343, 25083
134227, 7342270, 7367356, 25086
134228, 7342280, 7367370, 25090
134229, 7342290, 7367383, 25093
134230, 7342300, 7367396, 25096
134231, 7342310, 7367410, 25100
134233, 7342330, 7367423, 25093
134234, 7342340, 7367437, 25097
134235, 7342350, 7367450, 25100
134236, 7342360, 7367464, 25104
134237, 7342370, 7367477, 25107
134238, 7342380, 7367490, 25110
134239, 7342390, 7367504, 25114
134240, 7342400, 7367517, 25117
134241, 7342410, 7367531, 25121
134242, 7342420, 7367544, 25124
134244, 7342440, 7367558, 25118
134245, 7342450, 7367571, 25121
134246, 7342460, 7367585, 25125
134247, 7342470, 7367598, 25128
134248, 7342480, 7367611, 25131
134249, 7342490, 7367625, 25135
134251, 7342510, 7367652, 25142
134252, 7342520, 7367665, 25145
134253, 7342530, 7367679, 25149
134255, 7342550, 7367692, 25142
134256, 7342560, 7367706, 25146
134257, 7342570, 7367719, 25149
134258, 7342580, 7367732, 25152
134259, 7342590, 7367746, 25156
134260, 7342600, 7367759, 25159
134261, 7342610, 7367773, 25163
134262, 7342620, 7367786, 25166
134263, 7342630, 7367800, 25170
134265, 7342650, 7367813, 25163
134266, 7342660, 7367826, 25166
134267, 7342670, 7367840, 25170
134268, 7342680, 7367853, 25173
134269, 7342690, 7367867, 25177
134270, 7342700, 7367880, 25180
134271, 7342710, 7367894, 25184
134272, 7342720, 7367907, 25187
134273, 7342730, 7367921, 25191
134274, 7342740, 7367934, 25194
134276, 7342760, 7367947, 25187
134277, 7342770, 7367961, 25191
134278, 7342780, 7367974, 25194
134279, 7342790, 7367988, 25198
134280, 7342800, 7368001, 25201
134281, 7342810, 7368015, 25205
134282, 7342820, 7368028, 25208
134283, 7342830, 7368042, 25212
134284, 7342840, 7368055, 25215
134285, 7342850, 7368068, 25218
134287, 7342870, 7368082, 25212
134288, 7342880, 7368095, 25215
134289, 7342890, 7368109, 25219
134290, 7342900, 7368122, 25222
134291, 7342910, 7368136, 25226
134292, 7342920, 7368149, 25229
134293, 7342930, 7368162, 25232
134294, 7342940, 7368176, 25236
134295, 7342950, 7368189, 25239
134297, 7342970, 7368203, 25233
134298, 7342980, 7368216, 25236
134299, 7342990, 7368230, 25240
134301, 7343010, 7368257, 25247
134302, 7343020, 7368270, 25250
134303, 7343030, 7368283, 25253
134304, 7343040, 7368297, 25257
134305, 7343050, 7368310, 25260
134306, 7343060, 7368324, 25264
134308, 7343080, 7368337, 25257
134309, 7343090, 7368351, 25261
134310, 7343100, 7368364, 25264
134311, 7343110, 7368378, 25268
134312, 7343120, 7368391, 25271
134313, 7343130, 7368404, 25274
134314, 7343140, 7368418, 25278
134315, 7343150, 7368431, 25281
134316, 7343160, 7372012, 28852
134318, 7343180, 7372026, 28846
134319, 7343190, 7372039, 28849
134320, 7343200, 7372052, 28852
134321, 7343210, 7372066, 28856
134322, 7343220, 7372079, 28859
134323, 7343230, 7372093, 28863
134324, 7343240, 7372106, 28866
134325, 7343250, 7372120, 28870
134326, 7343260, 7372133, 28873
134327, 7343270, 7372146, 28876
134329, 7343290, 7372160, 28870
134330, 7343300, 7372173, 28873
134331, 7343310, 7372187, 28877
134332, 7343320, 7372200, 28880
134333, 7343330, 7372214, 28884
134334, 7343340, 7372227, 28887
134335, 7343350, 7372241, 28891
134336, 7343360, 7372254, 28894
134337, 7343370, 7372267, 28897
134338, 7343380, 7372281, 28901
134340, 7343400, 7372294, 28894
134341, 7343410, 7372308, 28898
134342, 7343420, 7372321, 28901
134343, 7343430, 7372335, 28905
134344, 7343440, 7372348, 28908
134345, 7343450, 7372362, 28912
134346, 7343460, 7372375, 28915
134347, 7343470, 7372388, 28918
134348, 7343480, 7372402, 28922
134351, 7343510, 7372429, 28919
134352, 7343520, 7372442, 28922
134353, 7343530, 7372456, 28926
134354, 7343540, 7372469, 28929
134355, 7343550, 7372482, 28932
134356, 7343560, 7372496, 28936
134357, 7343570, 7372509, 28939
134358, 7343580, 7372523, 28943
134359, 7343590, 7372536, 28946
134361, 7343610, 7372550, 28940
134362, 7343620, 7372563, 28943
134363, 7343630, 7372577, 28947
134364, 7343640, 7372590, 28950
134365, 7343650, 7372603, 28953
134366, 7343660, 7372617, 28957
134367, 7343670, 7372630, 28960
134368, 7343680, 7372644, 28964
134369, 7343690, 7372657, 28967
134371, 7343710, 7372671, 28961
134372, 7343720, 7372684, 28964
134373, 7343730, 7372698, 28968
134374, 7343740, 7372711, 28971
134375, 7343750, 7372724, 28974
134376, 7343760, 7372738, 28978
134377, 7343770, 7372751, 28981
134378, 7343780, 7372765, 28985
134379, 7343790, 7372778, 28988
134380, 7343800, 7372792, 28992
134382, 7343820, 7372805, 28985
134383, 7343830, 7372818, 28988
134384, 7343840, 7372832, 28992
134385, 7343850, 7372845, 28995
134386, 7343860, 7372859, 28999
134387, 7343870, 7372872, 29002
134388, 7343880, 7372886, 29006
134389, 7343890, 7372899, 29009
134390, 7343900, 7372913, 29013
134391, 7343910, 7372926, 29016
134393, 7343930, 7372939, 29009
134394, 7343940, 7372953, 29013
134395, 7343950, 7372966, 29016
134396, 7343960, 7372980, 29020
134397, 7343970, 7372993, 29023
134398, 7343980, 7373007, 29027
134399, 7343990, 7373020, 29030
134802, 7348020, 7373047, 25027
134803, 7348030, 7373060, 25030
134804, 7348040, 7373074, 25034
134805, 7348050, 7373087, 25037
134806, 7348060, 7373101, 25041
134807, 7348070, 7373114, 25044
134808, 7348080, 7373128, 25048
134809, 7348090, 7373141, 25051
134810, 7348100, 7373154, 25054
134812, 7348120, 7373168, 25048
134813, 7348130, 7373181, 25051
134814, 7348140, 7373195, 25055
134815, 7348150, 7373208, 25058
134816, 7348160, 7373222, 25062
134817, 7348170, 7373235, 25065
134818, 7348180, 7373249, 25069
134819, 7348190, 7373262, 25072
134820, 7348200, 7373275, 25075
134821, 7348210, 7373289, 25079
134823, 7348230, 7373302, 25072
134824, 7348240, 7373316, 25076
134825, 7348250, 7373329, 25079
134826, 7348260, 7373343, 25083
134827, 7348270, 7373356, 25086
134828, 7348280, 7373370, 25090
134829, 7348290, 7373383, 25093
134830, 7348300, 7373396, 25096
134831, 7348310, 7373410, 25100
134833, 7348330, 7373423, 25093
134834, 7348340, 7373437, 25097
134835, 7348350, 7373450, 25100
134836, 7348360, 7373464, 25104
134837, 7348370, 7373477, 25107
134838, 7348380, 7373490, 25110
134839, 7348390, 7373504, 25114
134840, 7348400, 7373517, 25117
134841, 7348410, 7373531, 25121
134842, 7348420, 7373544, 25124
134844, 7348440, 7373558, 25118
134845, 7348450, 7373571, 25121
134846, 7348460, 7373585, 25125
134847, 7348470, 7373598, 25128
134848, 7348480, 7373611, 25131
134849, 7348490, 7373625, 25135
134851, 7348510, 7373652, 25142
134852, 7348520, 7373665, 25145
134853, 7348530, 7373679, 25149
134855, 7348550, 7373692, 25142
134856, 7348560, 7373706, 25146
134857, 7348570, 7373719, 25149
134858, 7348580, 7373732, 25152
134859, 7348590, 7373746, 25156
134860, 7348600, 7373759, 25159
134861, 7348610, 7373773, 25163
134862, 7348620, 7373786, 25166
134863, 7348630, 7373800, 25170
134865, 7348650, 7373813, 25163
134866, 7348660, 7373826, 25166
134867, 7348670, 7373840, 25170
134868, 7348680, 7373853, 25173
134869, 7348690, 7373867, 25177
134870, 7348700, 7373880, 25180
134871, 7348710, 7373894, 25184
134872, 7348720, 7373907, 25187
134873, 7348730, 7373921, 25191
134874, 7348740, 7373934, 25194
134876, 7348760, 7373947, 25187
134877, 7348770, 7373961, 25191
134878, 7348780, 7373974, 25194
134879, 7348790, 7373988, 25198
134880, 7348800, 7374001, 25201
134881, 7348810, 7374015, 25205
134882, 7348820, 7374028, 25208
134883, 7348830, 7374042, 25212
134884, 7348840, 7374055, 25215
134885, 7348850, 7374068, 25218
134887, 7348870, 7374082, 25212
134888, 7348880, 7374095, 25215
134889, 7348890, 7374109, 25219
134890, 7348900, 7374122, 25222
134891, 7348910, 7374136, 25226
134892, 7348920, 7374149, 25229
134893, 7348930, 7374162, 25232
134894, 7348940, 7374176, 25236
134895, 7348950, 7374189, 25239
134897, 7348970, 7374203, 25233
134898, 7348980, 7374216, 25236
134899, 7348990, 7374230, 25240
134901, 7349010, 7374257, 25247
134902, 7349020, 7374270, 25250
134903, 7349030, 7374283, 25253
134904, 7349040, 7374297, 25257
134905, 7349050, 7374310, 25260
134906, 7349060, 7374324, 25264
134908, 7349080, 7374337, 25257
134909, 7349090, 7374351, 25261
134910, 7349100, 7374364, 25264
134911, 7349110, 7374378, 25268
134912, 7349120, 7374391, 25271
134913, 7349130, 7374404, 25274
134914, 7349140, 7374418, 25278
134915, 7349150, 7374431, 25281
134916, 7349160, 7378012, 28852
134918, 7349180, 7378026, 28846
134919, 7349190, 7378039, 28849
134920, 7349200, 7378052, 28852
134921, 7349210, 7378066, 28856
134922, 7349220, 7378079, 28859
134923, 7349230, 7378093, 28863
134924, 7349240, 7378106, 28866
134925, 7349250, 7378120, 28870
134926, 7349260, 7378133, 28873
134927, 7349270, 7378146, 28876
134929, 7349290, 7378160, 28870
134930, 7349300, 7378173, 28873
134931, 7349310, 7378187, 28877
134932, 7349320, 7378200, 28880
134933, 7349330, 7378214, 28884
134934, 7349340, 7378227, 28887
134935, 7349350, 7378241, 28891
134936, 7349360, 7378254, 28894
134937, 7349370, 7378267, 28897
134938, 7349380, 7378281, 28901
134940, 7349400, 7378294, 28894
134941, 7349410, 7378308, 28898
134942, 7349420, 7378321, 28901
134943, 7349430, 7378335, 28905
134944, 7349440, 7378348, 28908
134945, 7349450, 7378362, 28912
134946, 7349460, 7378375, 28915
134947, 7349470, 7378388, 28918
134948, 7349480, 7378402, 28922
134951, 7349510, 7378429, 28919
134952, 7349520, 7378442, 28922
134953, 7349530, 7378456, 28926
134954, 7349540, 7378469, 28929
134955, 7349550, 7378482, 28932
134956, 7349560, 7378496, 28936
134957, 7349570, 7378509, 28939
134958, 7349580, 7378523, 28943
134959, 7349590, 7378536, 28946
134961, 7349610, 7378550, 28940
134962, 7349620, 7378563, 28943
134963, 7349630, 7378577, 28947
134964, 7349640, 7378590, 28950
134965, 7349650, 7378603, 28953
134966, 7349660, 7378617, 28957
134967, 7349670, 7378630, 28960
134968, 7349680, 7378644, 28964
134969, 7349690, 7378657, 28967
134971, 7349710, 7378671, 28961
134972, 7349720, 7378684, 28964
134973, 7349730, 7378698, 28968
134974, 7349740, 7378711, 28971
134975, 7349750, 7378724, 28974
134976, 7349760, 7378738, 28978
134977, 7349770, 7378751, 28981
134978, 7349780, 7378765, 28985
134979, 7349790, 7378778, 28988
134980, 7349800, 7378792, 28992
134982, 7349820, 7378805, 28985
134983, 7349830, 7378818, 28988
134984, 7349840, 7378832, 28992
134985, 7349850, 7378845, 28995
134986, 7349860, 7378859, 28999
134987, 7349870, 7378872, 29002
134988, 7349880, 7378886, 29006
134989, 7349890, 7378899, 29009
134990, 7349900, 7378913, 29013
134991, 7349910, 7378926, 29016
134993, 7349930, 7378939, 29009
134994, 7349940, 7378953, 29013
134995, 7349950, 7378966, 29016
134996, 7349960, 7378980, 29020
134997, 7349970, 7378993, 29023
134998, 7349980, 7379007, 29027
134999, 7349990, 7379020, 29030
135402, 7354020, 7379047, 25027
135403, 7354030, 7379060, 25030
135404, 7354040, 7379074, 25034
135405, 7354050, 7379087, 25037
135406, 7354060, 7379101, 25041
135407, 7354070, 7379114, 25044
135408, 7354080, 7379128, 25048
135409, 7354090, 7379141, 25051
135410, 7354100, 7379154, 25054
135412, 7354120, 7379168, 25048
135413, 7354130, 7379181, 25051
135414, 7354140, 7379195, 25055
135415, 7354150, 7379208, 25058
135416, 7354160, 7379222, 25062
135417, 7354170, 7379235, 25065
135418, 7354180, 7379249, 25069
135419, 7354190, 7379262, 25072
135420, 7354200, 7379275, 25075
135421, 7354210, 7379289, 25079
135423, 7354230, 7379302, 25072
135424, 7354240, 7379316, 25076
135425, 7354250, 7379329, 25079
135426, 7354260, 7379343, 25083
135427, 7354270, 7379356, 25086
135428, 7354280, 7379370, 25090
135429, 7354290, 7379383, 25093
135430, 7354300, 7379396, 25096
135431, 7354310, 7379410, 25100
135433, 7354330, 7379423, 25093
135434, 7354340, 7379437, 25097
135435, 7354350, 7379450, 25100
135436, 7354360, 7379464, 25104
135437, 7354370, 7379477, 25107
135438, 7354380, 7379490, 25110
135439, 7354390, 7379504, 25114
135440, 7354400, 7379517, 25117
135441, 7354410, 7379531, 25121
135442, 7354420, 7379544, 25124
135444, 7354440, 7379558, 25118
135445, 7354450, 7379571, 25121
135446, 7354460, 7379585, 25125
135447, 7354470, 7379598, 25128
135448, 7354480, 7379611, 25131
135449, 7354490, 7379625, 25135
135451, 7354510, 7379652, 25142
135452, 7354520, 7379665, 25145
135453, 7354530, 7379679, 25149
135455, 7354550, 7379692, 25142
135456, 7354560, 7379706, 25146
135457, 7354570, 7379719, 25149
135458, 7354580, 7379732, 25152
135459, 7354590, 7379746, 25156
135460, 7354600, 7379759, 25159
135461, 7354610, 7379773, 25163
135462, 7354620, 7379786, 25166
135463, 7354630, 7379800, 25170
135465, 7354650, 7379813, 25163
135466, 7354660, 7379826, 25166
135467, 7354670, 7379840, 25170
135468, 7354680, 7379853, 25173
135469, 7354690, 7379867, 25177
135470, 7354700, 7379880, 25180
135471, 7354710, 7379894, 25184
135472, 7354720, 7379907, 25187
135473, 7354730, 7379921, 25191
135474, 7354740, 7379934, 25194
135476, 7354760, 7379947, 25187
135477, 7354770, 7379961, 25191
135478, 7354780, 7379974, 25194
135479, 7354790, 7379988, 25198
135480, 7354800, 7380001, 25201
135481, 7354810, 7380015, 25205
135482, 7354820, 7380028, 25208
135483, 7354830, 7380042, 25212
135484, 7354840, 7380055, 25215
135485, 7354850, 7380068, 25218
135487, 7354870, 7380082, 25212
135488, 7354880, 7380095, 25215
135489, 7354890, 7380109, 25219
135490, 7354900, 7380122, 25222
135491, 7354910, 7380136, 25226
135492, 7354920, 7380149, 25229
135493, 7354930, 7380162, 25232
135494, 7354940, 7380176, 25236
135495, 7354950, 7380189, 25239
135497, 7354970, 7380203, 25233
135498, 7354980, 7380216, 25236
135499, 7354990, 7380230, 25240
135501, 7355010, 7380257, 25247
135502, 7355020, 7380270, 25250
135503, 7355030, 7380283, 25253
135504, 7355040, 7380297, 25257
135505, 7355050, 7380310, 25260
135506, 7355060, 7380324, 25264
135508, 7355080, 7380337, 25257
135509, 7355090, 7380351, 25261
135510, 7355100, 7380364, 25264
135511, 7355110, 7380378, 25268
135512, 7355120, 7380391, 25271
135513, 7355130, 7380404, 25274
135514, 7355140, 7380418, 25278
135515, 7355150, 7380431, 25281
135516, 7355160, 7384012, 28852
135517, 7355170, 7384026, 28856
135519, 7355190, 7384039, 28849
135520, 7355200, 7384052, 28852
135521, 7355210, 7384066, 28856
135522, 7355220, 7384079, 28859
135523, 7355230, 7384093, 28863
135524, 7355240, 7384106, 28866
135525, 7355250, 7384120, 28870
135526, 7355260, 7384133, 28873
135527, 7355270, 7384146, 28876
135529, 7355290, 7384160, 28870
135530, 7355300, 7384173, 28873
135531, 7355310, 7384187, 28877
135532, 7355320, 7384200, 28880
135533, 7355330, 7384214, 28884
135534, 7355340, 7384227, 28887
135535, 7355350, 7384241, 28891
135536, 7355360, 7384254, 28894
135537, 7355370, 7384267, 28897
135538, 7355380, 7384281, 28901
135540, 7355400, 7384294, 28894
135541, 7355410, 7384308, 28898
135542, 7355420, 7384321, 28901
135543, 7355430, 7384335, 28905
135544, 7355440, 7384348, 28908
135545, 7355450, 7384362, 28912
135546, 7355460, 7384375, 28915
135547, 7355470, 7384388, 28918
135548, 7355480, 7384402, 28922
135551, 7355510, 7384429, 28919
135552, 7355520, 7384442, 28922
135553, 7355530, 7384456, 28926
135554, 7355540, 7384469, 28929
135555, 7355550, 7384482, 28932
135556, 7355560, 7384496, 28936
135557, 7355570, 7384509, 28939
135558, 7355580, 7384523, 28943
135559, 7355590, 7384536, 28946
135561, 7355610, 7384550, 28940
135562, 7355620, 7384563, 28943
135563, 7355630, 7384577, 28947
135564, 7355640, 7384590, 28950
135565, 7355650, 7384603, 28953
135566, 7355660, 7384617, 28957
135567, 7355670, 7384630, 28960
135568, 7355680, 7384644, 28964
135569, 7355690, 7384657, 28967
135570, 7355700, 7384671, 28971
135572, 7355720, 7384684, 28964
135573, 7355730, 7384698, 28968
135574, 7355740, 7384711, 28971
135575, 7355750, 7384724, 28974
135576, 7355760, 7384738, 28978
135577, 7355770, 7384751, 28981
135578, 7355780, 7384765, 28985
135579, 7355790, 7384778, 28988
135580, 7355800, 7384792, 28992
135582, 7355820, 7384805, 28985
135583, 7355830, 7384818, 28988
135584, 7355840, 7384832, 28992
135585, 7355850, 7384845, 28995
135586, 7355860, 7384859, 28999
135587, 7355870, 7384872, 29002
135588, 7355880, 7384886, 29006
135589, 7355890, 7384899, 29009
135590, 7355900, 7384913, 29013
135591, 7355910, 7384926, 29016
135593, 7355930, 7384939, 29009
135594, 7355940, 7384953, 29013
135595, 7355950, 7384966, 29016
135596, 7355960, 7384980, 29020
135597, 7355970, 7384993, 29023
135598, 7355980, 7385007, 29027
135599, 7355990, 7385020, 29030
136002, 7360020, 7385047, 25027
136003, 7360030, 7385060, 25030
136004, 7360040, 7385074, 25034
136005, 7360050, 7385087, 25037
136006, 7360060, 7385101, 25041
136007, 7360070, 7385114, 25044
136008, 7360080, 7385127, 25047
136009, 7360090, 7385141, 25051
136010, 7360100, 7385154, 25054
136012, 7360120, 7385168, 25048
136013, 7360130, 7385181, 25051
136014, 7360140, 7385195, 25055
136015, 7360150, 7385208, 25058
136016, 7360160, 7385222, 25062
136017, 7360170, 7385235, 25065
136018, 7360180, 7385248, 25068
136019, 7360190, 7385262, 25072
136020, 7360200, 7385275, 25075
136021, 7360210, 7385289, 25079
136023, 7360230, 7385302, 25072
136024, 7360240, 7385316, 25076
136025, 7360250, 7385329, 25079
136026, 7360260, 7385342, 25082
136027, 7360270, 7385356, 25086
136028, 7360280, 7385369, 25089
136029, 7360290, 7385383, 25093
136030, 7360300, 7385396, 25096
136031, 7360310, 7385410, 25100
136033, 7360330, 7385423, 25093
136034, 7360340, 7385437, 25097
136035, 7360350, 7385450, 25100
136036, 7360360, 7385463, 25103
136037, 7360370, 7385477, 25107
136038, 7360380, 7385490, 25110
136039, 7360390, 7385504, 25114
136040, 7360400, 7385517, 25117
136041, 7360410, 7385531, 25121
136042, 7360420, 7385544, 25124
136044, 7360440, 7385558, 25118
136045, 7360450, 7385571, 25121
136046, 7360460, 7385584, 25124
136047, 7360470, 7385598, 25128
136048, 7360480, 7385611, 25131
136049, 7360490, 7385625, 25135
136051, 7360510, 7385652, 25142
136052, 7360520, 7385665, 25145
136053, 7360530, 7385678, 25148
136055, 7360550, 7385692, 25142
136056, 7360560, 7385705, 25145
136057, 7360570, 7385719, 25149
136058, 7360580, 7385732, 25152
136059, 7360590, 7385746, 25156
136060, 7360600, 7385759, 25159
136061, 7360610, 7385773, 25163
136062, 7360620, 7385786, 25166
136063, 7360630, 7385799, 25169
136065, 7360650, 7385813, 25163
136066, 7360660, 7385826, 25166
136067, 7360670, 7385840, 25170
136068, 7360680, 7385853, 25173
136069, 7360690, 7385867, 25177
136070, 7360700, 7385880, 25180
136071, 7360710, 7385894, 25184
136072, 7360720, 7385907, 25187
136073, 7360730, 7385920, 25190
136074, 7360740, 7385934, 25194
136076, 7360760, 7385947, 25187
136077, 7360770, 7385961, 25191
136078, 7360780, 7385974, 25194
136079, 7360790, 7385988, 25198
136080, 7360800, 7386001, 25201
136081, 7360810, 7386014, 25204
136082, 7360820, 7386028, 25208
136083, 7360830, 7386041, 25211
136084, 7360840, 7386055, 25215
136085, 7360850, 7386068, 25218
136087, 7360870, 7386082, 25212
136088, 7360880, 7386095, 25215
136089, 7360890, 7386109, 25219
136090, 7360900, 7386122, 25222
136091, 7360910, 7386135, 25225
136092, 7360920, 7386149, 25229
136093, 7360930, 7386162, 25232
136094, 7360940, 7386176, 25236
136095, 7360950, 7386189, 25239
136097, 7360970, 7386203, 25233
136098, 7360980, 7386216, 25236
136099, 7360990, 7386230, 25240
136101, 7361010, 7386256, 25246
136102, 7361020, 7386270, 25250
136103, 7361030, 7386283, 25253
136104, 7361040, 7386297, 25257
136105, 7361050, 7386310, 25260
136106, 7361060, 7386324, 25264
136108, 7361080, 7386337, 25257
136109, 7361090, 7386350, 25260
136110, 7361100, 7386364, 25264
136111, 7361110, 7386377, 25267
136112, 7361120, 7386391, 25271
136113, 7361130, 7386404, 25274
136114, 7361140, 7386418, 25278
136115, 7361150, 7386431, 25281
136116, 7361160, 7390012, 28852
136118, 7361180, 7390026, 28846
136119, 7361190, 7390039, 28849
136120, 7361200, 7390052, 28852
136121, 7361210, 7390066, 28856
136122, 7361220, 7390079, 28859
136123, 7361230, 7390093, 28863
136124, 7361240, 7390106, 28866
136125, 7361250, 7390120, 28870
136126, 7361260, 7390133, 28873
136127, 7361270, 7390146, 28876
136129, 7361290, 7390160, 28870
136130, 7361300, 7390173, 28873
136131, 7361310, 7390187, 28877
136132, 7361320, 7390200, 28880
136133, 7361330, 7390214, 28884
136134, 7361340, 7390227, 28887
136135, 7361350, 7390241, 28891
136136, 7361360, 7390254, 28894
136137, 7361370, 7390267, 28897
136138, 7361380, 7390281, 28901
136140, 7361400, 7390294, 28894
136141, 7361410, 7390308, 28898
136142, 7361420, 7390321, 28901
136143, 7361430, 7390335, 28905
136144, 7361440, 7390348, 28908
136145, 7361450, 7390362, 28912
136146, 7361460, 7390375, 28915
136147, 7361470, 7390388, 28918
136148, 7361480, 7390402, 28922
136151, 7361510, 7390429, 28919
136152, 7361520, 7390442, 28922
136153, 7361530, 7390456, 28926
136154, 7361540, 7390469, 28929
136155, 7361550, 7390482, 28932
136156, 7361560, 7390496, 28936
136157, 7361570, 7390509, 28939
136158, 7361580, 7390523, 28943
136159, 7361590, 7390536, 28946
136161, 7361610, 7390550, 28940
136162, 7361620, 7390563, 28943
136163, 7361630, 7390577, 28947
136164, 7361640, 7390590, 28950
136165, 7361650, 7390603, 28953
136166, 7361660, 7390617, 28957
136167, 7361670, 7390630, 28960
136168, 7361680, 7390644, 28964
136169, 7361690, 7390657, 28967
136171, 7361710, 7390671, 28961
136172, 7361720, 7390684, 28964
136173, 7361730, 7390698, 28968
136174, 7361740, 7390711, 28971
136175, 7361750, 7390724, 28974
136176, 7361760, 7390738, 28978
136177, 7361770, 7390751, 28981
136178, 7361780, 7390765, 28985
136179, 7361790, 7390778, 28988
136180, 7361800, 7390792, 28992
136182, 7361820, 7390805, 28985
136183, 7361830, 7390818, 28988
136184, 7361840, 7390832, 28992
136185, 7361850, 7390845, 28995
136186, 7361860, 7390859, 28999
136187, 7361870, 7390872, 29002
136188, 7361880, 7390886, 29006
136189, 7361890, 7390899, 29009
136190, 7361900, 7390913, 29013
136191, 7361910, 7390926, 29016
136193, 7361930, 7390939, 29009
136194, 7361940, 7390953, 29013
136195, 7361950, 7390966, 29016
136196, 7361960, 7390980, 29020
136197, 7361970, 7390993, 29023
136198, 7361980, 7391007, 29027
136199, 7361990, 7391020, 29030
136602, 7366020, 7391047, 25027
136603, 7366030, 7391060, 25030
136604, 7366040, 7391074, 25034
136605, 7366050, 7391087, 25037
136606, 7366060, 7391101, 25041
136607, 7366070, 7391114, 25044
136608, 7366080, 7391128, 25048
136609, 7366090, 7391141, 25051
136610, 7366100, 7391154, 25054
136612, 7366120, 7391168, 25048
136613, 7366130, 7391181, 25051
136614, 7366140, 7391195, 25055
136615, 7366150, 7391208, 25058
136616, 7366160, 7391222, 25062
136617, 7366170, 7391235, 25065
136618, 7366180, 7391249, 25069
136619, 7366190, 7391262, 25072
136620, 7366200, 7391275, 25075
136621, 7366210, 7391289, 25079
136623, 7366230, 7391302, 25072
136624, 7366240, 7391316, 25076
136625, 7366250, 7391329, 25079
136626, 7366260, 7391343, 25083
136627, 7366270, 7391356, 25086
136628, 7366280, 7391370, 25090
136629, 7366290, 7391383, 25093
136630, 7366300, 7391396, 25096
136631, 7366310, 7391410, 25100
136633, 7366330, 7391423, 25093
136634, 7366340, 7391437, 25097
136635, 7366350, 7391450, 25100
136636, 7366360, 7391464, 25104
136637, 7366370, 7391477, 25107
136638, 7366380, 7391490, 25110
136639, 7366390, 7391504, 25114
136640, 7366400, 7391517, 25117
136641, 7366410, 7391531, 25121
136642, 7366420, 7391544, 25124
136644, 7366440, 7391558, 25118
136645, 7366450, 7391571, 25121
136646, 7366460, 7391585, 25125
136647, 7366470, 7391598, 25128
136648, 7366480, 7391611, 25131
136649, 7366490, 7391625, 25135
136651, 7366510, 7391652, 25142
136652, 7366520, 7391665, 25145
136653, 7366530, 7391679, 25149
136655, 7366550, 7391692, 25142
136656, 7366560, 7391706, 25146
136657, 7366570, 7391719, 25149
136658, 7366580, 7391732, 25152
136659, 7366590, 7391746, 25156
136660, 7366600, 7391759, 25159
136661, 7366610, 7391773, 25163
136662, 7366620, 7391786, 25166
136663, 7366630, 7391800, 25170
136665, 7366650, 7391813, 25163
136666, 7366660, 7391826, 25166
136667, 7366670, 7391840, 25170
136668, 7366680, 7391853, 25173
136669, 7366690, 7391867, 25177
136670, 7366700, 7391880, 25180
136671, 7366710, 7391894, 25184
136672, 7366720, 7391907, 25187
136673, 7366730, 7391921, 25191
136674, 7366740, 7391934, 25194
136676, 7366760, 7391947, 25187
136677, 7366770, 7391961, 25191
136678, 7366780, 7391974, 25194
136679, 7366790, 7391988, 25198
136680, 7366800, 7392001, 25201
136681, 7366810, 7392015, 25205
136682, 7366820, 7392028, 25208
136683, 7366830, 7392042, 25212
136684, 7366840, 7392055, 25215
136685, 7366850, 7392068, 25218
136687, 7366870, 7392082, 25212
136688, 7366880, 7392095, 25215
136689, 7366890, 7392109, 25219
136690, 7366900, 7392122, 25222
136691, 7366910, 7392136, 25226
136692, 7366920, 7392149, 25229
136693, 7366930, 7392162, 25232
136694, 7366940, 7392176, 25236
136695, 7366950, 7392189, 25239
136697, 7366970, 7392203, 25233
136698, 7366980, 7392216, 25236
136699, 7366990, 7392230, 25240
136701, 7367010, 7392257, 25247
136702, 7367020, 7392270, 25250
136703, 7367030, 7392283, 25253
136704, 7367040, 7392297, 25257
136705, 7367050, 7392310, 25260
136706, 7367060, 7392324, 25264
136708, 7367080, 7392337, 25257
136709, 7367090, 7392351, 25261
136710, 7367100, 7392364, 25264
136711, 7367110, 7392378, 25268
136712, 7367120, 7392391, 25271
136713, 7367130, 7392404, 25274
136714, 7367140, 7392418, 25278
136715, 7367150, 7392431, 25281
136716, 7367160, 7396012, 28852
136718, 7367180, 7396026, 28846
136719, 7367190, 7396039, 28849
136720, 7367200, 7396052, 28852
136721, 7367210, 7396066, 28856
136722, 7367220, 7396079, 28859
136723, 7367230, 7396093, 28863
136724, 7367240, 7396106, 28866
136725, 7367250, 7396120, 28870
136726, 7367260, 7396133, 28873
136727, 7367270, 7396146, 28876
136729, 7367290, 7396160, 28870
136730, 7367300, 7396173, 28873
136731, 7367310, 7396187, 28877
136732, 7367320, 7396200, 28880
136733, 7367330, 7396214, 28884
136734, 7367340, 7396227, 28887
136735, 7367350, 7396241, 28891
136736, 7367360, 7396254, 28894
136737, 7367370, 7396267, 28897
136738, 7367380, 7396281, 28901
136740, 7367400, 7396294, 28894
136741, 7367410, 7396308, 28898
136742, 7367420, 7396321, 28901
136743, 7367430, 7396335, 28905
136744, 7367440, 7396348, 28908
136745, 7367450, 7396362, 28912
136746, 7367460, 7396375, 28915
136747, 7367470, 7396388, 28918
136748, 7367480, 7396402, 28922
136751, 7367510, 7396429, 28919
136752, 7367520, 7396442, 28922
136753, 7367530, 7396456, 28926
136754, 7367540, 7396469, 28929
136755, 7367550, 7396482, 28932
136756, 7367560, 7396496, 28936
136757, 7367570, 7396509, 28939
136758, 7367580, 7396523, 28943
136759, 7367590, 7396536, 28946
136761, 7367610, 7396550, 28940
136762, 7367620, 7396563, 28943
136763, 7367630, 7396577, 28947
136764, 7367640, 7396590, 28950
136765, 7367650, 7396603, 28953
136766, 7367660, 7396617, 28957
136767, 7367670, 7396630, 28960
136768, 7367680, 7396644, 28964
136769, 7367690, 7396657, 28967
136771, 7367710, 7396671, 28961
136772, 7367720, 7396684, 28964
136773, 7367730, 7396698, 28968
136774, 7367740, 7396711, 28971
136775, 7367750, 7396724, 28974
136776, 7367760, 7396738, 28978
136777, 7367770, 7396751, 28981
136778, 7367780, 7396765, 28985
136779, 7367790, 7396778, 28988
136780, 7367800, 7396792, 28992
136782, 7367820, 7396805, 28985
136783, 7367830, 7396818, 28988
136784, 7367840, 7396832, 28992
136785, 7367850, 7396845, 28995
136786, 7367860, 7396859, 28999
136787, 7367870, 7396872, 29002
136788, 7367880, 7396886, 29006
136789, 7367890, 7396899, 29009
136790, 7367900, 7396913, 29013
136791, 7367910, 7396926, 29016
136793, 7367930, 7396939, 29009
136794, 7367940, 7396953, 29013
136795, 7367950, 7396966, 29016
136796, 7367960, 7396980, 29020
136797, 7367970, 7396993, 29023
136798, 7367980, 7397007, 29027
136799, 7367990, 7397020, 29030
137202, 7372020, 7397047, 25027
137203, 7372030, 7397060, 25030
137204, 7372040, 7397074, 25034
137205, 7372050, 7397087, 25037
137206, 7372060, 7397101, 25041
137207, 7372070, 7397114, 25044
137208, 7372080, 7397128, 25048
137209, 7372090, 7397141, 25051
137210, 7372100, 7397154, 25054
137212, 7372120, 7397168, 25048
137213, 7372130, 7397181, 25051
137214, 7372140, 7397195, 25055
137215, 7372150, 7397208, 25058
137216, 7372160, 7397222, 25062
137217, 7372170, 7397235, 25065
137218, 7372180, 7397249, 25069
137219, 7372190, 7397262, 25072
137220, 7372200, 7397275, 25075
137221, 7372210, 7397289, 25079
137223, 7372230, 7397302, 25072
137224, 7372240, 7397316, 25076
137225, 7372250, 7397329, 25079
137226, 7372260, 7397343, 25083
137227, 7372270, 7397356, 25086
137228, 7372280, 7397370, 25090
137229, 7372290, 7397383, 25093
137230, 7372300, 7397396, 25096
137231, 7372310, 7397410, 25100
137233, 7372330, 7397423, 25093
137234, 7372340, 7397437, 25097
137235, 7372350, 7397450, 25100
137236, 7372360, 7397464, 25104
137237, 7372370, 7397477, 25107
137238, 7372380, 7397490, 25110
137239, 7372390, 7397504, 25114
137240, 7372400, 7397517, 25117
137241, 7372410, 7397531, 25121
137242, 7372420, 7397544, 25124
137244, 7372440, 7397558, 25118
137245, 7372450, 7397571, 25121
137246, 7372460, 7397585, 25125
137247, 7372470, 7397598, 25128
137248, 7372480, 7397611, 25131
137249, 7372490, 7397625, 25135
137251, 7372510, 7397652, 25142
137252, 7372520, 7397665, 25145
137253, 7372530, 7397679, 25149
137255, 7372550, 7397692, 25142
137256, 7372560, 7397706, 25146
137257, 7372570, 7397719, 25149
137258, 7372580, 7397732, 25152
137259, 7372590, 7397746, 25156
137260, 7372600, 7397759, 25159
137261, 7372610, 7397773, 25163
137262, 7372620, 7397786, 25166
137263, 7372630, 7397800, 25170
137265, 7372650, 7397813, 25163
137266, 7372660, 7397826, 25166
137267, 7372670, 7397840, 25170
137268, 7372680, 7397853, 25173
137269, 7372690, 7397867, 25177
137270, 7372700, 7397880, 25180
137271, 7372710, 7397894, 25184
137272, 7372720, 7397907, 25187
137273, 7372730, 7397921, 25191
137274, 7372740, 7397934, 25194
137276, 7372760, 7397947, 25187
137277, 7372770, 7397961, 25191
137278, 7372780, 7397974, 25194
137279, 7372790, 7397988, 25198
137280, 7372800, 7398001, 25201
137281, 7372810, 7398015, 25205
137282, 7372820, 7398028, 25208
137283, 7372830, 7398042, 25212
137284, 7372840, 7398055, 25215
137285, 7372850, 7398068, 25218
137287, 7372870, 7398082, 25212
137288, 7372880, 7398095, 25215
137289, 7372890, 7398109, 25219
137290, 7372900, 7398122, 25222
137291, 7372910, 7398136, 25226
137292, 7372920, 7398149, 25229
137293, 7372930, 7398162, 25232
137294, 7372940, 7398176, 25236
137295, 7372950, 7398189, 25239
137297, 7372970, 7398203, 25233
137298, 7372980, 7398216, 25236
137299, 7372990, 7398230, 25240
137301, 7373010, 7398257, 25247
137302, 7373020, 7398270, 25250
137303, 7373030, 7398283, 25253
137304, 7373040, 7398297, 25257
137305, 7373050, 7398310, 25260
137306, 7373060, 7398324, 25264
137308, 7373080, 7398337, 25257
137309, 7373090, 7398351, 25261
137310, 7373100, 7398364, 25264
137311, 7373110, 7398378, 25268
137312, 7373120, 7398391, 25271
137313, 7373130, 7398404, 25274
137314, 7373140, 7398418, 25278
137315, 7373150, 7398431, 25281
137316, 7373160, 7402012, 28852
137318, 7373180, 7402026, 28846
137319, 7373190, 7402039, 28849
137320, 7373200, 7402052, 28852
137321, 7373210, 7402066, 28856
137322, 7373220, 7402079, 28859
137323, 7373230, 7402093, 28863
137324, 7373240, 7402106, 28866
137325, 7373250, 7402120, 28870
137326, 7373260, 7402133, 28873
137327, 7373270, 7402146, 28876
137329, 7373290, 7402160, 28870
137330, 7373300, 7402173, 28873
137331, 7373310, 7402187, 28877
137332, 7373320, 7402200, 28880
137333, 7373330, 7402214, 28884
137334, 7373340, 7402227, 28887
137335, 7373350, 7402241, 28891
137336, 7373360, 7402254, 28894
137337, 7373370, 7402267, 28897
137338, 7373380, 7402281, 28901
137340, 7373400, 7402294, 28894
137341, 7373410, 7402308, 28898
137342, 7373420, 7402321, 28901
137343, 7373430, 7402335, 28905
137344, 7373440, 7402348, 28908
137345, 7373450, 7402362, 28912
137346, 7373460, 7402375, 28915
137347, 7373470, 7402388, 28918
137348, 7373480, 7402402, 28922
137351, 7373510, 7402429, 28919
137352, 7373520, 7402442, 28922
137353, 7373530, 7402456, 28926
137354, 7373540, 7402469, 28929
137355, 7373550, 7402482, 28932
137356, 7373560, 7402496, 28936
137357, 7373570, 7402509, 28939
137358, 7373580, 7402523, 28943
137359, 7373590, 7402536, 28946
137361, 7373610, 7402550, 28940
137362, 7373620, 7402563, 28943
137363, 7373630, 7402577, 28947
137364, 7373640, 7402590, 28950
137365, 7373650, 7402603, 28953
137366, 7373660, 7402617, 28957
137367, 7373670, 7402630, 28960
137368, 7373680, 7402644, 28964
137369, 7373690, 7402657, 28967
137371, 7373710, 7402671, 28961
137372, 7373720, 7402684, 28964
137373, 7373730, 7402698, 28968
137374, 7373740, 7402711, 28971
137375, 7373750, 7402724, 28974
137376, 7373760, 7402738, 28978
137377, 7373770, 7402751, 28981
137378, 7373780, 7402765, 28985
137379, 7373790, 7402778, 28988
137380, 7373800, 7402792, 28992
137382, 7373820, 7402805, 28985
137383, 7373830, 7402818, 28988
137384, 7373840, 7402832, 28992
137385, 7373850, 7402845, 28995
137386, 7373860, 7402859, 28999
137387, 7373870, 7402872, 29002
137388, 7373880, 7402886, 29006
137389, 7373890, 7402899, 29009
137390, 7373900, 7402913, 29013
137391, 7373910, 7402926, 29016
137393, 7373930, 7402939, 29009
137394, 7373940, 7402953, 29013
137395, 7373950, 7402966, 29016
137396, 7373960, 7402980, 29020
137397, 7373970, 7402993, 29023
137398, 7373980, 7403007, 29027
137399, 7373990, 7403020, 29030
137802, 7378020, 7403047, 25027
137803, 7378030, 7403060, 25030
137804, 7378040, 7403074, 25034
137805, 7378050, 7403087, 25037
137806, 7378060, 7403101, 25041
137807, 7378070, 7403114, 25044
137808, 7378080, 7403128, 25048
137809, 7378090, 7403141, 25051
137810, 7378100, 7403154, 25054
137812, 7378120, 7403168, 25048
137813, 7378130, 7403181, 25051
137814, 7378140, 7403195, 25055
137815, 7378150, 7403208, 25058
137816, 7378160, 7403222, 25062
137817, 7378170, 7403235, 25065
137818, 7378180, 7403249, 25069
137819, 7378190, 7403262, 25072
137820, 7378200, 7403275, 25075
137821, 7378210, 7403289, 25079
137823, 7378230, 7403302, 25072
137824, 7378240, 7403316, 25076
137825, 7378250, 7403329, 25079
137826, 7378260, 7403343, 25083
137827, 7378270, 7403356, 25086
137828, 7378280, 7403370, 25090
137829, 7378290, 7403383, 25093
137830, 7378300, 7403396, 25096
137831, 7378310, 7403410, 25100
137833, 7378330, 7403423, 25093
137834, 7378340, 7403437, 25097
137835, 7378350, 7403450, 25100
137836, 7378360, 7403464, 25104
137837, 7378370, 7403477, 25107
137838, 7378380, 7403490, 25110
137839, 7378390, 7403504, 25114
137840, 7378400, 7403517, 25117
137841, 7378410, 7403531, 25121
137842, 7378420, 7403544, 25124
137844, 7378440, 7403558, 25118
137845, 7378450, 7403571, 25121
137846, 7378460, 7403585, 25125
137847, 7378470, 7403598, 25128
137848, 7378480, 7403611, 25131
137849, 7378490, 7403625, 25135
137851, 7378510, 7403652, 25142
137852, 7378520, 7403665, 25145
137853, 7378530, 7403679, 25149
137855, 7378550, 7403692, 25142
137856, 7378560, 7403706, 25146
137857, 7378570, 7403719, 25149
137858, 7378580, 7403732, 25152
137859, 7378590, 7403746, 25156
137860, 7378600, 7403759, 25159
137861, 7378610, 7403773, 25163
137862, 7378620, 7403786, 25166
137863, 7378630, 7403800, 25170
137865, 7378650, 7403813, 25163
137866, 7378660, 7403826, 25166
137867, 7378670, 7403840, 25170
137868, 7378680, 7403853, 25173
137869, 7378690, 7403867, 25177
137870, 7378700, 7403880, 25180
137871, 7378710, 7403894, 25184
137872, 7378720, 7403907, 25187
137873, 7378730, 7403921, 25191
137874, 7378740, 7403934, 25194
137876, 7378760, 7403947, 25187
137877, 7378770, 7403961, 25191
137878, 7378780, 7403974, 25194
137879, 7378790, 7403988, 25198
137880, 7378800, 7404001, 25201
137881, 7378810, 7404015, 25205
137882, 7378820, 7404028, 25208
137883, 7378830, 7404042, 25212
137884, 7378840, 7404055, 25215
137885, 7378850, 7404068, 25218
137887, 7378870, 7404082, 25212
137888, 7378880, 7404095, 25215
137889, 7378890, 7404109, 25219
137890, 7378900, 7404122, 25222
137891, 7378910, 7404136, 25226
137892, 7378920, 7404149, 25229
137893, 7378930, 7404162, 25232
137894, 7378940, 7404176, 25236
137895, 7378950, 7404189, 25239
137897, 7378970, 7404203, 25233
137898, 7378980, 7404216, 25236
137899, 7378990, 7404230, 25240
137901, 7379010, 7404257, 25247
137902, 7379020, 7404270, 25250
137903, 7379030, 7404283, 25253
137904, 7379040, 7404297, 25257
137905, 7379050, 7404310, 25260
137906, 7379060, 7404324, 25264
137908, 7379080, 7404337, 25257
137909, 7379090, 7404351, 25261
137910, 7379100, 7404364, 25264
137911, 7379110, 7404378, 25268
137912, 7379120, 7404391, 25271
137913, 7379130, 7404404, 25274
137914, 7379140, 7404418, 25278
137915, 7379150, 7404431, 25281
137916, 7379160, 7408012, 28852
137918, 7379180, 7408026, 28846
137919, 7379190, 7408039, 28849
137920, 7379200, 7408052, 28852
137921, 7379210, 7408066, 28856
137922, 7379220, 7408079, 28859
137923, 7379230, 7408093, 28863
137924, 7379240, 7408106, 28866
137925, 7379250, 7408120, 28870
137926, 7379260, 7408133, 28873
137927, 7379270, 7408146, 28876
137929, 7379290, 7408160, 28870
137930, 7379300, 7408173, 28873
137931, 7379310, 7408187, 28877
137932, 7379320, 7408200, 28880
137933, 7379330, 7408214, 28884
137934, 7379340, 7408227, 28887
137935, 7379350, 7408241, 28891
137936, 7379360, 7408254, 28894
137937, 7379370, 7408267, 28897
137938, 7379380, 7408281, 28901
137940, 7379400, 7408294, 28894
137941, 7379410, 7408308, 28898
137942, 7379420, 7408321, 28901
137943, 7379430, 7408335, 28905
137944, 7379440, 7408348, 28908
137945, 7379450, 7408362, 28912
137946, 7379460, 7408375, 28915
137947, 7379470, 7408388, 28918
137948, 7379480, 7408402, 28922
137951, 7379510, 7408429, 28919
137952, 7379520, 7408442, 28922
137953, 7379530, 7408456, 28926
137954, 7379540, 7408469, 28929
137955, 7379550, 7408482, 28932
137956, 7379560, 7408496, 28936
137957, 7379570, 7408509, 28939
137958, 7379580, 7408523, 28943
137959, 7379590, 7408536, 28946
137961, 7379610, 7408550, 28940
137962, 7379620, 7408563, 28943
137963, 7379630, 7408577, 28947
137964, 7379640, 7408590, 28950
137965, 7379650, 7408603, 28953
137966, 7379660, 7408617, 28957
137967, 7379670, 7408630, 28960
137968, 7379680, 7408644, 28964
137969, 7379690, 7408657, 28967
137971, 7379710, 7408671, 28961
137972, 7379720, 7408684, 28964
137973, 7379730, 7408698, 28968
137974, 7379740, 7408711, 28971
137975, 7379750, 7408724, 28974
137976, 7379760, 7408738, 28978
137977, 7379770, 7408751, 28981
137978, 7379780, 7408765, 28985
137979, 7379790, 7408778, 28988
137980, 7379800, 7408792, 28992
137982, 7379820, 7408805, 28985
137983, 7379830, 7408818, 28988
137984, 7379840, 7408832, 28992
137985, 7379850, 7408845, 28995
137986, 7379860, 7408859, 28999
137987, 7379870, 7408872, 29002
137988, 7379880, 7408886, 29006
137989, 7379890, 7408899, 29009
137990, 7379900, 7408913, 29013
137991, 7379910, 7408926, 29016
137993, 7379930, 7408939, 29009
137994, 7379940, 7408953, 29013
137995, 7379950, 7408966, 29016
137996, 7379960, 7408980, 29020
137997, 7379970, 7408993, 29023
137998, 7379980, 7409007, 29027
137999, 7379990, 7409020, 29030
138402, 7384020, 7409047, 25027
138403, 7384030, 7409060, 25030
138404, 7384040, 7409074, 25034
138405, 7384050, 7409087, 25037
138406, 7384060, 7409101, 25041
138407, 7384070, 7409114, 25044
138408, 7384080, 7409128, 25048
138409, 7384090, 7409141, 25051
138410, 7384100, 7409154, 25054
138412, 7384120, 7409168, 25048
138413, 7384130, 7409181, 25051
138414, 7384140, 7409195, 25055
138415, 7384150, 7409208, 25058
138416, 7384160, 7409222, 25062
138417, 7384170, 7409235, 25065
138418, 7384180, 7409249, 25069
138419, 7384190, 7409262, 25072
138420, 7384200, 7409275, 25075
138421, 7384210, 7409289, 25079
138423, 7384230, 7409302, 25072
138424, 7384240, 7409316, 25076
138425, 7384250, 7409329, 25079
138426, 7384260, 7409343, 25083
138427, 7384270, 7409356, 25086
138428, 7384280, 7409370, 25090
138429, 7384290, 7409383, 25093
138430, 7384300, 7409396, 25096
138431, 7384310, 7409410, 25100
138433, 7384330, 7409423, 25093
138434, 7384340, 7409437, 25097
138435, 7384350, 7409450, 25100
138436, 7384360, 7409464, 25104
138437, 7384370, 7409477, 25107
138438, 7384380, 7409490, 25110
138439, 7384390, 7409504, 25114
138440, 7384400, 7409517, 25117
138441, 7384410, 7409531, 25121
138442, 7384420, 7409544, 25124
138444, 7384440, 7409558, 25118
138445, 7384450, 7409571, 25121
138446, 7384460, 7409585, 25125
138447, 7384470, 7409598, 25128
138448, 7384480, 7409611, 25131
138449, 7384490, 7409625, 25135
138451, 7384510, 7409652, 25142
138452, 7384520, 7409665, 25145
138453, 7384530, 7409679, 25149
138455, 7384550, 7409692, 25142
138456, 7384560, 7409706, 25146
138457, 7384570, 7409719, 25149
138458, 7384580, 7409732, 25152
138459, 7384590, 7409746, 25156
138460, 7384600, 7409759, 25159
138461, 7384610, 7409773, 25163
138462, 7384620, 7409786, 25166
138463, 7384630, 7409800, 25170
138465, 7384650, 7409813, 25163
138466, 7384660, 7409826, 25166
138467, 7384670, 7409840, 25170
138468, 7384680, 7409853, 25173
138469, 7384690, 7409867, 25177
138470, 7384700, 7409880, 25180
138471, 7384710, 7409894, 25184
138472, 7384720, 7409907, 25187
138473, 7384730, 7409921, 25191
138474, 7384740, 7409934, 25194
138476, 7384760, 7409947, 25187
138477, 7384770, 7409961, 25191
138478, 7384780, 7409974, 25194
138479, 7384790, 7409988, 25198
138480, 7384800, 7410001, 25201
138481, 7384810, 7410015, 25205
138482, 7384820, 7410028, 25208
138483, 7384830, 7410042, 25212
138484, 7384840, 7410055, 25215
138485, 7384850, 7410068, 25218
138487, 7384870, 7410082, 25212
138488, 7384880, 7410095, 25215
138489, 7384890, 7410109, 25219
138490, 7384900, 7410122, 25222
138491, 7384910, 7410136, 25226
138492, 7384920, 7410149, 25229
138493, 7384930, 7410162, 25232
138494, 7384940, 7410176, 25236
138495, 7384950, 7410189, 25239
138497, 7384970, 7410203, 25233
138498, 7384980, 7410216, 25236
138499, 7384990, 7410230, 25240
138501, 7385010, 7410257, 25247
138502, 7385020, 7410270, 25250
138503, 7385030, 7410283, 25253
138504, 7385040, 7410297, 25257
138505, 7385050, 7410310, 25260
138506, 7385060, 7410324, 25264
138508, 7385080, 7410337, 25257
138509, 7385090, 7410351, 25261
138510, 7385100, 7410364, 25264
138511, 7385110, 7410378, 25268
138512, 7385120, 7410391, 25271
138513, 7385130, 7410404, 25274
138514, 7385140, 7410418, 25278
138515, 7385150, 7410431, 25281
138516, 7385160, 7414012, 28852
138517, 7385170, 7414026, 28856
138519, 7385190, 7414039, 28849
138520, 7385200, 7414052, 28852
138521, 7385210, 7414066, 28856
138522, 7385220, 7414079, 28859
138523, 7385230, 7414093, 28863
138524, 7385240, 7414106, 28866
138525, 7385250, 7414120, 28870
138526, 7385260, 7414133, 28873
138527, 7385270, 7414146, 28876
138529, 7385290, 7414160, 28870
138530, 7385300, 7414173, 28873
138531, 7385310, 7414187, 28877
138532, 7385320, 7414200, 28880
138533, 7385330, 7414214, 28884
138534, 7385340, 7414227, 28887
138535, 7385350, 7414241, 28891
138536, 7385360, 7414254, 28894
138537, 7385370, 7414267, 28897
138538, 7385380, 7414281, 28901
138540, 7385400, 7414294, 28894
138541, 7385410, 7414308, 28898
138542, 7385420, 7414321, 28901
138543, 7385430, 7414335, 28905
138544, 7385440, 7414348, 28908
138545, 7385450, 7414362, 28912
138546, 7385460, 7414375, 28915
138547, 7385470, 7414388, 28918
138548, 7385480, 7414402, 28922
138551, 7385510, 7414429, 28919
138552, 7385520, 7414442, 28922
138553, 7385530, 7414456, 28926
138554, 7385540, 7414469, 28929
138555, 7385550, 7414482, 28932
138556, 7385560, 7414496, 28936
138557, 7385570, 7414509, 28939
138558, 7385580, 7414523, 28943
138559, 7385590, 7414536, 28946
138561, 7385610, 7414550, 28940
138562, 7385620, 7414563, 28943
138563, 7385630, 7414577, 28947
138564, 7385640, 7414590, 28950
138565, 7385650, 7414603, 28953
138566, 7385660, 7414617, 28957
138567, 7385670, 7414630, 28960
138568, 7385680, 7414644, 28964
138569, 7385690, 7414657, 28967
138570, 7385700, 7414671, 28971
138572, 7385720, 7414684, 28964
138573, 7385730, 7414698, 28968
138574, 7385740, 7414711, 28971
138575, 7385750, 7414724, 28974
138576, 7385760, 7414738, 28978
138577, 7385770, 7414751, 28981
138578, 7385780, 7414765, 28985
138579, 7385790, 7414778, 28988
138580, 7385800, 7414792, 28992
138582, 7385820, 7414805, 28985
138583, 7385830, 7414818, 28988
138584, 7385840, 7414832, 28992
138585, 7385850, 7414845, 28995
138586, 7385860, 7414859, 28999
138587, 7385870, 7414872, 29002
138588, 7385880, 7414886, 29006
138589, 7385890, 7414899, 29009
138590, 7385900, 7414913, 29013
138591, 7385910, 7414926, 29016
138593, 7385930, 7414939, 29009
138594, 7385940, 7414953, 29013
138595, 7385950, 7414966, 29016
138596, 7385960, 7414980, 29020
138597, 7385970, 7414993, 29023
138598, 7385980, 7415007, 29027
138599, 7385990, 7415020, 29030
139002, 7390020, 7415047, 25027
139003, 7390030, 7415060, 25030
139004, 7390040, 7415074, 25034
139005, 7390050, 7415087, 25037
139006, 7390060, 7415101, 25041
139007, 7390070, 7415114, 25044
139008, 7390080, 7415127, 25047
139009, 7390090, 7415141, 25051
139010, 7390100, 7415154, 25054
139012, 7390120, 7415168, 25048
139013, 7390130, 7415181, 25051
139014, 7390140, 7415195, 25055
139015, 7390150, 7415208, 25058
139016, 7390160, 7415222, 25062
139017, 7390170, 7415235, 25065
139018, 7390180, 7415248, 25068
139019, 7390190, 7415262, 25072
139020, 7390200, 7415275, 25075
139021, 7390210, 7415289, 25079
139023, 7390230, 7415302, 25072
139024, 7390240, 7415316, 25076
139025, 7390250, 7415329, 25079
139026, 7390260, 7415342, 25082
139027, 7390270, 7415356, 25086
139028, 7390280, 7415369, 25089
139029, 7390290, 7415383, 25093
139030, 7390300, 7415396, 25096
139031, 7390310, 7415410, 25100
139033, 7390330, 7415423, 25093
139034, 7390340, 7415437, 25097
139035, 7390350, 7415450, 25100
139036, 7390360, 7415463, 25103
139037, 7390370, 7415477, 25107
139038, 7390380, 7415490, 25110
139039, 7390390, 7415504, 25114
139040, 7390400, 7415517, 25117
139041, 7390410, 7415531, 25121
139042, 7390420, 7415544, 25124
139044, 7390440, 7415558, 25118
139045, 7390450, 7415571, 25121
139046, 7390460, 7415584, 25124
139047, 7390470, 7415598, 25128
139048, 7390480, 7415611, 25131
139049, 7390490, 7415625, 25135
139051, 7390510, 7415652, 25142
139052, 7390520, 7415665, 25145
139053, 7390530, 7415678, 25148
139055, 7390550, 7415692, 25142
139056, 7390560, 7415705, 25145
139057, 7390570, 7415719, 25149
139058, 7390580, 7415732, 25152
139059, 7390590, 7415746, 25156
139060, 7390600, 7415759, 25159
139061, 7390610, 7415773, 25163
139062, 7390620, 7415786, 25166
139063, 7390630, 7415799, 25169
139065, 7390650, 7415813, 25163
139066, 7390660, 7415826, 25166
139067, 7390670, 7415840, 25170
139068, 7390680, 7415853, 25173
139069, 7390690, 7415867, 25177
139070, 7390700, 7415880, 25180
139071, 7390710, 7415894, 25184
139072, 7390720, 7415907, 25187
139073, 7390730, 7415920, 25190
139074, 7390740, 7415934, 25194
139076, 7390760, 7415947, 25187
139077, 7390770, 7415961, 25191
139078, 7390780, 7415974, 25194
139079, 7390790, 7415988, 25198
139080, 7390800, 7416001, 25201
139081, 7390810, 7416014, 25204
139082, 7390820, 7416028, 25208
139083, 7390830, 7416041, 25211
139084, 7390840, 7416055, 25215
139085, 7390850, 7416068, 25218
139087, 7390870, 7416082, 25212
139088, 7390880, 7416095, 25215
139089, 7390890, 7416109, 25219
139090, 7390900, 7416122, 25222
139091, 7390910, 7416135, 25225
139092, 7390920, 7416149, 25229
139093, 7390930, 7416162, 25232
139094, 7390940, 7416176, 25236
139095, 7390950, 7416189, 25239
139097, 7390970, 7416203, 25233
139098, 7390980, 7416216, 25236
139099, 7390990, 7416230, 25240
139101, 7391010, 7416256, 25246
139102, 7391020, 7416270, 25250
139103, 7391030, 7416283, 25253
139104, 7391040, 7416297, 25257
139105, 7391050, 7416310, 25260
139106, 7391060, 7416324, 25264
139108, 7391080, 7416337, 25257
139109, 7391090, 7416350, 25260
139110, 7391100, 7416364, 25264
139111, 7391110, 7416377, 25267
139112, 7391120, 7416391, 25271
139113, 7391130, 7416404, 25274
139114, 7391140, 7416418, 25278
139115, 7391150, 7416431, 25281
139116, 7391160, 7420012, 28852
139118, 7391180, 7420026, 28846
139119, 7391190, 7420039, 28849
139120, 7391200, 7420052, 28852
139121, 7391210, 7420066, 28856
139122, 7391220, 7420079, 28859
139123, 7391230, 7420093, 28863
139124, 7391240, 7420106, 28866
139125, 7391250, 7420120, 28870
139126, 7391260, 7420133, 28873
139127, 7391270, 7420146, 28876
139129, 7391290, 7420160, 28870
139130, 7391300, 7420173, 28873
139131, 7391310, 7420187, 28877
139132, 7391320, 7420200, 28880
139133, 7391330, 7420214, 28884
139134, 7391340, 7420227, 28887
139135, 7391350, 7420241, 28891
139136, 7391360, 7420254, 28894
139137, 7391370, 7420267, 28897
139138, 7391380, 7420281, 28901
139140, 7391400, 7420294, 28894
139141, 7391410, 7420308, 28898
139142, 7391420, 7420321, 28901
139143, 7391430, 7420335, 28905
139144, 7391440, 7420348, 28908
139145, 7391450, 7420362, 28912
139146, 7391460, 7420375, 28915
139147, 7391470, 7420388, 28918
139148, 7391480, 7420402, 28922
139151, 7391510, 7420429, 28919
139152, 7391520, 7420442, 28922
139153, 7391530, 7420456, 28926
139154, 7391540, 7420469, 28929
139155, 7391550, 7420482, 28932
139156, 7391560, 7420496, 28936
139157, 7391570, 7420509, 28939
139158, 7391580, 7420523, 28943
139159, 7391590, 7420536, 28946
139161, 7391610, 7420550, 28940
139162, 7391620, 7420563, 28943
139163, 7391630, 7420577, 28947
139164, 7391640, 7420590, 28950
139165, 7391650, 7420603, 28953
139166, 7391660, 7420617, 28957
139167, 7391670, 7420630, 28960
139168, 7391680, 7420644, 28964
139169, 7391690, 7420657, 28967
139171, 7391710, 7420671, 28961
139172, 7391720, 7420684, 28964
139173, 7391730, 7420698, 28968
139174, 7391740, 7420711, 28971
139175, 7391750, 7420724, 28974
139176, 7391760, 7420738, 28978
139177, 7391770, 7420751, 28981
139178, 7391780, 7420765, 28985
139179, 7391790, 7420778, 28988
139180, 7391800, 7420792, 28992
139182, 7391820, 7420805, 28985
139183, 7391830, 7420818, 28988
139184, 7391840, 7420832, 28992
139185, 7391850, 7420845, 28995
139186, 7391860, 7420859, 28999
139187, 7391870, 7420872, 29002
139188, 7391880, 7420886, 29006
139189, 7391890, 7420899, 29009
139190, 7391900, 7420913, 29013
139191, 7391910, 7420926, 29016
139193, 7391930, 7420939, 29009
139194, 7391940, 7420953, 29013
139195, 7391950, 7420966, 29016
139196, 7391960, 7420980, 29020
139197, 7391970, 7420993, 29023
139198, 7391980, 7421007, 29027
139199, 7391990, 7421020, 29030
139602, 7396020, 7421047, 25027
139603, 7396030, 7421060, 25030
139604, 7396040, 7421074, 25034
139605, 7396050, 7421087, 25037
139606, 7396060, 7421101, 25041
139607, 7396070, 7421114, 25044
139608, 7396080, 7421128, 25048
139609, 7396090, 7421141, 25051
139610, 7396100, 7421154, 25054
139612, 7396120, 7421168, 25048
139613, 7396130, 7421181, 25051
139614, 7396140, 7421195, 25055
139615, 7396150, 7421208, 25058
139616, 7396160, 7421222, 25062
139617, 7396170, 7421235, 25065
139618, 7396180, 7421249, 25069
139619, 7396190, 7421262, 25072
139620, 7396200, 7421275, 25075
139621, 7396210, 7421289, 25079
139623, 7396230, 7421302, 25072
139624, 7396240, 7421316, 25076
139625, 7396250, 7421329, 25079
139626, 7396260, 7421343, 25083
139627, 7396270, 7421356, 25086
139628, 7396280, 7421370, 25090
139629, 7396290, 7421383, 25093
139630, 7396300, 7421396, 25096
139631, 7396310, 7421410, 25100
139633, 7396330, 7421423, 25093
139634, 7396340, 7421437, 25097
139635, 7396350, 7421450, 25100
139636, 7396360, 7421464, 25104
139637, 7396370, 7421477, 25107
139638, 7396380, 7421490, 25110
139639, 7396390, 7421504, 25114
139640, 7396400, 7421517, 25117
139641, 7396410, 7421531, 25121
139642, 7396420, 7421544, 25124
139644, 7396440, 7421558, 25118
139645, 7396450, 7421571, 25121
139646, 7396460, 7421585, 25125
139647, 7396470, 7421598, 25128
139648, 7396480, 7421611, 25131
139649, 7396490, 7421625, 25135
139651, 7396510, 7421652, 25142
139652, 7396520, 7421665, 25145
139653, 7396530, 7421679, 25149
139655, 7396550, 7421692, 25142
139656, 7396560, 7421706, 25146
139657, 7396570, 7421719, 25149
139658, 7396580, 7421732, 25152
139659, 7396590, 7421746, 25156
139660, 7396600, 7421759, 25159
139661, 7396610, 7421773, 25163
139662, 7396620, 7421786, 25166
139663, 7396630, 7421800, 25170
139665, 7396650, 7421813, 25163
139666, 7396660, 7421826, 25166
139667, 7396670, 7421840, 25170
139668, 7396680, 7421853, 25173
139669, 7396690, 7421867, 25177
139670, 7396700, 7421880, 25180
139671, 7396710, 7421894, 25184
139672, 7396720, 7421907, 25187
139673, 7396730, 7421921, 25191
139674, 7396740, 7421934, 25194
139676, 7396760, 7421947, 25187
139677, 7396770, 7421961, 25191
139678, 7396780, 7421974, 25194
139679, 7396790, 7421988, 25198
139680, 7396800, 7422001, 25201
139681, 7396810, 7422015, 25205
139682, 7396820, 7422028, 25208
139683, 7396830, 7422042, 25212
139684, 7396840, 7422055, 25215
139685, 7396850, 7422068, 25218
139687, 7396870, 7422082, 25212
139688, 7396880, 7422095, 25215
139689, 7396890, 7422109, 25219
139690, 7396900, 7422122, 25222
139691, 7396910, 7422136, 25226
139692, 7396920, 7422149, 25229
139693, 7396930, 7422162, 25232
139694, 7396940, 7422176, 25236
139695, 7396950, 7422189, 25239
139697, 7396970, 7422203, 25233
139698, 7396980, 7422216, 25236
139699, 7396990, 7422230, 25240
139701, 7397010, 7422257, 25247
139702, 7397020, 7422270, 25250
139703, 7397030, 7422283, 25253
139704, 7397040, 7422297, 25257
139705, 7397050, 7422310, 25260
139706, 7397060, 7422324, 25264
139708, 7397080, 7422337, 25257
139709, 7397090, 7422351, 25261
139710, 7397100, 7422364, 25264
139711, 7397110, 7422378, 25268
139712, 7397120, 7422391, 25271
139713, 7397130, 7422404, 25274
139714, 7397140, 7422418, 25278
139715, 7397150, 7422431, 25281
139716, 7397160, 7426012, 28852
139718, 7397180, 7426026, 28846
139719, 7397190, 7426039, 28849
139720, 7397200, 7426052, 28852
139721, 7397210, 7426066, 28856
139722, 7397220, 7426079, 28859
139723, 7397230, 7426093, 28863
139724, 7397240, 7426106, 28866
139725, 7397250, 7426120, 28870
139726, 7397260, 7426133, 28873
139727, 7397270, 7426146, 28876
139729, 7397290, 7426160, 28870
139730, 7397300, 7426173, 28873
139731, 7397310, 7426187, 28877
139732, 7397320, 7426200, 28880
139733, 7397330, 7426214, 28884
139734, 7397340, 7426227, 28887
139735, 7397350, 7426241, 28891
139736, 7397360, 7426254, 28894
139737, 7397370, 7426267, 28897
139738, 7397380, 7426281, 28901
139740, 7397400, 7426294, 28894
139741, 7397410, 7426308, 28898
139742, 7397420, 7426321, 28901
139743, 7397430, 7426335, 28905
139744, 7397440, 7426348, 28908
139745, 7397450, 7426362, 28912
139746, 7397460, 7426375, 28915
139747, 7397470, 7426388, 28918
139748, 7397480, 7426402, 28922
139751, 7397510, 7426429, 28919
139752, 7397520, 7426442, 28922
139753, 7397530, 7426456, 28926
139754, 7397540, 7426469, 28929
139755, 7397550, 7426482, 28932
139756, 7397560, 7426496, 28936
139757, 7397570, 7426509, 28939
139758, 7397580, 7426523, 28943
139759, 7397590, 7426536, 28946
139761, 7397610, 7426550, 28940
139762, 7397620, 7426563, 28943
139763, 7397630, 7426577, 28947
139764, 7397640, 7426590, 28950
139765, 7397650, 7426603, 28953
139766, 7397660, 7426617, 28957
139767, 7397670, 7426630, 28960
139768, 7397680, 7426644, 28964
139769, 7397690, 7426657, 28967
139771, 7397710, 7426671, 28961
139772, 7397720, 7426684, 28964
139773, 7397730, 7426698, 28968
139774, 7397740, 7426711, 28971
139775, 7397750, 7426724, 28974
139776, 7397760, 7426738, 28978
139777, 7397770, 7426751, 28981
139778, 7397780, 7426765, 28985
139779, 7397790, 7426778, 28988
139780, 7397800, 7426792, 28992
139782, 7397820, 7426805, 28985
139783, 7397830, 7426818, 28988
139784, 7397840, 7426832, 28992
139785, 7397850, 7426845, 28995
139786, 7397860, 7426859, 28999
139787, 7397870, 7426872, 29002
139788, 7397880, 7426886, 29006
139789, 7397890, 7426899, 29009
139790, 7397900, 7426913, 29013
139791, 7397910, 7426926, 29016
139793, 7397930, 7426939, 29009
139794, 7397940, 7426953, 29013
139795, 7397950, 7426966, 29016
139796, 7397960, 7426980, 29020
139797, 7397970, 7426993, 29023
139798, 7397980, 7427007, 29027
139799, 7397990, 7427020, 29030
140202, 7402020, 7427047, 25027
140203, 7402030, 7427060, 25030
140204, 7402040, 7427074, 25034
140205, 7402050, 7427087, 25037
140206, 7402060, 7427101, 25041
140207, 7402070, 7427114, 25044
140208, 7402080, 7427128, 25048
140209, 7402090, 7427141, 25051
140210, 7402100, 7427154, 25054
140212, 7402120, 7427168, 25048
140213, 7402130, 7427181, 25051
140214, 7402140, 7427195, 25055
140215, 7402150, 7427208, 25058
140216, 7402160, 7427222, 25062
140217, 7402170, 7427235, 25065
140218, 7402180, 7427249, 25069
140219, 7402190, 7427262, 25072
140220, 7402200, 7427275, 25075
140221, 7402210, 7427289, 25079
140223, 7402230, 7427302, 25072
140224, 7402240, 7427316, 25076
140225, 7402250, 7427329, 25079
140226, 7402260, 7427343, 25083
140227, 7402270, 7427356, 25086
140228, 7402280, 7427370, 25090
140229, 7402290, 7427383, 25093
140230, 7402300, 7427396, 25096
140231, 7402310, 7427410, 25100
140233, 7402330, 7427423, 25093
140234, 7402340, 7427437, 25097
140235, 7402350, 7427450, 25100
140236, 7402360, 7427464, 25104
140237, 7402370, 7427477, 25107
140238, 7402380, 7427490, 25110
140239, 7402390, 7427504, 25114
140240, 7402400, 7427517, 25117
140241, 7402410, 7427531, 25121
140242, 7402420, 7427544, 25124
140244, 7402440, 7427558, 25118
140245, 7402450, 7427571, 25121
140246, 7402460, 7427585, 25125
140247, 7402470, 7427598, 25128
140248, 7402480, 7427611, 25131
140249, 7402490, 7427625, 25135
140251, 7402510, 7427652, 25142
140252, 7402520, 7427665, 25145
140253, 7402530, 7427679, 25149
140255, 7402550, 7427692, 25142
140256, 7402560, 7427706, 25146
140257, 7402570, 7427719, 25149
140258, 7402580, 7427732, 25152
140259, 7402590, 7427746, 25156
140260, 7402600, 7427759, 25159
140261, 7402610, 7427773, 25163
140262, 7402620, 7427786, 25166
140263, 7402630, 7427800, 25170
140265, 7402650, 7427813, 25163
140266, 7402660, 7427826, 25166
140267, 7402670, 7427840, 25170
140268, 7402680, 7427853, 25173
140269, 7402690, 7427867, 25177
140270, 7402700, 7427880, 25180
140271, 7402710, 7427894, 25184
140272, 7402720, 7427907, 25187
140273, 7402730, 7427921, 25191
140274, 7402740, 7427934, 25194
140276, 7402760, 7427947, 25187
140277, 7402770, 7427961, 25191
140278, 7402780, 7427974, 25194
140279, 7402790, 7427988, 25198
140280, 7402800, 7428001, 25201
140281, 7402810, 7428015, 25205
140282, 7402820, 7428028, 25208
140283, 7402830, 7428042, 25212
140284, 7402840, 7428055, 25215
140285, 7402850, 7428068, 25218
140287, 7402870, 7428082, 25212
140288, 7402880, 7428095, 25215
140289, 7402890, 7428109, 25219
140290, 7402900, 7428122, 25222
140291, 7402910, 7428136, 25226
140292, 7402920, 7428149, 25229
140293, 7402930, 7428162, 25232
140294, 7402940, 7428176, 25236
140295, 7402950, 7428189, 25239
140297, 7402970, 7428203, 25233
140298, 7402980, 7428216, 25236
140299, 7402990, 7428230, 25240
140301, 7403010, 7428257, 25247
140302, 7403020, 7428270, 25250
140303, 7403030, 7428283, 25253
140304, 7403040, 7428297, 25257
140305, 7403050, 7428310, 25260
140306, 7403060, 7428324, 25264
140308, 7403080, 7428337, 25257
140309, 7403090, 7428351, 25261
140310, 7403100, 7428364, 25264
140311, 7403110, 7428378, 25268
140312, 7403120, 7428391, 25271
140313, 7403130, 7428404, 25274
140314, 7403140, 7428418, 25278
140315, 7403150, 7428431, 25281
140316, 7403160, 7432012, 28852
140318, 7403180, 7432026, 28846
140319, 7403190, 7432039, 28849
140320, 7403200, 7432052, 28852
140321, 7403210, 7432066, 28856
140322, 7403220, 7432079, 28859
140323, 7403230, 7432093, 28863
140324, 7403240, 7432106, 28866
140325, 7403250, 7432120, 28870
140326, 7403260, 7432133, 28873
140327, 7403270, 7432146, 28876
140329, 7403290, 7432160, 28870
140330, 7403300, 7432173, 28873
140331, 7403310, 7432187, 28877
140332, 7403320, 7432200, 28880
140333, 7403330, 7432214, 28884
140334, 7403340, 7432227, 28887
140335, 7403350, 7432241, 28891
140336, 7403360, 7432254, 28894
140337, 7403370, 7432267, 28897
140338, 7403380, 7432281, 28901
140340, 7403400, 7432294, 28894
140341, 7403410, 7432308, 28898
140342, 7403420, 7432321, 28901
140343, 7403430, 7432335, 28905
140344, 7403440, 7432348, 28908
140345, 7403450, 7432362, 28912
140346, 7403460, 7432375, 28915
140347, 7403470, 7432388, 28918
140348, 7403480, 7432402, 28922
140351, 7403510, 7432429, 28919
140352, 7403520, 7432442, 28922
140353, 7403530, 7432456, 28926
140354, 7403540, 7432469, 28929
140355, 7403550, 7432482, 28932
140356, 7403560, 7432496, 28936
140357, 7403570, 7432509, 28939
140358, 7403580, 7432523, 28943
140359, 7403590, 7432536, 28946
140361, 7403610, 7432550, 28940
140362, 7403620, 7432563, 28943
140363, 7403630, 7432577, 28947
140364, 7403640, 7432590, 28950
140365, 7403650, 7432603, 28953
140366, 7403660, 7432617, 28957
140367, 7403670, 7432630, 28960
140368, 7403680, 7432644, 28964
140369, 7403690, 7432657, 28967
140371, 7403710, 7432671, 28961
140372, 7403720, 7432684, 28964
140373, 7403730, 7432698, 28968
140374, 7403740, 7432711, 28971
140375, 7403750, 7432724, 28974
140376, 7403760, 7432738, 28978
140377, 7403770, 7432751, 28981
140378, 7403780, 7432765, 28985
140379, 7403790, 7432778, 28988
140380, 7403800, 7432792, 28992
140382, 7403820, 7432805, 28985
140383, 7403830, 7432818, 28988
140384, 7403840, 7432832, 28992
140385, 7403850, 7432845, 28995
140386, 7403860, 7432859, 28999
140387, 7403870, 7432872, 29002
140388, 7403880, 7432886, 29006
140389, 7403890, 7432899, 29009
140390, 7403900, 7432913, 29013
140391, 7403910, 7432926, 29016
140393, 7403930, 7432939, 29009
140394, 7403940, 7432953, 29013
140395, 7403950, 7432966, 29016
140396, 7403960, 7432980, 29020
140397, 7403970, 7432993, 29023
140398, 7403980, 7433007, 29027
140399, 7403990, 7433020, 29030
140802, 7408020, 7433047, 25027
140803, 7408030, 7433060, 25030
140804, 7408040, 7433074, 25034
140805, 7408050, 7433087, 25037
140806, 7408060, 7433101, 25041
140807, 7408070, 7433114, 25044
140808, 7408080, 7433128, 25048
140809, 7408090, 7433141, 25051
140810, 7408100, 7433154, 25054
140812, 7408120, 7433168, 25048
140813, 7408130, 7433181, 25051
140814, 7408140, 7433195, 25055
140815, 7408150, 7433208, 25058
140816, 7408160, 7433222, 25062
140817, 7408170, 7433235, 25065
140818, 7408180, 7433249, 25069
140819, 7408190, 7433262, 25072
140820, 7408200, 7433275, 25075
140821, 7408210, 7433289, 25079
140823, 7408230, 7433302, 25072
140824, 7408240, 7433316, 25076
140825, 7408250, 7433329, 25079
140826, 7408260, 7433343, 25083
140827, 7408270, 7433356, 25086
140828, 7408280, 7433370, 25090
140829, 7408290, 7433383, 25093
140830, 7408300, 7433396, 25096
140831, 7408310, 7433410, 25100
140833, 7408330, 7433423, 25093
140834, 7408340, 7433437, 25097
140835, 7408350, 7433450, 25100
140836, 7408360, 7433464, 25104
140837, 7408370, 7433477, 25107
140838, 7408380, 7433490, 25110
140839, 7408390, 7433504, 25114
140840, 7408400, 7433517, 25117
140841, 7408410, 7433531, 25121
140842, 7408420, 7433544, 25124
140844, 7408440, 7433558, 25118
140845, 7408450, 7433571, 25121
140846, 7408460, 7433585, 25125
140847, 7408470, 7433598, 25128
140848, 7408480, 7433611, 25131
140849, 7408490, 7433625, 25135
140851, 7408510, 7433652, 25142
140852, 7408520, 7433665, 25145
140853, 7408530, 7433679, 25149
140855, 7408550, 7433692, 25142
140856, 7408560, 7433706, 25146
140857, 7408570, 7433719, 25149
140858, 7408580, 7433732, 25152
140859, 7408590, 7433746, 25156
140860, 7408600, 7433759, 25159
140861, 7408610, 7433773, 25163
140862, 7408620, 7433786, 25166
140863, 7408630, 7433800, 25170
140865, 7408650, 7433813, 25163
140866, 7408660, 7433826, 25166
140867, 7408670, 7433840, 25170
140868, 7408680, 7433853, 25173
140869, 7408690, 7433867, 25177
140870, 7408700, 7433880, 25180
140871, 7408710, 7433894, 25184
140872, 7408720, 7433907, 25187
140873, 7408730, 7433921, 25191
140874, 7408740, 7433934, 25194
140876, 7408760, 7433947, 25187
140877, 7408770, 7433961, 25191
140878, 7408780, 7433974, 25194
140879, 7408790, 7433988, 25198
140880, 7408800, 7434001, 25201
140881, 7408810, 7434015, 25205
140882, 7408820, 7434028, 25208
140883, 7408830, 7434042, 25212
140884, 7408840, 7434055, 25215
140885, 7408850, 7434068, 25218
140887, 7408870, 7434082, 25212
140888, 7408880, 7434095, 25215
140889, 7408890, 7434109, 25219
140890, 7408900, 7434122, 25222
140891, 7408910, 7434136, 25226
140892, 7408920, 7434149, 25229
140893, 7408930, 7434162, 25232
140894, 7408940, 7434176, 25236
140895, 7408950, 7434189, 25239
140897, 7408970, 7434203, 25233
140898, 7408980, 7434216, 25236
140899, 7408990, 7434230, 25240
140901, 7409010, 7434257, 25247
140902, 7409020, 7434270, 25250
140903, 7409030, 7434283, 25253
140904, 7409040, 7434297, 25257
140905, 7409050, 7434310, 25260
140906, 7409060, 7434324, 25264
140908, 7409080, 7434337, 25257
140909, 7409090, 7434351, 25261
140910, 7409100, 7434364, 25264
140911, 7409110, 7434378, 25268
140912, 7409120, 7434391, 25271
140913, 7409130, 7434404, 25274
140914, 7409140, 7434418, 25278
140915, 7409150, 7434431, 25281
140916, 7409160, 7438012, 28852
140918, 7409180, 7438026, 28846
140919, 7409190, 7438039, 28849
140920, 7409200, 7438052, 28852
140921, 7409210, 7438066, 28856
140922, 7409220, 7438079, 28859
140923, 7409230, 7438093, 28863
140924, 7409240, 7438106, 28866
140925, 7409250, 7438120, 28870
140926, 7409260, 7438133, 28873
140927, 7409270, 7438146, 28876
140929, 7409290, 7438160, 28870
140930, 7409300, 7438173, 28873
140931, 7409310, 7438187, 28877
140932, 7409320, 7438200, 28880
140933, 7409330, 7438214, 28884
140934, 7409340, 7438227, 28887
140935, 7409350, 7438241, 28891
140936, 7409360, 7438254, 28894
140937, 7409370, 7438267, 28897
140938, 7409380, 7438281, 28901
140940, 7409400, 7438294, 28894
140941, 7409410, 7438308, 28898
140942, 7409420, 7438321, 28901
140943, 7409430, 7438335, 28905
140944, 7409440, 7438348, 28908
140945, 7409450, 7438362, 28912
140946, 7409460, 7438375, 28915
140947, 7409470, 7438388, 28918
140948, 7409480, 7438402, 28922
140951, 7409510, 7438429, 28919
140952, 7409520, 7438442, 28922
140953, 7409530, 7438456, 28926
140954, 7409540, 7438469, 28929
140955, 7409550, 7438482, 28932
140956, 7409560, 7438496, 28936
140957, 7409570, 7438509, 28939
140958, 7409580, 7438523, 28943
140959, 7409590, 7438536, 28946
140961, 7409610, 7438550, 28940
140962, 7409620, 7438563, 28943
140963, 7409630, 7438577, 28947
140964, 7409640, 7438590, 28950
140965, 7409650, 7438603, 28953
140966, 7409660, 7438617, 28957
140967, 7409670, 7438630, 28960
140968, 7409680, 7438644, 28964
140969, 7409690, 7438657, 28967
140971, 7409710, 7438671, 28961
140972, 7409720, 7438684, 28964
140973, 7409730, 7438698, 28968
140974, 7409740, 7438711, 28971
140975, 7409750, 7438724, 28974
140976, 7409760, 7438738, 28978
140977, 7409770, 7438751, 28981
140978, 7409780, 7438765, 28985
140979, 7409790, 7438778, 28988
140980, 7409800, 7438792, 28992
140982, 7409820, 7438805, 28985
140983, 7409830, 7438818, 28988
140984, 7409840, 7438832, 28992
140985, 7409850, 7438845, 28995
140986, 7409860, 7438859, 28999
140987, 7409870, 7438872, 29002
140988, 7409880, 7438886, 29006
140989, 7409890, 7438899, 29009
140990, 7409900, 7438913, 29013
140991, 7409910, 7438926, 29016
140993, 7409930, 7438939, 29009
140994, 7409940, 7438953, 29013
140995, 7409950, 7438966, 29016
140996, 7409960, 7438980, 29020
140997, 7409970, 7438993, 29023
140998, 7409980, 7439007, 29027
140999, 7409990, 7439020, 29030
141402, 7414020, 7439047, 25027
141403, 7414030, 7439060, 25030
141404, 7414040, 7439074, 25034
141405, 7414050, 7439087, 25037
141406, 7414060, 7439101, 25041
141407, 7414070, 7439114, 25044
141408, 7414080, 7439128, 25048
141409, 7414090, 7439141, 25051
141410, 7414100, 7439154, 25054
141412, 7414120, 7439168, 25048
141413, 7414130, 7439181, 25051
141414, 7414140, 7439195, 25055
141415, 7414150, 7439208, 25058
141416, 7414160, 7439222, 25062
141417, 7414170, 7439235, 25065
141418, 7414180, 7439249, 25069
141419, 7414190, 7439262, 25072
141420, 7414200, 7439275, 25075
141421, 7414210, 7439289, 25079
141423, 7414230, 7439302, 25072
141424, 7414240, 7439316, 25076
141425, 7414250, 7439329, 25079
141426, 7414260, 7439343, 25083
141427, 7414270, 7439356, 25086
141428, 7414280, 7439370, 25090
141429, 7414290, 7439383, 25093
141430, 7414300, 7439396, 25096
141431, 7414310, 7439410, 25100
141433, 7414330, 7439423, 25093
141434, 7414340, 7439437, 25097
141435, 7414350, 7439450, 25100
141436, 7414360, 7439464, 25104
141437, 7414370, 7439477, 25107
141438, 7414380, 7439490, 25110
141439, 7414390, 7439504, 25114
141440, 7414400, 7439517, 25117
141441, 7414410, 7439531, 25121
141442, 7414420, 7439544, 25124
141444, 7414440, 7439558, 25118
141445, 7414450, 7439571, 25121
141446, 7414460, 7439585, 25125
141447, 7414470, 7439598, 25128
141448, 7414480, 7439611, 25131
141449, 7414490, 7439625, 25135
141451, 7414510, 7439652, 25142
141452, 7414520, 7439665, 25145
141453, 7414530, 7439679, 25149
141455, 7414550, 7439692, 25142
141456, 7414560, 7439706, 25146
141457, 7414570, 7439719, 25149
141458, 7414580, 7439732, 25152
141459, 7414590, 7439746, 25156
141460, 7414600, 7439759, 25159
141461, 7414610, 7439773, 25163
141462, 7414620, 7439786, 25166
141463, 7414630, 7439800, 25170
141465, 7414650, 7439813, 25163
141466, 7414660, 7439826, 25166
141467, 7414670, 7439840, 25170
141468, 7414680, 7439853, 25173
141469, 7414690, 7439867, 25177
141470, 7414700, 7439880, 25180
141471, 7414710, 7439894, 25184
141472, 7414720, 7439907, 25187
141473, 7414730, 7439921, 25191
141474, 7414740, 7439934, 25194
141476, 7414760, 7439947, 25187
141477, 7414770, 7439961, 25191
141478, 7414780, 7439974, 25194
141479, 7414790, 7439988, 25198
141480, 7414800, 7440001, 25201
141481, 7414810, 7440015, 25205
141482, 7414820, 7440028, 25208
141483, 7414830, 7440042, 25212
141484, 7414840, 7440055, 25215
141485, 7414850, 7440068, 25218
141487, 7414870, 7440082, 25212
141488, 7414880, 7440095, 25215
141489, 7414890, 7440109, 25219
141490, 7414900, 7440122, 25222
141491, 7414910, 7440136, 25226
141492, 7414920, 7440149, 25229
141493, 7414930, 7440162, 25232
141494, 7414940, 7440176, 25236
141495, 7414950, 7440189, 25239
141497, 7414970, 7440203, 25233
141498, 7414980, 7440216, 25236
141499, 7414990, 7440230, 25240
141501, 7415010, 7440257, 25247
141502, 7415020, 7440270, 25250
141503, 7415030, 7440283, 25253
141504, 7415040, 7440297, 25257
141505, 7415050, 7440310, 25260
141506, 7415060, 7440324, 25264
141508, 7415080, 7440337, 25257
141509, 7415090, 7440351, 25261
141510, 7415100, 7440364, 25264
141511, 7415110, 7440378, 25268
141512, 7415120, 7440391, 25271
141513, 7415130, 7440404, 25274
141514, 7415140, 7440418, 25278
141515, 7415150, 7440431, 25281
141516, 7415160, 7444012, 28852
141517, 7415170, 7444026, 28856
141519, 7415190, 7444039, 28849
141520, 7415200, 7444052, 28852
141521, 7415210, 7444066, 28856
141522, 7415220, 7444079, 28859
141523, 7415230, 7444093, 28863
141524, 7415240, 7444106, 28866
141525, 7415250, 7444120, 28870
141526, 7415260, 7444133, 28873
141527, 7415270, 7444146, 28876
141529, 7415290, 7444160, 28870
141530, 7415300, 7444173, 28873
141531, 7415310, 7444187, 28877
141532, 7415320, 7444200, 28880
141533, 7415330, 7444214, 28884
141534, 7415340, 7444227, 28887
141535, 7415350, 7444241, 28891
141536, 7415360, 7444254, 28894
141537, 7415370, 7444267, 28897
141538, 7415380, 7444281, 28901
141540, 7415400, 7444294, 28894
141541, 7415410, 7444308, 28898
141542, 7415420, 7444321, 28901
141543, 7415430, 7444335, 28905
141544, 7415440, 7444348, 28908
141545, 7415450, 7444362, 28912
141546, 7415460, 7444375, 28915
141547, 7415470, 7444388, 28918
141548, 7415480, 7444402, 28922
141551, 7415510, 7444429, 28919
141552, 7415520, 7444442, 28922
141553, 7415530, 7444456, 28926
141554, 7415540, 7444469, 28929
141555, 7415550, 7444482, 28932
141556, 7415560, 7444496, 28936
141557, 7415570, 7444509, 28939
141558, 7415580, 7444523, 28943
141559, 7415590, 7444536, 28946
141561, 7415610, 7444550, 28940
141562, 7415620, 7444563, 28943
141563, 7415630, 7444577, 28947
141564, 7415640, 7444590, 28950
141565, 7415650, 7444603, 28953
141566, 7415660, 7444617, 28957
141567, 7415670, 7444630, 28960
141568, 7415680, 7444644, 28964
141569, 7415690, 7444657, 28967
141570, 7415700, 7444671, 28971
141572, 7415720, 7444684, 28964
141573, 7415730, 7444698, 28968
141574, 7415740, 7444711, 28971
141575, 7415750, 7444724, 28974
141576, 7415760, 7444738, 28978
141577, 7415770, 7444751, 28981
141578, 7415780, 7444765, 28985
141579, 7415790, 7444778, 28988
141580, 7415800, 7444792, 28992
141582, 7415820, 7444805, 28985
141583, 7415830, 7444818, 28988
141584, 7415840, 7444832, 28992
141585, 7415850, 7444845, 28995
141586, 7415860, 7444859, 28999
141587, 7415870, 7444872, 29002
141588, 7415880, 7444886, 29006
141589, 7415890, 7444899, 29009
141590, 7415900, 7444913, 29013
141591, 7415910, 7444926, 29016
141593, 7415930, 7444939, 29009
141594, 7415940, 7444953, 29013
141595, 7415950, 7444966, 29016
141596, 7415960, 7444980, 29020
141597, 7415970, 7444993, 29023
141598, 7415980, 7445007, 29027
141599, 7415990, 7445020, 29030
142002, 7420020, 7445047, 25027
142003, 7420030, 7445060, 25030
142004, 7420040, 7445074, 25034
142005, 7420050, 7445087, 25037
142006, 7420060, 7445101, 25041
142007, 7420070, 7445114, 25044
142008, 7420080, 7445127, 25047
142009, 7420090, 7445141, 25051
142010, 7420100, 7445154, 25054
142012, 7420120, 7445168, 25048
142013, 7420130, 7445181, 25051
142014, 7420140, 7445195, 25055
142015, 7420150, 7445208, 25058
142016, 7420160, 7445222, 25062
142017, 7420170, 7445235, 25065
142018, 7420180, 7445248, 25068
142019, 7420190, 7445262, 25072
142020, 7420200, 7445275, 25075
142021, 7420210, 7445289, 25079
142023, 7420230, 7445302, 25072
142024, 7420240, 7445316, 25076
142025, 7420250, 7445329, 25079
142026, 7420260, 7445342, 25082
142027, 7420270, 7445356, 25086
142028, 7420280, 7445369, 25089
142029, 7420290, 7445383, 25093
142030, 7420300, 7445396, 25096
142031, 7420310, 7445410, 25100
142033, 7420330, 7445423, 25093
142034, 7420340, 7445437, 25097
142035, 7420350, 7445450, 25100
142036, 7420360, 7445463, 25103
142037, 7420370, 7445477, 25107
142038, 7420380, 7445490, 25110
142039, 7420390, 7445504, 25114
142040, 7420400, 7445517, 25117
142041, 7420410, 7445531, 25121
142042, 7420420, 7445544, 25124
142044, 7420440, 7445558, 25118
142045, 7420450, 7445571, 25121
142046, 7420460, 7445584, 25124
142047, 7420470, 7445598, 25128
142048, 7420480, 7445611, 25131
142049, 7420490, 7445625, 25135
142051, 7420510, 7445652, 25142
142052, 7420520, 7445665, 25145
142053, 7420530, 7445678, 25148
142055, 7420550, 7445692, 25142
142056, 7420560, 7445705, 25145
142057, 7420570, 7445719, 25149
142058, 7420580, 7445732, 25152
142059, 7420590, 7445746, 25156
142060, 7420600, 7445759, 25159
142061, 7420610, 7445773, 25163
142062, 7420620, 7445786, 25166
142063, 7420630, 7445799, 25169
142065, 7420650, 7445813, 25163
142066, 7420660, 7445826, 25166
142067, 7420670, 7445840, 25170
142068, 7420680, 7445853, 25173
142069, 7420690, 7445867, 25177
142070, 7420700, 7445880, 25180
142071, 7420710, 7445894, 25184
142072, 7420720, 7445907, 25187
142073, 7420730, 7445920, 25190
142074, 7420740, 7445934, 25194
142076, 7420760, 7445947, 25187
142077, 7420770, 7445961, 25191
142078, 7420780, 7445974, 25194
142079, 7420790, 7445988, 25198
142080, 7420800, 7446001, 25201
142081, 7420810, 7446014, 25204
142082, 7420820, 7446028, 25208
142083, 7420830, 7446041, 25211
142084, 7420840, 7446055, 25215
142085, 7420850, 7446068, 25218
142087, 7420870, 7446082, 25212
142088, 7420880, 7446095, 25215
142089, 7420890, 7446109, 25219
142090, 7420900, 7446122, 25222
142091, 7420910, 7446135, 25225
142092, 7420920, 7446149, 25229
142093, 7420930, 7446162, 25232
142094, 7420940, 7446176, 25236
142095, 7420950, 7446189, 25239
142097, 7420970, 7446203, 25233
142098, 7420980, 7446216, 25236
142099, 7420990, 7446230, 25240
142101, 7421010, 7446256, 25246
142102, 7421020, 7446270, 25250
142103, 7421030, 7446283, 25253
142104, 7421040, 7446297, 25257
142105, 7421050, 7446310, 25260
142106, 7421060, 7446324, 25264
142108, 7421080, 7446337, 25257
142109, 7421090, 7446350, 25260
142110, 7421100, 7446364, 25264
142111, 7421110, 7446377, 25267
142112, 7421120, 7446391, 25271
142113, 7421130, 7446404, 25274
142114, 7421140, 7446418, 25278
142115, 7421150, 7446431, 25281
142116, 7421160, 7450012, 28852
142118, 7421180, 7450026, 28846
142119, 7421190, 7450039, 28849
142120, 7421200, 7450052, 28852
142121, 7421210, 7450066, 28856
142122, 7421220, 7450079, 28859
142123, 7421230, 7450093, 28863
142124, 7421240, 7450106, 28866
142125, 7421250, 7450120, 28870
142126, 7421260, 7450133, 28873
142127, 7421270, 7450146, 28876
142129, 7421290, 7450160, 28870
142130, 7421300, 7450173, 28873
142131, 7421310, 7450187, 28877
142132, 7421320, 7450200, 28880
142133, 7421330, 7450214, 28884
142134, 7421340, 7450227, 28887
142135, 7421350, 7450241, 28891
142136, 7421360, 7450254, 28894
142137, 7421370, 7450267, 28897
142138, 7421380, 7450281, 28901
142140, 7421400, 7450294, 28894
142141, 7421410, 7450308, 28898
142142, 7421420, 7450321, 28901
142143, 7421430, 7450335, 28905
142144, 7421440, 7450348, 28908
142145, 7421450, 7450362, 28912
142146, 7421460, 7450375, 28915
142147, 7421470, 7450388, 28918
142148, 7421480, 7450402, 28922
142151, 7421510, 7450429, 28919
142152, 7421520, 7450442, 28922
142153, 7421530, 7450456, 28926
142154, 7421540, 7450469, 28929
142155, 7421550, 7450482, 28932
142156, 7421560, 7450496, 28936
142157, 7421570, 7450509, 28939
142158, 7421580, 7450523, 28943
142159, 7421590, 7450536, 28946
142161, 7421610, 7450550, 28940
142162, 7421620, 7450563, 28943
142163, 7421630, 7450577, 28947
142164, 7421640, 7450590, 28950
142165, 7421650, 7450603, 28953
142166, 7421660, 7450617, 28957
142167, 7421670, 7450630, 28960
142168, 7421680, 7450644, 28964
142169, 7421690, 7450657, 28967
142171, 7421710, 7450671, 28961
142172, 7421720, 7450684, 28964
142173, 7421730, 7450698, 28968
142174, 7421740, 7450711, 28971
142175, 7421750, 7450724, 28974
142176, 7421760, 7450738, 28978
142177, 7421770, 7450751, 28981
142178, 7421780, 7450765, 28985
142179, 7421790, 7450778, 28988
142180, 7421800, 7450792, 28992
142182, 7421820, 7450805, 28985
142183, 7421830, 7450818, 28988
142184, 7421840, 7450832, 28992
142185, 7421850, 7450845, 28995
142186, 7421860, 7450859, 28999
142187, 7421870, 7450872, 29002
142188, 7421880, 7450886, 29006
142189, 7421890, 7450899, 29009
142190, 7421900, 7450913, 29013
142191, 7421910, 7450926, 29016
142193, 7421930, 7450939, 29009
142194, 7421940, 7450953, 29013
142195, 7421950, 7450966, 29016
142196, 7421960, 7450980, 29020
142197, 7421970, 7450993, 29023
142198, 7421980, 7451007, 29027
142199, 7421990, 7451020, 29030
142602, 7426020, 7451047, 25027
142603, 7426030, 7451060, 25030
142604, 7426040, 7451074, 25034
142605, 7426050, 7451087, 25037
142606, 7426060, 7451101, 25041
142607, 7426070, 7451114, 25044
142608, 7426080, 7451128, 25048
142609, 7426090, 7451141, 25051
142610, 7426100, 7451154, 25054
142612, 7426120, 7451168, 25048
142613, 7426130, 7451181, 25051
142614, 7426140, 7451195, 25055
142615, 7426150, 7451208, 25058
142616, 7426160, 7451222, 25062
142617, 7426170, 7451235, 25065
142618, 7426180, 7451249, 25069
142619, 7426190, 7451262, 25072
142620, 7426200, 7451275, 25075
142621, 7426210, 7451289, 25079
142623, 7426230, 7451302, 25072
142624, 7426240, 7451316, 25076
142625, 7426250, 7451329, 25079
142626, 7426260, 7451343, 25083
142627, 7426270, 7451356, 25086
142628, 7426280, 7451370, 25090
142629, 7426290, 7451383, 25093
142630, 7426300, 7451396, 25096
142631, 7426310, 7451410, 25100
142633, 7426330, 7451423, 25093
142634, 7426340, 7451437, 25097
142635, 7426350, 7451450, 25100
142636, 7426360, 7451464, 25104
142637, 7426370, 7451477, 25107
142638, 7426380, 7451490, 25110
142639, 7426390, 7451504, 25114
142640, 7426400, 7451517, 25117
142641, 7426410, 7451531, 25121
142642, 7426420, 7451544, 25124
142644, 7426440, 7451558, 25118
142645, 7426450, 7451571, 25121
142646, 7426460, 7451585, 25125
142647, 7426470, 7451598, 25128
142648, 7426480, 7451611, 25131
142649, 7426490, 7451625, 25135
142651, 7426510, 7451652, 25142
142652, 7426520, 7451665, 25145
142653, 7426530, 7451679, 25149
142655, 7426550, 7451692, 25142
142656, 7426560, 7451706, 25146
142657, 7426570, 7451719, 25149
142658, 7426580, 7451732, 25152
142659, 7426590, 7451746, 25156
142660, 7426600, 7451759, 25159
142661, 7426610, 7451773, 25163
142662, 7426620, 7451786, 25166
142663, 7426630, 7451800, 25170
142665, 7426650, 7451813, 25163
142666, 7426660, 7451826, 25166
142667, 7426670, 7451840, 25170
142668, 7426680, 7451853, 25173
142669, 7426690, 7451867, 25177
142670, 7426700, 7451880, 25180
142671, 7426710, 7451894, 25184
142672, 7426720, 7451907, 25187
142673, 7426730, 7451921, 25191
142674, 7426740, 7451934, 25194
142676, 7426760, 7451947, 25187
142677, 7426770, 7451961, 25191
142678, 7426780, 7451974, 25194
142679, 7426790, 7451988, 25198
142680, 7426800, 7452001, 25201
142681, 7426810, 7452015, 25205
142682, 7426820, 7452028, 25208
142683, 7426830, 7452042, 25212
142684, 7426840, 7452055, 25215
142685, 7426850, 7452068, 25218
142687, 7426870, 7452082, 25212
142688, 7426880, 7452095, 25215
142689, 7426890, 7452109, 25219
142690, 7426900, 7452122, 25222
142691, 7426910, 7452136, 25226
142692, 7426920, 7452149, 25229
142693, 7426930, 7452162, 25232
142694, 7426940, 7452176, 25236
142695, 7426950, 7452189, 25239
142697, 7426970, 7452203, 25233
142698, 7426980, 7452216, 25236
142699, 7426990, 7452230, 25240
142701, 7427010, 7452257, 25247
142702, 7427020, 7452270, 25250
142703, 7427030, 7452283, 25253
142704, 7427040, 7452297, 25257
142705, 7427050, 7452310, 25260
142706, 7427060, 7452324, 25264
142708, 7427080, 7452337, 25257
142709, 7427090, 7452351, 25261
142710, 7427100, 7452364, 25264
142711, 7427110, 7452378, 25268
142712, 7427120, 7452391, 25271
142713, 7427130, 7452404, 25274
142714, 7427140, 7452418, 25278
142715, 7427150, 7452431, 25281
142716, 7427160, 7456012, 28852
142718, 7427180, 7456026, 28846
142719, 7427190, 7456039, 28849
142720, 7427200, 7456052, 28852
142721, 7427210, 7456066, 28856
142722, 7427220, 7456079, 28859
142723, 7427230, 7456093, 28863
142724, 7427240, 7456106, 28866
142725, 7427250, 7456120, 28870
142726, 7427260, 7456133, 28873
142727, 7427270, 7456146, 28876
142729, 7427290, 7456160, 28870
142730, 7427300, 7456173, 28873
142731, 7427310, 7456187, 28877
142732, 7427320, 7456200, 28880
142733, 7427330, 7456214, 28884
142734, 7427340, 7456227, 28887
142735, 7427350, 7456241, 28891
142736, 7427360, 7456254, 28894
142737, 7427370, 7456267, 28897
142738, 7427380, 7456281, 28901
142740, 7427400, 7456294, 28894
142741, 7427410, 7456308, 28898
142742, 7427420, 7456321, 28901
142743, 7427430, 7456335, 28905
142744, 7427440, 7456348, 28908
142745, 7427450, 7456362, 28912
142746, 7427460, 7456375, 28915
142747, 7427470, 7456388, 28918
142748, 7427480, 7456402, 28922
142751, 7427510, 7456429, 28919
142752, 7427520, 7456442, 28922
142753, 7427530, 7456456, 28926
142754, 7427540, 7456469, 28929
142755, 7427550, 7456482, 28932
142756, 7427560, 7456496, 28936
142757, 7427570, 7456509, 28939
142758, 7427580, 7456523, 28943
142759, 7427590, 7456536, 28946
142761, 7427610, 7456550, 28940
142762, 7427620, 7456563, 28943
142763, 7427630, 7456577, 28947
142764, 7427640, 7456590, 28950
142765, 7427650, 7456603, 28953
142766, 7427660, 7456617, 28957
142767, 7427670, 7456630, 28960
142768, 7427680, 7456644, 28964
142769, 7427690, 7456657, 28967
142771, 7427710, 7456671, 28961
142772, 7427720, 7456684, 28964
142773, 7427730, 7456698, 28968
142774, 7427740, 7456711, 28971
142775, 7427750, 7456724, 28974
142776, 7427760, 7456738, 28978
142777, 7427770, 7456751, 28981
142778, 7427780, 7456765, 28985
142779, 7427790, 7456778, 28988
142780, 7427800, 7456792, 28992
142782, 7427820, 7456805, 28985
142783, 7427830, 7456818, 28988
142784, 7427840, 7456832, 28992
142785, 7427850, 7456845, 28995
142786, 7427860, 7456859, 28999
142787, 7427870, 7456872, 29002
142788, 7427880, 7456886, 29006
142789, 7427890, 7456899, 29009
142790, 7427900, 7456913, 29013
142791, 7427910, 7456926, 29016
142793, 7427930, 7456939, 29009
142794, 7427940, 7456953, 29013
142795, 7427950, 7456966, 29016
142796, 7427960, 7456980, 29020
142797, 7427970, 7456993, 29023
142798, 7427980, 7457007, 29027
142799, 7427990, 7457020, 29030
143202, 7432020, 7457047, 25027
143203, 7432030, 7457060, 25030
143204, 7432040, 7457074, 25034
143205, 7432050, 7457087, 25037
143206, 7432060, 7457101, 25041
143207, 7432070, 7457114, 25044
143208, 7432080, 7457128, 25048
143209, 7432090, 7457141, 25051
143210, 7432100, 7457154, 25054
143212, 7432120, 7457168, 25048
143213, 7432130, 7457181, 25051
143214, 7432140, 7457195, 25055
143215, 7432150, 7457208, 25058
143216, 7432160, 7457222, 25062
143217, 7432170, 7457235, 25065
143218, 7432180, 7457249, 25069
143219, 7432190, 7457262, 25072
143220, 7432200, 7457275, 25075
143221, 7432210, 7457289, 25079
143223, 7432230, 7457302, 25072
143224, 7432240, 7457316, 25076
143225, 7432250, 7457329, 25079
143226, 7432260, 7457343, 25083
143227, 7432270, 7457356, 25086
143228, 7432280, 7457370, 25090
143229, 7432290, 7457383, 25093
143230, 7432300, 7457396, 25096
143231, 7432310, 7457410, 25100
143233, 7432330, 7457423, 25093
143234, 7432340, 7457437, 25097
143235, 7432350, 7457450, 25100
143236, 7432360, 7457464, 25104
143237, 7432370, 7457477, 25107
143238, 7432380, 7457490, 25110
143239, 7432390, 7457504, 25114
143240, 7432400, 7457517, 25117
143241, 7432410, 7457531, 25121
143242, 7432420, 7457544, 25124
143244, 7432440, 7457558, 25118
143245, 7432450, 7457571, 25121
143246, 7432460, 7457585, 25125
143247, 7432470, 7457598, 25128
143248, 7432480, 7457611, 25131
143249, 7432490, 7457625, 25135
143251, 7432510, 7457652, 25142
143252, 7432520, 7457665, 25145
143253, 7432530, 7457679, 25149
143255, 7432550, 7457692, 25142
143256, 7432560, 7457706, 25146
143257, 7432570, 7457719, 25149
143258, 7432580, 7457732, 25152
143259, 7432590, 7457746, 25156
143260, 7432600, 7457759, 25159
143261, 7432610, 7457773, 25163
143262, 7432620, 7457786, 25166
143263, 7432630, 7457800, 25170
143265, 7432650, 7457813, 25163
143266, 7432660, 7457826, 25166
143267, 7432670, 7457840, 25170
143268, 7432680, 7457853, 25173
143269, 7432690, 7457867, 25177
143270, 7432700, 7457880, 25180
143271, 7432710, 7457894, 25184
143272, 7432720, 7457907, 25187
143273, 7432730, 7457921, 25191
143274, 7432740, 7457934, 25194
143276, 7432760, 7457947, 25187
143277, 7432770, 7457961, 25191
143278, 7432780, 7457974, 25194
143279, 7432790, 7457988, 25198
143280, 7432800, 7458001, 25201
143281, 7432810, 7458015, 25205
143282, 7432820, 7458028, 25208
143283, 7432830, 7458042, 25212
143284, 7432840, 7458055, 25215
143285, 7432850, 7458068, 25218
143287, 7432870, 7458082, 25212
143288, 7432880, 7458095, 25215
143289, 7432890, 7458109, 25219
143290, 7432900, 7458122, 25222
143291, 7432910, 7458136, 25226
143292, 7432920, 7458149, 25229
143293, 7432930, 7458162, 25232
143294, 7432940, 7458176, 25236
143295, 7432950, 7458189, 25239
143297, 7432970, 7458203, 25233
143298, 7432980, 7458216, 25236
143299, 7432990, 7458230, 25240
143301, 7433010, 7458257, 25247
143302, 7433020, 7458270, 25250
143303, 7433030, 7458283, 25253
143304, 7433040, 7458297, 25257
143305, 7433050, 7458310, 25260
143306, 7433060, 7458324, 25264
143308, 7433080, 7458337, 25257
143309, 7433090, 7458351, 25261
143310, 7433100, 7458364, 25264
143311, 7433110, 7458378, 25268
143312, 7433120, 7458391, 25271
143313, 7433130, 7458404, 25274
143314, 7433140, 7458418, 25278
143315, 7433150, 7458431, 25281
143316, 7433160, 7462012, 28852
143318, 7433180, 7462026, 28846
143319, 7433190, 7462039, 28849
143320, 7433200, 7462052, 28852
143321, 7433210, 7462066, 28856
143322, 7433220, 7462079, 28859
143323, 7433230, 7462093, 28863
143324, 7433240, 7462106, 28866
143325, 7433250, 7462120, 28870
143326, 7433260, 7462133, 28873
143327, 7433270, 7462146, 28876
143329, 7433290, 7462160, 28870
143330, 7433300, 7462173, 28873
143331, 7433310, 7462187, 28877
143332, 7433320, 7462200, 28880
143333, 7433330, 7462214, 28884
143334, 7433340, 7462227, 28887
143335, 7433350, 7462241, 28891
143336, 7433360, 7462254, 28894
143337, 7433370, 7462267, 28897
143338, 7433380, 7462281, 28901
143340, 7433400, 7462294, 28894
143341, 7433410, 7462308, 28898
143342, 7433420, 7462321, 28901
143343, 7433430, 7462335, 28905
143344, 7433440, 7462348, 28908
143345, 7433450, 7462362, 28912
143346, 7433460, 7462375, 28915
143347, 7433470, 7462388, 28918
143348, 7433480, 7462402, 28922
143351, 7433510, 7462429, 28919
143352, 7433520, 7462442, 28922
143353, 7433530, 7462456, 28926
143354, 7433540, 7462469, 28929
143355, 7433550, 7462482, 28932
143356, 7433560, 7462496, 28936
143357, 7433570, 7462509, 28939
143358, 7433580, 7462523, 28943
143359, 7433590, 7462536, 28946
143361, 7433610, 7462550, 28940
143362, 7433620, 7462563, 28943
143363, 7433630, 7462577, 28947
143364, 7433640, 7462590, 28950
143365, 7433650, 7462603, 28953
143366, 7433660, 7462617, 28957
143367, 7433670, 7462630, 28960
143368, 7433680, 7462644, 28964
143369, 7433690, 7462657, 28967
143371, 7433710, 7462671, 28961
143372, 7433720, 7462684, 28964
143373, 7433730, 7462698, 28968
143374, 7433740, 7462711, 28971
143375, 7433750, 7462724, 28974
143376, 7433760, 7462738, 28978
143377, 7433770, 7462751, 28981
143378, 7433780, 7462765, 28985
143379, 7433790, 7462778, 28988
143380, 7433800, 7462792, 28992
143382, 7433820, 7462805, 28985
143383, 7433830, 7462818, 28988
143384, 7433840, 7462832, 28992
143385, 7433850, 7462845, 28995
143386, 7433860, 7462859, 28999
143387, 7433870, 7462872, 29002
143388, 7433880, 7462886, 29006
143389, 7433890, 7462899, 29009
143390, 7433900, 7462913, 29013
143391, 7433910, 7462926, 29016
143393, 7433930, 7462939, 29009
143394, 7433940, 7462953, 29013
143395, 7433950, 7462966, 29016
143396, 7433960, 7462980, 29020
143397, 7433970, 7462993, 29023
143398, 7433980, 7463007, 29027
143399, 7433990, 7463020, 29030
143802, 7438020, 7463047, 25027
143803, 7438030, 7463060, 25030
143804, 7438040, 7463074, 25034
143805, 7438050, 7463087, 25037
143806, 7438060, 7463101, 25041
143807, 7438070, 7463114, 25044
143808, 7438080, 7463128, 25048
143809, 7438090, 7463141, 25051
143810, 7438100, 7463154, 25054
143812, 7438120, 7463168, 25048
143813, 7438130, 7463181, 25051
143814, 7438140, 7463195, 25055
143815, 7438150, 7463208, 25058
143816, 7438160, 7463222, 25062
143817, 7438170, 7463235, 25065
143818, 7438180, 7463249, 25069
143819, 7438190, 7463262, 25072
143820, 7438200, 7463275, 25075
143821, 7438210, 7463289, 25079
143823, 7438230, 7463302, 25072
143824, 7438240, 7463316, 25076
143825, 7438250, 7463329, 25079
143826, 7438260, 7463343, 25083
143827, 7438270, 7463356, 25086
143828, 7438280, 7463370, 25090
143829, 7438290, 7463383, 25093
143830, 7438300, 7463396, 25096
143831, 7438310, 7463410, 25100
143833, 7438330, 7463423, 25093
143834, 7438340, 7463437, 25097
143835, 7438350, 7463450, 25100
143836, 7438360, 7463464, 25104
143837, 7438370, 7463477, 25107
143838, 7438380, 7463490, 25110
143839, 7438390, 7463504, 25114
143840, 7438400, 7463517, 25117
143841, 7438410, 7463531, 25121
143842, 7438420, 7463544, 25124
143844, 7438440, 7463558, 25118
143845, 7438450, 7463571, 25121
143846, 7438460, 7463585, 25125
143847, 7438470, 7463598, 25128
143848, 7438480, 7463611, 25131
143849, 7438490, 7463625, 25135
143851, 7438510, 7463652, 25142
143852, 7438520, 7463665, 25145
143853, 7438530, 7463679, 25149
143855, 7438550, 7463692, 25142
143856, 7438560, 7463706, 25146
143857, 7438570, 7463719, 25149
143858, 7438580, 7463732, 25152
143859, 7438590, 7463746, 25156
143860, 7438600, 7463759, 25159
143861, 7438610, 7463773, 25163
143862, 7438620, 7463786, 25166
143863, 7438630, 7463800, 25170
143865, 7438650, 7463813, 25163
143866, 7438660, 7463826, 25166
143867, 7438670, 7463840, 25170
143868, 7438680, 7463853, 25173
143869, 7438690, 7463867, 25177
143870, 7438700, 7463880, 25180
143871, 7438710, 7463894, 25184
143872, 7438720, 7463907, 25187
143873, 7438730, 7463921, 25191
143874, 7438740, 7463934, 25194
143876, 7438760, 7463947, 25187
143877, 7438770, 7463961, 25191
143878, 7438780, 7463974, 25194
143879, 7438790, 7463988, 25198
143880, 7438800, 7464001, 25201
143881, 7438810, 7464015, 25205
143882, 7438820, 7464028, 25208
143883, 7438830, 7464042, 25212
143884, 7438840, 7464055, 25215
143885, 7438850, 7464068, 25218
143887, 7438870, 7464082, 25212
143888, 7438880, 7464095, 25215
143889, 7438890, 7464109, 25219
143890, 7438900, 7464122, 25222
143891, 7438910, 7464136, 25226
143892, 7438920, 7464149, 25229
143893, 7438930, 7464162, 25232
143894, 7438940, 7464176, 25236
143895, 7438950, 7464189, 25239
143897, 7438970, 7464203, 25233
143898, 7438980, 7464216, 25236
143899, 7438990, 7464230, 25240
143901, 7439010, 7464257, 25247
143902, 7439020, 7464270, 25250
143903, 7439030, 7464283, 25253
143904, 7439040, 7464297, 25257
143905, 7439050, 7464310, 25260
143906, 7439060, 7464324, 25264
143908, 7439080, 7464337, 25257
143909, 7439090, 7464351, 25261
143910, 7439100, 7464364, 25264
143911, 7439110, 7464378, 25268
143912, 7439120, 7464391, 25271
143913, 7439130, 7464404, 25274
143914, 7439140, 7464418, 25278
143915, 7439150, 7464431, 25281
143916, 7439160, 7468012, 28852
143918, 7439180, 7468026, 28846
143919, 7439190, 7468039, 28849
143920, 7439200, 7468052, 28852
143921, 7439210, 7468066, 28856
143922, 7439220, 7468079, 28859
143923, 7439230, 7468093, 28863
143924, 7439240, 7468106, 28866
143925, 7439250, 7468120, 28870
143926, 7439260, 7468133, 28873
143927, 7439270, 7468146, 28876
143929, 7439290, 7468160, 28870
143930, 7439300, 7468173, 28873
143931, 7439310, 7468187, 28877
143932, 7439320, 7468200, 28880
143933, 7439330, 7468214, 28884
143934, 7439340, 7468227, 28887
143935, 7439350, 7468241, 28891
143936, 7439360, 7468254, 28894
143937, 7439370, 7468267, 28897
143938, 7439380, 7468281, 28901
143940, 7439400, 7468294, 28894
143941, 7439410, 7468308, 28898
143942, 7439420, 7468321, 28901
143943, 7439430, 7468335, 28905
143944, 7439440, 7468348, 28908
143945, 7439450, 7468362, 28912
143946, 7439460, 7468375, 28915
143947, 7439470, 7468388, 28918
143948, 7439480, 7468402, 28922
143951, 7439510, 7468429, 28919
143952, 7439520, 7468442, 28922
143953, 7439530, 7468456, 28926
143954, 7439540, 7468469, 28929
143955, 7439550, 7468482, 28932
143956, 7439560, 7468496, 28936
143957, 7439570, 7468509, 28939
143958, 7439580, 7468523, 28943
143959, 7439590, 7468536, 28946
143961, 7439610, 7468550, 28940
143962, 7439620, 7468563, 28943
143963, 7439630, 7468577, 28947
143964, 7439640, 7468590, 28950
143965, 7439650, 7468603, 28953
143966, 7439660, 7468617, 28957
143967, 7439670, 7468630, 28960
143968, 7439680, 7468644, 28964
143969, 7439690, 7468657, 28967
143971, 7439710, 7468671, 28961
143972, 7439720, 7468684, 28964
143973, 7439730, 7468698, 28968
143974, 7439740, 7468711, 28971
143975, 7439750, 7468724, 28974
143976, 7439760, 7468738, 28978
143977, 7439770, 7468751, 28981
143978, 7439780, 7468765, 28985
143979, 7439790, 7468778, 28988
143980, 7439800, 7468792, 28992
143982, 7439820, 7468805, 28985
143983, 7439830, 7468818, 28988
143984, 7439840, 7468832, 28992
143985, 7439850, 7468845, 28995
143986, 7439860, 7468859, 28999
143987, 7439870, 7468872, 29002
143988, 7439880, 7468886, 29006
143989, 7439890, 7468899, 29009
143990, 7439900, 7468913, 29013
143991, 7439910, 7468926, 29016
143993, 7439930, 7468939, 29009
143994, 7439940, 7468953, 29013
143995, 7439950, 7468966, 29016
143996, 7439960, 7468980, 29020
143997, 7439970, 7468993, 29023
143998, 7439980, 7469007, 29027
143999, 7439990, 7469020, 29030
144402, 7444020, 7469047, 25027
144403, 7444030, 7469060, 25030
144404, 7444040, 7469074, 25034
144405, 7444050, 7469087, 25037
144406, 7444060, 7469101, 25041
144407, 7444070, 7469114, 25044
144408, 7444080, 7469128, 25048
144409, 7444090, 7469141, 25051
144410, 7444100, 7469154, 25054
144412, 7444120, 7469168, 25048
144413, 7444130, 7469181, 25051
144414, 7444140, 7469195, 25055
144415, 7444150, 7469208, 25058
144416, 7444160, 7469222, 25062
144417, 7444170, 7469235, 25065
144418, 7444180, 7469249, 25069
144419, 7444190, 7469262, 25072
144420, 7444200, 7469275, 25075
144421, 7444210, 7469289, 25079
144423, 7444230, 7469302, 25072
144424, 7444240, 7469316, 25076
144425, 7444250, 7469329, 25079
144426, 7444260, 7469343, 25083
144427, 7444270, 7469356, 25086
144428, 7444280, 7469370, 25090
144429, 7444290, 7469383, 25093
144430, 7444300, 7469396, 25096
144431, 7444310, 7469410, 25100
144433, 7444330, 7469423, 25093
144434, 7444340, 7469437, 25097
144435, 7444350, 7469450, 25100
144436, 7444360, 7469464, 25104
144437, 7444370, 7469477, 25107
144438, 7444380, 7469490, 25110
144439, 7444390, 7469504, 25114
144440, 7444400, 7469517, 25117
144441, 7444410, 7469531, 25121
144442, 7444420, 7469544, 25124
144444, 7444440, 7469558, 25118
144445, 7444450, 7469571, 25121
144446, 7444460, 7469585, 25125
144447, 7444470, 7469598, 25128
144448, 7444480, 7469611, 25131
144449, 7444490, 7469625, 25135
144451, 7444510, 7469652, 25142
144452, 7444520, 7469665, 25145
144453, 7444530, 7469679, 25149
144455, 7444550, 7469692, 25142
144456, 7444560, 7469706, 25146
144457, 7444570, 7469719, 25149
144458, 7444580, 7469732, 25152
144459, 7444590, 7469746, 25156
144460, 7444600, 7469759, 25159
144461, 7444610, 7469773, 25163
144462, 7444620, 7469786, 25166
144463, 7444630, 7469800, 25170
144465, 7444650, 7469813, 25163
144466, 7444660, 7469826, 25166
144467, 7444670, 7469840, 25170
144468, 7444680, 7469853, 25173
144469, 7444690, 7469867, 25177
144470, 7444700, 7469880, 25180
144471, 7444710, 7469894, 25184
144472, 7444720, 7469907, 25187
144473, 7444730, 7469921, 25191
144474, 7444740, 7469934, 25194
144476, 7444760, 7469947, 25187
144477, 7444770, 7469961, 25191
144478, 7444780, 7469974, 25194
144479, 7444790, 7469988, 25198
144480, 7444800, 7470001, 25201
144481, 7444810, 7470015, 25205
144482, 7444820, 7470028, 25208
144483, 7444830, 7470042, 25212
144484, 7444840, 7470055, 25215
144485, 7444850, 7470068, 25218
144487, 7444870, 7470082, 25212
144488, 7444880, 7470095, 25215
144489, 7444890, 7470109, 25219
144490, 7444900, 7470122, 25222
144491, 7444910, 7470136, 25226
144492, 7444920, 7470149, 25229
144493, 7444930, 7470162, 25232
144494, 7444940, 7470176, 25236
144495, 7444950, 7470189, 25239
144497, 7444970, 7470203, 25233
144498, 7444980, 7470216, 25236
144499, 7444990, 7470230, 25240
144501, 7445010, 7470257, 25247
144502, 7445020, 7470270, 25250
144503, 7445030, 7470283, 25253
144504, 7445040, 7470297, 25257
144505, 7445050, 7470310, 25260
144506, 7445060, 7470324, 25264
144508, 7445080, 7470337, 25257
144509, 7445090, 7470351, 25261
144510, 7445100, 7470364, 25264
144511, 7445110, 7470378, 25268
144512, 7445120, 7470391, 25271
144513, 7445130, 7470404, 25274
144514, 7445140, 7470418, 25278
144515, 7445150, 7470431, 25281
144516, 7445160, 7474012, 28852
144517, 7445170, 7474026, 28856
144519, 7445190, 7474039, 28849
144520, 7445200, 7474052, 28852
144521, 7445210, 7474066, 28856
144522, 7445220, 7474079, 28859
144523, 7445230, 7474093, 28863
144524, 7445240, 7474106, 28866
144525, 7445250, 7474120, 28870
144526, 7445260, 7474133, 28873
144527, 7445270, 7474146, 28876
144529, 7445290, 7474160, 28870
144530, 7445300, 7474173, 28873
144531, 7445310, 7474187, 28877
144532, 7445320, 7474200, 28880
144533, 7445330, 7474214, 28884
144534, 7445340, 7474227, 28887
144535, 7445350, 7474241, 28891
144536, 7445360, 7474254, 28894
144537, 7445370, 7474267, 28897
144538, 7445380, 7474281, 28901
144540, 7445400, 7474294, 28894
144541, 7445410, 7474308, 28898
144542, 7445420, 7474321, 28901
144543, 7445430, 7474335, 28905
144544, 7445440, 7474348, 28908
144545, 7445450, 7474362, 28912
144546, 7445460, 7474375, 28915
144547, 7445470, 7474388, 28918
144548, 7445480, 7474402, 28922
144551, 7445510, 7474429, 28919
144552, 7445520, 7474442, 28922
144553, 7445530, 7474456, 28926
144554, 7445540, 7474469, 28929
144555, 7445550, 7474482, 28932
144556, 7445560, 7474496, 28936
144557, 7445570, 7474509, 28939
144558, 7445580, 7474523, 28943
144559, 7445590, 7474536, 28946
144561, 7445610, 7474550, 28940
144562, 7445620, 7474563, 28943
144563, 7445630, 7474577, 28947
144564, 7445640, 7474590, 28950
144565, 7445650, 7474603, 28953
144566, 7445660, 7474617, 28957
144567, 7445670, 7474630, 28960
144568, 7445680, 7474644, 28964
144569, 7445690, 7474657, 28967
144570, 7445700, 7474671, 28971
144572, 7445720, 7474684, 28964
144573, 7445730, 7474698, 28968
144574, 7445740, 7474711, 28971
144575, 7445750, 7474724, 28974
144576, 7445760, 7474738, 28978
144577, 7445770, 7474751, 28981
144578, 7445780, 7474765, 28985
144579, 7445790, 7474778, 28988
144580, 7445800, 7474792, 28992
144582, 7445820, 7474805, 28985
144583, 7445830, 7474818, 28988
144584, 7445840, 7474832, 28992
144585, 7445850, 7474845, 28995
144586, 7445860, 7474859, 28999
144587, 7445870, 7474872, 29002
144588, 7445880, 7474886, 29006
144589, 7445890, 7474899, 29009
144590, 7445900, 7474913, 29013
144591, 7445910, 7474926, 29016
144593, 7445930, 7474939, 29009
144594, 7445940, 7474953, 29013
144595, 7445950, 7474966, 29016
144596, 7445960, 7474980, 29020
144597, 7445970, 7474993, 29023
144598, 7445980, 7475007, 29027
144599, 7445990, 7475020, 29030
145002, 7450020, 7475047, 25027
145003, 7450030, 7475060, 25030
145004, 7450040, 7475074, 25034
145005, 7450050, 7475087, 25037
145006, 7450060, 7475101, 25041
145007, 7450070, 7475114, 25044
145008, 7450080, 7475127, 25047
145009, 7450090, 7475141, 25051
145010, 7450100, 7475154, 25054
145012, 7450120, 7475168, 25048
145013, 7450130, 7475181, 25051
145014, 7450140, 7475195, 25055
145015, 7450150, 7475208, 25058
145016, 7450160, 7475222, 25062
145017, 7450170, 7475235, 25065
145018, 7450180, 7475248, 25068
145019, 7450190, 7475262, 25072
145020, 7450200, 7475275, 25075
145021, 7450210, 7475289, 25079
145023, 7450230, 7475302, 25072
145024, 7450240, 7475316, 25076
145025, 7450250, 7475329, 25079
145026, 7450260, 7475342, 25082
145027, 7450270, 7475356, 25086
145028, 7450280, 7475369, 25089
145029, 7450290, 7475383, 25093
145030, 7450300, 7475396, 25096
145031, 7450310, 7475410, 25100
145033, 7450330, 7475423, 25093
145034, 7450340, 7475437, 25097
145035, 7450350, 7475450, 25100
145036, 7450360, 7475463, 25103
145037, 7450370, 7475477, 25107
145038, 7450380, 7475490, 25110
145039, 7450390, 7475504, 25114
145040, 7450400, 7475517, 25117
145041, 7450410, 7475531, 25121
145042, 7450420, 7475544, 25124
145044, 7450440, 7475558, 25118
145045, 7450450, 7475571, 25121
145046, 7450460, 7475584, 25124
145047, 7450470, 7475598, 25128
145048, 7450480, 7475611, 25131
145049, 7450490, 7475625, 25135
145051, 7450510, 7475652, 25142
145052, 7450520, 7475665, 25145
145053, 7450530, 7475678, 25148
145055, 7450550, 7475692, 25142
145056, 7450560, 7475705, 25145
145057, 7450570, 7475719, 25149
145058, 7450580, 7475732, 25152
145059, 7450590, 7475746, 25156
145060, 7450600, 7475759, 25159
145061, 7450610, 7475773, 25163
145062, 7450620, 7475786, 25166
145063, 7450630, 7475799, 25169
145065, 7450650, 7475813, 25163
145066, 7450660, 7475826, 25166
145067, 7450670, 7475840, 25170
145068, 7450680, 7475853, 25173
145069, 7450690, 7475867, 25177
145070, 7450700, 7475880, 25180
145071, 7450710, 7475894, 25184
145072, 7450720, 7475907, 25187
145073, 7450730, 7475920, 25190
145074, 7450740, 7475934, 25194
145076, 7450760, 7475947, 25187
145077, 7450770, 7475961, 25191
145078, 7450780, 7475974, 25194
145079, 7450790, 7475988, 25198
145080, 7450800, 7476001, 25201
145081, 7450810, 7476014, 25204
145082, 7450820, 7476028, 25208
145083, 7450830, 7476041, 25211
145084, 7450840, 7476055, 25215
145085, 7450850, 7476068, 25218
145087, 7450870, 7476082, 25212
145088, 7450880, 7476095, 25215
145089, 7450890, 7476109, 25219
145090, 7450900, 7476122, 25222
145091, 7450910, 7476135, 25225
145092, 7450920, 7476149, 25229
145093, 7450930, 7476162, 25232
145094, 7450940, 7476176, 25236
145095, 7450950, 7476189, 25239
145097, 7450970, 7476203, 25233
145098, 7450980, 7476216, 25236
145099, 7450990, 7476230, 25240
145101, 7451010, 7476256, 25246
145102, 7451020, 7476270, 25250
145103, 7451030, 7476283, 25253
145104, 7451040, 7476297, 25257
145105, 7451050, 7476310, 25260
145106, 7451060, 7476324, 25264
145108, 7451080, 7476337, 25257
145109, 7451090, 7476350, 25260
145110, 7451100, 7476364, 25264
145111, 7451110, 7476377, 25267
145112, 7451120, 7476391, 25271
145113, 7451130, 7476404, 25274
145114, 7451140, 7476418, 25278
145115, 7451150, 7476431, 25281
145116, 7451160, 7480012, 28852
145118, 7451180, 7480026, 28846
145119, 7451190, 7480039, 28849
145120, 7451200, 7480052, 28852
145121, 7451210, 7480066, 28856
145122, 7451220, 7480079, 28859
145123, 7451230, 7480093, 28863
145124, 7451240, 7480106, 28866
145125, 7451250, 7480120, 28870
145126, 7451260, 7480133, 28873
145127, 7451270, 7480146, 28876
145129, 7451290, 7480160, 28870
145130, 7451300, 7480173, 28873
145131, 7451310, 7480187, 28877
145132, 7451320, 7480200, 28880
145133, 7451330, 7480214, 28884
145134, 7451340, 7480227, 28887
145135, 7451350, 7480241, 28891
145136, 7451360, 7480254, 28894
145137, 7451370, 7480267, 28897
145138, 7451380, 7480281, 28901
145140, 7451400, 7480294, 28894
145141, 7451410, 7480308, 28898
145142, 7451420, 7480321, 28901
145143, 7451430, 7480335, 28905
145144, 7451440, 7480348, 28908
145145, 7451450, 7480362, 28912
145146, 7451460, 7480375, 28915
145147, 7451470, 7480388, 28918
145148, 7451480, 7480402, 28922
145151, 7451510, 7480429, 28919
145152, 7451520, 7480442, 28922
145153, 7451530, 7480456, 28926
145154, 7451540, 7480469, 28929
145155, 7451550, 7480482, 28932
145156, 7451560, 7480496, 28936
145157, 7451570, 7480509, 28939
145158, 7451580, 7480523, 28943
145159, 7451590, 7480536, 28946
145161, 7451610, 7480550, 28940
145162, 7451620, 7480563, 28943
145163, 7451630, 7480577, 28947
145164, 7451640, 7480590, 28950
145165, 7451650, 7480603, 28953
145166, 7451660, 7480617, 28957
145167, 7451670, 7480630, 28960
145168, 7451680, 7480644, 28964
145169, 7451690, 7480657, 28967
145171, 7451710, 7480671, 28961
145172, 7451720, 7480684, 28964
145173, 7451730, 7480698, 28968
145174, 7451740, 7480711, 28971
145175, 7451750, 7480724, 28974
145176, 7451760, 7480738, 28978
145177, 7451770, 7480751, 28981
145178, 7451780, 7480765, 28985
145179, 7451790, 7480778, 28988
145180, 7451800, 7480792, 28992
145182, 7451820, 7480805, 28985
145183, 7451830, 7480818, 28988
145184, 7451840, 7480832, 28992
145185, 7451850, 7480845, 28995
145186, 7451860, 7480859, 28999
145187, 7451870, 7480872, 29002
145188, 7451880, 7480886, 29006
145189, 7451890, 7480899, 29009
145190, 7451900, 7480913, 29013
145191, 7451910, 7480926, 29016
145193, 7451930, 7480939, 29009
145194, 7451940, 7480953, 29013
145195, 7451950, 7480966, 29016
145196, 7451960, 7480980, 29020
145197, 7451970, 7480993, 29023
145198, 7451980, 7481007, 29027
145199, 7451990, 7481020, 29030
145602, 7456020, 7481047, 25027
145603, 7456030, 7481060, 25030
145604, 7456040, 7481074, 25034
145605, 7456050, 7481087, 25037
145606, 7456060, 7481101, 25041
145607, 7456070, 7481114, 25044
145608, 7456080, 7481128, 25048
145609, 7456090, 7481141, 25051
145610, 7456100, 7481154, 25054
145612, 7456120, 7481168, 25048
145613, 7456130, 7481181, 25051
145614, 7456140, 7481195, 25055
145615, 7456150, 7481208, 25058
145616, 7456160, 7481222, 25062
145617, 7456170, 7481235, 25065
145618, 7456180, 7481249, 25069
145619, 7456190, 7481262, 25072
145620, 7456200, 7481275, 25075
145621, 7456210, 7481289, 25079
145623, 7456230, 7481302, 25072
145624, 7456240, 7481316, 25076
145625, 7456250, 7481329, 25079
145626, 7456260, 7481343, 25083
145627, 7456270, 7481356, 25086
145628, 7456280, 7481370, 25090
145629, 7456290, 7481383, 25093
145630, 7456300, 7481396, 25096
145631, 7456310, 7481410, 25100
145633, 7456330, 7481423, 25093
145634, 7456340, 7481437, 25097
145635, 7456350, 7481450, 25100
145636, 7456360, 7481464, 25104
145637, 7456370, 7481477, 25107
145638, 7456380, 7481490, 25110
145639, 7456390, 7481504, 25114
145640, 7456400, 7481517, 25117
145641, 7456410, 7481531, 25121
145642, 7456420, 7481544, 25124
145644, 7456440, 7481558, 25118
145645, 7456450, 7481571, 25121
145646, 7456460, 7481585, 25125
145647, 7456470, 7481598, 25128
145648, 7456480, 7481611, 25131
145649, 7456490, 7481625, 25135
145651, 7456510, 7481652, 25142
145652, 7456520, 7481665, 25145
145653, 7456530, 7481679, 25149
145655, 7456550, 7481692, 25142
145656, 7456560, 7481706, 25146
145657, 7456570, 7481719, 25149
145658, 7456580, 7481732, 25152
145659, 7456590, 7481746, 25156
145660, 7456600, 7481759, 25159
145661, 7456610, 7481773, 25163
145662, 7456620, 7481786, 25166
145663, 7456630, 7481800, 25170
145665, 7456650, 7481813, 25163
145666, 7456660, 7481826, 25166
145667, 7456670, 7481840, 25170
145668, 7456680, 7481853, 25173
145669, 7456690, 7481867, 25177
145670, 7456700, 7481880, 25180
145671, 7456710, 7481894, 25184
145672, 7456720, 7481907, 25187
145673, 7456730, 7481921, 25191
145674, 7456740, 7481934, 25194
145676, 7456760, 7481947, 25187
145677, 7456770, 7481961, 25191
145678, 7456780, 7481974, 25194
145679, 7456790, 7481988, 25198
145680, 7456800, 7482001, 25201
145681, 7456810, 7482015, 25205
145682, 7456820, 7482028, 25208
145683, 7456830, 7482042, 25212
145684, 7456840, 7482055, 25215
145685, 7456850, 7482068, 25218
145687, 7456870, 7482082, 25212
145688, 7456880, 7482095, 25215
145689, 7456890, 7482109, 25219
145690, 7456900, 7482122, 25222
145691, 7456910, 7482136, 25226
145692, 7456920, 7482149, 25229
145693, 7456930, 7482162, 25232
145694, 7456940, 7482176, 25236
145695, 7456950, 7482189, 25239
145697, 7456970, 7482203, 25233
145698, 7456980, 7482216, 25236
145699, 7456990, 7482230, 25240
145701, 7457010, 7482257, 25247
145702, 7457020, 7482270, 25250
145703, 7457030, 7482283, 25253
145704, 7457040, 7482297, 25257
145705, 7457050, 7482310, 25260
145706, 7457060, 7482324, 25264
145708, 7457080, 7482337, 25257
145709, 7457090, 7482351, 25261
145710, 7457100, 7482364, 25264
145711, 7457110, 7482378, 25268
145712, 7457120, 7482391, 25271
145713, 7457130, 7482404, 25274
145714, 7457140, 7482418, 25278
145715, 7457150, 7482431, 25281
145716, 7457160, 7486012, 28852
145718, 7457180, 7486026, 28846
145719, 7457190, 7486039, 28849
145720, 7457200, 7486052, 28852
145721, 7457210, 7486066, 28856
145722, 7457220, 7486079, 28859
145723, 7457230, 7486093, 28863
145724, 7457240, 7486106, 28866
145725, 7457250, 7486120, 28870
145726, 7457260, 7486133, 28873
145727, 7457270, 7486146, 28876
145729, 7457290, 7486160, 28870
145730, 7457300, 7486173, 28873
145731, 7457310, 7486187, 28877
145732, 7457320, 7486200, 28880
145733, 7457330, 7486214, 28884
145734, 7457340, 7486227, 28887
145735, 7457350, 7486241, 28891
145736, 7457360, 7486254, 28894
145737, 7457370, 7486267, 28897
145738, 7457380, 7486281, 28901
145740, 7457400, 7486294, 28894
145741, 7457410, 7486308, 28898
145742, 7457420, 7486321, 28901
145743, 7457430, 7486335, 28905
145744, 7457440, 7486348, 28908
145745, 7457450, 7486362, 28912
145746, 7457460, 7486375, 28915
145747, 7457470, 7486388, 28918
145748, 7457480, 7486402, 28922
145751, 7457510, 7486429, 28919
145752, 7457520, 7486442, 28922
145753, 7457530, 7486456, 28926
145754, 7457540, 7486469, 28929
145755, 7457550, 7486482, 28932
145756, 7457560, 7486496, 28936
145757, 7457570, 7486509, 28939
145758, 7457580, 7486523, 28943
145759, 7457590, 7486536, 28946
145761, 7457610, 7486550, 28940
145762, 7457620, 7486563, 28943
145763, 7457630, 7486577, 28947
145764, 7457640, 7486590, 28950
145765, 7457650, 7486603, 28953
145766, 7457660, 7486617, 28957
145767, 7457670, 7486630, 28960
145768, 7457680, 7486644, 28964
145769, 7457690, 7486657, 28967
145771, 7457710, 7486671, 28961
145772, 7457720, 7486684, 28964
145773, 7457730, 7486698, 28968
145774, 7457740, 7486711, 28971
145775, 7457750, 7486724, 28974
145776, 7457760, 7486738, 28978
145777, 7457770, 7486751, 28981
145778, 7457780, 7486765, 28985
145779, 7457790, 7486778, 28988
145780, 7457800, 7486792, 28992
145782, 7457820, 7486805, 28985
145783, 7457830, 7486818, 28988
145784, 7457840, 7486832, 28992
145785, 7457850, 7486845, 28995
145786, 7457860, 7486859, 28999
145787, 7457870, 7486872, 29002
145788, 7457880, 7486886, 29006
145789, 7457890, 7486899, 29009
145790, 7457900, 7486913, 29013
145791, 7457910, 7486926, 29016
145793, 7457930, 7486939, 29009
145794, 7457940, 7486953, 29013
145795, 7457950, 7486966, 29016
145796, 7457960, 7486980, 29020
145797, 7457970, 7486993, 29023
145798, 7457980, 7487007, 29027
145799, 7457990, 7487020, 29030
146202, 7462020, 7487047, 25027
146203, 7462030, 7487060, 25030
146204, 7462040, 7487074, 25034
146205, 7462050, 7487087, 25037
146206, 7462060, 7487101, 25041
146207, 7462070, 7487114, 25044
146208, 7462080, 7487128, 25048
146209, 7462090, 7487141, 25051
146210, 7462100, 7487154, 25054
146212, 7462120, 7487168, 25048
146213, 7462130, 7487181, 25051
146214, 7462140, 7487195, 25055
146215, 7462150, 7487208, 25058
146216, 7462160, 7487222, 25062
146217, 7462170, 7487235, 25065
146218, 7462180, 7487249, 25069
146219, 7462190, 7487262, 25072
146220, 7462200, 7487275, 25075
146221, 7462210, 7487289, 25079
146223, 7462230, 7487302, 25072
146224, 7462240, 7487316, 25076
146225, 7462250, 7487329, 25079
146226, 7462260, 7487343, 25083
146227, 7462270, 7487356, 25086
146228, 7462280, 7487370, 25090
146229, 7462290, 7487383, 25093
146230, 7462300, 7487396, 25096
146231, 7462310, 7487410, 25100
146233, 7462330, 7487423, 25093
146234, 7462340, 7487437, 25097
146235, 7462350, 7487450, 25100
146236, 7462360, 7487464, 25104
146237, 7462370, 7487477, 25107
146238, 7462380, 7487490, 25110
146239, 7462390, 7487504, 25114
146240, 7462400, 7487517, 25117
146241, 7462410, 7487531, 25121
146242, 7462420, 7487544, 25124
146244, 7462440, 7487558, 25118
146245, 7462450, 7487571, 25121
146246, 7462460, 7487585, 25125
146247, 7462470, 7487598, 25128
146248, 7462480, 7487611, 25131
146249, 7462490, 7487625, 25135
146251, 7462510, 7487652, 25142
146252, 7462520, 7487665, 25145
146253, 7462530, 7487679, 25149
146255, 7462550, 7487692, 25142
146256, 7462560, 7487706, 25146
146257, 7462570, 7487719, 25149
146258, 7462580, 7487732, 25152
146259, 7462590, 7487746, 25156
146260, 7462600, 7487759, 25159
146261, 7462610, 7487773, 25163
146262, 7462620, 7487786, 25166
146263, 7462630, 7487800, 25170
146265, 7462650, 7487813, 25163
146266, 7462660, 7487826, 25166
146267, 7462670, 7487840, 25170
146268, 7462680, 7487853, 25173
146269, 7462690, 7487867, 25177
146270, 7462700, 7487880, 25180
146271, 7462710, 7487894, 25184
146272, 7462720, 7487907, 25187
146273, 7462730, 7487921, 25191
146274, 7462740, 7487934, 25194
146276, 7462760, 7487947, 25187
146277, 7462770, 7487961, 25191
146278, 7462780, 7487974, 25194
146279, 7462790, 7487988, 25198
146280, 7462800, 7488001, 25201
146281, 7462810, 7488015, 25205
146282, 7462820, 7488028, 25208
146283, 7462830, 7488042, 25212
146284, 7462840, 7488055, 25215
146285, 7462850, 7488068, 25218
146287, 7462870, 7488082, 25212
146288, 7462880, 7488095, 25215
146289, 7462890, 7488109, 25219
146290, 7462900, 7488122, 25222
146291, 7462910, 7488136, 25226
146292, 7462920, 7488149, 25229
146293, 7462930, 7488162, 25232
146294, 7462940, 7488176, 25236
146295, 7462950, 7488189, 25239
146297, 7462970, 7488203, 25233
146298, 7462980, 7488216, 25236
146299, 7462990, 7488230, 25240
146301, 7463010, 7488257, 25247
146302, 7463020, 7488270, 25250
146303, 7463030, 7488283, 25253
146304, 7463040, 7488297, 25257
146305, 7463050, 7488310, 25260
146306, 7463060, 7488324, 25264
146308, 7463080, 7488337, 25257
146309, 7463090, 7488351, 25261
146310, 7463100, 7488364, 25264
146311, 7463110, 7488378, 25268
146312, 7463120, 7488391, 25271
146313, 7463130, 7488404, 25274
146314, 7463140, 7488418, 25278
146315, 7463150, 7488431, 25281
146316, 7463160, 7492012, 28852
146318, 7463180, 7492026, 28846
146319, 7463190, 7492039, 28849
146320, 7463200, 7492052, 28852
146321, 7463210, 7492066, 28856
146322, 7463220, 7492079, 28859
146323, 7463230, 7492093, 28863
146324, 7463240, 7492106, 28866
146325, 7463250, 7492120, 28870
146326, 7463260, 7492133, 28873
146327, 7463270, 7492146, 28876
146329, 7463290, 7492160, 28870
146330, 7463300, 7492173, 28873
146331, 7463310, 7492187, 28877
146332, 7463320, 7492200, 28880
146333, 7463330, 7492214, 28884
146334, 7463340, 7492227, 28887
146335, 7463350, 7492241, 28891
146336, 7463360, 7492254, 28894
146337, 7463370, 7492267, 28897
146338, 7463380, 7492281, 28901
146340, 7463400, 7492294, 28894
146341, 7463410, 7492308, 28898
146342, 7463420, 7492321, 28901
146343, 7463430, 7492335, 28905
146344, 7463440, 7492348, 28908
146345, 7463450, 7492362, 28912
146346, 7463460, 7492375, 28915
146347, 7463470, 7492388, 28918
146348, 7463480, 7492402, 28922
146351, 7463510, 7492429, 28919
146352, 7463520, 7492442, 28922
146353, 7463530, 7492456, 28926
146354, 7463540, 7492469, 28929
146355, 7463550, 7492482, 28932
146356, 7463560, 7492496, 28936
146357, 7463570, 7492509, 28939
146358, 7463580, 7492523, 28943
146359, 7463590, 7492536, 28946
146361, 7463610, 7492550, 28940
146362, 7463620, 7492563, 28943
146363, 7463630, 7492577, 28947
146364, 7463640, 7492590, 28950
146365, 7463650, 7492603, 28953
146366, 7463660, 7492617, 28957
146367, 7463670, 7492630, 28960
146368, 7463680, 7492644, 28964
146369, 7463690, 7492657, 28967
146371, 7463710, 7492671, 28961
146372, 7463720, 7492684, 28964
146373, 7463730, 7492698, 28968
146374, 7463740, 7492711, 28971
146375, 7463750, 7492724, 28974
146376, 7463760, 7492738, 28978
146377, 7463770, 7492751, 28981
146378, 7463780, 7492765, 28985
146379, 7463790, 7492778, 28988
146380, 7463800, 7492792, 28992
146382, 7463820, 7492805, 28985
146383, 7463830, 7492818, 28988
146384, 7463840, 7492832, 28992
146385, 7463850, 7492845, 28995
146386, 7463860, 7492859, 28999
146387, 7463870, 7492872, 29002
146388, 7463880, 7492886, 29006
146389, 7463890, 7492899, 29009
146390, 7463900, 7492913, 29013
146391, 7463910, 7492926, 29016
146393, 7463930, 7492939, 29009
146394, 7463940, 7492953, 29013
146395, 7463950, 7492966, 29016
146396, 7463960, 7492980, 29020
146397, 7463970, 7492993, 29023
146398, 7463980, 7493007, 29027
146399, 7463990, 7493020, 29030
146802, 7468020, 7493047, 25027
146803, 7468030, 7493060, 25030
146804, 7468040, 7493074, 25034
146805, 7468050, 7493087, 25037
146806, 7468060, 7493101, 25041
146807, 7468070, 7493114, 25044
146808, 7468080, 7493128, 25048
146809, 7468090, 7493141, 25051
146810, 7468100, 7493154, 25054
146812, 7468120, 7493168, 25048
146813, 7468130, 7493181, 25051
146814, 7468140, 7493195, 25055
146815, 7468150, 7493208, 25058
146816, 7468160, 7493222, 25062
146817, 7468170, 7493235, 25065
146818, 7468180, 7493249, 25069
146819, 7468190, 7493262, 25072
146820, 7468200, 7493275, 25075
146821, 7468210, 7493289, 25079
146823, 7468230, 7493302, 25072
146824, 7468240, 7493316, 25076
146825, 7468250, 7493329, 25079
146826, 7468260, 7493343, 25083
146827, 7468270, 7493356, 25086
146828, 7468280, 7493370, 25090
146829, 7468290, 7493383, 25093
146830, 7468300, 7493396, 25096
146831, 7468310, 7493410, 25100
146833, 7468330, 7493423, 25093
146834, 7468340, 7493437, 25097
146835, 7468350, 7493450, 25100
146836, 7468360, 7493464, 25104
146837, 7468370, 7493477, 25107
146838, 7468380, 7493490, 25110
146839, 7468390, 7493504, 25114
146840, 7468400, 7493517, 25117
146841, 7468410, 7493531, 25121
146842, 7468420, 7493544, 25124
146844, 7468440, 7493558, 25118
146845, 7468450, 7493571, 25121
146846, 7468460, 7493585, 25125
146847, 7468470, 7493598, 25128
146848, 7468480, 7493611, 25131
146849, 7468490, 7493625, 25135
146851, 7468510, 7493652, 25142
146852, 7468520, 7493665, 25145
146853, 7468530, 7493679, 25149
146855, 7468550, 7493692, 25142
146856, 7468560, 7493706, 25146
146857, 7468570, 7493719, 25149
146858, 7468580, 7493732, 25152
146859, 7468590, 7493746, 25156
146860, 7468600, 7493759, 25159
146861, 7468610, 7493773, 25163
146862, 7468620, 7493786, 25166
146863, 7468630, 7493800, 25170
146865, 7468650, 7493813, 25163
146866, 7468660, 7493826, 25166
146867, 7468670, 7493840, 25170
146868, 7468680, 7493853, 25173
146869, 7468690, 7493867, 25177
146870, 7468700, 7493880, 25180
146871, 7468710, 7493894, 25184
146872, 7468720, 7493907, 25187
146873, 7468730, 7493921, 25191
146874, 7468740, 7493934, 25194
146876, 7468760, 7493947, 25187
146877, 7468770, 7493961, 25191
146878, 7468780, 7493974, 25194
146879, 7468790, 7493988, 25198
146880, 7468800, 7494001, 25201
146881, 7468810, 7494015, 25205
146882, 7468820, 7494028, 25208
146883, 7468830, 7494042, 25212
146884, 7468840, 7494055, 25215
146885, 7468850, 7494068, 25218
146887, 7468870, 7494082, 25212
146888, 7468880, 7494095, 25215
146889, 7468890, 7494109, 25219
146890, 7468900, 7494122, 25222
146891, 7468910, 7494136, 25226
146892, 7468920, 7494149, 25229
146893, 7468930, 7494162, 25232
146894, 7468940, 7494176, 25236
146895, 7468950, 7494189, 25239
146897, 7468970, 7494203, 25233
146898, 7468980, 7494216, 25236
146899, 7468990, 7494230, 25240
146901, 7469010, 7494257, 25247
146902, 7469020, 7494270, 25250
146903, 7469030, 7494283, 25253
146904, 7469040, 7494297, 25257
146905, 7469050, 7494310, 25260
146906, 7469060, 7494324, 25264
146908, 7469080, 7494337, 25257
146909, 7469090, 7494351, 25261
146910, 7469100, 7494364, 25264
146911, 7469110, 7494378, 25268
146912, 7469120, 7494391, 25271
146913, 7469130, 7494404, 25274
146914, 7469140, 7494418, 25278
146915, 7469150, 7494431, 25281
146916, 7469160, 7498012, 28852
146918, 7469180, 7498026, 28846
146919, 7469190, 7498039, 28849
146920, 7469200, 7498052, 28852
146921, 7469210, 7498066, 28856
146922, 7469220, 7498079, 28859
146923, 7469230, 7498093, 28863
146924, 7469240, 7498106, 28866
146925, 7469250, 7498120, 28870
146926, 7469260, 7498133, 28873
146927, 7469270, 7498146, 28876
146929, 7469290, 7498160, 28870
146930, 7469300, 7498173, 28873
146931, 7469310, 7498187, 28877
146932, 7469320, 7498200, 28880
146933, 7469330, 7498214, 28884
146934, 7469340, 7498227, 28887
146935, 7469350, 7498241, 28891
146936, 7469360, 7498254, 28894
146937, 7469370, 7498267, 28897
146938, 7469380, 7498281, 28901
146940, 7469400, 7498294, 28894
146941, 7469410, 7498308, 28898
146942, 7469420, 7498321, 28901
146943, 7469430, 7498335, 28905
146944, 7469440, 7498348, 28908
146945, 7469450, 7498362, 28912
146946, 7469460, 7498375, 28915
146947, 7469470, 7498388, 28918
146948, 7469480, 7498402, 28922
146951, 7469510, 7498429, 28919
146952, 7469520, 7498442, 28922
146953, 7469530, 7498456, 28926
146954, 7469540, 7498469, 28929
146955, 7469550, 7498482, 28932
146956, 7469560, 7498496, 28936
146957, 7469570, 7498509, 28939
146958, 7469580, 7498523, 28943
146959, 7469590, 7498536, 28946
146961, 7469610, 7498550, 28940
146962, 7469620, 7498563, 28943
146963, 7469630, 7498577, 28947
146964, 7469640, 7498590, 28950
146965, 7469650, 7498603, 28953
146966, 7469660, 7498617, 28957
146967, 7469670, 7498630, 28960
146968, 7469680, 7498644, 28964
146969, 7469690, 7498657, 28967
146971, 7469710, 7498671, 28961
146972, 7469720, 7498684, 28964
146973, 7469730, 7498698, 28968
146974, 7469740, 7498711, 28971
146975, 7469750, 7498724, 28974
146976, 7469760, 7498738, 28978
146977, 7469770, 7498751, 28981
146978, 7469780, 7498765, 28985
146979, 7469790, 7498778, 28988
146980, 7469800, 7498792, 28992
146982, 7469820, 7498805, 28985
146983, 7469830, 7498818, 28988
146984, 7469840, 7498832, 28992
146985, 7469850, 7498845, 28995
146986, 7469860, 7498859, 28999
146987, 7469870, 7498872, 29002
146988, 7469880, 7498886, 29006
146989, 7469890, 7498899, 29009
146990, 7469900, 7498913, 29013
146991, 7469910, 7498926, 29016
146993, 7469930, 7498939, 29009
146994, 7469940, 7498953, 29013
146995, 7469950, 7498966, 29016
146996, 7469960, 7498980, 29020
146997, 7469970, 7498993, 29023
146998, 7469980, 7499007, 29027
146999, 7469990, 7499020, 29030
147402, 7474020, 7499047, 25027
147403, 7474030, 7499060, 25030
147404, 7474040, 7499074, 25034
147405, 7474050, 7499087, 25037
147406, 7474060, 7499101, 25041
147407, 7474070, 7499114, 25044
147408, 7474080, 7499128, 25048
147409, 7474090, 7499141, 25051
147410, 7474100, 7499154, 25054
147412, 7474120, 7499168, 25048
147413, 7474130, 7499181, 25051
147414, 7474140, 7499195, 25055
147415, 7474150, 7499208, 25058
147416, 7474160, 7499222, 25062
147417, 7474170, 7499235, 25065
147418, 7474180, 7499249, 25069
147419, 7474190, 7499262, 25072
147420, 7474200, 7499275, 25075
147421, 7474210, 7499289, 25079
147423, 7474230, 7499302, 25072
147424, 7474240, 7499316, 25076
147425, 7474250, 7499329, 25079
147426, 7474260, 7499343, 25083
147427, 7474270, 7499356, 25086
147428, 7474280, 7499370, 25090
147429, 7474290, 7499383, 25093
147430, 7474300, 7499396, 25096
147431, 7474310, 7499410, 25100
147433, 7474330, 7499423, 25093
147434, 7474340, 7499437, 25097
147435, 7474350, 7499450, 25100
147436, 7474360, 7499464, 25104
147437, 7474370, 7499477, 25107
147438, 7474380, 7499490, 25110
147439, 7474390, 7499504, 25114
147440, 7474400, 7499517, 25117
147441, 7474410, 7499531, 25121
147442, 7474420, 7499544, 25124
147444, 7474440, 7499558, 25118
147445, 7474450, 7499571, 25121
147446, 7474460, 7499585, 25125
147447, 7474470, 7499598, 25128
147448, 7474480, 7499611, 25131
147449, 7474490, 7499625, 25135
147451, 7474510, 7499652, 25142
147452, 7474520, 7499665, 25145
147453, 7474530, 7499679, 25149
147455, 7474550, 7499692, 25142
147456, 7474560, 7499706, 25146
147457, 7474570, 7499719, 25149
147458, 7474580, 7499732, 25152
147459, 7474590, 7499746, 25156
147460, 7474600, 7499759, 25159
147461, 7474610, 7499773, 25163
147462, 7474620, 7499786, 25166
147463, 7474630, 7499800, 25170
147465, 7474650, 7499813, 25163
147466, 7474660, 7499826, 25166
147467, 7474670, 7499840, 25170
147468, 7474680, 7499853, 25173
147469, 7474690, 7499867, 25177
147470, 7474700, 7499880, 25180
147471, 7474710, 7499894, 25184
147472, 7474720, 7499907, 25187
147473, 7474730, 7499921, 25191
147474, 7474740, 7499934, 25194
147476, 7474760, 7499947, 25187
147477, 7474770, 7499961, 25191
147478, 7474780, 7499974, 25194
147479, 7474790, 7499988, 25198
147480, 7474800, 7500001, 25201
147481, 7474810, 7500015, 25205
147482, 7474820, 7500028, 25208
147483, 7474830, 7500042, 25212
147484, 7474840, 7500055, 25215
147485, 7474850, 7500068, 25218
147487, 7474870, 7500082, 25212
147488, 7474880, 7500095, 25215
147489, 7474890, 7500109, 25219
147490, 7474900, 7500122, 25222
147491, 7474910, 7500136, 25226
147492, 7474920, 7500149, 25229
147493, 7474930, 7500162, 25232
147494, 7474940, 7500176, 25236
147495, 7474950, 7500189, 25239
147497, 7474970, 7500203, 25233
147498, 7474980, 7500216, 25236
147499, 7474990, 7500230, 25240
147501, 7475010, 7500257, 25247
147502, 7475020, 7500270, 25250
147503, 7475030, 7500283, 25253
147504, 7475040, 7500297, 25257
147505, 7475050, 7500310, 25260
147506, 7475060, 7500324, 25264
147508, 7475080, 7500337, 25257
147509, 7475090, 7500351, 25261
147510, 7475100, 7500364, 25264
147511, 7475110, 7500378, 25268
147512, 7475120, 7500391, 25271
147513, 7475130, 7500404, 25274
147514, 7475140, 7500418, 25278
147515, 7475150, 7500431, 25281
147516, 7475160, 7504012, 28852
147517, 7475170, 7504026, 28856
147519, 7475190, 7504039, 28849
147520, 7475200, 7504052, 28852
147521, 7475210, 7504066, 28856
147522, 7475220, 7504079, 28859
147523, 7475230, 7504093, 28863
147524, 7475240, 7504106, 28866
147525, 7475250, 7504120, 28870
147526, 7475260, 7504133, 28873
147527, 7475270, 7504146, 28876
147529, 7475290, 7504160, 28870
147530, 7475300, 7504173, 28873
147531, 7475310, 7504187, 28877
147532, 7475320, 7504200, 28880
147533, 7475330, 7504214, 28884
147534, 7475340, 7504227, 28887
147535, 7475350, 7504241, 28891
147536, 7475360, 7504254, 28894
147537, 7475370, 7504267, 28897
147538, 7475380, 7504281, 28901
147540, 7475400, 7504294, 28894
147541, 7475410, 7504308, 28898
147542, 7475420, 7504321, 28901
147543, 7475430, 7504335, 28905
147544, 7475440, 7504348, 28908
147545, 7475450, 7504362, 28912
147546, 7475460, 7504375, 28915
147547, 7475470, 7504388, 28918
147548, 7475480, 7504402, 28922
147551, 7475510, 7504429, 28919
147552, 7475520, 7504442, 28922
147553, 7475530, 7504456, 28926
147554, 7475540, 7504469, 28929
147555, 7475550, 7504482, 28932
147556, 7475560, 7504496, 28936
147557, 7475570, 7504509, 28939
147558, 7475580, 7504523, 28943
147559, 7475590, 7504536, 28946
147561, 7475610, 7504550, 28940
147562, 7475620, 7504563, 28943
147563, 7475630, 7504577, 28947
147564, 7475640, 7504590, 28950
147565, 7475650, 7504603, 28953
147566, 7475660, 7504617, 28957
147567, 7475670, 7504630, 28960
147568, 7475680, 7504644, 28964
147569, 7475690, 7504657, 28967
147570, 7475700, 7504671, 28971
147572, 7475720, 7504684, 28964
147573, 7475730, 7504698, 28968
147574, 7475740, 7504711, 28971
147575, 7475750, 7504724, 28974
147576, 7475760, 7504738, 28978
147577, 7475770, 7504751, 28981
147578, 7475780, 7504765, 28985
147579, 7475790, 7504778, 28988
147580, 7475800, 7504792, 28992
147582, 7475820, 7504805, 28985
147583, 7475830, 7504818, 28988
147584, 7475840, 7504832, 28992
147585, 7475850, 7504845, 28995
147586, 7475860, 7504859, 28999
147587, 7475870, 7504872, 29002
147588, 7475880, 7504886, 29006
147589, 7475890, 7504899, 29009
147590, 7475900, 7504913, 29013
147591, 7475910, 7504926, 29016
147593, 7475930, 7504939, 29009
147594, 7475940, 7504953, 29013
147595, 7475950, 7504966, 29016
147596, 7475960, 7504980, 29020
147597, 7475970, 7504993, 29023
147598, 7475980, 7505007, 29027
147599, 7475990, 7505020, 29030
148002, 7480020, 7505047, 25027
148003, 7480030, 7505060, 25030
148004, 7480040, 7505074, 25034
148005, 7480050, 7505087, 25037
148006, 7480060, 7505101, 25041
148007, 7480070, 7505114, 25044
148008, 7480080, 7505127, 25047
148009, 7480090, 7505141, 25051
148010, 7480100, 7505154, 25054
148012, 7480120, 7505168, 25048
148013, 7480130, 7505181, 25051
148014, 7480140, 7505195, 25055
148015, 7480150, 7505208, 25058
148016, 7480160, 7505222, 25062
148017, 7480170, 7505235, 25065
148018, 7480180, 7505248, 25068
148019, 7480190, 7505262, 25072
148020, 7480200, 7505275, 25075
148021, 7480210, 7505289, 25079
148023, 7480230, 7505302, 25072
148024, 7480240, 7505316, 25076
148025, 7480250, 7505329, 25079
148026, 7480260, 7505342, 25082
148027, 7480270, 7505356, 25086
148028, 7480280, 7505369, 25089
148029, 7480290, 7505383, 25093
148030, 7480300, 7505396, 25096
148031, 7480310, 7505410, 25100
148033, 7480330, 7505423, 25093
148034, 7480340, 7505437, 25097
148035, 7480350, 7505450, 25100
148036, 7480360, 7505463, 25103
148037, 7480370, 7505477, 25107
148038, 7480380, 7505490, 25110
148039, 7480390, 7505504, 25114
148040, 7480400, 7505517, 25117
148041, 7480410, 7505531, 25121
148042, 7480420, 7505544, 25124
148044, 7480440, 7505558, 25118
148045, 7480450, 7505571, 25121
148046, 7480460, 7505584, 25124
148047, 7480470, 7505598, 25128
148048, 7480480, 7505611, 25131
148049, 7480490, 7505625, 25135
148051, 7480510, 7505652, 25142
148052, 7480520, 7505665, 25145
148053, 7480530, 7505678, 25148
148055, 7480550, 7505692, 25142
148056, 7480560, 7505705, 25145
148057, 7480570, 7505719, 25149
148058, 7480580, 7505732, 25152
148059, 7480590, 7505746, 25156
148060, 7480600, 7505759, 25159
148061, 7480610, 7505773, 25163
148062, 7480620, 7505786, 25166
148063, 7480630, 7505799, 25169
148065, 7480650, 7505813, 25163
148066, 7480660, 7505826, 25166
148067, 7480670, 7505840, 25170
148068, 7480680, 7505853, 25173
148069, 7480690, 7505867, 25177
148070, 7480700, 7505880, 25180
148071, 7480710, 7505894, 25184
148072, 7480720, 7505907, 25187
148073, 7480730, 7505920, 25190
148074, 7480740, 7505934, 25194
148076, 7480760, 7505947, 25187
148077, 7480770, 7505961, 25191
148078, 7480780, 7505974, 25194
148079, 7480790, 7505988, 25198
148080, 7480800, 7506001, 25201
148081, 7480810, 7506014, 25204
148082, 7480820, 7506028, 25208
148083, 7480830, 7506041, 25211
148084, 7480840, 7506055, 25215
148085, 7480850, 7506068, 25218
148087, 7480870, 7506082, 25212
148088, 7480880, 7506095, 25215
148089, 7480890, 7506109, 25219
148090, 7480900, 7506122, 25222
148091, 7480910, 7506135, 25225
148092, 7480920, 7506149, 25229
148093, 7480930, 7506162, 25232
148094, 7480940, 7506176, 25236
148095, 7480950, 7506189, 25239
148097, 7480970, 7506203, 25233
148098, 7480980, 7506216, 25236
148099, 7480990, 7506230, 25240
148101, 7481010, 7506256, 25246
148102, 7481020, 7506270, 25250
148103, 7481030, 7506283, 25253
148104, 7481040, 7506297, 25257
148105, 7481050, 7506310, 25260
148106, 7481060, 7506324, 25264
148108, 7481080, 7506337, 25257
148109, 7481090, 7506350, 25260
148110, 7481100, 7506364, 25264
148111, 7481110, 7506377, 25267
148112, 7481120, 7506391, 25271
148113, 7481130, 7506404, 25274
148114, 7481140, 7506418, 25278
148115, 7481150, 7506431, 25281
148116, 7481160, 7510012, 28852
148118, 7481180, 7510026, 28846
148119, 7481190, 7510039, 28849
148120, 7481200, 7510052, 28852
148121, 7481210, 7510066, 28856
148122, 7481220, 7510079, 28859
148123, 7481230, 7510093, 28863
148124, 7481240, 7510106, 28866
148125, 7481250, 7510120, 28870
148126, 7481260, 7510133, 28873
148127, 7481270, 7510146, 28876
148129, 7481290, 7510160, 28870
148130, 7481300, 7510173, 28873
148131, 7481310, 7510187, 28877
148132, 7481320, 7510200, 28880
148133, 7481330, 7510214, 28884
148134, 7481340, 7510227, 28887
148135, 7481350, 7510241, 28891
148136, 7481360, 7510254, 28894
148137, 7481370, 7510267, 28897
148138, 7481380, 7510281, 28901
148140, 7481400, 7510294, 28894
148141, 7481410, 7510308, 28898
148142, 7481420, 7510321, 28901
148143, 7481430, 7510335, 28905
148144, 7481440, 7510348, 28908
148145, 7481450, 7510362, 28912
148146, 7481460, 7510375, 28915
148147, 7481470, 7510388, 28918
148148, 7481480, 7510402, 28922
148151, 7481510, 7510429, 28919
148152, 7481520, 7510442, 28922
148153, 7481530, 7510456, 28926
148154, 7481540, 7510469, 28929
148155, 7481550, 7510482, 28932
148156, 7481560, 7510496, 28936
148157, 7481570, 7510509, 28939
148158, 7481580, 7510523, 28943
148159, 7481590, 7510536, 28946
148161, 7481610, 7510550, 28940
148162, 7481620, 7510563, 28943
148163, 7481630, 7510577, 28947
148164, 7481640, 7510590, 28950
148165, 7481650, 7510603, 28953
148166, 7481660, 7510617, 28957
148167, 7481670, 7510630, 28960
148168, 7481680, 7510644, 28964
148169, 7481690, 7510657, 28967
148171, 7481710, 7510671, 28961
148172, 7481720, 7510684, 28964
148173, 7481730, 7510698, 28968
148174, 7481740, 7510711, 28971
148175, 7481750, 7510724, 28974
148176, 7481760, 7510738, 28978
148177, 7481770, 7510751, 28981
148178, 7481780, 7510765, 28985
148179, 7481790, 7510778, 28988
148180, 7481800, 7510792, 28992
148182, 7481820, 7510805, 28985
148183, 7481830, 7510818, 28988
148184, 7481840, 7510832, 28992
148185, 7481850, 7510845, 28995
148186, 7481860, 7510859, 28999
148187, 7481870, 7510872, 29002
148188, 7481880, 7510886, 29006
148189, 7481890, 7510899, 29009
148190, 7481900, 7510913, 29013
148191, 7481910, 7510926, 29016
148193, 7481930, 7510939, 29009
148194, 7481940, 7510953, 29013
148195, 7481950, 7510966, 29016
148196, 7481960, 7510980, 29020
148197, 7481970, 7510993, 29023
148198, 7481980, 7511007, 29027
148199, 7481990, 7511020, 29030
148602, 7486020, 7511047, 25027
148603, 7486030, 7511060, 25030
148604, 7486040, 7511074, 25034
148605, 7486050, 7511087, 25037
148606, 7486060, 7511101, 25041
148607, 7486070, 7511114, 25044
148608, 7486080, 7511128, 25048
148609, 7486090, 7511141, 25051
148610, 7486100, 7511154, 25054
148612, 7486120, 7511168, 25048
148613, 7486130, 7511181, 25051
148614, 7486140, 7511195, 25055
148615, 7486150, 7511208, 25058
148616, 7486160, 7511222, 25062
148617, 7486170, 7511235, 25065
148618, 7486180, 7511249, 25069
148619, 7486190, 7511262, 25072
148620, 7486200, 7511275, 25075
148621, 7486210, 7511289, 25079
148623, 7486230, 7511302, 25072
148624, 7486240, 7511316, 25076
148625, 7486250, 7511329, 25079
148626, 7486260, 7511343, 25083
148627, 7486270, 7511356, 25086
148628, 7486280, 7511370, 25090
148629, 7486290, 7511383, 25093
148630, 7486300, 7511396, 25096
148631, 7486310, 7511410, 25100
148633, 7486330, 7511423, 25093
148634, 7486340, 7511437, 25097
148635, 7486350, 7511450, 25100
148636, 7486360, 7511464, 25104
148637, 7486370, 7511477, 25107
148638, 7486380, 7511490, 25110
148639, 7486390, 7511504, 25114
148640, 7486400, 7511517, 25117
148641, 7486410, 7511531, 25121
148642, 7486420, 7511544, 25124
148644, 7486440, 7511558, 25118
148645, 7486450, 7511571, 25121
148646, 7486460, 7511585, 25125
148647, 7486470, 7511598, 25128
148648, 7486480, 7511611, 25131
148649, 7486490, 7511625, 25135
148651, 7486510, 7511652, 25142
148652, 7486520, 7511665, 25145
148653, 7486530, 7511679, 25149
148655, 7486550, 7511692, 25142
148656, 7486560, 7511706, 25146
148657, 7486570, 7511719, 25149
148658, 7486580, 7511732, 25152
148659, 7486590, 7511746, 25156
148660, 7486600, 7511759, 25159
148661, 7486610, 7511773, 25163
148662, 7486620, 7511786, 25166
148663, 7486630, 7511800, 25170
148665, 7486650, 7511813, 25163
148666, 7486660, 7511826, 25166
148667, 7486670, 7511840, 25170
148668, 7486680, 7511853, 25173
148669, 7486690, 7511867, 25177
148670, 7486700, 7511880, 25180
148671, 7486710, 7511894, 25184
148672, 7486720, 7511907, 25187
148673, 7486730, 7511921, 25191
148674, 7486740, 7511934, 25194
148676, 7486760, 7511947, 25187
148677, 7486770, 7511961, 25191
148678, 7486780, 7511974, 25194
148679, 7486790, 7511988, 25198
148680, 7486800, 7512001, 25201
148681, 7486810, 7512015, 25205
148682, 7486820, 7512028, 25208
148683, 7486830, 7512042, 25212
148684, 7486840, 7512055, 25215
148685, 7486850, 7512068, 25218
148687, 7486870, 7512082, 25212
148688, 7486880, 7512095, 25215
148689, 7486890, 7512109, 25219
148690, 7486900, 7512122, 25222
148691, 7486910, 7512136, 25226
148692, 7486920, 7512149, 25229
148693, 7486930, 7512162, 25232
148694, 7486940, 7512176, 25236
148695, 7486950, 7512189, 25239
148697, 7486970, 7512203, 25233
148698, 7486980, 7512216, 25236
148699, 7486990, 7512230, 25240
148701, 7487010, 7512257, 25247
148702, 7487020, 7512270, 25250
148703, 7487030, 7512283, 25253
148704, 7487040, 7512297, 25257
148705, 7487050, 7512310, 25260
148706, 7487060, 7512324, 25264
148708, 7487080, 7512337, 25257
148709, 7487090, 7512351, 25261
148710, 7487100, 7512364, 25264
148711, 7487110, 7512378, 25268
148712, 7487120, 7512391, 25271
148713, 7487130, 7512404, 25274
148714, 7487140, 7512418, 25278
148715, 7487150, 7512431, 25281
148716, 7487160, 7516012, 28852
148718, 7487180, 7516026, 28846
148719, 7487190, 7516039, 28849
148720, 7487200, 7516052, 28852
148721, 7487210, 7516066, 28856
148722, 7487220, 7516079, 28859
148723, 7487230, 7516093, 28863
148724, 7487240, 7516106, 28866
148725, 7487250, 7516120, 28870
148726, 7487260, 7516133, 28873
148727, 7487270, 7516146, 28876
148729, 7487290, 7516160, 28870
148730, 7487300, 7516173, 28873
148731, 7487310, 7516187, 28877
148732, 7487320, 7516200, 28880
148733, 7487330, 7516214, 28884
148734, 7487340, 7516227, 28887
148735, 7487350, 7516241, 28891
148736, 7487360, 7516254, 28894
148737, 7487370, 7516267, 28897
148738, 7487380, 7516281, 28901
148740, 7487400, 7516294, 28894
148741, 7487410, 7516308, 28898
148742, 7487420, 7516321, 28901
148743, 7487430, 7516335, 28905
148744, 7487440, 7516348, 28908
148745, 7487450, 7516362, 28912
148746, 7487460, 7516375, 28915
148747, 7487470, 7516388, 28918
148748, 7487480, 7516402, 28922
148751, 7487510, 7516429, 28919
148752, 7487520, 7516442, 28922
148753, 7487530, 7516456, 28926
148754, 7487540, 7516469, 28929
148755, 7487550, 7516482, 28932
148756, 7487560, 7516496, 28936
148757, 7487570, 7516509, 28939
148758, 7487580, 7516523, 28943
148759, 7487590, 7516536, 28946
148761, 7487610, 7516550, 28940
148762, 7487620, 7516563, 28943
148763, 7487630, 7516577, 28947
148764, 7487640, 7516590, 28950
148765, 7487650, 7516603, 28953
148766, 7487660, 7516617, 28957
148767, 7487670, 7516630, 28960
148768, 7487680, 7516644, 28964
148769, 7487690, 7516657, 28967
148771, 7487710, 7516671, 28961
148772, 7487720, 7516684, 28964
148773, 7487730, 7516698, 28968
148774, 7487740, 7516711, 28971
148775, 7487750, 7516724, 28974
148776, 7487760, 7516738, 28978
148777, 7487770, 7516751, 28981
148778, 7487780, 7516765, 28985
148779, 7487790, 7516778, 28988
148780, 7487800, 7516792, 28992
148782, 7487820, 7516805, 28985
148783, 7487830, 7516818, 28988
148784, 7487840, 7516832, 28992
148785, 7487850, 7516845, 28995
148786, 7487860, 7516859, 28999
148787, 7487870, 7516872, 29002
148788, 7487880, 7516886, 29006
148789, 7487890, 7516899, 29009
148790, 7487900, 7516913, 29013
148791, 7487910, 7516926, 29016
148793, 7487930, 7516939, 29009
148794, 7487940, 7516953, 29013
148795, 7487950, 7516966, 29016
148796, 7487960, 7516980, 29020
148797, 7487970, 7516993, 29023
148798, 7487980, 7517007, 29027
148799, 7487990, 7517020, 29030
149202, 7492020, 7517047, 25027
149203, 7492030, 7517060, 25030
149204, 7492040, 7517074, 25034
149205, 7492050, 7517087, 25037
149206, 7492060, 7517101, 25041
149207, 7492070, 7517114, 25044
149208, 7492080, 7517128, 25048
149209, 7492090, 7517141, 25051
149210, 7492100, 7517154, 25054
149212, 7492120, 7517168, 25048
149213, 7492130, 7517181, 25051
149214, 7492140, 7517195, 25055
149215, 7492150, 7517208, 25058
149216, 7492160, 7517222, 25062
149217, 7492170, 7517235, 25065
149218, 7492180, 7517249, 25069
149219, 7492190, 7517262, 25072
149220, 7492200, 7517275, 25075
149221, 7492210, 7517289, 25079
149223, 7492230, 7517302, 25072
149224, 7492240, 7517316, 25076
149225, 7492250, 7517329, 25079
149226, 7492260, 7517343, 25083
149227, 7492270, 7517356, 25086
149228, 7492280, 7517370, 25090
149229, 7492290, 7517383, 25093
149230, 7492300, 7517396, 25096
149231, 7492310, 7517410, 25100
149233, 7492330, 7517423, 25093
149234, 7492340, 7517437, 25097
149235, 7492350, 7517450, 25100
149236, 7492360, 7517464, 25104
149237, 7492370, 7517477, 25107
149238, 7492380, 7517490, 25110
149239, 7492390, 7517504, 25114
149240, 7492400, 7517517, 25117
149241, 7492410, 7517531, 25121
149242, 7492420, 7517544, 25124
149244, 7492440, 7517558, 25118
149245, 7492450, 7517571, 25121
149246, 7492460, 7517585, 25125
149247, 7492470, 7517598, 25128
149248, 7492480, 7517611, 25131
149249, 7492490, 7517625, 25135
149251, 7492510, 7517652, 25142
149252, 7492520, 7517665, 25145
149253, 7492530, 7517679, 25149
149255, 7492550, 7517692, 25142
149256, 7492560, 7517706, 25146
149257, 7492570, 7517719, 25149
149258, 7492580, 7517732, 25152
149259, 7492590, 7517746, 25156
149260, 7492600, 7517759, 25159
149261, 7492610, 7517773, 25163
149262, 7492620, 7517786, 25166
149263, 7492630, 7517800, 25170
149265, 7492650, 7517813, 25163
149266, 7492660, 7517826, 25166
149267, 7492670, 7517840, 25170
149268, 7492680, 7517853, 25173
149269, 7492690, 7517867, 25177
149270, 7492700, 7517880, 25180
149271, 7492710, 7517894, 25184
149272, 7492720, 7517907, 25187
149273, 7492730, 7517921, 25191
149274, 7492740, 7517934, 25194
149276, 7492760, 7517947, 25187
149277, 7492770, 7517961, 25191
149278, 7492780, 7517974, 25194
149279, 7492790, 7517988, 25198
149280, 7492800, 7518001, 25201
149281, 7492810, 7518015, 25205
149282, 7492820, 7518028, 25208
149283, 7492830, 7518042, 25212
149284, 7492840, 7518055, 25215
149285, 7492850, 7518068, 25218
149287, 7492870, 7518082, 25212
149288, 7492880, 7518095, 25215
149289, 7492890, 7518109, 25219
149290, 7492900, 7518122, 25222
149291, 7492910, 7518136, 25226
149292, 7492920, 7518149, 25229
149293, 7492930, 7518162, 25232
149294, 7492940, 7518176, 25236
149295, 7492950, 7518189, 25239
149297, 7492970, 7518203, 25233
149298, 7492980, 7518216, 25236
149299, 7492990, 7518230, 25240
149301, 7493010, 7518257, 25247
149302, 7493020, 7518270, 25250
149303, 7493030, 7518283, 25253
149304, 7493040, 7518297, 25257
149305, 7493050, 7518310, 25260
149306, 7493060, 7518324, 25264
149308, 7493080, 7518337, 25257
149309, 7493090, 7518351, 25261
149310, 7493100, 7518364, 25264
149311, 7493110, 7518378, 25268
149312, 7493120, 7518391, 25271
149313, 7493130, 7518404, 25274
149314, 7493140, 7518418, 25278
149315, 7493150, 7518431, 25281
149316, 7493160, 7522012, 28852
149318, 7493180, 7522026, 28846
149319, 7493190, 7522039, 28849
149320, 7493200, 7522052, 28852
149321, 7493210, 7522066, 28856
149322, 7493220, 7522079, 28859
149323, 7493230, 7522093, 28863
149324, 7493240, 7522106, 28866
149325, 7493250, 7522120, 28870
149326, 7493260, 7522133, 28873
149327, 7493270, 7522146, 28876
149329, 7493290, 7522160, 28870
149330, 7493300, 7522173, 28873
149331, 7493310, 7522187, 28877
149332, 7493320, 7522200, 28880
149333, 7493330, 7522214, 28884
149334, 7493340, 7522227, 28887
149335, 7493350, 7522241, 28891
149336, 7493360, 7522254, 28894
149337, 7493370, 7522267, 28897
149338, 7493380, 7522281, 28901
149340, 7493400, 7522294, 28894
149341, 7493410, 7522308, 28898
149342, 7493420, 7522321, 28901
149343, 7493430, 7522335, 28905
149344, 7493440, 7522348, 28908
149345, 7493450, 7522362, 28912
149346, 7493460, 7522375, 28915
149347, 7493470, 7522388, 28918
149348, 7493480, 7522402, 28922
149351, 7493510, 7522429, 28919
149352, 7493520, 7522442, 28922
149353, 7493530, 7522456, 28926
149354, 7493540, 7522469, 28929
149355, 7493550, 7522482, 28932
149356, 7493560, 7522496, 28936
149357, 7493570, 7522509, 28939
149358, 7493580, 7522523, 28943
149359, 7493590, 7522536, 28946
149361, 7493610, 7522550, 28940
149362, 7493620, 7522563, 28943
149363, 7493630, 7522577, 28947
149364, 7493640, 7522590, 28950
149365, 7493650, 7522603, 28953
149366, 7493660, 7522617, 28957
149367, 7493670, 7522630, 28960
149368, 7493680, 7522644, 28964
149369, 7493690, 7522657, 28967
149371, 7493710, 7522671, 28961
149372, 7493720, 7522684, 28964
149373, 7493730, 7522698, 28968
149374, 7493740, 7522711, 28971
149375, 7493750, 7522724, 28974
149376, 7493760, 7522738, 28978
149377, 7493770, 7522751, 28981
149378, 7493780, 7522765, 28985
149379, 7493790, 7522778, 28988
149380, 7493800, 7522792, 28992
149382, 7493820, 7522805, 28985
149383, 7493830, 7522818, 28988
149384, 7493840, 7522832, 28992
149385, 7493850, 7522845, 28995
149386, 7493860, 7522859, 28999
149387, 7493870, 7522872, 29002
149388, 7493880, 7522886, 29006
149389, 7493890, 7522899, 29009
149390, 7493900, 7522913, 29013
149391, 7493910, 7522926, 29016
149393, 7493930, 7522939, 29009
149394, 7493940, 7522953, 29013
149395, 7493950, 7522966, 29016
149396, 7493960, 7522980, 29020
149397, 7493970, 7522993, 29023
149398, 7493980, 7523007, 29027
149399, 7493990, 7523020, 29030
149802, 7498020, 7523047, 25027
149803, 7498030, 7523060, 25030
149804, 7498040, 7523074, 25034
149805, 7498050, 7523087, 25037
149806, 7498060, 7523101, 25041
149807, 7498070, 7523114, 25044
149808, 7498080, 7523128, 25048
149809, 7498090, 7523141, 25051
149810, 7498100, 7523154, 25054
149812, 7498120, 7523168, 25048
149813, 7498130, 7523181, 25051
149814, 7498140, 7523195, 25055
149815, 7498150, 7523208, 25058
149816, 7498160, 7523222, 25062
149817, 7498170, 7523235, 25065
149818, 7498180, 7523249, 25069
149819, 7498190, 7523262, 25072
149820, 7498200, 7523275, 25075
149821, 7498210, 7523289, 25079
149823, 7498230, 7523302, 25072
149824, 7498240, 7523316, 25076
149825, 7498250, 7523329, 25079
149826, 7498260, 7523343, 25083
149827, 7498270, 7523356, 25086
149828, 7498280, 7523370, 25090
149829, 7498290, 7523383, 25093
149830, 7498300, 7523396, 25096
149831, 7498310, 7523410, 25100
149833, 7498330, 7523423, 25093
149834, 7498340, 7523437, 25097
149835, 7498350, 7523450, 25100
149836, 7498360, 7523464, 25104
149837, 7498370, 7523477, 25107
149838, 7498380, 7523490, 25110
149839, 7498390, 7523504, 25114
149840, 7498400, 7523517, 25117
149841, 7498410, 7523531, 25121
149842, 7498420, 7523544, 25124
149844, 7498440, 7523558, 25118
149845, 7498450, 7523571, 25121
149846, 7498460, 7523585, 25125
149847, 7498470, 7523598, 25128
149848, 7498480, 7523611, 25131
149849, 7498490, 7523625, 25135
149851, 7498510, 7523652, 25142
149852, 7498520, 7523665, 25145
149853, 7498530, 7523679, 25149
149855, 7498550, 7523692, 25142
149856, 7498560, 7523706, 25146
149857, 7498570, 7523719, 25149
149858, 7498580, 7523732, 25152
149859, 7498590, 7523746, 25156
149860, 7498600, 7523759, 25159
149861, 7498610, 7523773, 25163
149862, 7498620, 7523786, 25166
149863, 7498630, 7523800, 25170
149865, 7498650, 7523813, 25163
149866, 7498660, 7523826, 25166
149867, 7498670, 7523840, 25170
149868, 7498680, 7523853, 25173
149869, 7498690, 7523867, 25177
149870, 7498700, 7523880, 25180
149871, 7498710, 7523894, 25184
149872, 7498720, 7523907, 25187
149873, 7498730, 7523921, 25191
149874, 7498740, 7523934, 25194
149876, 7498760, 7523947, 25187
149877, 7498770, 7523961, 25191
149878, 7498780, 7523974, 25194
149879, 7498790, 7523988, 25198
149880, 7498800, 7524001, 25201
149881, 7498810, 7524015, 25205
149882, 7498820, 7524028, 25208
149883, 7498830, 7524042, 25212
149884, 7498840, 7524055, 25215
149885, 7498850, 7524068, 25218
149887, 7498870, 7524082, 25212
149888, 7498880, 7524095, 25215
149889, 7498890, 7524109, 25219
149890, 7498900, 7524122, 25222
149891, 7498910, 7524136, 25226
149892, 7498920, 7524149, 25229
149893, 7498930, 7524162, 25232
149894, 7498940, 7524176, 25236
149895, 7498950, 7524189, 25239
149897, 7498970, 7524203, 25233
149898, 7498980, 7524216, 25236
149899, 7498990, 7524230, 25240
149901, 7499010, 7524257, 25247
149902, 7499020, 7524270, 25250
149903, 7499030, 7524283, 25253
149904, 7499040, 7524297, 25257
149905, 7499050, 7524310, 25260
149906, 7499060, 7524324, 25264
149908, 7499080, 7524337, 25257
149909, 7499090, 7524351, 25261
149910, 7499100, 7524364, 25264
149911, 7499110, 7524378, 25268
149912, 7499120, 7524391, 25271
149913, 7499130, 7524404, 25274
149914, 7499140, 7524418, 25278
149915, 7499150, 7524431, 25281
149916, 7499160, 7528012, 28852
149918, 7499180, 7528026, 28846
149919, 7499190, 7528039, 28849
149920, 7499200, 7528052, 28852
149921, 7499210, 7528066, 28856
149922, 7499220, 7528079, 28859
149923, 7499230, 7528093, 28863
149924, 7499240, 7528106, 28866
149925, 7499250, 7528120, 28870
149926, 7499260, 7528133, 28873
149927, 7499270, 7528146, 28876
149929, 7499290, 7528160, 28870
149930, 7499300, 7528173, 28873
149931, 7499310, 7528187, 28877
149932, 7499320, 7528200, 28880
149933, 7499330, 7528214, 28884
149934, 7499340, 7528227, 28887
149935, 7499350, 7528241, 28891
149936, 7499360, 7528254, 28894
149937, 7499370, 7528267, 28897
149938, 7499380, 7528281, 28901
149940, 7499400, 7528294, 28894
149941, 7499410, 7528308, 28898
149942, 7499420, 7528321, 28901
149943, 7499430, 7528335, 28905
149944, 7499440, 7528348, 28908
149945, 7499450, 7528362, 28912
149946, 7499460, 7528375, 28915
149947, 7499470, 7528388, 28918
149948, 7499480, 7528402, 28922
149951, 7499510, 7528429, 28919
149952, 7499520, 7528442, 28922
149953, 7499530, 7528456, 28926
149954, 7499540, 7528469, 28929
149955, 7499550, 7528482, 28932
149956, 7499560, 7528496, 28936
149957, 7499570, 7528509, 28939
149958, 7499580, 7528523, 28943
149959, 7499590, 7528536, 28946
149961, 7499610, 7528550, 28940
149962, 7499620, 7528563, 28943
149963, 7499630, 7528577, 28947
149964, 7499640, 7528590, 28950
149965, 7499650, 7528603, 28953
149966, 7499660, 7528617, 28957
149967, 7499670, 7528630, 28960
149968, 7499680, 7528644, 28964
149969, 7499690, 7528657, 28967
149971, 7499710, 7528671, 28961
149972, 7499720, 7528684, 28964
149973, 7499730, 7528698, 28968
149974, 7499740, 7528711, 28971
149975, 7499750, 7528724, 28974
149976, 7499760, 7528738, 28978
149977, 7499770, 7528751, 28981
149978, 7499780, 7528765, 28985
149979, 7499790, 7528778, 28988
149980, 7499800, 7528792, 28992
149982, 7499820, 7528805, 28985
149983, 7499830, 7528818, 28988
149984, 7499840, 7528832, 28992
149985, 7499850, 7528845, 28995
149986, 7499860, 7528859, 28999
149987, 7499870, 7528872, 29002
149988, 7499880, 7528886, 29006
149989, 7499890, 7528899, 29009
149990, 7499900, 7528913, 29013
149991, 7499910, 7528926, 29016
149993, 7499930, 7528939, 29009
149994, 7499940, 7528953, 29013
149995, 7499950, 7528966, 29016
149996, 7499960, 7528980, 29020
149997, 7499970, 7528993, 29023
149998, 7499980, 7529007, 29027
149999, 7499990, 7529020, 29030
150402, 7504020, 7529047, 25027
150403, 7504030, 7529060, 25030
150404, 7504040, 7529074, 25034
150405, 7504050, 7529087, 25037
150406, 7504060, 7529101, 25041
150407, 7504070, 7529114, 25044
150408, 7504080, 7529128, 25048
150409, 7504090, 7529141, 25051
150410, 7504100, 7529154, 25054
150412, 7504120, 7529168, 25048
150413, 7504130, 7529181, 25051
150414, 7504140, 7529195, 25055
150415, 7504150, 7529208, 25058
150416, 7504160, 7529222, 25062
150417, 7504170, 7529235, 25065
150418, 7504180, 7529249, 25069
150419, 7504190, 7529262, 25072
150420, 7504200, 7529275, 25075
150421, 7504210, 7529289, 25079
150423, 7504230, 7529302, 25072
150424, 7504240, 7529316, 25076
150425, 7504250, 7529329, 25079
150426, 7504260, 7529343, 25083
150427, 7504270, 7529356, 25086
150428, 7504280, 7529370, 25090
150429, 7504290, 7529383, 25093
150430, 7504300, 7529396, 25096
150431, 7504310, 7529410, 25100
150433, 7504330, 7529423, 25093
150434, 7504340, 7529437, 25097
150435, 7504350, 7529450, 25100
150436, 7504360, 7529464, 25104
150437, 7504370, 7529477, 25107
150438, 7504380, 7529490, 25110
150439, 7504390, 7529504, 25114
150440, 7504400, 7529517, 25117
150441, 7504410, 7529531, 25121
150442, 7504420, 7529544, 25124
150444, 7504440, 7529558, 25118
150445, 7504450, 7529571, 25121
150446, 7504460, 7529585, 25125
150447, 7504470, 7529598, 25128
150448, 7504480, 7529611, 25131
150449, 7504490, 7529625, 25135
150451, 7504510, 7529652, 25142
150452, 7504520, 7529665, 25145
150453, 7504530, 7529679, 25149
150455, 7504550, 7529692, 25142
150456, 7504560, 7529706, 25146
150457, 7504570, 7529719, 25149
150458, 7504580, 7529732, 25152
150459, 7504590, 7529746, 25156
150460, 7504600, 7529759, 25159
150461, 7504610, 7529773, 25163
150462, 7504620, 7529786, 25166
150463, 7504630, 7529800, 25170
150465, 7504650, 7529813, 25163
150466, 7504660, 7529826, 25166
150467, 7504670, 7529840, 25170
150468, 7504680, 7529853, 25173
150469, 7504690, 7529867, 25177
150470, 7504700, 7529880, 25180
150471, 7504710, 7529894, 25184
150472, 7504720, 7529907, 25187
150473, 7504730, 7529921, 25191
150474, 7504740, 7529934, 25194
150476, 7504760, 7529947, 25187
150477, 7504770, 7529961, 25191
150478, 7504780, 7529974, 25194
150479, 7504790, 7529988, 25198
150480, 7504800, 7530001, 25201
150481, 7504810, 7530015, 25205
150482, 7504820, 7530028, 25208
150483, 7504830, 7530042, 25212
150484, 7504840, 7530055, 25215
150485, 7504850, 7530068, 25218
150487, 7504870, 7530082, 25212
150488, 7504880, 7530095, 25215
150489, 7504890, 7530109, 25219
150490, 7504900, 7530122, 25222
150491, 7504910, 7530136, 25226
150492, 7504920, 7530149, 25229
150493, 7504930, 7530162, 25232
150494, 7504940, 7530176, 25236
150495, 7504950, 7530189, 25239
150497, 7504970, 7530203, 25233
150498, 7504980, 7530216, 25236
150499, 7504990, 7530230, 25240
150501, 7505010, 7530257, 25247
150502, 7505020, 7530270, 25250
150503, 7505030, 7530283, 25253
150504, 7505040, 7530297, 25257
150505, 7505050, 7530310, 25260
150506, 7505060, 7530324, 25264
150508, 7505080, 7530337, 25257
150509, 7505090, 7530351, 25261
150510, 7505100, 7530364, 25264
150511, 7505110, 7530378, 25268
150512, 7505120, 7530391, 25271
150513, 7505130, 7530404, 25274
150514, 7505140, 7530418, 25278
150515, 7505150, 7530431, 25281
150516, 7505160, 7534012, 28852
150517, 7505170, 7534026, 28856
150519, 7505190, 7534039, 28849
150520, 7505200, 7534052, 28852
150521, 7505210, 7534066, 28856
150522, 7505220, 7534079, 28859
150523, 7505230, 7534093, 28863
150524, 7505240, 7534106, 28866
150525, 7505250, 7534120, 28870
150526, 7505260, 7534133, 28873
150527, 7505270, 7534146, 28876
150529, 7505290, 7534160, 28870
150530, 7505300, 7534173, 28873
150531, 7505310, 7534187, 28877
150532, 7505320, 7534200, 28880
150533, 7505330, 7534214, 28884
150534, 7505340, 7534227, 28887
150535, 7505350, 7534241, 28891
150536, 7505360, 7534254, 28894
150537, 7505370, 7534267, 28897
150538, 7505380, 7534281, 28901
150540, 7505400, 7534294, 28894
150541, 7505410, 7534308, 28898
150542, 7505420, 7534321, 28901
150543, 7505430, 7534335, 28905
150544, 7505440, 7534348, 28908
150545, 7505450, 7534362, 28912
150546, 7505460, 7534375, 28915
150547, 7505470, 7534388, 28918
150548, 7505480, 7534402, 28922
150551, 7505510, 7534429, 28919
150552, 7505520, 7534442, 28922
150553, 7505530, 7534456, 28926
150554, 7505540, 7534469, 28929
150555, 7505550, 7534482, 28932
150556, 7505560, 7534496, 28936
150557, 7505570, 7534509, 28939
150558, 7505580, 7534523, 28943
150559, 7505590, 7534536, 28946
150561, 7505610, 7534550, 28940
150562, 7505620, 7534563, 28943
150563, 7505630, 7534577, 28947
150564, 7505640, 7534590, 28950
150565, 7505650, 7534603, 28953
150566, 7505660, 7534617, 28957
150567, 7505670, 7534630, 28960
150568, 7505680, 7534644, 28964
150569, 7505690, 7534657, 28967
150570, 7505700, 7534671, 28971
150572, 7505720, 7534684, 28964
150573, 7505730, 7534698, 28968
150574, 7505740, 7534711, 28971
150575, 7505750, 7534724, 28974
150576, 7505760, 7534738, 28978
150577, 7505770, 7534751, 28981
150578, 7505780, 7534765, 28985
150579, 7505790, 7534778, 28988
150580, 7505800, 7534792, 28992
150582, 7505820, 7534805, 28985
150583, 7505830, 7534818, 28988
150584, 7505840, 7534832, 28992
150585, 7505850, 7534845, 28995
150586, 7505860, 7534859, 28999
150587, 7505870, 7534872, 29002
150588, 7505880, 7534886, 29006
150589, 7505890, 7534899, 29009
150590, 7505900, 7534913, 29013
150591, 7505910, 7534926, 29016
150593, 7505930, 7534939, 29009
150594, 7505940, 7534953, 29013
150595, 7505950, 7534966, 29016
150596, 7505960, 7534980, 29020
150597, 7505970, 7534993, 29023
150598, 7505980, 7535007, 29027
150599, 7505990, 7535020, 29030
151002, 7510020, 7535047, 25027
151003, 7510030, 7535060, 25030
151004, 7510040, 7535074, 25034
151005, 7510050, 7535087, 25037
151006, 7510060, 7535101, 25041
151007, 7510070, 7535114, 25044
151008, 7510080, 7535127, 25047
151009, 7510090, 7535141, 25051
151010, 7510100, 7535154, 25054
151012, 7510120, 7535168, 25048
151013, 7510130, 7535181, 25051
151014, 7510140, 7535195, 25055
151015, 7510150, 7535208, 25058
151016, 7510160, 7535222, 25062
151017, 7510170, 7535235, 25065
151018, 7510180, 7535248, 25068
151019, 7510190, 7535262, 25072
151020, 7510200, 7535275, 25075
151021, 7510210, 7535289, 25079
151023, 7510230, 7535302, 25072
151024, 7510240, 7535316, 25076
151025, 7510250, 7535329, 25079
151026, 7510260, 7535342, 25082
151027, 7510270, 7535356, 25086
151028, 7510280, 7535369, 25089
151029, 7510290, 7535383, 25093
151030, 7510300, 7535396, 25096
151031, 7510310, 7535410, 25100
151033, 7510330, 7535423, 25093
151034, 7510340, 7535437, 25097
151035, 7510350, 7535450, 25100
151036, 7510360, 7535463, 25103
151037, 7510370, 7535477, 25107
151038, 7510380, 7535490, 25110
151039, 7510390, 7535504, 25114
151040, 7510400, 7535517, 25117
151041, 7510410, 7535531, 25121
151042, 7510420, 7535544, 25124
151044, 7510440, 7535558, 25118
151045, 7510450, 7535571, 25121
151046, 7510460, 7535584, 25124
151047, 7510470, 7535598, 25128
151048, 7510480, 7535611, 25131
151049, 7510490, 7535625, 25135
151051, 7510510, 7535652, 25142
151052, 7510520, 7535665, 25145
151053, 7510530, 7535678, 25148
151055, 7510550, 7535692, 25142
151056, 7510560, 7535705, 25145
151057, 7510570, 7535719, 25149
151058, 7510580, 7535732, 25152
151059, 7510590, 7535746, 25156
151060, 7510600, 7535759, 25159
151061, 7510610, 7535773, 25163
151062, 7510620, 7535786, 25166
151063, 7510630, 7535799, 25169
151065, 7510650, 7535813, 25163
151066, 7510660, 7535826, 25166
151067, 7510670, 7535840, 25170
151068, 7510680, 7535853, 25173
151069, 7510690, 7535867, 25177
151070, 7510700, 7535880, 25180
151071, 7510710, 7535894, 25184
151072, 7510720, 7535907, 25187
151073, 7510730, 7535920, 25190
151074, 7510740, 7535934, 25194
151076, 7510760, 7535947, 25187
151077, 7510770, 7535961, 25191
151078, 7510780, 7535974, 25194
151079, 7510790, 7535988, 25198
151080, 7510800, 7536001, 25201
151081, 7510810, 7536014, 25204
151082, 7510820, 7536028, 25208
151083, 7510830, 7536041, 25211
151084, 7510840, 7536055, 25215
151085, 7510850, 7536068, 25218
151087, 7510870, 7536082, 25212
151088, 7510880, 7536095, 25215
151089, 7510890, 7536109, 25219
151090, 7510900, 7536122, 25222
151091, 7510910, 7536135, 25225
151092, 7510920, 7536149, 25229
151093, 7510930, 7536162, 25232
151094, 7510940, 7536176, 25236
151095, 7510950, 7536189, 25239
151097, 7510970, 7536203, 25233
151098, 7510980, 7536216, 25236
151099, 7510990, 7536230, 25240
151101, 7511010, 7536256, 25246
151102, 7511020, 7536270, 25250
151103, 7511030, 7536283, 25253
151104, 7511040, 7536297, 25257
151105, 7511050, 7536310, 25260
151106, 7511060, 7536324, 25264
151108, 7511080, 7536337, 25257
151109, 7511090, 7536350, 25260
151110, 7511100, 7536364, 25264
151111, 7511110, 7536377, 25267
151112, 7511120, 7536391, 25271
151113, 7511130, 7536404, 25274
151114, 7511140, 7536418, 25278
151115, 7511150, 7536431, 25281
151116, 7511160, 7540012, 28852
151118, 7511180, 7540026, 28846
151119, 7511190, 7540039, 28849
151120, 7511200, 7540052, 28852
151121, 7511210, 7540066, 28856
151122, 7511220, 7540079, 28859
151123, 7511230, 7540093, 28863
151124, 7511240, 7540106, 28866
151125, 7511250, 7540120, 28870
151126, 7511260, 7540133, 28873
151127, 7511270, 7540146, 28876
151129, 7511290, 7540160, 28870
151130, 7511300, 7540173, 28873
151131, 7511310, 7540187, 28877
151132, 7511320, 7540200, 28880
151133, 7511330, 7540214, 28884
151134, 7511340, 7540227, 28887
151135, 7511350, 7540241, 28891
151136, 7511360, 7540254, 28894
151137, 7511370, 7540267, 28897
151138, 7511380, 7540281, 28901
151140, 7511400, 7540294, 28894
151141, 7511410, 7540308, 28898
151142, 7511420, 7540321, 28901
151143, 7511430, 7540335, 28905
151144, 7511440, 7540348, 28908
151145, 7511450, 7540362, 28912
151146, 7511460, 7540375, 28915
151147, 7511470, 7540388, 28918
151148, 7511480, 7540402, 28922
151151, 7511510, 7540429, 28919
151152, 7511520, 7540442, 28922
151153, 7511530, 7540456, 28926
151154, 7511540, 7540469, 28929
151155, 7511550, 7540482, 28932
151156, 7511560, 7540496, 28936
151157, 7511570, 7540509, 28939
151158, 7511580, 7540523, 28943
151159, 7511590, 7540536, 28946
151161, 7511610, 7540550, 28940
151162, 7511620, 7540563, 28943
151163, 7511630, 7540577, 28947
151164, 7511640, 7540590, 28950
151165, 7511650, 7540603, 28953
151166, 7511660, 7540617, 28957
151167, 7511670, 7540630, 28960
151168, 7511680, 7540644, 28964
151169, 7511690, 7540657, 28967
151171, 7511710, 7540671, 28961
151172, 7511720, 7540684, 28964
151173, 7511730, 7540698, 28968
151174, 7511740, 7540711, 28971
151175, 7511750, 7540724, 28974
151176, 7511760, 7540738, 28978
151177, 7511770, 7540751, 28981
151178, 7511780, 7540765, 28985
151179, 7511790, 7540778, 28988
151180, 7511800, 7540792, 28992
151182, 7511820, 7540805, 28985
151183, 7511830, 7540818, 28988
151184, 7511840, 7540832, 28992
151185, 7511850, 7540845, 28995
151186, 7511860, 7540859, 28999
151187, 7511870, 7540872, 29002
151188, 7511880, 7540886, 29006
151189, 7511890, 7540899, 29009
151190, 7511900, 7540913, 29013
151191, 7511910, 7540926, 29016
151193, 7511930, 7540939, 29009
151194, 7511940, 7540953, 29013
151195, 7511950, 7540966, 29016
151196, 7511960, 7540980, 29020
151197, 7511970, 7540993, 29023
151198, 7511980, 7541007, 29027
151199, 7511990, 7541020, 29030
151602, 7516020, 7541047, 25027
151603, 7516030, 7541060, 25030
151604, 7516040, 7541074, 25034
151605, 7516050, 7541087, 25037
151606, 7516060, 7541101, 25041
151607, 7516070, 7541114, 25044
151608, 7516080, 7541128, 25048
151609, 7516090, 7541141, 25051
151610, 7516100, 7541154, 25054
151612, 7516120, 7541168, 25048
151613, 7516130, 7541181, 25051
151614, 7516140, 7541195, 25055
151615, 7516150, 7541208, 25058
151616, 7516160, 7541222, 25062
151617, 7516170, 7541235, 25065
151618, 7516180, 7541249, 25069
151619, 7516190, 7541262, 25072
151620, 7516200, 7541275, 25075
151621, 7516210, 7541289, 25079
151623, 7516230, 7541302, 25072
151624, 7516240, 7541316, 25076
151625, 7516250, 7541329, 25079
151626, 7516260, 7541343, 25083
151627, 7516270, 7541356, 25086
151628, 7516280, 7541370, 25090
151629, 7516290, 7541383, 25093
151630, 7516300, 7541396, 25096
151631, 7516310, 7541410, 25100
151633, 7516330, 7541423, 25093
151634, 7516340, 7541437, 25097
151635, 7516350, 7541450, 25100
151636, 7516360, 7541464, 25104
151637, 7516370, 7541477, 25107
151638, 7516380, 7541490, 25110
151639, 7516390, 7541504, 25114
151640, 7516400, 7541517, 25117
151641, 7516410, 7541531, 25121
151642, 7516420, 7541544, 25124
151644, 7516440, 7541558, 25118
151645, 7516450, 7541571, 25121
151646, 7516460, 7541585, 25125
151647, 7516470, 7541598, 25128
151648, 7516480, 7541611, 25131
151649, 7516490, 7541625, 25135
151651, 7516510, 7541652, 25142
151652, 7516520, 7541665, 25145
151653, 7516530, 7541679, 25149
151655, 7516550, 7541692, 25142
151656, 7516560, 7541706, 25146
151657, 7516570, 7541719, 25149
151658, 7516580, 7541732, 25152
151659, 7516590, 7541746, 25156
151660, 7516600, 7541759, 25159
151661, 7516610, 7541773, 25163
151662, 7516620, 7541786, 25166
151663, 7516630, 7541800, 25170
151665, 7516650, 7541813, 25163
151666, 7516660, 7541826, 25166
151667, 7516670, 7541840, 25170
151668, 7516680, 7541853, 25173
151669, 7516690, 7541867, 25177
151670, 7516700, 7541880, 25180
151671, 7516710, 7541894, 25184
151672, 7516720, 7541907, 25187
151673, 7516730, 7541921, 25191
151674, 7516740, 7541934, 25194
151676, 7516760, 7541947, 25187
151677, 7516770, 7541961, 25191
151678, 7516780, 7541974, 25194
151679, 7516790, 7541988, 25198
151680, 7516800, 7542001, 25201
151681, 7516810, 7542015, 25205
151682, 7516820, 7542028, 25208
151683, 7516830, 7542042, 25212
151684, 7516840, 7542055, 25215
151685, 7516850, 7542068, 25218
151687, 7516870, 7542082, 25212
151688, 7516880, 7542095, 25215
151689, 7516890, 7542109, 25219
151690, 7516900, 7542122, 25222
151691, 7516910, 7542136, 25226
151692, 7516920, 7542149, 25229
151693, 7516930, 7542162, 25232
151694, 7516940, 7542176, 25236
151695, 7516950, 7542189, 25239
151697, 7516970, 7542203, 25233
151698, 7516980, 7542216, 25236
151699, 7516990, 7542230, 25240
151701, 7517010, 7542257, 25247
151702, 7517020, 7542270, 25250
151703, 7517030, 7542283, 25253
151704, 7517040, 7542297, 25257
151705, 7517050, 7542310, 25260
151706, 7517060, 7542324, 25264
151708, 7517080, 7542337, 25257
151709, 7517090, 7542351, 25261
151710, 7517100, 7542364, 25264
151711, 7517110, 7542378, 25268
151712, 7517120, 7542391, 25271
151713, 7517130, 7542404, 25274
151714, 7517140, 7542418, 25278
151715, 7517150, 7542431, 25281
151716, 7517160, 7546012, 28852
151718, 7517180, 7546026, 28846
151719, 7517190, 7546039, 28849
151720, 7517200, 7546052, 28852
151721, 7517210, 7546066, 28856
151722, 7517220, 7546079, 28859
151723, 7517230, 7546093, 28863
151724, 7517240, 7546106, 28866
151725, 7517250, 7546120, 28870
151726, 7517260, 7546133, 28873
151727, 7517270, 7546146, 28876
151729, 7517290, 7546160, 28870
151730, 7517300, 7546173, 28873
151731, 7517310, 7546187, 28877
151732, 7517320, 7546200, 28880
151733, 7517330, 7546214, 28884
151734, 7517340, 7546227, 28887
151735, 7517350, 7546241, 28891
151736, 7517360, 7546254, 28894
151737, 7517370, 7546267, 28897
151738, 7517380, 7546281, 28901
151740, 7517400, 7546294, 28894
151741, 7517410, 7546308, 28898
151742, 7517420, 7546321, 28901
151743, 7517430, 7546335, 28905
151744, 7517440, 7546348, 28908
151745, 7517450, 7546362, 28912
151746, 7517460, 7546375, 28915
151747, 7517470, 7546388, 28918
151748, 7517480, 7546402, 28922
151751, 7517510, 7546429, 28919
151752, 7517520, 7546442, 28922
151753, 7517530, 7546456, 28926
151754, 7517540, 7546469, 28929
151755, 7517550, 7546482, 28932
151756, 7517560, 7546496, 28936
151757, 7517570, 7546509, 28939
151758, 7517580, 7546523, 28943
151759, 7517590, 7546536, 28946
151761, 7517610, 7546550, 28940
151762, 7517620, 7546563, 28943
151763, 7517630, 7546577, 28947
151764, 7517640, 7546590, 28950
151765, 7517650, 7546603, 28953
151766, 7517660, 7546617, 28957
151767, 7517670, 7546630, 28960
151768, 7517680, 7546644, 28964
151769, 7517690, 7546657, 28967
151771, 7517710, 7546671, 28961
151772, 7517720, 7546684, 28964
151773, 7517730, 7546698, 28968
151774, 7517740, 7546711, 28971
151775, 7517750, 7546724, 28974
151776, 7517760, 7546738, 28978
151777, 7517770, 7546751, 28981
151778, 7517780, 7546765, 28985
151779, 7517790, 7546778, 28988
151780, 7517800, 7546792, 28992
151782, 7517820, 7546805, 28985
151783, 7517830, 7546818, 28988
151784, 7517840, 7546832, 28992
151785, 7517850, 7546845, 28995
151786, 7517860, 7546859, 28999
151787, 7517870, 7546872, 29002
151788, 7517880, 7546886, 29006
151789, 7517890, 7546899, 29009
151790, 7517900, 7546913, 29013
151791, 7517910, 7546926, 29016
151793, 7517930, 7546939, 29009
151794, 7517940, 7546953, 29013
151795, 7517950, 7546966, 29016
151796, 7517960, 7546980, 29020
151797, 7517970, 7546993, 29023
151798, 7517980, 7547007, 29027
151799, 7517990, 7547020, 29030
152202, 7522020, 7547047, 25027
152203, 7522030, 7547060, 25030
152204, 7522040, 7547074, 25034
152205, 7522050, 7547087, 25037
152206, 7522060, 7547101, 25041
152207, 7522070, 7547114, 25044
152208, 7522080, 7547128, 25048
152209, 7522090, 7547141, 25051
152210, 7522100, 7547154, 25054
152212, 7522120, 7547168, 25048
152213, 7522130, 7547181, 25051
152214, 7522140, 7547195, 25055
152215, 7522150, 7547208, 25058
152216, 7522160, 7547222, 25062
152217, 7522170, 7547235, 25065
152218, 7522180, 7547249, 25069
152219, 7522190, 7547262, 25072
152220, 7522200, 7547275, 25075
152221, 7522210, 7547289, 25079
152223, 7522230, 7547302, 25072
152224, 7522240, 7547316, 25076
152225, 7522250, 7547329, 25079
152226, 7522260, 7547343, 25083
152227, 7522270, 7547356, 25086
152228, 7522280, 7547370, 25090
152229, 7522290, 7547383, 25093
152230, 7522300, 7547396, 25096
152231, 7522310, 7547410, 25100
152233, 7522330, 7547423, 25093
152234, 7522340, 7547437, 25097
152235, 7522350, 7547450, 25100
152236, 7522360, 7547464, 25104
152237, 7522370, 7547477, 25107
152238, 7522380, 7547490, 25110
152239, 7522390, 7547504, 25114
152240, 7522400, 7547517, 25117
152241, 7522410, 7547531, 25121
152242, 7522420, 7547544, 25124
152244, 7522440, 7547558, 25118
152245, 7522450, 7547571, 25121
152246, 7522460, 7547585, 25125
152247, 7522470, 7547598, 25128
152248, 7522480, 7547611, 25131
152249, 7522490, 7547625, 25135
152251, 7522510, 7547652, 25142
152252, 7522520, 7547665, 25145
152253, 7522530, 7547679, 25149
152255, 7522550, 7547692, 25142
152256, 7522560, 7547706, 25146
152257, 7522570, 7547719, 25149
152258, 7522580, 7547732, 25152
152259, 7522590, 7547746, 25156
152260, 7522600, 7547759, 25159
152261, 7522610, 7547773, 25163
152262, 7522620, 7547786, 25166
152263, 7522630, 7547800, 25170
152265, 7522650, 7547813, 25163
152266, 7522660, 7547826, 25166
152267, 7522670, 7547840, 25170
152268, 7522680, 7547853, 25173
152269, 7522690, 7547867, 25177
152270, 7522700, 7547880, 25180
152271, 7522710, 7547894, 25184
152272, 7522720, 7547907, 25187
152273, 7522730, 7547921, 25191
152274, 7522740, 7547934, 25194
152276, 7522760, 7547947, 25187
152277, 7522770, 7547961, 25191
152278, 7522780, 7547974, 25194
152279, 7522790, 7547988, 25198
152280, 7522800, 7548001, 25201
152281, 7522810, 7548015, 25205
152282, 7522820, 7548028, 25208
152283, 7522830, 7548042, 25212
152284, 7522840, 7548055, 25215
152285, 7522850, 7548068, 25218
152287, 7522870, 7548082, 25212
152288, 7522880, 7548095, 25215
152289, 7522890, 7548109, 25219
152290, 7522900, 7548122, 25222
152291, 7522910, 7548136, 25226
152292, 7522920, 7548149, 25229
152293, 7522930, 7548162, 25232
152294, 7522940, 7548176, 25236
152295, 7522950, 7548189, 25239
152297, 7522970, 7548203, 25233
152298, 7522980, 7548216, 25236
152299, 7522990, 7548230, 25240
152301, 7523010, 7548257, 25247
152302, 7523020, 7548270, 25250
152303, 7523030, 7548283, 25253
152304, 7523040, 7548297, 25257
152305, 7523050, 7548310, 25260
152306, 7523060, 7548324, 25264
152308, 7523080, 7548337, 25257
152309, 7523090, 7548351, 25261
152310, 7523100, 7548364, 25264
152311, 7523110, 7548378, 25268
152312, 7523120, 7548391, 25271
152313, 7523130, 7548404, 25274
152314, 7523140, 7548418, 25278
152315, 7523150, 7548431, 25281
152316, 7523160, 7552012, 28852
152318, 7523180, 7552026, 28846
152319, 7523190, 7552039, 28849
152320, 7523200, 7552052, 28852
152321, 7523210, 7552066, 28856
152322, 7523220, 7552079, 28859
152323, 7523230, 7552093, 28863
152324, 7523240, 7552106, 28866
152325, 7523250, 7552120, 28870
152326, 7523260, 7552133, 28873
152327, 7523270, 7552146, 28876
152329, 7523290, 7552160, 28870
152330, 7523300, 7552173, 28873
152331, 7523310, 7552187, 28877
152332, 7523320, 7552200, 28880
152333, 7523330, 7552214, 28884
152334, 7523340, 7552227, 28887
152335, 7523350, 7552241, 28891
152336, 7523360, 7552254, 28894
152337, 7523370, 7552267, 28897
152338, 7523380, 7552281, 28901
152340, 7523400, 7552294, 28894
152341, 7523410, 7552308, 28898
152342, 7523420, 7552321, 28901
152343, 7523430, 7552335, 28905
152344, 7523440, 7552348, 28908
152345, 7523450, 7552362, 28912
152346, 7523460, 7552375, 28915
152347, 7523470, 7552388, 28918
152348, 7523480, 7552402, 28922
152351, 7523510, 7552429, 28919
152352, 7523520, 7552442, 28922
152353, 7523530, 7552456, 28926
152354, 7523540, 7552469, 28929
152355, 7523550, 7552482, 28932
152356, 7523560, 7552496, 28936
152357, 7523570, 7552509, 28939
152358, 7523580, 7552523, 28943
152359, 7523590, 7552536, 28946
152361, 7523610, 7552550, 28940
152362, 7523620, 7552563, 28943
152363, 7523630, 7552577, 28947
152364, 7523640, 7552590, 28950
152365, 7523650, 7552603, 28953
152366, 7523660, 7552617, 28957
152367, 7523670, 7552630, 28960
152368, 7523680, 7552644, 28964
152369, 7523690, 7552657, 28967
152371, 7523710, 7552671, 28961
152372, 7523720, 7552684, 28964
152373, 7523730, 7552698, 28968
152374, 7523740, 7552711, 28971
152375, 7523750, 7552724, 28974
152376, 7523760, 7552738, 28978
152377, 7523770, 7552751, 28981
152378, 7523780, 7552765, 28985
152379, 7523790, 7552778, 28988
152380, 7523800, 7552792, 28992
152382, 7523820, 7552805, 28985
152383, 7523830, 7552818, 28988
152384, 7523840, 7552832, 28992
152385, 7523850, 7552845, 28995
152386, 7523860, 7552859, 28999
152387, 7523870, 7552872, 29002
152388, 7523880, 7552886, 29006
152389, 7523890, 7552899, 29009
152390, 7523900, 7552913, 29013
152391, 7523910, 7552926, 29016
152393, 7523930, 7552939, 29009
152394, 7523940, 7552953, 29013
152395, 7523950, 7552966, 29016
152396, 7523960, 7552980, 29020
152397, 7523970, 7552993, 29023
152398, 7523980, 7553007, 29027
152399, 7523990, 7553020, 29030
152802, 7528020, 7553047, 25027
152803, 7528030, 7553060, 25030
152804, 7528040, 7553074, 25034
152805, 7528050, 7553087, 25037
152806, 7528060, 7553101, 25041
152807, 7528070, 7553114, 25044
152808, 7528080, 7553128, 25048
152809, 7528090, 7553141, 25051
152810, 7528100, 7553154, 25054
152812, 7528120, 7553168, 25048
152813, 7528130, 7553181, 25051
152814, 7528140, 7553195, 25055
152815, 7528150, 7553208, 25058
152816, 7528160, 7553222, 25062
152817, 7528170, 7553235, 25065
152818, 7528180, 7553249, 25069
152819, 7528190, 7553262, 25072
152820, 7528200, 7553275, 25075
152821, 7528210, 7553289, 25079
152823, 7528230, 7553302, 25072
152824, 7528240, 7553316, 25076
152825, 7528250, 7553329, 25079
152826, 7528260, 7553343, 25083
152827, 7528270, 7553356, 25086
152828, 7528280, 7553370, 25090
152829, 7528290, 7553383, 25093
152830, 7528300, 7553396, 25096
152831, 7528310, 7553410, 25100
152833, 7528330, 7553423, 25093
152834, 7528340, 7553437, 25097
152835, 7528350, 7553450, 25100
152836, 7528360, 7553464, 25104
152837, 7528370, 7553477, 25107
152838, 7528380, 7553490, 25110
152839, 7528390, 7553504, 25114
152840, 7528400, 7553517, 25117
152841, 7528410, 7553531, 25121
152842, 7528420, 7553544, 25124
152844, 7528440, 7553558, 25118
152845, 7528450, 7553571, 25121
152846, 7528460, 7553585, 25125
152847, 7528470, 7553598, 25128
152848, 7528480, 7553611, 25131
152849, 7528490, 7553625, 25135
152851, 7528510, 7553652, 25142
152852, 7528520, 7553665, 25145
152853, 7528530, 7553679, 25149
152855, 7528550, 7553692, 25142
152856, 7528560, 7553706, 25146
152857, 7528570, 7553719, 25149
152858, 7528580, 7553732, 25152
152859, 7528590, 7553746, 25156
152860, 7528600, 7553759, 25159
152861, 7528610, 7553773, 25163
152862, 7528620, 7553786, 25166
152863, 7528630, 7553800, 25170
152865, 7528650, 7553813, 25163
152866, 7528660, 7553826, 25166
152867, 7528670, 7553840, 25170
152868, 7528680, 7553853, 25173
152869, 7528690, 7553867, 25177
152870, 7528700, 7553880, 25180
152871, 7528710, 7553894, 25184
152872, 7528720, 7553907, 25187
152873, 7528730, 7553921, 25191
152874, 7528740, 7553934, 25194
152876, 7528760, 7553947, 25187
152877, 7528770, 7553961, 25191
152878, 7528780, 7553974, 25194
152879, 7528790, 7553988, 25198
152880, 7528800, 7554001, 25201
152881, 7528810, 7554015, 25205
152882, 7528820, 7554028, 25208
152883, 7528830, 7554042, 25212
152884, 7528840, 7554055, 25215
152885, 7528850, 7554068, 25218
152887, 7528870, 7554082, 25212
152888, 7528880, 7554095, 25215
152889, 7528890, 7554109, 25219
152890, 7528900, 7554122, 25222
152891, 7528910, 7554136, 25226
152892, 7528920, 7554149, 25229
152893, 7528930, 7554162, 25232
152894, 7528940, 7554176, 25236
152895, 7528950, 7554189, 25239
152897, 7528970, 7554203, 25233
152898, 7528980, 7554216, 25236
152899, 7528990, 7554230, 25240
152901, 7529010, 7554257, 25247
152902, 7529020, 7554270, 25250
152903, 7529030, 7554283, 25253
152904, 7529040, 7554297, 25257
152905, 7529050, 7554310, 25260
152906, 7529060, 7554324, 25264
152908, 7529080, 7554337, 25257
152909, 7529090, 7554351, 25261
152910, 7529100, 7554364, 25264
152911, 7529110, 7554378, 25268
152912, 7529120, 7554391, 25271
152913, 7529130, 7554404, 25274
152914, 7529140, 7554418, 25278
152915, 7529150, 7554431, 25281
152916, 7529160, 7558012, 28852
152918, 7529180, 7558026, 28846
152919, 7529190, 7558039, 28849
152920, 7529200, 7558052, 28852
152921, 7529210, 7558066, 28856
152922, 7529220, 7558079, 28859
152923, 7529230, 7558093, 28863
152924, 7529240, 7558106, 28866
152925, 7529250, 7558120, 28870
152926, 7529260, 7558133, 28873
152927, 7529270, 7558146, 28876
152929, 7529290, 7558160, 28870
152930, 7529300, 7558173, 28873
152931, 7529310, 7558187, 28877
152932, 7529320, 7558200, 28880
152933, 7529330, 7558214, 28884
152934, 7529340, 7558227, 28887
152935, 7529350, 7558241, 28891
152936, 7529360, 7558254, 28894
152937, 7529370, 7558267, 28897
152938, 7529380, 7558281, 28901
152940, 7529400, 7558294, 28894
152941, 7529410, 7558308, 28898
152942, 7529420, 7558321, 28901
152943, 7529430, 7558335, 28905
152944, 7529440, 7558348, 28908
152945, 7529450, 7558362, 28912
152946, 7529460, 7558375, 28915
152947, 7529470, 7558388, 28918
152948, 7529480, 7558402, 28922
152951, 7529510, 7558429, 28919
152952, 7529520, 7558442, 28922
152953, 7529530, 7558456, 28926
152954, 7529540, 7558469, 28929
152955, 7529550, 7558482, 28932
152956, 7529560, 7558496, 28936
152957, 7529570, 7558509, 28939
152958, 7529580, 7558523, 28943
152959, 7529590, 7558536, 28946
152961, 7529610, 7558550, 28940
152962, 7529620, 7558563, 28943
152963, 7529630, 7558577, 28947
152964, 7529640, 7558590, 28950
152965, 7529650, 7558603, 28953
152966, 7529660, 7558617, 28957
152967, 7529670, 7558630, 28960
152968, 7529680, 7558644, 28964
152969, 7529690, 7558657, 28967
152971, 7529710, 7558671, 28961
152972, 7529720, 7558684, 28964
152973, 7529730, 7558698, 28968
152974, 7529740, 7558711, 28971
152975, 7529750, 7558724, 28974
152976, 7529760, 7558738, 28978
152977, 7529770, 7558751, 28981
152978, 7529780, 7558765, 28985
152979, 7529790, 7558778, 28988
152980, 7529800, 7558792, 28992
152982, 7529820, 7558805, 28985
152983, 7529830, 7558818, 28988
152984, 7529840, 7558832, 28992
152985, 7529850, 7558845, 28995
152986, 7529860, 7558859, 28999
152987, 7529870, 7558872, 29002
152988, 7529880, 7558886, 29006
152989, 7529890, 7558899, 29009
152990, 7529900, 7558913, 29013
152991, 7529910, 7558926, 29016
152993, 7529930, 7558939, 29009
152994, 7529940, 7558953, 29013
152995, 7529950, 7558966, 29016
152996, 7529960, 7558980, 29020
152997, 7529970, 7558993, 29023
152998, 7529980, 7559007, 29027
152999, 7529990, 7559020, 29030
153402, 7534020, 7559047, 25027
153403, 7534030, 7559060, 25030
153404, 7534040, 7559074, 25034
153405, 7534050, 7559087, 25037
153406, 7534060, 7559101, 25041
153407, 7534070, 7559114, 25044
153408, 7534080, 7559128, 25048
153409, 7534090, 7559141, 25051
153410, 7534100, 7559154, 25054
153412, 7534120, 7559168, 25048
153413, 7534130, 7559181, 25051
153414, 7534140, 7559195, 25055
153415, 7534150, 7559208, 25058
153416, 7534160, 7559222, 25062
153417, 7534170, 7559235, 25065
153418, 7534180, 7559249, 25069
153419, 7534190, 7559262, 25072
153420, 7534200, 7559275, 25075
153421, 7534210, 7559289, 25079
153423, 7534230, 7559302, 25072
153424, 7534240, 7559316, 25076
153425, 7534250, 7559329, 25079
153426, 7534260, 7559343, 25083
153427, 7534270, 7559356, 25086
153428, 7534280, 7559370, 25090
153429, 7534290, 7559383, 25093
153430, 7534300, 7559396, 25096
153431, 7534310, 7559410, 25100
153433, 7534330, 7559423, 25093
153434, 7534340, 7559437, 25097
153435, 7534350, 7559450, 25100
153436, 7534360, 7559464, 25104
153437, 7534370, 7559477, 25107
153438, 7534380, 7559490, 25110
153439, 7534390, 7559504, 25114
153440, 7534400, 7559517, 25117
153441, 7534410, 7559531, 25121
153442, 7534420, 7559544, 25124
153444, 7534440, 7559558, 25118
153445, 7534450, 7559571, 25121
153446, 7534460, 7559585, 25125
153447, 7534470, 7559598, 25128
153448, 7534480, 7559611, 25131
153449, 7534490, 7559625, 25135
153451, 7534510, 7559652, 25142
153452, 7534520, 7559665, 25145
153453, 7534530, 7559679, 25149
153455, 7534550, 7559692, 25142
153456, 7534560, 7559706, 25146
153457, 7534570, 7559719, 25149
153458, 7534580, 7559732, 25152
153459, 7534590, 7559746, 25156
153460, 7534600, 7559759, 25159
153461, 7534610, 7559773, 25163
153462, 7534620, 7559786, 25166
153463, 7534630, 7559800, 25170
153465, 7534650, 7559813, 25163
153466, 7534660, 7559826, 25166
153467, 7534670, 7559840, 25170
153468, 7534680, 7559853, 25173
153469, 7534690, 7559867, 25177
153470, 7534700, 7559880, 25180
153471, 7534710, 7559894, 25184
153472, 7534720, 7559907, 25187
153473, 7534730, 7559921, 25191
153474, 7534740, 7559934, 25194
153476, 7534760, 7559947, 25187
153477, 7534770, 7559961, 25191
153478, 7534780, 7559974, 25194
153479, 7534790, 7559988, 25198
153480, 7534800, 7560001, 25201
153481, 7534810, 7560015, 25205
153482, 7534820, 7560028, 25208
153483, 7534830, 7560042, 25212
153484, 7534840, 7560055, 25215
153485, 7534850, 7560068, 25218
153487, 7534870, 7560082, 25212
153488, 7534880, 7560095, 25215
153489, 7534890, 7560109, 25219
153490, 7534900, 7560122, 25222
153491, 7534910, 7560136, 25226
153492, 7534920, 7560149, 25229
153493, 7534930, 7560162, 25232
153494, 7534940, 7560176, 25236
153495, 7534950, 7560189, 25239
153497, 7534970, 7560203, 25233
153498, 7534980, 7560216, 25236
153499, 7534990, 7560230, 25240
153501, 7535010, 7560257, 25247
153502, 7535020, 7560270, 25250
153503, 7535030, 7560283, 25253
153504, 7535040, 7560297, 25257
153505, 7535050, 7560310, 25260
153506, 7535060, 7560324, 25264
153508, 7535080, 7560337, 25257
153509, 7535090, 7560351, 25261
153510, 7535100, 7560364, 25264
153511, 7535110, 7560378, 25268
153512, 7535120, 7560391, 25271
153513, 7535130, 7560404, 25274
153514, 7535140, 7560418, 25278
153515, 7535150, 7560431, 25281
153516, 7535160, 7564012, 28852
153517, 7535170, 7564026, 28856
153519, 7535190, 7564039, 28849
153520, 7535200, 7564052, 28852
153521, 7535210, 7564066, 28856
153522, 7535220, 7564079, 28859
153523, 7535230, 7564093, 28863
153524, 7535240, 7564106, 28866
153525, 7535250, 7564120, 28870
153526, 7535260, 7564133, 28873
153527, 7535270, 7564146, 28876
153529, 7535290, 7564160, 28870
153530, 7535300, 7564173, 28873
153531, 7535310, 7564187, 28877
153532, 7535320, 7564200, 28880
153533, 7535330, 7564214, 28884
153534, 7535340, 7564227, 28887
153535, 7535350, 7564241, 28891
153536, 7535360, 7564254, 28894
153537, 7535370, 7564267, 28897
153538, 7535380, 7564281, 28901
153540, 7535400, 7564294, 28894
153541, 7535410, 7564308, 28898
153542, 7535420, 7564321, 28901
153543, 7535430, 7564335, 28905
153544, 7535440, 7564348, 28908
153545, 7535450, 7564362, 28912
153546, 7535460, 7564375, 28915
153547, 7535470, 7564388, 28918
153548, 7535480, 7564402, 28922
153551, 7535510, 7564429, 28919
153552, 7535520, 7564442, 28922
153553, 7535530, 7564456, 28926
153554, 7535540, 7564469, 28929
153555, 7535550, 7564482, 28932
153556, 7535560, 7564496, 28936
153557, 7535570, 7564509, 28939
153558, 7535580, 7564523, 28943
153559, 7535590, 7564536, 28946
153561, 7535610, 7564550, 28940
153562, 7535620, 7564563, 28943
153563, 7535630, 7564577, 28947
153564, 7535640, 7564590, 28950
153565, 7535650, 7564603, 28953
153566, 7535660, 7564617, 28957
153567, 7535670, 7564630, 28960
153568, 7535680, 7564644, 28964
153569, 7535690, 7564657, 28967
153570, 7535700, 7564671, 28971
153572, 7535720, 7564684, 28964
153573, 7535730, 7564698, 28968
153574, 7535740, 7564711, 28971
153575, 7535750, 7564724, 28974
153576, 7535760, 7564738, 28978
153577, 7535770, 7564751, 28981
153578, 7535780, 7564765, 28985
153579, 7535790, 7564778, 28988
153580, 7535800, 7564792, 28992
153582, 7535820, 7564805, 28985
153583, 7535830, 7564818, 28988
153584, 7535840, 7564832, 28992
153585, 7535850, 7564845, 28995
153586, 7535860, 7564859, 28999
153587, 7535870, 7564872, 29002
153588, 7535880, 7564886, 29006
153589, 7535890, 7564899, 29009
153590, 7535900, 7564913, 29013
153591, 7535910, 7564926, 29016
153593, 7535930, 7564939, 29009
153594, 7535940, 7564953, 29013
153595, 7535950, 7564966, 29016
153596, 7535960, 7564980, 29020
153597, 7535970, 7564993, 29023
153598, 7535980, 7565007, 29027
153599, 7535990, 7565020, 29030
154002, 7540020, 7565047, 25027
154003, 7540030, 7565060, 25030
154004, 7540040, 7565074, 25034
154005, 7540050, 7565087, 25037
154006, 7540060, 7565101, 25041
154007, 7540070, 7565114, 25044
154008, 7540080, 7565127, 25047
154009, 7540090, 7565141, 25051
154010, 7540100, 7565154, 25054
154012, 7540120, 7565168, 25048
154013, 7540130, 7565181, 25051
154014, 7540140, 7565195, 25055
154015, 7540150, 7565208, 25058
154016, 7540160, 7565222, 25062
154017, 7540170, 7565235, 25065
154018, 7540180, 7565248, 25068
154019, 7540190, 7565262, 25072
154020, 7540200, 7565275, 25075
154021, 7540210, 7565289, 25079
154023, 7540230, 7565302, 25072
154024, 7540240, 7565316, 25076
154025, 7540250, 7565329, 25079
154026, 7540260, 7565342, 25082
154027, 7540270, 7565356, 25086
154028, 7540280, 7565369, 25089
154029, 7540290, 7565383, 25093
154030, 7540300, 7565396, 25096
154031, 7540310, 7565410, 25100
154033, 7540330, 7565423, 25093
154034, 7540340, 7565437, 25097
154035, 7540350, 7565450, 25100
154036, 7540360, 7565463, 25103
154037, 7540370, 7565477, 25107
154038, 7540380, 7565490, 25110
154039, 7540390, 7565504, 25114
154040, 7540400, 7565517, 25117
154041, 7540410, 7565531, 25121
154042, 7540420, 7565544, 25124
154044, 7540440, 7565558, 25118
154045, 7540450, 7565571, 25121
154046, 7540460, 7565584, 25124
154047, 7540470, 7565598, 25128
154048, 7540480, 7565611, 25131
154049, 7540490, 7565625, 25135
154051, 7540510, 7565652, 25142
154052, 7540520, 7565665, 25145
154053, 7540530, 7565678, 25148
154055, 7540550, 7565692, 25142
154056, 7540560, 7565705, 25145
154057, 7540570, 7565719, 25149
154058, 7540580, 7565732, 25152
154059, 7540590, 7565746, 25156
154060, 7540600, 7565759, 25159
154061, 7540610, 7565773, 25163
154062, 7540620, 7565786, 25166
154063, 7540630, 7565799, 25169
154065, 7540650, 7565813, 25163
154066, 7540660, 7565826, 25166
154067, 7540670, 7565840, 25170
154068, 7540680, 7565853, 25173
154069, 7540690, 7565867, 25177
154070, 7540700, 7565880, 25180
154071, 7540710, 7565894, 25184
154072, 7540720, 7565907, 25187
154073, 7540730, 7565920, 25190
154074, 7540740, 7565934, 25194
154076, 7540760, 7565947, 25187
154077, 7540770, 7565961, 25191
154078, 7540780, 7565974, 25194
154079, 7540790, 7565988, 25198
154080, 7540800, 7566001, 25201
154081, 7540810, 7566014, 25204
154082, 7540820, 7566028, 25208
154083, 7540830, 7566041, 25211
154084, 7540840, 7566055, 25215
154085, 7540850, 7566068, 25218
154087, 7540870, 7566082, 25212
154088, 7540880, 7566095, 25215
154089, 7540890, 7566109, 25219
154090, 7540900, 7566122, 25222
154091, 7540910, 7566135, 25225
154092, 7540920, 7566149, 25229
154093, 7540930, 7566162, 25232
154094, 7540940, 7566176, 25236
154095, 7540950, 7566189, 25239
154097, 7540970, 7566203, 25233
154098, 7540980, 7566216, 25236
154099, 7540990, 7566230, 25240
154101, 7541010, 7566256, 25246
154102, 7541020, 7566270, 25250
154103, 7541030, 7566283, 25253
154104, 7541040, 7566297, 25257
154105, 7541050, 7566310, 25260
154106, 7541060, 7566324, 25264
154108, 7541080, 7566337, 25257
154109, 7541090, 7566350, 25260
154110, 7541100, 7566364, 25264
154111, 7541110, 7566377, 25267
154112, 7541120, 7566391, 25271
154113, 7541130, 7566404, 25274
154114, 7541140, 7566418, 25278
154115, 7541150, 7566431, 25281
154116, 7541160, 7570012, 28852
154118, 7541180, 7570026, 28846
154119, 7541190, 7570039, 28849
154120, 7541200, 7570052, 28852
154121, 7541210, 7570066, 28856
154122, 7541220, 7570079, 28859
154123, 7541230, 7570093, 28863
154124, 7541240, 7570106, 28866
154125, 7541250, 7570120, 28870
154126, 7541260, 7570133, 28873
154127, 7541270, 7570146, 28876
154129, 7541290, 7570160, 28870
154130, 7541300, 7570173, 28873
154131, 7541310, 7570187, 28877
154132, 7541320, 7570200, 28880
154133, 7541330, 7570214, 28884
154134, 7541340, 7570227, 28887
154135, 7541350, 7570241, 28891
154136, 7541360, 7570254, 28894
154137, 7541370, 7570267, 28897
154138, 7541380, 7570281, 28901
154140, 7541400, 7570294, 28894
154141, 7541410, 7570308, 28898
154142, 7541420, 7570321, 28901
154143, 7541430, 7570335, 28905
154144, 7541440, 7570348, 28908
154145, 7541450, 7570362, 28912
154146, 7541460, 7570375, 28915
154147, 7541470, 7570388, 28918
154148, 7541480, 7570402, 28922
154151, 7541510, 7570429, 28919
154152, 7541520, 7570442, 28922
154153, 7541530, 7570456, 28926
154154, 7541540, 7570469, 28929
154155, 7541550, 7570482, 28932
154156, 7541560, 7570496, 28936
154157, 7541570, 7570509, 28939
154158, 7541580, 7570523, 28943
154159, 7541590, 7570536, 28946
154161, 7541610, 7570550, 28940
154162, 7541620, 7570563, 28943
154163, 7541630, 7570577, 28947
154164, 7541640, 7570590, 28950
154165, 7541650, 7570603, 28953
154166, 7541660, 7570617, 28957
154167, 7541670, 7570630, 28960
154168, 7541680, 7570644, 28964
154169, 7541690, 7570657, 28967
154171, 7541710, 7570671, 28961
154172, 7541720, 7570684, 28964
154173, 7541730, 7570698, 28968
154174, 7541740, 7570711, 28971
154175, 7541750, 7570724, 28974
154176, 7541760, 7570738, 28978
154177, 7541770, 7570751, 28981
154178, 7541780, 7570765, 28985
154179, 7541790, 7570778, 28988
154180, 7541800, 7570792, 28992
154182, 7541820, 7570805, 28985
154183, 7541830, 7570818, 28988
154184, 7541840, 7570832, 28992
154185, 7541850, 7570845, 28995
154186, 7541860, 7570859, 28999
154187, 7541870, 7570872, 29002
154188, 7541880, 7570886, 29006
154189, 7541890, 7570899, 29009
154190, 7541900, 7570913, 29013
154191, 7541910, 7570926, 29016
154193, 7541930, 7570939, 29009
154194, 7541940, 7570953, 29013
154195, 7541950, 7570966, 29016
154196, 7541960, 7570980, 29020
154197, 7541970, 7570993, 29023
154198, 7541980, 7571007, 29027
154199, 7541990, 7571020, 29030
154602, 7546020, 7571047, 25027
154603, 7546030, 7571060, 25030
154604, 7546040, 7571074, 25034
154605, 7546050, 7571087, 25037
154606, 7546060, 7571101, 25041
154607, 7546070, 7571114, 25044
154608, 7546080, 7571128, 25048
154609, 7546090, 7571141, 25051
154610, 7546100, 7571154, 25054
154612, 7546120, 7571168, 25048
154613, 7546130, 7571181, 25051
154614, 7546140, 7571195, 25055
154615, 7546150, 7571208, 25058
154616, 7546160, 7571222, 25062
154617, 7546170, 7571235, 25065
154618, 7546180, 7571249, 25069
154619, 7546190, 7571262, 25072
154620, 7546200, 7571275, 25075
154621, 7546210, 7571289, 25079
154623, 7546230, 7571302, 25072
154624, 7546240, 7571316, 25076
154625, 7546250, 7571329, 25079
154626, 7546260, 7571343, 25083
154627, 7546270, 7571356, 25086
154628, 7546280, 7571370, 25090
154629, 7546290, 7571383, 25093
154630, 7546300, 7571396, 25096
154631, 7546310, 7571410, 25100
154633, 7546330, 7571423, 25093
154634, 7546340, 7571437, 25097
154635, 7546350, 7571450, 25100
154636, 7546360, 7571464, 25104
154637, 7546370, 7571477, 25107
154638, 7546380, 7571490, 25110
154639, 7546390, 7571504, 25114
154640, 7546400, 7571517, 25117
154641, 7546410, 7571531, 25121
154642, 7546420, 7571544, 25124
154644, 7546440, 7571558, 25118
154645, 7546450, 7571571, 25121
154646, 7546460, 7571585, 25125
154647, 7546470, 7571598, 25128
154648, 7546480, 7571611, 25131
154649, 7546490, 7571625, 25135
154651, 7546510, 7571652, 25142
154652, 7546520, 7571665, 25145
154653, 7546530, 7571679, 25149
154655, 7546550, 7571692, 25142
154656, 7546560, 7571706, 25146
154657, 7546570, 7571719, 25149
154658, 7546580, 7571732, 25152
154659, 7546590, 7571746, 25156
154660, 7546600, 7571759, 25159
154661, 7546610, 7571773, 25163
154662, 7546620, 7571786, 25166
154663, 7546630, 7571800, 25170
154665, 7546650, 7571813, 25163
154666, 7546660, 7571826, 25166
154667, 7546670, 7571840, 25170
154668, 7546680, 7571853, 25173
154669, 7546690, 7571867, 25177
154670, 7546700, 7571880, 25180
154671, 7546710, 7571894, 25184
154672, 7546720, 7571907, 25187
154673, 7546730, 7571921, 25191
154674, 7546740, 7571934, 25194
154676, 7546760, 7571947, 25187
154677, 7546770, 7571961, 25191
154678, 7546780, 7571974, 25194
154679, 7546790, 7571988, 25198
154680, 7546800, 7572001, 25201
154681, 7546810, 7572015, 25205
154682, 7546820, 7572028, 25208
154683, 7546830, 7572042, 25212
154684, 7546840, 7572055, 25215
154685, 7546850, 7572068, 25218
154687, 7546870, 7572082, 25212
154688, 7546880, 7572095, 25215
154689, 7546890, 7572109, 25219
154690, 7546900, 7572122, 25222
154691, 7546910, 7572136, 25226
154692, 7546920, 7572149, 25229
154693, 7546930, 7572162, 25232
154694, 7546940, 7572176, 25236
154695, 7546950, 7572189, 25239
154697, 7546970, 7572203, 25233
154698, 7546980, 7572216, 25236
154699, 7546990, 7572230, 25240
154701, 7547010, 7572257, 25247
154702, 7547020, 7572270, 25250
154703, 7547030, 7572283, 25253
154704, 7547040, 7572297, 25257
154705, 7547050, 7572310, 25260
154706, 7547060, 7572324, 25264
154708, 7547080, 7572337, 25257
154709, 7547090, 7572351, 25261
154710, 7547100, 7572364, 25264
154711, 7547110, 7572378, 25268
154712, 7547120, 7572391, 25271
154713, 7547130, 7572404, 25274
154714, 7547140, 7572418, 25278
154715, 7547150, 7572431, 25281
154716, 7547160, 7576012, 28852
154718, 7547180, 7576026, 28846
154719, 7547190, 7576039, 28849
154720, 7547200, 7576052, 28852
154721, 7547210, 7576066, 28856
154722, 7547220, 7576079, 28859
154723, 7547230, 7576093, 28863
154724, 7547240, 7576106, 28866
154725, 7547250, 7576120, 28870
154726, 7547260, 7576133, 28873
154727, 7547270, 7576146, 28876
154729, 7547290, 7576160, 28870
154730, 7547300, 7576173, 28873
154731, 7547310, 7576187, 28877
154732, 7547320, 7576200, 28880
154733, 7547330, 7576214, 28884
154734, 7547340, 7576227, 28887
154735, 7547350, 7576241, 28891
154736, 7547360, 7576254, 28894
154737, 7547370, 7576267, 28897
154738, 7547380, 7576281, 28901
154740, 7547400, 7576294, 28894
154741, 7547410, 7576308, 28898
154742, 7547420, 7576321, 28901
154743, 7547430, 7576335, 28905
154744, 7547440, 7576348, 28908
154745, 7547450, 7576362, 28912
154746, 7547460, 7576375, 28915
154747, 7547470, 7576388, 28918
154748, 7547480, 7576402, 28922
154751, 7547510, 7576429, 28919
154752, 7547520, 7576442, 28922
154753, 7547530, 7576456, 28926
154754, 7547540, 7576469, 28929
154755, 7547550, 7576482, 28932
154756, 7547560, 7576496, 28936
154757, 7547570, 7576509, 28939
154758, 7547580, 7576523, 28943
154759, 7547590, 7576536, 28946
154761, 7547610, 7576550, 28940
154762, 7547620, 7576563, 28943
154763, 7547630, 7576577, 28947
154764, 7547640, 7576590, 28950
154765, 7547650, 7576603, 28953
154766, 7547660, 7576617, 28957
154767, 7547670, 7576630, 28960
154768, 7547680, 7576644, 28964
154769, 7547690, 7576657, 28967
154771, 7547710, 7576671, 28961
154772, 7547720, 7576684, 28964
154773, 7547730, 7576698, 28968
154774, 7547740, 7576711, 28971
154775, 7547750, 7576724, 28974
154776, 7547760, 7576738, 28978
154777, 7547770, 7576751, 28981
154778, 7547780, 7576765, 28985
154779, 7547790, 7576778, 28988
154780, 7547800, 7576792, 28992
154782, 7547820, 7576805, 28985
154783, 7547830, 7576818, 28988
154784, 7547840, 7576832, 28992
154785, 7547850, 7576845, 28995
154786, 7547860, 7576859, 28999
154787, 7547870, 7576872, 29002
154788, 7547880, 7576886, 29006
154789, 7547890, 7576899, 29009
154790, 7547900, 7576913, 29013
154791, 7547910, 7576926, 29016
154793, 7547930, 7576939, 29009
154794, 7547940, 7576953, 29013
154795, 7547950, 7576966, 29016
154796, 7547960, 7576980, 29020
154797, 7547970, 7576993, 29023
154798, 7547980, 7577007, 29027
154799, 7547990, 7577020, 29030
155202, 7552020, 7577047, 25027
155203, 7552030, 7577060, 25030
155204, 7552040, 7577074, 25034
155205, 7552050, 7577087, 25037
155206, 7552060, 7577101, 25041
155207, 7552070, 7577114, 25044
155208, 7552080, 7577128, 25048
155209, 7552090, 7577141, 25051
155210, 7552100, 7577154, 25054
155212, 7552120, 7577168, 25048
155213, 7552130, 7577181, 25051
155214, 7552140, 7577195, 25055
155215, 7552150, 7577208, 25058
155216, 7552160, 7577222, 25062
155217, 7552170, 7577235, 25065
155218, 7552180, 7577249, 25069
155219, 7552190, 7577262, 25072
155220, 7552200, 7577275, 25075
155221, 7552210, 7577289, 25079
155223, 7552230, 7577302, 25072
155224, 7552240, 7577316, 25076
155225, 7552250, 7577329, 25079
155226, 7552260, 7577343, 25083
155227, 7552270, 7577356, 25086
155228, 7552280, 7577370, 25090
155229, 7552290, 7577383, 25093
155230, 7552300, 7577396, 25096
155231, 7552310, 7577410, 25100
155233, 7552330, 7577423, 25093
155234, 7552340, 7577437, 25097
155235, 7552350, 7577450, 25100
155236, 7552360, 7577464, 25104
155237, 7552370, 7577477, 25107
155238, 7552380, 7577490, 25110
155239, 7552390, 7577504, 25114
155240, 7552400, 7577517, 25117
155241, 7552410, 7577531, 25121
155242, 7552420, 7577544, 25124
155244, 7552440, 7577558, 25118
155245, 7552450, 7577571, 25121
155246, 7552460, 7577585, 25125
155247, 7552470, 7577598, 25128
155248, 7552480, 7577611, 25131
155249, 7552490, 7577625, 25135
155251, 7552510, 7577652, 25142
155252, 7552520, 7577665, 25145
155253, 7552530, 7577679, 25149
155255, 7552550, 7577692, 25142
155256, 7552560, 7577706, 25146
155257, 7552570, 7577719, 25149
155258, 7552580, 7577732, 25152
155259, 7552590, 7577746, 25156
155260, 7552600, 7577759, 25159
155261, 7552610, 7577773, 25163
155262, 7552620, 7577786, 25166
155263, 7552630, 7577800, 25170
155265, 7552650, 7577813, 25163
155266, 7552660, 7577826, 25166
155267, 7552670, 7577840, 25170
155268, 7552680, 7577853, 25173
155269, 7552690, 7577867, 25177
155270, 7552700, 7577880, 25180
155271, 7552710, 7577894, 25184
155272, 7552720, 7577907, 25187
155273, 7552730, 7577921, 25191
155274, 7552740, 7577934, 25194
155276, 7552760, 7577947, 25187
155277, 7552770, 7577961, 25191
155278, 7552780, 7577974, 25194
155279, 7552790, 7577988, 25198
155280, 7552800, 7578001, 25201
155281, 7552810, 7578015, 25205
155282, 7552820, 7578028, 25208
155283, 7552830, 7578042, 25212
155284, 7552840, 7578055, 25215
155285, 7552850, 7578068, 25218
155287, 7552870, 7578082, 25212
155288, 7552880, 7578095, 25215
155289, 7552890, 7578109, 25219
155290, 7552900, 7578122, 25222
155291, 7552910, 7578136, 25226
155292, 7552920, 7578149, 25229
155293, 7552930, 7578162, 25232
155294, 7552940, 7578176, 25236
155295, 7552950, 7578189, 25239
155297, 7552970, 7578203, 25233
155298, 7552980, 7578216, 25236
155299, 7552990, 7578230, 25240
155301, 7553010, 7578257, 25247
155302, 7553020, 7578270, 25250
155303, 7553030, 7578283, 25253
155304, 7553040, 7578297, 25257
155305, 7553050, 7578310, 25260
155306, 7553060, 7578324, 25264
155308, 7553080, 7578337, 25257
155309, 7553090, 7578351, 25261
155310, 7553100, 7578364, 25264
155311, 7553110, 7578378, 25268
155312, 7553120, 7578391, 25271
155313, 7553130, 7578404, 25274
155314, 7553140, 7578418, 25278
155315, 7553150, 7578431, 25281
155316, 7553160, 7582012, 28852
155318, 7553180, 7582026, 28846
155319, 7553190, 7582039, 28849
155320, 7553200, 7582052, 28852
155321, 7553210, 7582066, 28856
155322, 7553220, 7582079, 28859
155323, 7553230, 7582093, 28863
155324, 7553240, 7582106, 28866
155325, 7553250, 7582120, 28870
155326, 7553260, 7582133, 28873
155327, 7553270, 7582146, 28876
155329, 7553290, 7582160, 28870
155330, 7553300, 7582173, 28873
155331, 7553310, 7582187, 28877
155332, 7553320, 7582200, 28880
155333, 7553330, 7582214, 28884
155334, 7553340, 7582227, 28887
155335, 7553350, 7582241, 28891
155336, 7553360, 7582254, 28894
155337, 7553370, 7582267, 28897
155338, 7553380, 7582281, 28901
155340, 7553400, 7582294, 28894
155341, 7553410, 7582308, 28898
155342, 7553420, 7582321, 28901
155343, 7553430, 7582335, 28905
155344, 7553440, 7582348, 28908
155345, 7553450, 7582362, 28912
155346, 7553460, 7582375, 28915
155347, 7553470, 7582388, 28918
155348, 7553480, 7582402, 28922
155351, 7553510, 7582429, 28919
155352, 7553520, 7582442, 28922
155353, 7553530, 7582456, 28926
155354, 7553540, 7582469, 28929
155355, 7553550, 7582482, 28932
155356, 7553560, 7582496, 28936
155357, 7553570, 7582509, 28939
155358, 7553580, 7582523, 28943
155359, 7553590, 7582536, 28946
155361, 7553610, 7582550, 28940
155362, 7553620, 7582563, 28943
155363, 7553630, 7582577, 28947
155364, 7553640, 7582590, 28950
155365, 7553650, 7582603, 28953
155366, 7553660, 7582617, 28957
155367, 7553670, 7582630, 28960
155368, 7553680, 7582644, 28964
155369, 7553690, 7582657, 28967
155371, 7553710, 7582671, 28961
155372, 7553720, 7582684, 28964
155373, 7553730, 7582698, 28968
155374, 7553740, 7582711, 28971
155375, 7553750, 7582724, 28974
155376, 7553760, 7582738, 28978
155377, 7553770, 7582751, 28981
155378, 7553780, 7582765, 28985
155379, 7553790, 7582778, 28988
155380, 7553800, 7582792, 28992
155382, 7553820, 7582805, 28985
155383, 7553830, 7582818, 28988
155384, 7553840, 7582832, 28992
155385, 7553850, 7582845, 28995
155386, 7553860, 7582859, 28999
155387, 7553870, 7582872, 29002
155388, 7553880, 7582886, 29006
155389, 7553890, 7582899, 29009
155390, 7553900, 7582913, 29013
155391, 7553910, 7582926, 29016
155393, 7553930, 7582939, 29009
155394, 7553940, 7582953, 29013
155395, 7553950, 7582966, 29016
155396, 7553960, 7582980, 29020
155397, 7553970, 7582993, 29023
155398, 7553980, 7583007, 29027
155399, 7553990, 7583020, 29030
155802, 7558020, 7583047, 25027
155803, 7558030, 7583060, 25030
155804, 7558040, 7583074, 25034
155805, 7558050, 7583087, 25037
155806, 7558060, 7583101, 25041
155807, 7558070, 7583114, 25044
155808, 7558080, 7583128, 25048
155809, 7558090, 7583141, 25051
155810, 7558100, 7583154, 25054
155812, 7558120, 7583168, 25048
155813, 7558130, 7583181, 25051
155814, 7558140, 7583195, 25055
155815, 7558150, 7583208, 25058
155816, 7558160, 7583222, 25062
155817, 7558170, 7583235, 25065
155818, 7558180, 7583249, 25069
155819, 7558190, 7583262, 25072
155820, 7558200, 7583275, 25075
155821, 7558210, 7583289, 25079
155823, 7558230, 7583302, 25072
155824, 7558240, 7583316, 25076
155825, 7558250, 7583329, 25079
155826, 7558260, 7583343, 25083
155827, 7558270, 7583356, 25086
155828, 7558280, 7583370, 25090
155829, 7558290, 7583383, 25093
155830, 7558300, 7583396, 25096
155831, 7558310, 7583410, 25100
155833, 7558330, 7583423, 25093
155834, 7558340, 7583437, 25097
155835, 7558350, 7583450, 25100
155836, 7558360, 7583464, 25104
155837, 7558370, 7583477, 25107
155838, 7558380, 7583490, 25110
155839, 7558390, 7583504, 25114
155840, 7558400, 7583517, 25117
155841, 7558410, 7583531, 25121
155842, 7558420, 7583544, 25124
155844, 7558440, 7583558, 25118
155845, 7558450, 7583571, 25121
155846, 7558460, 7583585, 25125
155847, 7558470, 7583598, 25128
155848, 7558480, 7583611, 25131
155849, 7558490, 7583625, 25135
155851, 7558510, 7583652, 25142
155852, 7558520, 7583665, 25145
155853, 7558530, 7583679, 25149
155855, 7558550, 7583692, 25142
155856, 7558560, 7583706, 25146
155857, 7558570, 7583719, 25149
155858, 7558580, 7583732, 25152
155859, 7558590, 7583746, 25156
155860, 7558600, 7583759, 25159
155861, 7558610, 7583773, 25163
155862, 7558620, 7583786, 25166
155863, 7558630, 7583800, 25170
155865, 7558650, 7583813, 25163
155866, 7558660, 7583826, 25166
155867, 7558670, 7583840, 25170
155868, 7558680, 7583853, 25173
155869, 7558690, 7583867, 25177
155870, 7558700, 7583880, 25180
155871, 7558710, 7583894, 25184
155872, 7558720, 7583907, 25187
155873, 7558730, 7583921, 25191
155874, 7558740, 7583934, 25194
155876, 7558760, 7583947, 25187
155877, 7558770, 7583961, 25191
155878, 7558780, 7583974, 25194
155879, 7558790, 7583988, 25198
155880, 7558800, 7584001, 25201
155881, 7558810, 7584015, 25205
155882, 7558820, 7584028, 25208
155883, 7558830, 7584042, 25212
155884, 7558840, 7584055, 25215
155885, 7558850, 7584068, 25218
155887, 7558870, 7584082, 25212
155888, 7558880, 7584095, 25215
155889, 7558890, 7584109, 25219
155890, 7558900, 7584122, 25222
155891, 7558910, 7584136, 25226
155892, 7558920, 7584149, 25229
155893, 7558930, 7584162, 25232
155894, 7558940, 7584176, 25236
155895, 7558950, 7584189, 25239
155897, 7558970, 7584203, 25233
155898, 7558980, 7584216, 25236
155899, 7558990, 7584230, 25240
155901, 7559010, 7584257, 25247
155902, 7559020, 7584270, 25250
155903, 7559030, 7584283, 25253
155904, 7559040, 7584297, 25257
155905, 7559050, 7584310, 25260
155906, 7559060, 7584324, 25264
155908, 7559080, 7584337, 25257
155909, 7559090, 7584351, 25261
155910, 7559100, 7584364, 25264
155911, 7559110, 7584378, 25268
155912, 7559120, 7584391, 25271
155913, 7559130, 7584404, 25274
155914, 7559140, 7584418, 25278
155915, 7559150, 7584431, 25281
155916, 7559160, 7588012, 28852
155918, 7559180, 7588026, 28846
155919, 7559190, 7588039, 28849
155920, 7559200, 7588052, 28852
155921, 7559210, 7588066, 28856
155922, 7559220, 7588079, 28859
155923, 7559230, 7588093, 28863
155924, 7559240, 7588106, 28866
155925, 7559250, 7588120, 28870
155926, 7559260, 7588133, 28873
155927, 7559270, 7588146, 28876
155929, 7559290, 7588160, 28870
155930, 7559300, 7588173, 28873
155931, 7559310, 7588187, 28877
155932, 7559320, 7588200, 28880
155933, 7559330, 7588214, 28884
155934, 7559340, 7588227, 28887
155935, 7559350, 7588241, 28891
155936, 7559360, 7588254, 28894
155937, 7559370, 7588267, 28897
155938, 7559380, 7588281, 28901
155940, 7559400, 7588294, 28894
155941, 7559410, 7588308, 28898
155942, 7559420, 7588321, 28901
155943, 7559430, 7588335, 28905
155944, 7559440, 7588348, 28908
155945, 7559450, 7588362, 28912
155946, 7559460, 7588375, 28915
155947, 7559470, 7588388, 28918
155948, 7559480, 7588402, 28922
155951, 7559510, 7588429, 28919
155952, 7559520, 7588442, 28922
155953, 7559530, 7588456, 28926
155954, 7559540, 7588469, 28929
155955, 7559550, 7588482, 28932
155956, 7559560, 7588496, 28936
155957, 7559570, 7588509, 28939
155958, 7559580, 7588523, 28943
155959, 7559590, 7588536, 28946
155961, 7559610, 7588550, 28940
155962, 7559620, 7588563, 28943
155963, 7559630, 7588577, 28947
155964, 7559640, 7588590, 28950
155965, 7559650, 7588603, 28953
155966, 7559660, 7588617, 28957
155967, 7559670, 7588630, 28960
155968, 7559680, 7588644, 28964
155969, 7559690, 7588657, 28967
155971, 7559710, 7588671, 28961
155972, 7559720, 7588684, 28964
155973, 7559730, 7588698, 28968
155974, 7559740, 7588711, 28971
155975, 7559750, 7588724, 28974
155976, 7559760, 7588738, 28978
155977, 7559770, 7588751, 28981
155978, 7559780, 7588765, 28985
155979, 7559790, 7588778, 28988
155980, 7559800, 7588792, 28992
155982, 7559820, 7588805, 28985
155983, 7559830, 7588818, 28988
155984, 7559840, 7588832, 28992
155985, 7559850, 7588845, 28995
155986, 7559860, 7588859, 28999
155987, 7559870, 7588872, 29002
155988, 7559880, 7588886, 29006
155989, 7559890, 7588899, 29009
155990, 7559900, 7588913, 29013
155991, 7559910, 7588926, 29016
155993, 7559930, 7588939, 29009
155994, 7559940, 7588953, 29013
155995, 7559950, 7588966, 29016
155996, 7559960, 7588980, 29020
155997, 7559970, 7588993, 29023
155998, 7559980, 7589007, 29027
155999, 7559990, 7589020, 29030
156402, 7564020, 7589047, 25027
156403, 7564030, 7589060, 25030
156404, 7564040, 7589074, 25034
156405, 7564050, 7589087, 25037
156406, 7564060, 7589101, 25041
156407, 7564070, 7589114, 25044
156408, 7564080, 7589128, 25048
156409, 7564090, 7589141, 25051
156410, 7564100, 7589154, 25054
156412, 7564120, 7589168, 25048
156413, 7564130, 7589181, 25051
156414, 7564140, 7589195, 25055
156415, 7564150, 7589208, 25058
156416, 7564160, 7589222, 25062
156417, 7564170, 7589235, 25065
156418, 7564180, 7589249, 25069
156419, 7564190, 7589262, 25072
156420, 7564200, 7589275, 25075
156421, 7564210, 7589289, 25079
156423, 7564230, 7589302, 25072
156424, 7564240, 7589316, 25076
156425, 7564250, 7589329, 25079
156426, 7564260, 7589343, 25083
156427, 7564270, 7589356, 25086
156428, 7564280, 7589370, 25090
156429, 7564290, 7589383, 25093
156430, 7564300, 7589396, 25096
156431, 7564310, 7589410, 25100
156433, 7564330, 7589423, 25093
156434, 7564340, 7589437, 25097
156435, 7564350, 7589450, 25100
156436, 7564360, 7589464, 25104
156437, 7564370, 7589477, 25107
156438, 7564380, 7589490, 25110
156439, 7564390, 7589504, 25114
156440, 7564400, 7589517, 25117
156441, 7564410, 7589531, 25121
156442, 7564420, 7589544, 25124
156444, 7564440, 7589558, 25118
156445, 7564450, 7589571, 25121
156446, 7564460, 7589585, 25125
156447, 7564470, 7589598, 25128
156448, 7564480, 7589611, 25131
156449, 7564490, 7589625, 25135
156451, 7564510, 7589652, 25142
156452, 7564520, 7589665, 25145
156453, 7564530, 7589679, 25149
156455, 7564550, 7589692, 25142
156456, 7564560, 7589706, 25146
156457, 7564570, 7589719, 25149
156458, 7564580, 7589732, 25152
156459, 7564590, 7589746, 25156
156460, 7564600, 7589759, 25159
156461, 7564610, 7589773, 25163
156462, 7564620, 7589786, 25166
156463, 7564630, 7589800, 25170
156465, 7564650, 7589813, 25163
156466, 7564660, 7589826, 25166
156467, 7564670, 7589840, 25170
156468, 7564680, 7589853, 25173
156469, 7564690, 7589867, 25177
156470, 7564700, 7589880, 25180
156471, 7564710, 7589894, 25184
156472, 7564720, 7589907, 25187
156473, 7564730, 7589921, 25191
156474, 7564740, 7589934, 25194
156476, 7564760, 7589947, 25187
156477, 7564770, 7589961, 25191
156478, 7564780, 7589974, 25194
156479, 7564790, 7589988, 25198
156480, 7564800, 7590001, 25201
156481, 7564810, 7590015, 25205
156482, 7564820, 7590028, 25208
156483, 7564830, 7590042, 25212
156484, 7564840, 7590055, 25215
156485, 7564850, 7590068, 25218
156487, 7564870, 7590082, 25212
156488, 7564880, 7590095, 25215
156489, 7564890, 7590109, 25219
156490, 7564900, 7590122, 25222
156491, 7564910, 7590136, 25226
156492, 7564920, 7590149, 25229
156493, 7564930, 7590162, 25232
156494, 7564940, 7590176, 25236
156495, 7564950, 7590189, 25239
156497, 7564970, 7590203, 25233
156498, 7564980, 7590216, 25236
156499, 7564990, 7590230, 25240
156501, 7565010, 7590257, 25247
156502, 7565020, 7590270, 25250
156503, 7565030, 7590283, 25253
156504, 7565040, 7590297, 25257
156505, 7565050, 7590310, 25260
156506, 7565060, 7590324, 25264
156508, 7565080, 7590337, 25257
156509, 7565090, 7590351, 25261
156510, 7565100, 7590364, 25264
156511, 7565110, 7590378, 25268
156512, 7565120, 7590391, 25271
156513, 7565130, 7590404, 25274
156514, 7565140, 7590418, 25278
156515, 7565150, 7590431, 25281
156516, 7565160, 7594012, 28852
156517, 7565170, 7594026, 28856
156519, 7565190, 7594039, 28849
156520, 7565200, 7594052, 28852
156521, 7565210, 7594066, 28856
156522, 7565220, 7594079, 28859
156523, 7565230, 7594093, 28863
156524, 7565240, 7594106, 28866
156525, 7565250, 7594120, 28870
156526, 7565260, 7594133, 28873
156527, 7565270, 7594146, 28876
156529, 7565290, 7594160, 28870
156530, 7565300, 7594173, 28873
156531, 7565310, 7594187, 28877
156532, 7565320, 7594200, 28880
156533, 7565330, 7594214, 28884
156534, 7565340, 7594227, 28887
156535, 7565350, 7594241, 28891
156536, 7565360, 7594254, 28894
156537, 7565370, 7594267, 28897
156538, 7565380, 7594281, 28901
156540, 7565400, 7594294, 28894
156541, 7565410, 7594308, 28898
156542, 7565420, 7594321, 28901
156543, 7565430, 7594335, 28905
156544, 7565440, 7594348, 28908
156545, 7565450, 7594362, 28912
156546, 7565460, 7594375, 28915
156547, 7565470, 7594388, 28918
156548, 7565480, 7594402, 28922
156551, 7565510, 7594429, 28919
156552, 7565520, 7594442, 28922
156553, 7565530, 7594456, 28926
156554, 7565540, 7594469, 28929
156555, 7565550, 7594482, 28932
156556, 7565560, 7594496, 28936
156557, 7565570, 7594509, 28939
156558, 7565580, 7594523, 28943
156559, 7565590, 7594536, 28946
156561, 7565610, 7594550, 28940
156562, 7565620, 7594563, 28943
156563, 7565630, 7594577, 28947
156564, 7565640, 7594590, 28950
156565, 7565650, 7594603, 28953
156566, 7565660, 7594617, 28957
156567, 7565670, 7594630, 28960
156568, 7565680, 7594644, 28964
156569, 7565690, 7594657, 28967
156570, 7565700, 7594671, 28971
156572, 7565720, 7594684, 28964
156573, 7565730, 7594698, 28968
156574, 7565740, 7594711, 28971
156575, 7565750, 7594724, 28974
156576, 7565760, 7594738, 28978
156577, 7565770, 7594751, 28981
156578, 7565780, 7594765, 28985
156579, 7565790, 7594778, 28988
156580, 7565800, 7594792, 28992
156582, 7565820, 7594805, 28985
156583, 7565830, 7594818, 28988
156584, 7565840, 7594832, 28992
156585, 7565850, 7594845, 28995
156586, 7565860, 7594859, 28999
156587, 7565870, 7594872, 29002
156588, 7565880, 7594886, 29006
156589, 7565890, 7594899, 29009
156590, 7565900, 7594913, 29013
156591, 7565910, 7594926, 29016
156593, 7565930, 7594939, 29009
156594, 7565940, 7594953, 29013
156595, 7565950, 7594966, 29016
156596, 7565960, 7594980, 29020
156597, 7565970, 7594993, 29023
156598, 7565980, 7595007, 29027
156599, 7565990, 7595020, 29030
157002, 7570020, 7595047, 25027
157003, 7570030, 7595060, 25030
157004, 7570040, 7595074, 25034
157005, 7570050, 7595087, 25037
157006, 7570060, 7595101, 25041
157007, 7570070, 7595114, 25044
157008, 7570080, 7595127, 25047
157009, 7570090, 7595141, 25051
157010, 7570100, 7595154, 25054
157012, 7570120, 7595168, 25048
157013, 7570130, 7595181, 25051
157014, 7570140, 7595195, 25055
157015, 7570150, 7595208, 25058
157016, 7570160, 7595222, 25062
157017, 7570170, 7595235, 25065
157018, 7570180, 7595248, 25068
157019, 7570190, 7595262, 25072
157020, 7570200, 7595275, 25075
157021, 7570210, 7595289, 25079
157023, 7570230, 7595302, 25072
157024, 7570240, 7595316, 25076
157025, 7570250, 7595329, 25079
157026, 7570260, 7595342, 25082
157027, 7570270, 7595356, 25086
157028, 7570280, 7595369, 25089
157029, 7570290, 7595383, 25093
157030, 7570300, 7595396, 25096
157031, 7570310, 7595410, 25100
157033, 7570330, 7595423, 25093
157034, 7570340, 7595437, 25097
157035, 7570350, 7595450, 25100
157036, 7570360, 7595463, 25103
157037, 7570370, 7595477, 25107
157038, 7570380, 7595490, 25110
157039, 7570390, 7595504, 25114
157040, 7570400, 7595517, 25117
157041, 7570410, 7595531, 25121
157042, 7570420, 7595544, 25124
157044, 7570440, 7595558, 25118
157045, 7570450, 7595571, 25121
157046, 7570460, 7595584, 25124
157047, 7570470, 7595598, 25128
157048, 7570480, 7595611, 25131
157049, 7570490, 7595625, 25135
157051, 7570510, 7595652, 25142
157052, 7570520, 7595665, 25145
157053, 7570530, 7595678, 25148
157055, 7570550, 7595692, 25142
157056, 7570560, 7595705, 25145
157057, 7570570, 7595719, 25149
157058, 7570580, 7595732, 25152
157059, 7570590, 7595746, 25156
157060, 7570600, 7595759, 25159
157061, 7570610, 7595773, 25163
157062, 7570620, 7595786, 25166
157063, 7570630, 7595799, 25169
157065, 7570650, 7595813, 25163
157066, 7570660, 7595826, 25166
157067, 7570670, 7595840, 25170
157068, 7570680, 7595853, 25173
157069, 7570690, 7595867, 25177
157070, 7570700, 7595880, 25180
157071, 7570710, 7595894, 25184
157072, 7570720, 7595907, 25187
157073, 7570730, 7595920, 25190
157074, 7570740, 7595934, 25194
157076, 7570760, 7595947, 25187
157077, 7570770, 7595961, 25191
157078, 7570780, 7595974, 25194
157079, 7570790, 7595988, 25198
157080, 7570800, 7596001, 25201
157081, 7570810, 7596014, 25204
157082, 7570820, 7596028, 25208
157083, 7570830, 7596041, 25211
157084, 7570840, 7596055, 25215
157085, 7570850, 7596068, 25218
157087, 7570870, 7596082, 25212
157088, 7570880, 7596095, 25215
157089, 7570890, 7596109, 25219
157090, 7570900, 7596122, 25222
157091, 7570910, 7596135, 25225
157092, 7570920, 7596149, 25229
157093, 7570930, 7596162, 25232
157094, 7570940, 7596176, 25236
157095, 7570950, 7596189, 25239
157097, 7570970, 7596203, 25233
157098, 7570980, 7596216, 25236
157099, 7570990, 7596230, 25240
157101, 7571010, 7596256, 25246
157102, 7571020, 7596270, 25250
157103, 7571030, 7596283, 25253
157104, 7571040, 7596297, 25257
157105, 7571050, 7596310, 25260
157106, 7571060, 7596324, 25264
157108, 7571080, 7596337, 25257
157109, 7571090, 7596350, 25260
157110, 7571100, 7596364, 25264
157111, 7571110, 7596377, 25267
157112, 7571120, 7596391, 25271
157113, 7571130, 7596404, 25274
157114, 7571140, 7596418, 25278
157115, 7571150, 7596431, 25281
157116, 7571160, 7600012, 28852
157118, 7571180, 7600026, 28846
157119, 7571190, 7600039, 28849
157120, 7571200, 7600052, 28852
157121, 7571210, 7600066, 28856
157122, 7571220, 7600079, 28859
157123, 7571230, 7600093, 28863
157124, 7571240, 7600106, 28866
157125, 7571250, 7600120, 28870
157126, 7571260, 7600133, 28873
157127, 7571270, 7600146, 28876
157129, 7571290, 7600160, 28870
157130, 7571300, 7600173, 28873
157131, 7571310, 7600187, 28877
157132, 7571320, 7600200, 28880
157133, 7571330, 7600214, 28884
157134, 7571340, 7600227, 28887
157135, 7571350, 7600241, 28891
157136, 7571360, 7600254, 28894
157137, 7571370, 7600267, 28897
157138, 7571380, 7600281, 28901
157140, 7571400, 7600294, 28894
157141, 7571410, 7600308, 28898
157142, 7571420, 7600321, 28901
157143, 7571430, 7600335, 28905
157144, 7571440, 7600348, 28908
157145, 7571450, 7600362, 28912
157146, 7571460, 7600375, 28915
157147, 7571470, 7600388, 28918
157148, 7571480, 7600402, 28922
157151, 7571510, 7600429, 28919
157152, 7571520, 7600442, 28922
157153, 7571530, 7600456, 28926
157154, 7571540, 7600469, 28929
157155, 7571550, 7600482, 28932
157156, 7571560, 7600496, 28936
157157, 7571570, 7600509, 28939
157158, 7571580, 7600523, 28943
157159, 7571590, 7600536, 28946
157161, 7571610, 7600550, 28940
157162, 7571620, 7600563, 28943
157163, 7571630, 7600577, 28947
157164, 7571640, 7600590, 28950
157165, 7571650, 7600603, 28953
157166, 7571660, 7600617, 28957
157167, 7571670, 7600630, 28960
157168, 7571680, 7600644, 28964
157169, 7571690, 7600657, 28967
157171, 7571710, 7600671, 28961
157172, 7571720, 7600684, 28964
157173, 7571730, 7600698, 28968
157174, 7571740, 7600711, 28971
157175, 7571750, 7600724, 28974
157176, 7571760, 7600738, 28978
157177, 7571770, 7600751, 28981
157178, 7571780, 7600765, 28985
157179, 7571790, 7600778, 28988
157180, 7571800, 7600792, 28992
157182, 7571820, 7600805, 28985
157183, 7571830, 7600818, 28988
157184, 7571840, 7600832, 28992
157185, 7571850, 7600845, 28995
157186, 7571860, 7600859, 28999
157187, 7571870, 7600872, 29002
157188, 7571880, 7600886, 29006
157189, 7571890, 7600899, 29009
157190, 7571900, 7600913, 29013
157191, 7571910, 7600926, 29016
157193, 7571930, 7600939, 29009
157194, 7571940, 7600953, 29013
157195, 7571950, 7600966, 29016
157196, 7571960, 7600980, 29020
157197, 7571970, 7600993, 29023
157198, 7571980, 7601007, 29027
157199, 7571990, 7601020, 29030
157602, 7576020, 7601047, 25027
157603, 7576030, 7601060, 25030
157604, 7576040, 7601074, 25034
157605, 7576050, 7601087, 25037
157606, 7576060, 7601101, 25041
157607, 7576070, 7601114, 25044
157608, 7576080, 7601128, 25048
157609, 7576090, 7601141, 25051
157610, 7576100, 7601154, 25054
157612, 7576120, 7601168, 25048
157613, 7576130, 7601181, 25051
157614, 7576140, 7601195, 25055
157615, 7576150, 7601208, 25058
157616, 7576160, 7601222, 25062
157617, 7576170, 7601235, 25065
157618, 7576180, 7601249, 25069
157619, 7576190, 7601262, 25072
157620, 7576200, 7601275, 25075
157621, 7576210, 7601289, 25079
157623, 7576230, 7601302, 25072
157624, 7576240, 7601316, 25076
157625, 7576250, 7601329, 25079
157626, 7576260, 7601343, 25083
157627, 7576270, 7601356, 25086
157628, 7576280, 7601370, 25090
157629, 7576290, 7601383, 25093
157630, 7576300, 7601396, 25096
157631, 7576310, 7601410, 25100
157633, 7576330, 7601423, 25093
157634, 7576340, 7601437, 25097
157635, 7576350, 7601450, 25100
157636, 7576360, 7601464, 25104
157637, 7576370, 7601477, 25107
157638, 7576380, 7601490, 25110
157639, 7576390, 7601504, 25114
157640, 7576400, 7601517, 25117
157641, 7576410, 7601531, 25121
157642, 7576420, 7601544, 25124
157644, 7576440, 7601558, 25118
157645, 7576450, 7601571, 25121
157646, 7576460, 7601585, 25125
157647, 7576470, 7601598, 25128
157648, 7576480, 7601611, 25131
157649, 7576490, 7601625, 25135
157651, 7576510, 7601652, 25142
157652, 7576520, 7601665, 25145
157653, 7576530, 7601679, 25149
157655, 7576550, 7601692, 25142
157656, 7576560, 7601706, 25146
157657, 7576570, 7601719, 25149
157658, 7576580, 7601732, 25152
157659, 7576590, 7601746, 25156
157660, 7576600, 7601759, 25159
157661, 7576610, 7601773, 25163
157662, 7576620, 7601786, 25166
157663, 7576630, 7601800, 25170
157665, 7576650, 7601813, 25163
157666, 7576660, 7601826, 25166
157667, 7576670, 7601840, 25170
157668, 7576680, 7601853, 25173
157669, 7576690, 7601867, 25177
157670, 7576700, 7601880, 25180
157671, 7576710, 7601894, 25184
157672, 7576720, 7601907, 25187
157673, 7576730, 7601921, 25191
157674, 7576740, 7601934, 25194
157676, 7576760, 7601947, 25187
157677, 7576770, 7601961, 25191
157678, 7576780, 7601974, 25194
157679, 7576790, 7601988, 25198
157680, 7576800, 7602001, 25201
157681, 7576810, 7602015, 25205
157682, 7576820, 7602028, 25208
157683, 7576830, 7602042, 25212
157684, 7576840, 7602055, 25215
157685, 7576850, 7602068, 25218
157687, 7576870, 7602082, 25212
157688, 7576880, 7602095, 25215
157689, 7576890, 7602109, 25219
157690, 7576900, 7602122, 25222
157691, 7576910, 7602136, 25226
157692, 7576920, 7602149, 25229
157693, 7576930, 7602162, 25232
157694, 7576940, 7602176, 25236
157695, 7576950, 7602189, 25239
157697, 7576970, 7602203, 25233
157698, 7576980, 7602216, 25236
157699, 7576990, 7602230, 25240
157701, 7577010, 7602257, 25247
157702, 7577020, 7602270, 25250
157703, 7577030, 7602283, 25253
157704, 7577040, 7602297, 25257
157705, 7577050, 7602310, 25260
157706, 7577060, 7602324, 25264
157708, 7577080, 7602337, 25257
157709, 7577090, 7602351, 25261
157710, 7577100, 7602364, 25264
157711, 7577110, 7602378, 25268
157712, 7577120, 7602391, 25271
157713, 7577130, 7602404, 25274
157714, 7577140, 7602418, 25278
157715, 7577150, 7602431, 25281
157716, 7577160, 7606012, 28852
157718, 7577180, 7606026, 28846
157719, 7577190, 7606039, 28849
157720, 7577200, 7606052, 28852
157721, 7577210, 7606066, 28856
157722, 7577220, 7606079, 28859
157723, 7577230, 7606093, 28863
157724, 7577240, 7606106, 28866
157725, 7577250, 7606120, 28870
157726, 7577260, 7606133, 28873
157727, 7577270, 7606146, 28876
157729, 7577290, 7606160, 28870
157730, 7577300, 7606173, 28873
157731, 7577310, 7606187, 28877
157732, 7577320, 7606200, 28880
157733, 7577330, 7606214, 28884
157734, 7577340, 7606227, 28887
157735, 7577350, 7606241, 28891
157736, 7577360, 7606254, 28894
157737, 7577370, 7606267, 28897
157738, 7577380, 7606281, 28901
157740, 7577400, 7606294, 28894
157741, 7577410, 7606308, 28898
157742, 7577420, 7606321, 28901
157743, 7577430, 7606335, 28905
157744, 7577440, 7606348, 28908
157745, 7577450, 7606362, 28912
157746, 7577460, 7606375, 28915
157747, 7577470, 7606388, 28918
157748, 7577480, 7606402, 28922
157751, 7577510, 7606429, 28919
157752, 7577520, 7606442, 28922
157753, 7577530, 7606456, 28926
157754, 7577540, 7606469, 28929
157755, 7577550, 7606482, 28932
157756, 7577560, 7606496, 28936
157757, 7577570, 7606509, 28939
157758, 7577580, 7606523, 28943
157759, 7577590, 7606536, 28946
157761, 7577610, 7606550, 28940
157762, 7577620, 7606563, 28943
157763, 7577630, 7606577, 28947
157764, 7577640, 7606590, 28950
157765, 7577650, 7606603, 28953
157766, 7577660, 7606617, 28957
157767, 7577670, 7606630, 28960
157768, 7577680, 7606644, 28964
157769, 7577690, 7606657, 28967
157771, 7577710, 7606671, 28961
157772, 7577720, 7606684, 28964
157773, 7577730, 7606698, 28968
157774, 7577740, 7606711, 28971
157775, 7577750, 7606724, 28974
157776, 7577760, 7606738, 28978
157777, 7577770, 7606751, 28981
157778, 7577780, 7606765, 28985
157779, 7577790, 7606778, 28988
157780, 7577800, 7606792, 28992
157782, 7577820, 7606805, 28985
157783, 7577830, 7606818, 28988
157784, 7577840, 7606832, 28992
157785, 7577850, 7606845, 28995
157786, 7577860, 7606859, 28999
157787, 7577870, 7606872, 29002
157788, 7577880, 7606886, 29006
157789, 7577890, 7606899, 29009
157790, 7577900, 7606913, 29013
157791, 7577910, 7606926, 29016
157793, 7577930, 7606939, 29009
157794, 7577940, 7606953, 29013
157795, 7577950, 7606966, 29016
157796, 7577960, 7606980, 29020
157797, 7577970, 7606993, 29023
157798, 7577980, 7607007, 29027
157799, 7577990, 7607020, 29030
158202, 7582020, 7607047, 25027
158203, 7582030, 7607060, 25030
158204, 7582040, 7607074, 25034
158205, 7582050, 7607087, 25037
158206, 7582060, 7607101, 25041
158207, 7582070, 7607114, 25044
158208, 7582080, 7607128, 25048
158209, 7582090, 7607141, 25051
158210, 7582100, 7607154, 25054
158212, 7582120, 7607168, 25048
158213, 7582130, 7607181, 25051
158214, 7582140, 7607195, 25055
158215, 7582150, 7607208, 25058
158216, 7582160, 7607222, 25062
158217, 7582170, 7607235, 25065
158218, 7582180, 7607249, 25069
158219, 7582190, 7607262, 25072
158220, 7582200, 7607275, 25075
158221, 7582210, 7607289, 25079
158223, 7582230, 7607302, 25072
158224, 7582240, 7607316, 25076
158225, 7582250, 7607329, 25079
158226, 7582260, 7607343, 25083
158227, 7582270, 7607356, 25086
158228, 7582280, 7607370, 25090
158229, 7582290, 7607383, 25093
158230, 7582300, 7607396, 25096
158231, 7582310, 7607410, 25100
158233, 7582330, 7607423, 25093
158234, 7582340, 7607437, 25097
158235, 7582350, 7607450, 25100
158236, 7582360, 7607464, 25104
158237, 7582370, 7607477, 25107
158238, 7582380, 7607490, 25110
158239, 7582390, 7607504, 25114
158240, 7582400, 7607517, 25117
158241, 7582410, 7607531, 25121
158242, 7582420, 7607544, 25124
158244, 7582440, 7607558, 25118
158245, 7582450, 7607571, 25121
158246, 7582460, 7607585, 25125
158247, 7582470, 7607598, 25128
158248, 7582480, 7607611, 25131
158249, 7582490, 7607625, 25135
158251, 7582510, 7607652, 25142
158252, 7582520, 7607665, 25145
158253, 7582530, 7607679, 25149
158255, 7582550, 7607692, 25142
158256, 7582560, 7607706, 25146
158257, 7582570, 7607719, 25149
158258, 7582580, 7607732, 25152
158259, 7582590, 7607746, 25156
158260, 7582600, 7607759, 25159
158261, 7582610, 7607773, 25163
158262, 7582620, 7607786, 25166
158263, 7582630, 7607800, 25170
158265, 7582650, 7607813, 25163
158266, 7582660, 7607826, 25166
158267, 7582670, 7607840, 25170
158268, 7582680, 7607853, 25173
158269, 7582690, 7607867, 25177
158270, 7582700, 7607880, 25180
158271, 7582710, 7607894, 25184
158272, 7582720, 7607907, 25187
158273, 7582730, 7607921, 25191
158274, 7582740, 7607934, 25194
158276, 7582760, 7607947, 25187
158277, 7582770, 7607961, 25191
158278, 7582780, 7607974, 25194
158279, 7582790, 7607988, 25198
158280, 7582800, 7608001, 25201
158281, 7582810, 7608015, 25205
158282, 7582820, 7608028, 25208
158283, 7582830, 7608042, 25212
158284, 7582840, 7608055, 25215
158285, 7582850, 7608068, 25218
158287, 7582870, 7608082, 25212
158288, 7582880, 7608095, 25215
158289, 7582890, 7608109, 25219
158290, 7582900, 7608122, 25222
158291, 7582910, 7608136, 25226
158292, 7582920, 7608149, 25229
158293, 7582930, 7608162, 25232
158294, 7582940, 7608176, 25236
158295, 7582950, 7608189, 25239
158297, 7582970, 7608203, 25233
158298, 7582980, 7608216, 25236
158299, 7582990, 7608230, 25240
158301, 7583010, 7608257, 25247
158302, 7583020, 7608270, 25250
158303, 7583030, 7608283, 25253
158304, 7583040, 7608297, 25257
158305, 7583050, 7608310, 25260
158306, 7583060, 7608324, 25264
158308, 7583080, 7608337, 25257
158309, 7583090, 7608351, 25261
158310, 7583100, 7608364, 25264
158311, 7583110, 7608378, 25268
158312, 7583120, 7608391, 25271
158313, 7583130, 7608404, 25274
158314, 7583140, 7608418, 25278
158315, 7583150, 7608431, 25281
158316, 7583160, 7612012, 28852
158318, 7583180, 7612026, 28846
158319, 7583190, 7612039, 28849
158320, 7583200, 7612052, 28852
158321, 7583210, 7612066, 28856
158322, 7583220, 7612079, 28859
158323, 7583230, 7612093, 28863
158324, 7583240, 7612106, 28866
158325, 7583250, 7612120, 28870
158326, 7583260, 7612133, 28873
158327, 7583270, 7612146, 28876
158329, 7583290, 7612160, 28870
158330, 7583300, 7612173, 28873
158331, 7583310, 7612187, 28877
158332, 7583320, 7612200, 28880
158333, 7583330, 7612214, 28884
158334, 7583340, 7612227, 28887
158335, 7583350, 7612241, 28891
158336, 7583360, 7612254, 28894
158337, 7583370, 7612267, 28897
158338, 7583380, 7612281, 28901
158340, 7583400, 7612294, 28894
158341, 7583410, 7612308, 28898
158342, 7583420, 7612321, 28901
158343, 7583430, 7612335, 28905
158344, 7583440, 7612348, 28908
158345, 7583450, 7612362, 28912
158346, 7583460, 7612375, 28915
158347, 7583470, 7612388, 28918
158348, 7583480, 7612402, 28922
158351, 7583510, 7612429, 28919
158352, 7583520, 7612442, 28922
158353, 7583530, 7612456, 28926
158354, 7583540, 7612469, 28929
158355, 7583550, 7612482, 28932
158356, 7583560, 7612496, 28936
158357, 7583570, 7612509, 28939
158358, 7583580, 7612523, 28943
158359, 7583590, 7612536, 28946
158361, 7583610, 7612550, 28940
158362, 7583620, 7612563, 28943
158363, 7583630, 7612577, 28947
158364, 7583640, 7612590, 28950
158365, 7583650, 7612603, 28953
158366, 7583660, 7612617, 28957
158367, 7583670, 7612630, 28960
158368, 7583680, 7612644, 28964
158369, 7583690, 7612657, 28967
158371, 7583710, 7612671, 28961
158372, 7583720, 7612684, 28964
158373, 7583730, 7612698, 28968
158374, 7583740, 7612711, 28971
158375, 7583750, 7612724, 28974
158376, 7583760, 7612738, 28978
158377, 7583770, 7612751, 28981
158378, 7583780, 7612765, 28985
158379, 7583790, 7612778, 28988
158380, 7583800, 7612792, 28992
158382, 7583820, 7612805, 28985
158383, 7583830, 7612818, 28988
158384, 7583840, 7612832, 28992
158385, 7583850, 7612845, 28995
158386, 7583860, 7612859, 28999
158387, 7583870, 7612872, 29002
158388, 7583880, 7612886, 29006
158389, 7583890, 7612899, 29009
158390, 7583900, 7612913, 29013
158391, 7583910, 7612926, 29016
158393, 7583930, 7612939, 29009
158394, 7583940, 7612953, 29013
158395, 7583950, 7612966, 29016
158396, 7583960, 7612980, 29020
158397, 7583970, 7612993, 29023
158398, 7583980, 7613007, 29027
158399, 7583990, 7613020, 29030
158802, 7588020, 7613047, 25027
158803, 7588030, 7613060, 25030
158804, 7588040, 7613074, 25034
158805, 7588050, 7613087, 25037
158806, 7588060, 7613101, 25041
158807, 7588070, 7613114, 25044
158808, 7588080, 7613128, 25048
158809, 7588090, 7613141, 25051
158810, 7588100, 7613154, 25054
158812, 7588120, 7613168, 25048
158813, 7588130, 7613181, 25051
158814, 7588140, 7613195, 25055
158815, 7588150, 7613208, 25058
158816, 7588160, 7613222, 25062
158817, 7588170, 7613235, 25065
158818, 7588180, 7613249, 25069
158819, 7588190, 7613262, 25072
158820, 7588200, 7613275, 25075
158821, 7588210, 7613289, 25079
158823, 7588230, 7613302, 25072
158824, 7588240, 7613316, 25076
158825, 7588250, 7613329, 25079
158826, 7588260, 7613343, 25083
158827, 7588270, 7613356, 25086
158828, 7588280, 7613370, 25090
158829, 7588290, 7613383, 25093
158830, 7588300, 7613396, 25096
158831, 7588310, 7613410, 25100
158833, 7588330, 7613423, 25093
158834, 7588340, 7613437, 25097
158835, 7588350, 7613450, 25100
158836, 7588360, 7613464, 25104
158837, 7588370, 7613477, 25107
158838, 7588380, 7613490, 25110
158839, 7588390, 7613504, 25114
158840, 7588400, 7613517, 25117
158841, 7588410, 7613531, 25121
158842, 7588420, 7613544, 25124
158844, 7588440, 7613558, 25118
158845, 7588450, 7613571, 25121
158846, 7588460, 7613585, 25125
158847, 7588470, 7613598, 25128
158848, 7588480, 7613611, 25131
158849, 7588490, 7613625, 25135
158851, 7588510, 7613652, 25142
158852, 7588520, 7613665, 25145
158853, 7588530, 7613679, 25149
158855, 7588550, 7613692, 25142
158856, 7588560, 7613706, 25146
158857, 7588570, 7613719, 25149
158858, 7588580, 7613732, 25152
158859, 7588590, 7613746, 25156
158860, 7588600, 7613759, 25159
158861, 7588610, 7613773, 25163
158862, 7588620, 7613786, 25166
158863, 7588630, 7613800, 25170
158865, 7588650, 7613813, 25163
158866, 7588660, 7613826, 25166
158867, 7588670, 7613840, 25170
158868, 7588680, 7613853, 25173
158869, 7588690, 7613867, 25177
158870, 7588700, 7613880, 25180
158871, 7588710, 7613894, 25184
158872, 7588720, 7613907, 25187
158873, 7588730, 7613921, 25191
158874, 7588740, 7613934, 25194
158876, 7588760, 7613947, 25187
158877, 7588770, 7613961, 25191
158878, 7588780, 7613974, 25194
158879, 7588790, 7613988, 25198
158880, 7588800, 7614001, 25201
158881, 7588810, 7614015, 25205
158882, 7588820, 7614028, 25208
158883, 7588830, 7614042, 25212
158884, 7588840, 7614055, 25215
158885, 7588850, 7614068, 25218
158887, 7588870, 7614082, 25212
158888, 7588880, 7614095, 25215
158889, 7588890, 7614109, 25219
158890, 7588900, 7614122, 25222
158891, 7588910, 7614136, 25226
158892, 7588920, 7614149, 25229
158893, 7588930, 7614162, 25232
158894, 7588940, 7614176, 25236
158895, 7588950, 7614189, 25239
158897, 7588970, 7614203, 25233
158898, 7588980, 7614216, 25236
158899, 7588990, 7614230, 25240
158901, 7589010, 7614257, 25247
158902, 7589020, 7614270, 25250
158903, 7589030, 7614283, 25253
158904, 7589040, 7614297, 25257
158905, 7589050, 7614310, 25260
158906, 7589060, 7614324, 25264
158908, 7589080, 7614337, 25257
158909, 7589090, 7614351, 25261
158910, 7589100, 7614364, 25264
158911, 7589110, 7614378, 25268
158912, 7589120, 7614391, 25271
158913, 7589130, 7614404, 25274
158914, 7589140, 7614418, 25278
158915, 7589150, 7614431, 25281
158916, 7589160, 7618012, 28852
158918, 7589180, 7618026, 28846
158919, 7589190, 7618039, 28849
158920, 7589200, 7618052, 28852
158921, 7589210, 7618066, 28856
158922, 7589220, 7618079, 28859
158923, 7589230, 7618093, 28863
158924, 7589240, 7618106, 28866
158925, 7589250, 7618120, 28870
158926, 7589260, 7618133, 28873
158927, 7589270, 7618146, 28876
158929, 7589290, 7618160, 28870
158930, 7589300, 7618173, 28873
158931, 7589310, 7618187, 28877
158932, 7589320, 7618200, 28880
158933, 7589330, 7618214, 28884
158934, 7589340, 7618227, 28887
158935, 7589350, 7618241, 28891
158936, 7589360, 7618254, 28894
158937, 7589370, 7618267, 28897
158938, 7589380, 7618281, 28901
158940, 7589400, 7618294, 28894
158941, 7589410, 7618308, 28898
158942, 7589420, 7618321, 28901
158943, 7589430, 7618335, 28905
158944, 7589440, 7618348, 28908
158945, 7589450, 7618362, 28912
158946, 7589460, 7618375, 28915
158947, 7589470, 7618388, 28918
158948, 7589480, 7618402, 28922
158951, 7589510, 7618429, 28919
158952, 7589520, 7618442, 28922
158953, 7589530, 7618456, 28926
158954, 7589540, 7618469, 28929
158955, 7589550, 7618482, 28932
158956, 7589560, 7618496, 28936
158957, 7589570, 7618509, 28939
158958, 7589580, 7618523, 28943
158959, 7589590, 7618536, 28946
158961, 7589610, 7618550, 28940
158962, 7589620, 7618563, 28943
158963, 7589630, 7618577, 28947
158964, 7589640, 7618590, 28950
158965, 7589650, 7618603, 28953
158966, 7589660, 7618617, 28957
158967, 7589670, 7618630, 28960
158968, 7589680, 7618644, 28964
158969, 7589690, 7618657, 28967
158971, 7589710, 7618671, 28961
158972, 7589720, 7618684, 28964
158973, 7589730, 7618698, 28968
158974, 7589740, 7618711, 28971
158975, 7589750, 7618724, 28974
158976, 7589760, 7618738, 28978
158977, 7589770, 7618751, 28981
158978, 7589780, 7618765, 28985
158979, 7589790, 7618778, 28988
158980, 7589800, 7618792, 28992
158982, 7589820, 7618805, 28985
158983, 7589830, 7618818, 28988
158984, 7589840, 7618832, 28992
158985, 7589850, 7618845, 28995
158986, 7589860, 7618859, 28999
158987, 7589870, 7618872, 29002
158988, 7589880, 7618886, 29006
158989, 7589890, 7618899, 29009
158990, 7589900, 7618913, 29013
158991, 7589910, 7618926, 29016
158993, 7589930, 7618939, 29009
158994, 7589940, 7618953, 29013
158995, 7589950, 7618966, 29016
158996, 7589960, 7618980, 29020
158997, 7589970, 7618993, 29023
158998, 7589980, 7619007, 29027
158999, 7589990, 7619020, 29030
159402, 7594020, 7619047, 25027
159403, 7594030, 7619060, 25030
159404, 7594040, 7619074, 25034
159405, 7594050, 7619087, 25037
159406, 7594060, 7619101, 25041
159407, 7594070, 7619114, 25044
159408, 7594080, 7619128, 25048
159409, 7594090, 7619141, 25051
159410, 7594100, 7619154, 25054
159412, 7594120, 7619168, 25048
159413, 7594130, 7619181, 25051
159414, 7594140, 7619195, 25055
159415, 7594150, 7619208, 25058
159416, 7594160, 7619222, 25062
159417, 7594170, 7619235, 25065
159418, 7594180, 7619249, 25069
159419, 7594190, 7619262, 25072
159420, 7594200, 7619275, 25075
159421, 7594210, 7619289, 25079
159423, 7594230, 7619302, 25072
159424, 7594240, 7619316, 25076
159425, 7594250, 7619329, 25079
159426, 7594260, 7619343, 25083
159427, 7594270, 7619356, 25086
159428, 7594280, 7619370, 25090
159429, 7594290, 7619383, 25093
159430, 7594300, 7619396, 25096
159431, 7594310, 7619410, 25100
159433, 7594330, 7619423, 25093
159434, 7594340, 7619437, 25097
159435, 7594350, 7619450, 25100
159436, 7594360, 7619464, 25104
159437, 7594370, 7619477, 25107
159438, 7594380, 7619490, 25110
159439, 7594390, 7619504, 25114
159440, 7594400, 7619517, 25117
159441, 7594410, 7619531, 25121
159442, 7594420, 7619544, 25124
159444, 7594440, 7619558, 25118
159445, 7594450, 7619571, 25121
159446, 7594460, 7619585, 25125
159447, 7594470, 7619598, 25128
159448, 7594480, 7619611, 25131
159449, 7594490, 7619625, 25135
159451, 7594510, 7619652, 25142
159452, 7594520, 7619665, 25145
159453, 7594530, 7619679, 25149
159455, 7594550, 7619692, 25142
159456, 7594560, 7619706, 25146
159457, 7594570, 7619719, 25149
159458, 7594580, 7619732, 25152
159459, 7594590, 7619746, 25156
159460, 7594600, 7619759, 25159
159461, 7594610, 7619773, 25163
159462, 7594620, 7619786, 25166
159463, 7594630, 7619800, 25170
159465, 7594650, 7619813, 25163
159466, 7594660, 7619826, 25166
159467, 7594670, 7619840, 25170
159468, 7594680, 7619853, 25173
159469, 7594690, 7619867, 25177
159470, 7594700, 7619880, 25180
159471, 7594710, 7619894, 25184
159472, 7594720, 7619907, 25187
159473, 7594730, 7619921, 25191
159474, 7594740, 7619934, 25194
159476, 7594760, 7619947, 25187
159477, 7594770, 7619961, 25191
159478, 7594780, 7619974, 25194
159479, 7594790, 7619988, 25198
159480, 7594800, 7620001, 25201
159481, 7594810, 7620015, 25205
159482, 7594820, 7620028, 25208
159483, 7594830, 7620042, 25212
159484, 7594840, 7620055, 25215
159485, 7594850, 7620068, 25218
159487, 7594870, 7620082, 25212
159488, 7594880, 7620095, 25215
159489, 7594890, 7620109, 25219
159490, 7594900, 7620122, 25222
159491, 7594910, 7620136, 25226
159492, 7594920, 7620149, 25229
159493, 7594930, 7620162, 25232
159494, 7594940, 7620176, 25236
159495, 7594950, 7620189, 25239
159497, 7594970, 7620203, 25233
159498, 7594980, 7620216, 25236
159499, 7594990, 7620230, 25240
159501, 7595010, 7620257, 25247
159502, 7595020, 7620270, 25250
159503, 7595030, 7620283, 25253
159504, 7595040, 7620297, 25257
159505, 7595050, 7620310, 25260
159506, 7595060, 7620324, 25264
159508, 7595080, 7620337, 25257
159509, 7595090, 7620351, 25261
159510, 7595100, 7620364, 25264
159511, 7595110, 7620378, 25268
159512, 7595120, 7620391, 25271
159513, 7595130, 7620404, 25274
159514, 7595140, 7620418, 25278
159515, 7595150, 7620431, 25281
159516, 7595160, 7624012, 28852
159517, 7595170, 7624026, 28856
159519, 7595190, 7624039, 28849
159520, 7595200, 7624052, 28852
159521, 7595210, 7624066, 28856
159522, 7595220, 7624079, 28859
159523, 7595230, 7624093, 28863
159524, 7595240, 7624106, 28866
159525, 7595250, 7624120, 28870
159526, 7595260, 7624133, 28873
159527, 7595270, 7624146, 28876
159529, 7595290, 7624160, 28870
159530, 7595300, 7624173, 28873
159531, 7595310, 7624187, 28877
159532, 7595320, 7624200, 28880
159533, 7595330, 7624214, 28884
159534, 7595340, 7624227, 28887
159535, 7595350, 7624241, 28891
159536, 7595360, 7624254, 28894
159537, 7595370, 7624267, 28897
159538, 7595380, 7624281, 28901
159540, 7595400, 7624294, 28894
159541, 7595410, 7624308, 28898
159542, 7595420, 7624321, 28901
159543, 7595430, 7624335, 28905
159544, 7595440, 7624348, 28908
159545, 7595450, 7624362, 28912
159546, 7595460, 7624375, 28915
159547, 7595470, 7624388, 28918
159548, 7595480, 7624402, 28922
159551, 7595510, 7624429, 28919
159552, 7595520, 7624442, 28922
159553, 7595530, 7624456, 28926
159554, 7595540, 7624469, 28929
159555, 7595550, 7624482, 28932
159556, 7595560, 7624496, 28936
159557, 7595570, 7624509, 28939
159558, 7595580, 7624523, 28943
159559, 7595590, 7624536, 28946
159561, 7595610, 7624550, 28940
159562, 7595620, 7624563, 28943
159563, 7595630, 7624577, 28947
159564, 7595640, 7624590, 28950
159565, 7595650, 7624603, 28953
159566, 7595660, 7624617, 28957
159567, 7595670, 7624630, 28960
159568, 7595680, 7624644, 28964
159569, 7595690, 7624657, 28967
159570, 7595700, 7624671, 28971
159572, 7595720, 7624684, 28964
159573, 7595730, 7624698, 28968
159574, 7595740, 7624711, 28971
159575, 7595750, 7624724, 28974
159576, 7595760, 7624738, 28978
159577, 7595770, 7624751, 28981
159578, 7595780, 7624765, 28985
159579, 7595790, 7624778, 28988
159580, 7595800, 7624792, 28992
159582, 7595820, 7624805, 28985
159583, 7595830, 7624818, 28988
159584, 7595840, 7624832, 28992
159585, 7595850, 7624845, 28995
159586, 7595860, 7624859, 28999
159587, 7595870, 7624872, 29002
159588, 7595880, 7624886, 29006
159589, 7595890, 7624899, 29009
159590, 7595900, 7624913, 29013
159591, 7595910, 7624926, 29016
159593, 7595930, 7624939, 29009
159594, 7595940, 7624953, 29013
159595, 7595950, 7624966, 29016
159596, 7595960, 7624980, 29020
159597, 7595970, 7624993, 29023
159598, 7595980, 7625007, 29027
159599, 7595990, 7625020, 29030
160002, 7600020, 7625047, 25027
160003, 7600030, 7625060, 25030
160004, 7600040, 7625074, 25034
160005, 7600050, 7625087, 25037
160006, 7600060, 7625101, 25041
160007, 7600070, 7625114, 25044
160008, 7600080, 7625127, 25047
160009, 7600090, 7625141, 25051
160010, 7600100, 7625154, 25054
160012, 7600120, 7625168, 25048
160013, 7600130, 7625181, 25051
160014, 7600140, 7625195, 25055
160015, 7600150, 7625208, 25058
160016, 7600160, 7625222, 25062
160017, 7600170, 7625235, 25065
160018, 7600180, 7625248, 25068
160019, 7600190, 7625262, 25072
160020, 7600200, 7625275, 25075
160021, 7600210, 7625289, 25079
160023, 7600230, 7625302, 25072
160024, 7600240, 7625316, 25076
160025, 7600250, 7625329, 25079
160026, 7600260, 7625342, 25082
160027, 7600270, 7625356, 25086
160028, 7600280, 7625369, 25089
160029, 7600290, 7625383, 25093
160030, 7600300, 7625396, 25096
160031, 7600310, 7625410, 25100
160033, 7600330, 7625423, 25093
160034, 7600340, 7625437, 25097
160035, 7600350, 7625450, 25100
160036, 7600360, 7625463, 25103
160037, 7600370, 7625477, 25107
160038, 7600380, 7625490, 25110
160039, 7600390, 7625504, 25114
160040, 7600400, 7625517, 25117
160041, 7600410, 7625531, 25121
160042, 7600420, 7625544, 25124
160044, 7600440, 7625558, 25118
160045, 7600450, 7625571, 25121
160046, 7600460, 7625584, 25124
160047, 7600470, 7625598, 25128
160048, 7600480, 7625611, 25131
160049, 7600490, 7625625, 25135
160051, 7600510, 7625652, 25142
160052, 7600520, 7625665, 25145
160053, 7600530, 7625678, 25148
160055, 7600550, 7625692, 25142
160056, 7600560, 7625705, 25145
160057, 7600570, 7625719, 25149
160058, 7600580, 7625732, 25152
160059, 7600590, 7625746, 25156
160060, 7600600, 7625759, 25159
160061, 7600610, 7625773, 25163
160062, 7600620, 7625786, 25166
160063, 7600630, 7625799, 25169
160065, 7600650, 7625813, 25163
160066, 7600660, 7625826, 25166
160067, 7600670, 7625840, 25170
160068, 7600680, 7625853, 25173
160069, 7600690, 7625867, 25177
160070, 7600700, 7625880, 25180
160071, 7600710, 7625894, 25184
160072, 7600720, 7625907, 25187
160073, 7600730, 7625920, 25190
160074, 7600740, 7625934, 25194
160076, 7600760, 7625947, 25187
160077, 7600770, 7625961, 25191
160078, 7600780, 7625974, 25194
160079, 7600790, 7625988, 25198
160080, 7600800, 7626001, 25201
160081, 7600810, 7626014, 25204
160082, 7600820, 7626028, 25208
160083, 7600830, 7626041, 25211
160084, 7600840, 7626055, 25215
160085, 7600850, 7626068, 25218
160087, 7600870, 7626082, 25212
160088, 7600880, 7626095, 25215
160089, 7600890, 7626109, 25219
160090, 7600900, 7626122, 25222
160091, 7600910, 7626135, 25225
160092, 7600920, 7626149, 25229
160093, 7600930, 7626162, 25232
160094, 7600940, 7626176, 25236
160095, 7600950, 7626189, 25239
160097, 7600970, 7626203, 25233
160098, 7600980, 7626216, 25236
160099, 7600990, 7626230, 25240
160101, 7601010, 7626256, 25246
160102, 7601020, 7626270, 25250
160103, 7601030, 7626283, 25253
160104, 7601040, 7626297, 25257
160105, 7601050, 7626310, 25260
160106, 7601060, 7626324, 25264
160108, 7601080, 7626337, 25257
160109, 7601090, 7626350, 25260
160110, 7601100, 7626364, 25264
160111, 7601110, 7626377, 25267
160112, 7601120, 7626391, 25271
160113, 7601130, 7626404, 25274
160114, 7601140, 7626418, 25278
160115, 7601150, 7626431, 25281
160116, 7601160, 7630012, 28852
160118, 7601180, 7630026, 28846
160119, 7601190, 7630039, 28849
160120, 7601200, 7630052, 28852
160121, 7601210, 7630066, 28856
160122, 7601220, 7630079, 28859
160123, 7601230, 7630093, 28863
160124, 7601240, 7630106, 28866
160125, 7601250, 7630120, 28870
160126, 7601260, 7630133, 28873
160127, 7601270, 7630146, 28876
160129, 7601290, 7630160, 28870
160130, 7601300, 7630173, 28873
160131, 7601310, 7630187, 28877
160132, 7601320, 7630200, 28880
160133, 7601330, 7630214, 28884
160134, 7601340, 7630227, 28887
160135, 7601350, 7630241, 28891
160136, 7601360, 7630254, 28894
160137, 7601370, 7630267, 28897
160138, 7601380, 7630281, 28901
160140, 7601400, 7630294, 28894
160141, 7601410, 7630308, 28898
160142, 7601420, 7630321, 28901
160143, 7601430, 7630335, 28905
160144, 7601440, 7630348, 28908
160145, 7601450, 7630362, 28912
160146, 7601460, 7630375, 28915
160147, 7601470, 7630388, 28918
160148, 7601480, 7630402, 28922
160151, 7601510, 7630429, 28919
160152, 7601520, 7630442, 28922
160153, 7601530, 7630456, 28926
160154, 7601540, 7630469, 28929
160155, 7601550, 7630482, 28932
160156, 7601560, 7630496, 28936
160157, 7601570, 7630509, 28939
160158, 7601580, 7630523, 28943
160159, 7601590, 7630536, 28946
160161, 7601610, 7630550, 28940
160162, 7601620, 7630563, 28943
160163, 7601630, 7630577, 28947
160164, 7601640, 7630590, 28950
160165, 7601650, 7630603, 28953
160166, 7601660, 7630617, 28957
160167, 7601670, 7630630, 28960
160168, 7601680, 7630644, 28964
160169, 7601690, 7630657, 28967
160171, 7601710, 7630671, 28961
160172, 7601720, 7630684, 28964
160173, 7601730, 7630698, 28968
160174, 7601740, 7630711, 28971
160175, 7601750, 7630724, 28974
160176, 7601760, 7630738, 28978
160177, 7601770, 7630751, 28981
160178, 7601780, 7630765, 28985
160179, 7601790, 7630778, 28988
160180, 7601800, 7630792, 28992
160182, 7601820, 7630805, 28985
160183, 7601830, 7630818, 28988
160184, 7601840, 7630832, 28992
160185, 7601850, 7630845, 28995
160186, 7601860, 7630859, 28999
160187, 7601870, 7630872, 29002
160188, 7601880, 7630886, 29006
160189, 7601890, 7630899, 29009
160190, 7601900, 7630913, 29013
160191, 7601910, 7630926, 29016
160193, 7601930, 7630939, 29009
160194, 7601940, 7630953, 29013
160195, 7601950, 7630966, 29016
160196, 7601960, 7630980, 29020
160197, 7601970, 7630993, 29023
160198, 7601980, 7631007, 29027
160199, 7601990, 7631020, 29030
160602, 7606020, 7631047, 25027
160603, 7606030, 7631060, 25030
160604, 7606040, 7631074, 25034
160605, 7606050, 7631087, 25037
160606, 7606060, 7631101, 25041
160607, 7606070, 7631114, 25044
160608, 7606080, 7631128, 25048
160609, 7606090, 7631141, 25051
160610, 7606100, 7631154, 25054
160612, 7606120, 7631168, 25048
160613, 7606130, 7631181, 25051
160614, 7606140, 7631195, 25055
160615, 7606150, 7631208, 25058
160616, 7606160, 7631222, 25062
160617, 7606170, 7631235, 25065
160618, 7606180, 7631249, 25069
160619, 7606190, 7631262, 25072
160620, 7606200, 7631275, 25075
160621, 7606210, 7631289, 25079
160623, 7606230, 7631302, 25072
160624, 7606240, 7631316, 25076
160625, 7606250, 7631329, 25079
160626, 7606260, 7631343, 25083
160627, 7606270, 7631356, 25086
160628, 7606280, 7631370, 25090
160629, 7606290, 7631383, 25093
160630, 7606300, 7631396, 25096
160631, 7606310, 7631410, 25100
160633, 7606330, 7631423, 25093
160634, 7606340, 7631437, 25097
160635, 7606350, 7631450, 25100
160636, 7606360, 7631464, 25104
160637, 7606370, 7631477, 25107
160638, 7606380, 7631490, 25110
160639, 7606390, 7631504, 25114
160640, 7606400, 7631517, 25117
160641, 7606410, 7631531, 25121
160642, 7606420, 7631544, 25124
160644, 7606440, 7631558, 25118
160645, 7606450, 7631571, 25121
160646, 7606460, 7631585, 25125
160647, 7606470, 7631598, 25128
160648, 7606480, 7631611, 25131
160649, 7606490, 7631625, 25135
160651, 7606510, 7631652, 25142
160652, 7606520, 7631665, 25145
160653, 7606530, 7631679, 25149
160655, 7606550, 7631692, 25142
160656, 7606560, 7631706, 25146
160657, 7606570, 7631719, 25149
160658, 7606580, 7631732, 25152
160659, 7606590, 7631746, 25156
160660, 7606600, 7631759, 25159
160661, 7606610, 7631773, 25163
160662, 7606620, 7631786, 25166
160663, 7606630, 7631800, 25170
160665, 7606650, 7631813, 25163
160666, 7606660, 7631826, 25166
160667, 7606670, 7631840, 25170
160668, 7606680, 7631853, 25173
160669, 7606690, 7631867, 25177
160670, 7606700, 7631880, 25180
160671, 7606710, 7631894, 25184
160672, 7606720, 7631907, 25187
160673, 7606730, 7631921, 25191
160674, 7606740, 7631934, 25194
160676, 7606760, 7631947, 25187
160677, 7606770, 7631961, 25191
160678, 7606780, 7631974, 25194
160679, 7606790, 7631988, 25198
160680, 7606800, 7632001, 25201
160681, 7606810, 7632015, 25205
160682, 7606820, 7632028, 25208
160683, 7606830, 7632042, 25212
160684, 7606840, 7632055, 25215
160685, 7606850, 7632068, 25218
160687, 7606870, 7632082, 25212
160688, 7606880, 7632095, 25215
160689, 7606890, 7632109, 25219
160690, 7606900, 7632122, 25222
160691, 7606910, 7632136, 25226
160692, 7606920, 7632149, 25229
160693, 7606930, 7632162, 25232
160694, 7606940, 7632176, 25236
160695, 7606950, 7632189, 25239
160697, 7606970, 7632203, 25233
160698, 7606980, 7632216, 25236
160699, 7606990, 7632230, 25240
160701, 7607010, 7632257, 25247
160702, 7607020, 7632270, 25250
160703, 7607030, 7632283, 25253
160704, 7607040, 7632297, 25257
160705, 7607050, 7632310, 25260
160706, 7607060, 7632324, 25264
160708, 7607080, 7632337, 25257
160709, 7607090, 7632351, 25261
160710, 7607100, 7632364, 25264
160711, 7607110, 7632378, 25268
160712, 7607120, 7632391, 25271
160713, 7607130, 7632404, 25274
160714, 7607140, 7632418, 25278
160715, 7607150, 7632431, 25281
160716, 7607160, 7636012, 28852
160718, 7607180, 7636026, 28846
160719, 7607190, 7636039, 28849
160720, 7607200, 7636052, 28852
160721, 7607210, 7636066, 28856
160722, 7607220, 7636079, 28859
160723, 7607230, 7636093, 28863
160724, 7607240, 7636106, 28866
160725, 7607250, 7636120, 28870
160726, 7607260, 7636133, 28873
160727, 7607270, 7636146, 28876
160729, 7607290, 7636160, 28870
160730, 7607300, 7636173, 28873
160731, 7607310, 7636187, 28877
160732, 7607320, 7636200, 28880
160733, 7607330, 7636214, 28884
160734, 7607340, 7636227, 28887
160735, 7607350, 7636241, 28891
160736, 7607360, 7636254, 28894
160737, 7607370, 7636267, 28897
160738, 7607380, 7636281, 28901
160740, 7607400, 7636294, 28894
160741, 7607410, 7636308, 28898
160742, 7607420, 7636321, 28901
160743, 7607430, 7636335, 28905
160744, 7607440, 7636348, 28908
160745, 7607450, 7636362, 28912
160746, 7607460, 7636375, 28915
160747, 7607470, 7636388, 28918
160748, 7607480, 7636402, 28922
160751, 7607510, 7636429, 28919
160752, 7607520, 7636442, 28922
160753, 7607530, 7636456, 28926
160754, 7607540, 7636469, 28929
160755, 7607550, 7636482, 28932
160756, 7607560, 7636496, 28936
160757, 7607570, 7636509, 28939
160758, 7607580, 7636523, 28943
160759, 7607590, 7636536, 28946
160761, 7607610, 7636550, 28940
160762, 7607620, 7636563, 28943
160763, 7607630, 7636577, 28947
160764, 7607640, 7636590, 28950
160765, 7607650, 7636603, 28953
160766, 7607660, 7636617, 28957
160767, 7607670, 7636630, 28960
160768, 7607680, 7636644, 28964
160769, 7607690, 7636657, 28967
160771, 7607710, 7636671, 28961
160772, 7607720, 7636684, 28964
160773, 7607730, 7636698, 28968
160774, 7607740, 7636711, 28971
160775, 7607750, 7636724, 28974
160776, 7607760, 7636738, 28978
160777, 7607770, 7636751, 28981
160778, 7607780, 7636765, 28985
160779, 7607790, 7636778, 28988
160780, 7607800, 7636792, 28992
160782, 7607820, 7636805, 28985
160783, 7607830, 7636818, 28988
160784, 7607840, 7636832, 28992
160785, 7607850, 7636845, 28995
160786, 7607860, 7636859, 28999
160787, 7607870, 7636872, 29002
160788, 7607880, 7636886, 29006
160789, 7607890, 7636899, 29009
160790, 7607900, 7636913, 29013
160791, 7607910, 7636926, 29016
160793, 7607930, 7636939, 29009
160794, 7607940, 7636953, 29013
160795, 7607950, 7636966, 29016
160796, 7607960, 7636980, 29020
160797, 7607970, 7636993, 29023
160798, 7607980, 7637007, 29027
160799, 7607990, 7637020, 29030
161202, 7612020, 7637047, 25027
161203, 7612030, 7637060, 25030
161204, 7612040, 7637074, 25034
161205, 7612050, 7637087, 25037
161206, 7612060, 7637101, 25041
161207, 7612070, 7637114, 25044
161208, 7612080, 7637128, 25048
161209, 7612090, 7637141, 25051
161210, 7612100, 7637154, 25054
161212, 7612120, 7637168, 25048
161213, 7612130, 7637181, 25051
161214, 7612140, 7637195, 25055
161215, 7612150, 7637208, 25058
161216, 7612160, 7637222, 25062
161217, 7612170, 7637235, 25065
161218, 7612180, 7637249, 25069
161219, 7612190, 7637262, 25072
161220, 7612200, 7637275, 25075
161221, 7612210, 7637289, 25079
161223, 7612230, 7637302, 25072
161224, 7612240, 7637316, 25076
161225, 7612250, 7637329, 25079
161226, 7612260, 7637343, 25083
161227, 7612270, 7637356, 25086
161228, 7612280, 7637370, 25090
161229, 7612290, 7637383, 25093
161230, 7612300, 7637396, 25096
161231, 7612310, 7637410, 25100
161233, 7612330, 7637423, 25093
161234, 7612340, 7637437, 25097
161235, 7612350, 7637450, 25100
161236, 7612360, 7637464, 25104
161237, 7612370, 7637477, 25107
161238, 7612380, 7637490, 25110
161239, 7612390, 7637504, 25114
161240, 7612400, 7637517, 25117
161241, 7612410, 7637531, 25121
161242, 7612420, 7637544, 25124
161244, 7612440, 7637558, 25118
161245, 7612450, 7637571, 25121
161246, 7612460, 7637585, 25125
161247, 7612470, 7637598, 25128
161248, 7612480, 7637611, 25131
161249, 7612490, 7637625, 25135
161251, 7612510, 7637652, 25142
161252, 7612520, 7637665, 25145
161253, 7612530, 7637679, 25149
161255, 7612550, 7637692, 25142
161256, 7612560, 7637706, 25146
161257, 7612570, 7637719, 25149
161258, 7612580, 7637732, 25152
161259, 7612590, 7637746, 25156
161260, 7612600, 7637759, 25159
161261, 7612610, 7637773, 25163
161262, 7612620, 7637786, 25166
161263, 7612630, 7637800, 25170
161265, 7612650, 7637813, 25163
161266, 7612660, 7637826, 25166
161267, 7612670, 7637840, 25170
161268, 7612680, 7637853, 25173
161269, 7612690, 7637867, 25177
161270, 7612700, 7637880, 25180
161271, 7612710, 7637894, 25184
161272, 7612720, 7637907, 25187
161273, 7612730, 7637921, 25191
161274, 7612740, 7637934, 25194
161276, 7612760, 7637947, 25187
161277, 7612770, 7637961, 25191
161278, 7612780, 7637974, 25194
161279, 7612790, 7637988, 25198
161280, 7612800, 7638001, 25201
161281, 7612810, 7638015, 25205
161282, 7612820, 7638028, 25208
161283, 7612830, 7638042, 25212
161284, 7612840, 7638055, 25215
161285, 7612850, 7638068, 25218
161287, 7612870, 7638082, 25212
161288, 7612880, 7638095, 25215
161289, 7612890, 7638109, 25219
161290, 7612900, 7638122, 25222
161291, 7612910, 7638136, 25226
161292, 7612920, 7638149, 25229
161293, 7612930, 7638162, 25232
161294, 7612940, 7638176, 25236
161295, 7612950, 7638189, 25239
161297, 7612970, 7638203, 25233
161298, 7612980, 7638216, 25236
161299, 7612990, 7638230, 25240
161301, 7613010, 7638257, 25247
161302, 7613020, 7638270, 25250
161303, 7613030, 7638283, 25253
161304, 7613040, 7638297, 25257
161305, 7613050, 7638310, 25260
161306, 7613060, 7638324, 25264
161308, 7613080, 7638337, 25257
161309, 7613090, 7638351, 25261
161310, 7613100, 7638364, 25264
161311, 7613110, 7638378, 25268
161312, 7613120, 7638391, 25271
161313, 7613130, 7638404, 25274
161314, 7613140, 7638418, 25278
161315, 7613150, 7638431, 25281
161316, 7613160, 7642012, 28852
161318, 7613180, 7642026, 28846
161319, 7613190, 7642039, 28849
161320, 7613200, 7642052, 28852
161321, 7613210, 7642066, 28856
161322, 7613220, 7642079, 28859
161323, 7613230, 7642093, 28863
161324, 7613240, 7642106, 28866
161325, 7613250, 7642120, 28870
161326, 7613260, 7642133, 28873
161327, 7613270, 7642146, 28876
161329, 7613290, 7642160, 28870
161330, 7613300, 7642173, 28873
161331, 7613310, 7642187, 28877
161332, 7613320, 7642200, 28880
161333, 7613330, 7642214, 28884
161334, 7613340, 7642227, 28887
161335, 7613350, 7642241, 28891
161336, 7613360, 7642254, 28894
161337, 7613370, 7642267, 28897
161338, 7613380, 7642281, 28901
161340, 7613400, 7642294, 28894
161341, 7613410, 7642308, 28898
161342, 7613420, 7642321, 28901
161343, 7613430, 7642335, 28905
161344, 7613440, 7642348, 28908
161345, 7613450, 7642362, 28912
161346, 7613460, 7642375, 28915
161347, 7613470, 7642388, 28918
161348, 7613480, 7642402, 28922
161351, 7613510, 7642429, 28919
161352, 7613520, 7642442, 28922
161353, 7613530, 7642456, 28926
161354, 7613540, 7642469, 28929
161355, 7613550, 7642482, 28932
161356, 7613560, 7642496, 28936
161357, 7613570, 7642509, 28939
161358, 7613580, 7642523, 28943
161359, 7613590, 7642536, 28946
161361, 7613610, 7642550, 28940
161362, 7613620, 7642563, 28943
161363, 7613630, 7642577, 28947
161364, 7613640, 7642590, 28950
161365, 7613650, 7642603, 28953
161366, 7613660, 7642617, 28957
161367, 7613670, 7642630, 28960
161368, 7613680, 7642644, 28964
161369, 7613690, 7642657, 28967
161371, 7613710, 7642671, 28961
161372, 7613720, 7642684, 28964
161373, 7613730, 7642698, 28968
161374, 7613740, 7642711, 28971
161375, 7613750, 7642724, 28974
161376, 7613760, 7642738, 28978
161377, 7613770, 7642751, 28981
161378, 7613780, 7642765, 28985
161379, 7613790, 7642778, 28988
161380, 7613800, 7642792, 28992
161382, 7613820, 7642805, 28985
161383, 7613830, 7642818, 28988
161384, 7613840, 7642832, 28992
161385, 7613850, 7642845, 28995
161386, 7613860, 7642859, 28999
161387, 7613870, 7642872, 29002
161388, 7613880, 7642886, 29006
161389, 7613890, 7642899, 29009
161390, 7613900, 7642913, 29013
161391, 7613910, 7642926, 29016
161393, 7613930, 7642939, 29009
161394, 7613940, 7642953, 29013
161395, 7613950, 7642966, 29016
161396, 7613960, 7642980, 29020
161397, 7613970, 7642993, 29023
161398, 7613980, 7643007, 29027
161399, 7613990, 7643020, 29030
161802, 7618020, 7643047, 25027
161803, 7618030, 7643060, 25030
161804, 7618040, 7643074, 25034
161805, 7618050, 7643087, 25037
161806, 7618060, 7643101, 25041
161807, 7618070, 7643114, 25044
161808, 7618080, 7643128, 25048
161809, 7618090, 7643141, 25051
161810, 7618100, 7643154, 25054
161812, 7618120, 7643168, 25048
161813, 7618130, 7643181, 25051
161814, 7618140, 7643195, 25055
161815, 7618150, 7643208, 25058
161816, 7618160, 7643222, 25062
161817, 7618170, 7643235, 25065
161818, 7618180, 7643249, 25069
161819, 7618190, 7643262, 25072
161820, 7618200, 7643275, 25075
161821, 7618210, 7643289, 25079
161823, 7618230, 7643302, 25072
161824, 7618240, 7643316, 25076
161825, 7618250, 7643329, 25079
161826, 7618260, 7643343, 25083
161827, 7618270, 7643356, 25086
161828, 7618280, 7643370, 25090
161829, 7618290, 7643383, 25093
161830, 7618300, 7643396, 25096
161831, 7618310, 7643410, 25100
161833, 7618330, 7643423, 25093
161834, 7618340, 7643437, 25097
161835, 7618350, 7643450, 25100
161836, 7618360, 7643464, 25104
161837, 7618370, 7643477, 25107
161838, 7618380, 7643490, 25110
161839, 7618390, 7643504, 25114
161840, 7618400, 7643517, 25117
161841, 7618410, 7643531, 25121
161842, 7618420, 7643544, 25124
161844, 7618440, 7643558, 25118
161845, 7618450, 7643571, 25121
161846, 7618460, 7643585, 25125
161847, 7618470, 7643598, 25128
161848, 7618480, 7643611, 25131
161849, 7618490, 7643625, 25135
161851, 7618510, 7643652, 25142
161852, 7618520, 7643665, 25145
161853, 7618530, 7643679, 25149
161855, 7618550, 7643692, 25142
161856, 7618560, 7643706, 25146
161857, 7618570, 7643719, 25149
161858, 7618580, 7643732, 25152
161859, 7618590, 7643746, 25156
161860, 7618600, 7643759, 25159
161861, 7618610, 7643773, 25163
161862, 7618620, 7643786, 25166
161863, 7618630, 7643800, 25170
161865, 7618650, 7643813, 25163
161866, 7618660, 7643826, 25166
161867, 7618670, 7643840, 25170
161868, 7618680, 7643853, 25173
161869, 7618690, 7643867, 25177
161870, 7618700, 7643880, 25180
161871, 7618710, 7643894, 25184
161872, 7618720, 7643907, 25187
161873, 7618730, 7643921, 25191
161874, 7618740, 7643934, 25194
161876, 7618760, 7643947, 25187
161877, 7618770, 7643961, 25191
161878, 7618780, 7643974, 25194
161879, 7618790, 7643988, 25198
161880, 7618800, 7644001, 25201
161881, 7618810, 7644015, 25205
161882, 7618820, 7644028, 25208
161883, 7618830, 7644042, 25212
161884, 7618840, 7644055, 25215
161885, 7618850, 7644068, 25218
161887, 7618870, 7644082, 25212
161888, 7618880, 7644095, 25215
161889, 7618890, 7644109, 25219
161890, 7618900, 7644122, 25222
161891, 7618910, 7644136, 25226
161892, 7618920, 7644149, 25229
161893, 7618930, 7644162, 25232
161894, 7618940, 7644176, 25236
161895, 7618950, 7644189, 25239
161897, 7618970, 7644203, 25233
161898, 7618980, 7644216, 25236
161899, 7618990, 7644230, 25240
161901, 7619010, 7644257, 25247
161902, 7619020, 7644270, 25250
161903, 7619030, 7644283, 25253
161904, 7619040, 7644297, 25257
161905, 7619050, 7644310, 25260
161906, 7619060, 7644324, 25264
161908, 7619080, 7644337, 25257
161909, 7619090, 7644351, 25261
161910, 7619100, 7644364, 25264
161911, 7619110, 7644378, 25268
161912, 7619120, 7644391, 25271
161913, 7619130, 7644404, 25274
161914, 7619140, 7644418, 25278
161915, 7619150, 7644431, 25281
161916, 7619160, 7648012, 28852
161918, 7619180, 7648026, 28846
161919, 7619190, 7648039, 28849
161920, 7619200, 7648052, 28852
161921, 7619210, 7648066, 28856
161922, 7619220, 7648079, 28859
161923, 7619230, 7648093, 28863
161924, 7619240, 7648106, 28866
161925, 7619250, 7648120, 28870
161926, 7619260, 7648133, 28873
161927, 7619270, 7648146, 28876
161929, 7619290, 7648160, 28870
161930, 7619300, 7648173, 28873
161931, 7619310, 7648187, 28877
161932, 7619320, 7648200, 28880
161933, 7619330, 7648214, 28884
161934, 7619340, 7648227, 28887
161935, 7619350, 7648241, 28891
161936, 7619360, 7648254, 28894
161937, 7619370, 7648267, 28897
161938, 7619380, 7648281, 28901
161940, 7619400, 7648294, 28894
161941, 7619410, 7648308, 28898
161942, 7619420, 7648321, 28901
161943, 7619430, 7648335, 28905
161944, 7619440, 7648348, 28908
161945, 7619450, 7648362, 28912
161946, 7619460, 7648375, 28915
161947, 7619470, 7648388, 28918
161948, 7619480, 7648402, 28922
161951, 7619510, 7648429, 28919
161952, 7619520, 7648442, 28922
161953, 7619530, 7648456, 28926
161954, 7619540, 7648469, 28929
161955, 7619550, 7648482, 28932
161956, 7619560, 7648496, 28936
161957, 7619570, 7648509, 28939
161958, 7619580, 7648523, 28943
161959, 7619590, 7648536, 28946
161961, 7619610, 7648550, 28940
161962, 7619620, 7648563, 28943
161963, 7619630, 7648577, 28947
161964, 7619640, 7648590, 28950
161965, 7619650, 7648603, 28953
161966, 7619660, 7648617, 28957
161967, 7619670, 7648630, 28960
161968, 7619680, 7648644, 28964
161969, 7619690, 7648657, 28967
161971, 7619710, 7648671, 28961
161972, 7619720, 7648684, 28964
161973, 7619730, 7648698, 28968
161974, 7619740, 7648711, 28971
161975, 7619750, 7648724, 28974
161976, 7619760, 7648738, 28978
161977, 7619770, 7648751, 28981
161978, 7619780, 7648765, 28985
161979, 7619790, 7648778, 28988
161980, 7619800, 7648792, 28992
161982, 7619820, 7648805, 28985
161983, 7619830, 7648818, 28988
161984, 7619840, 7648832, 28992
161985, 7619850, 7648845, 28995
161986, 7619860, 7648859, 28999
161987, 7619870, 7648872, 29002
161988, 7619880, 7648886, 29006
161989, 7619890, 7648899, 29009
161990, 7619900, 7648913, 29013
161991, 7619910, 7648926, 29016
161993, 7619930, 7648939, 29009
161994, 7619940, 7648953, 29013
161995, 7619950, 7648966, 29016
161996, 7619960, 7648980, 29020
161997, 7619970, 7648993, 29023
161998, 7619980, 7649007, 29027
161999, 7619990, 7649020, 29030
162402, 7624020, 7649047, 25027
162403, 7624030, 7649060, 25030
162404, 7624040, 7649074, 25034
162405, 7624050, 7649087, 25037
162406, 7624060, 7649101, 25041
162407, 7624070, 7649114, 25044
162408, 7624080, 7649128, 25048
162409, 7624090, 7649141, 25051
162410, 7624100, 7649154, 25054
162412, 7624120, 7649168, 25048
162413, 7624130, 7649181, 25051
162414, 7624140, 7649195, 25055
162415, 7624150, 7649208, 25058
162416, 7624160, 7649222, 25062
162417, 7624170, 7649235, 25065
162418, 7624180, 7649249, 25069
162419, 7624190, 7649262, 25072
162420, 7624200, 7649275, 25075
162421, 7624210, 7649289, 25079
162423, 7624230, 7649302, 25072
162424, 7624240, 7649316, 25076
162425, 7624250, 7649329, 25079
162426, 7624260, 7649343, 25083
162427, 7624270, 7649356, 25086
162428, 7624280, 7649370, 25090
162429, 7624290, 7649383, 25093
162430, 7624300, 7649396, 25096
162431, 7624310, 7649410, 25100
162433, 7624330, 7649423, 25093
162434, 7624340, 7649437, 25097
162435, 7624350, 7649450, 25100
162436, 7624360, 7649464, 25104
162437, 7624370, 7649477, 25107
162438, 7624380, 7649490, 25110
162439, 7624390, 7649504, 25114
162440, 7624400, 7649517, 25117
162441, 7624410, 7649531, 25121
162442, 7624420, 7649544, 25124
162444, 7624440, 7649558, 25118
162445, 7624450, 7649571, 25121
162446, 7624460, 7649585, 25125
162447, 7624470, 7649598, 25128
162448, 7624480, 7649611, 25131
162449, 7624490, 7649625, 25135
162451, 7624510, 7649652, 25142
162452, 7624520, 7649665, 25145
162453, 7624530, 7649679, 25149
162455, 7624550, 7649692, 25142
162456, 7624560, 7649706, 25146
162457, 7624570, 7649719, 25149
162458, 7624580, 7649732, 25152
162459, 7624590, 7649746, 25156
162460, 7624600, 7649759, 25159
162461, 7624610, 7649773, 25163
162462, 7624620, 7649786, 25166
162463, 7624630, 7649800, 25170
162465, 7624650, 7649813, 25163
162466, 7624660, 7649826, 25166
162467, 7624670, 7649840, 25170
162468, 7624680, 7649853, 25173
162469, 7624690, 7649867, 25177
162470, 7624700, 7649880, 25180
162471, 7624710, 7649894, 25184
162472, 7624720, 7649907, 25187
162473, 7624730, 7649921, 25191
162474, 7624740, 7649934, 25194
162476, 7624760, 7649947, 25187
162477, 7624770, 7649961, 25191
162478, 7624780, 7649974, 25194
162479, 7624790, 7649988, 25198
162480, 7624800, 7650001, 25201
162481, 7624810, 7650015, 25205
162482, 7624820, 7650028, 25208
162483, 7624830, 7650042, 25212
162484, 7624840, 7650055, 25215
162485, 7624850, 7650068, 25218
162487, 7624870, 7650082, 25212
162488, 7624880, 7650095, 25215
162489, 7624890, 7650109, 25219
162490, 7624900, 7650122, 25222
162491, 7624910, 7650136, 25226
162492, 7624920, 7650149, 25229
162493, 7624930, 7650162, 25232
162494, 7624940, 7650176, 25236
162495, 7624950, 7650189, 25239
162497, 7624970, 7650203, 25233
162498, 7624980, 7650216, 25236
162499, 7624990, 7650230, 25240
162501, 7625010, 7650257, 25247
162502, 7625020, 7650270, 25250
162503, 7625030, 7650283, 25253
162504, 7625040, 7650297, 25257
162505, 7625050, 7650310, 25260
162506, 7625060, 7650324, 25264
162508, 7625080, 7650337, 25257
162509, 7625090, 7650351, 25261
162510, 7625100, 7650364, 25264
162511, 7625110, 7650378, 25268
162512, 7625120, 7650391, 25271
162513, 7625130, 7650404, 25274
162514, 7625140, 7650418, 25278
162515, 7625150, 7650431, 25281
162516, 7625160, 7654012, 28852
162517, 7625170, 7654026, 28856
162519, 7625190, 7654039, 28849
162520, 7625200, 7654052, 28852
162521, 7625210, 7654066, 28856
162522, 7625220, 7654079, 28859
162523, 7625230, 7654093, 28863
162524, 7625240, 7654106, 28866
162525, 7625250, 7654120, 28870
162526, 7625260, 7654133, 28873
162527, 7625270, 7654146, 28876
162529, 7625290, 7654160, 28870
162530, 7625300, 7654173, 28873
162531, 7625310, 7654187, 28877
162532, 7625320, 7654200, 28880
162533, 7625330, 7654214, 28884
162534, 7625340, 7654227, 28887
162535, 7625350, 7654241, 28891
162536, 7625360, 7654254, 28894
162537, 7625370, 7654267, 28897
162538, 7625380, 7654281, 28901
162540, 7625400, 7654294, 28894
162541, 7625410, 7654308, 28898
162542, 7625420, 7654321, 28901
162543, 7625430, 7654335, 28905
162544, 7625440, 7654348, 28908
162545, 7625450, 7654362, 28912
162546, 7625460, 7654375, 28915
162547, 7625470, 7654388, 28918
162548, 7625480, 7654402, 28922
162551, 7625510, 7654429, 28919
162552, 7625520, 7654442, 28922
162553, 7625530, 7654456, 28926
162554, 7625540, 7654469, 28929
162555, 7625550, 7654482, 28932
162556, 7625560, 7654496, 28936
162557, 7625570, 7654509, 28939
162558, 7625580, 7654523, 28943
162559, 7625590, 7654536, 28946
162561, 7625610, 7654550, 28940
162562, 7625620, 7654563, 28943
162563, 7625630, 7654577, 28947
162564, 7625640, 7654590, 28950
162565, 7625650, 7654603, 28953
162566, 7625660, 7654617, 28957
162567, 7625670, 7654630, 28960
162568, 7625680, 7654644, 28964
162569, 7625690, 7654657, 28967
162570, 7625700, 7654671, 28971
162572, 7625720, 7654684, 28964
162573, 7625730, 7654698, 28968
162574, 7625740, 7654711, 28971
162575, 7625750, 7654724, 28974
162576, 7625760, 7654738, 28978
162577, 7625770, 7654751, 28981
162578, 7625780, 7654765, 28985
162579, 7625790, 7654778, 28988
162580, 7625800, 7654792, 28992
162582, 7625820, 7654805, 28985
162583, 7625830, 7654818, 28988
162584, 7625840, 7654832, 28992
162585, 7625850, 7654845, 28995
162586, 7625860, 7654859, 28999
162587, 7625870, 7654872, 29002
162588, 7625880, 7654886, 29006
162589, 7625890, 7654899, 29009
162590, 7625900, 7654913, 29013
162591, 7625910, 7654926, 29016
162593, 7625930, 7654939, 29009
162594, 7625940, 7654953, 29013
162595, 7625950, 7654966, 29016
162596, 7625960, 7654980, 29020
162597, 7625970, 7654993, 29023
162598, 7625980, 7655007, 29027
162599, 7625990, 7655020, 29030
163002, 7630020, 7655047, 25027
163003, 7630030, 7655060, 25030
163004, 7630040, 7655074, 25034
163005, 7630050, 7655087, 25037
163006, 7630060, 7655101, 25041
163007, 7630070, 7655114, 25044
163008, 7630080, 7655127, 25047
163009, 7630090, 7655141, 25051
163010, 7630100, 7655154, 25054
163012, 7630120, 7655168, 25048
163013, 7630130, 7655181, 25051
163014, 7630140, 7655195, 25055
163015, 7630150, 7655208, 25058
163016, 7630160, 7655222, 25062
163017, 7630170, 7655235, 25065
163018, 7630180, 7655248, 25068
163019, 7630190, 7655262, 25072
163020, 7630200, 7655275, 25075
163021, 7630210, 7655289, 25079
163023, 7630230, 7655302, 25072
163024, 7630240, 7655316, 25076
163025, 7630250, 7655329, 25079
163026, 7630260, 7655342, 25082
163027, 7630270, 7655356, 25086
163028, 7630280, 7655369, 25089
163029, 7630290, 7655383, 25093
163030, 7630300, 7655396, 25096
163031, 7630310, 7655410, 25100
163033, 7630330, 7655423, 25093
163034, 7630340, 7655437, 25097
163035, 7630350, 7655450, 25100
163036, 7630360, 7655463, 25103
163037, 7630370, 7655477, 25107
163038, 7630380, 7655490, 25110
163039, 7630390, 7655504, 25114
163040, 7630400, 7655517, 25117
163041, 7630410, 7655531, 25121
163042, 7630420, 7655544, 25124
163044, 7630440, 7655558, 25118
163045, 7630450, 7655571, 25121
163046, 7630460, 7655584, 25124
163047, 7630470, 7655598, 25128
163048, 7630480, 7655611, 25131
163049, 7630490, 7655625, 25135
163051, 7630510, 7655652, 25142
163052, 7630520, 7655665, 25145
163053, 7630530, 7655678, 25148
163055, 7630550, 7655692, 25142
163056, 7630560, 7655705, 25145
163057, 7630570, 7655719, 25149
163058, 7630580, 7655732, 25152
163059, 7630590, 7655746, 25156
163060, 7630600, 7655759, 25159
163061, 7630610, 7655773, 25163
163062, 7630620, 7655786, 25166
163063, 7630630, 7655799, 25169
163065, 7630650, 7655813, 25163
163066, 7630660, 7655826, 25166
163067, 7630670, 7655840, 25170
163068, 7630680, 7655853, 25173
163069, 7630690, 7655867, 25177
163070, 7630700, 7655880, 25180
163071, 7630710, 7655894, 25184
163072, 7630720, 7655907, 25187
163073, 7630730, 7655920, 25190
163074, 7630740, 7655934, 25194
163076, 7630760, 7655947, 25187
163077, 7630770, 7655961, 25191
163078, 7630780, 7655974, 25194
163079, 7630790, 7655988, 25198
163080, 7630800, 7656001, 25201
163081, 7630810, 7656014, 25204
163082, 7630820, 7656028, 25208
163083, 7630830, 7656041, 25211
163084, 7630840, 7656055, 25215
163085, 7630850, 7656068, 25218
163087, 7630870, 7656082, 25212
163088, 7630880, 7656095, 25215
163089, 7630890, 7656109, 25219
163090, 7630900, 7656122, 25222
163091, 7630910, 7656135, 25225
163092, 7630920, 7656149, 25229
163093, 7630930, 7656162, 25232
163094, 7630940, 7656176, 25236
163095, 7630950, 7656189, 25239
163097, 7630970, 7656203, 25233
163098, 7630980, 7656216, 25236
163099, 7630990, 7656230, 25240
163101, 7631010, 7656256, 25246
163102, 7631020, 7656270, 25250
163103, 7631030, 7656283, 25253
163104, 7631040, 7656297, 25257
163105, 7631050, 7656310, 25260
163106, 7631060, 7656324, 25264
163108, 7631080, 7656337, 25257
163109, 7631090, 7656350, 25260
163110, 7631100, 7656364, 25264
163111, 7631110, 7656377, 25267
163112, 7631120, 7656391, 25271
163113, 7631130, 7656404, 25274
163114, 7631140, 7656418, 25278
163115, 7631150, 7656431, 25281
163116, 7631160, 7660012, 28852
163118, 7631180, 7660026, 28846
163119, 7631190, 7660039, 28849
163120, 7631200, 7660052, 28852
163121, 7631210, 7660066, 28856
163122, 7631220, 7660079, 28859
163123, 7631230, 7660093, 28863
163124, 7631240, 7660106, 28866
163125, 7631250, 7660120, 28870
163126, 7631260, 7660133, 28873
163127, 7631270, 7660146, 28876
163129, 7631290, 7660160, 28870
163130, 7631300, 7660173, 28873
163131, 7631310, 7660187, 28877
163132, 7631320, 7660200, 28880
163133, 7631330, 7660214, 28884
163134, 7631340, 7660227, 28887
163135, 7631350, 7660241, 28891
163136, 7631360, 7660254, 28894
163137, 7631370, 7660267, 28897
163138, 7631380, 7660281, 28901
163140, 7631400, 7660294, 28894
163141, 7631410, 7660308, 28898
163142, 7631420, 7660321, 28901
163143, 7631430, 7660335, 28905
163144, 7631440, 7660348, 28908
163145, 7631450, 7660362, 28912
163146, 7631460, 7660375, 28915
163147, 7631470, 7660388, 28918
163148, 7631480, 7660402, 28922
163151, 7631510, 7660429, 28919
163152, 7631520, 7660442, 28922
163153, 7631530, 7660456, 28926
163154, 7631540, 7660469, 28929
163155, 7631550, 7660482, 28932
163156, 7631560, 7660496, 28936
163157, 7631570, 7660509, 28939
163158, 7631580, 7660523, 28943
163159, 7631590, 7660536, 28946
163161, 7631610, 7660550, 28940
163162, 7631620, 7660563, 28943
163163, 7631630, 7660577, 28947
163164, 7631640, 7660590, 28950
163165, 7631650, 7660603, 28953
163166, 7631660, 7660617, 28957
163167, 7631670, 7660630, 28960
163168, 7631680, 7660644, 28964
163169, 7631690, 7660657, 28967
163171, 7631710, 7660671, 28961
163172, 7631720, 7660684, 28964
163173, 7631730, 7660698, 28968
163174, 7631740, 7660711, 28971
163175, 7631750, 7660724, 28974
163176, 7631760, 7660738, 28978
163177, 7631770, 7660751, 28981
163178, 7631780, 7660765, 28985
163179, 7631790, 7660778, 28988
163180, 7631800, 7660792, 28992
163182, 7631820, 7660805, 28985
163183, 7631830, 7660818, 28988
163184, 7631840, 7660832, 28992
163185, 7631850, 7660845, 28995
163186, 7631860, 7660859, 28999
163187, 7631870, 7660872, 29002
163188, 7631880, 7660886, 29006
163189, 7631890, 7660899, 29009
163190, 7631900, 7660913, 29013
163191, 7631910, 7660926, 29016
163193, 7631930, 7660939, 29009
163194, 7631940, 7660953, 29013
163195, 7631950, 7660966, 29016
163196, 7631960, 7660980, 29020
163197, 7631970, 7660993, 29023
163198, 7631980, 7661007, 29027
163199, 7631990, 7661020, 29030
163602, 7636020, 7661047, 25027
163603, 7636030, 7661060, 25030
163604, 7636040, 7661074, 25034
163605, 7636050, 7661087, 25037
163606, 7636060, 7661101, 25041
163607, 7636070, 7661114, 25044
163608, 7636080, 7661128, 25048
163609, 7636090, 7661141, 25051
163610, 7636100, 7661154, 25054
163612, 7636120, 7661168, 25048
163613, 7636130, 7661181, 25051
163614, 7636140, 7661195, 25055
163615, 7636150, 7661208, 25058
163616, 7636160, 7661222, 25062
163617, 7636170, 7661235, 25065
163618, 7636180, 7661249, 25069
163619, 7636190, 7661262, 25072
163620, 7636200, 7661275, 25075
163621, 7636210, 7661289, 25079
163623, 7636230, 7661302, 25072
163624, 7636240, 7661316, 25076
163625, 7636250, 7661329, 25079
163626, 7636260, 7661343, 25083
163627, 7636270, 7661356, 25086
163628, 7636280, 7661370, 25090
163629, 7636290, 7661383, 25093
163630, 7636300, 7661396, 25096
163631, 7636310, 7661410, 25100
163633, 7636330, 7661423, 25093
163634, 7636340, 7661437, 25097
163635, 7636350, 7661450, 25100
163636, 7636360, 7661464, 25104
163637, 7636370, 7661477, 25107
163638, 7636380, 7661490, 25110
163639, 7636390, 7661504, 25114
163640, 7636400, 7661517, 25117
163641, 7636410, 7661531, 25121
163642, 7636420, 7661544, 25124
163644, 7636440, 7661558, 25118
163645, 7636450, 7661571, 25121
163646, 7636460, 7661585, 25125
163647, 7636470, 7661598, 25128
163648, 7636480, 7661611, 25131
163649, 7636490, 7661625, 25135
163651, 7636510, 7661652, 25142
163652, 7636520, 7661665, 25145
163653, 7636530, 7661679, 25149
163655, 7636550, 7661692, 25142
163656, 7636560, 7661706, 25146
163657, 7636570, 7661719, 25149
163658, 7636580, 7661732, 25152
163659, 7636590, 7661746, 25156
163660, 7636600, 7661759, 25159
163661, 7636610, 7661773, 25163
163662, 7636620, 7661786, 25166
163663, 7636630, 7661800, 25170
163665, 7636650, 7661813, 25163
163666, 7636660, 7661826, 25166
163667, 7636670, 7661840, 25170
163668, 7636680, 7661853, 25173
163669, 7636690, 7661867, 25177
163670, 7636700, 7661880, 25180
163671, 7636710, 7661894, 25184
163672, 7636720, 7661907, 25187
163673, 7636730, 7661921, 25191
163674, 7636740, 7661934, 25194
163676, 7636760, 7661947, 25187
163677, 7636770, 7661961, 25191
163678, 7636780, 7661974, 25194
163679, 7636790, 7661988, 25198
163680, 7636800, 7662001, 25201
163681, 7636810, 7662015, 25205
163682, 7636820, 7662028, 25208
163683, 7636830, 7662042, 25212
163684, 7636840, 7662055, 25215
163685, 7636850, 7662068, 25218
163687, 7636870, 7662082, 25212
163688, 7636880, 7662095, 25215
163689, 7636890, 7662109, 25219
163690, 7636900, 7662122, 25222
163691, 7636910, 7662136, 25226
163692, 7636920, 7662149, 25229
163693, 7636930, 7662162, 25232
163694, 7636940, 7662176, 25236
163695, 7636950, 7662189, 25239
163697, 7636970, 7662203, 25233
163698, 7636980, 7662216, 25236
163699, 7636990, 7662230, 25240
163701, 7637010, 7662257, 25247
163702, 7637020, 7662270, 25250
163703, 7637030, 7662283, 25253
163704, 7637040, 7662297, 25257
163705, 7637050, 7662310, 25260
163706, 7637060, 7662324, 25264
163708, 7637080, 7662337, 25257
163709, 7637090, 7662351, 25261
163710, 7637100, 7662364, 25264
163711, 7637110, 7662378, 25268
163712, 7637120, 7662391, 25271
163713, 7637130, 7662404, 25274
163714, 7637140, 7662418, 25278
163715, 7637150, 7662431, 25281
163716, 7637160, 7666012, 28852
163718, 7637180, 7666026, 28846
163719, 7637190, 7666039, 28849
163720, 7637200, 7666052, 28852
163721, 7637210, 7666066, 28856
163722, 7637220, 7666079, 28859
163723, 7637230, 7666093, 28863
163724, 7637240, 7666106, 28866
163725, 7637250, 7666120, 28870
163726, 7637260, 7666133, 28873
163727, 7637270, 7666146, 28876
163729, 7637290, 7666160, 28870
163730, 7637300, 7666173, 28873
163731, 7637310, 7666187, 28877
163732, 7637320, 7666200, 28880
163733, 7637330, 7666214, 28884
163734, 7637340, 7666227, 28887
163735, 7637350, 7666241, 28891
163736, 7637360, 7666254, 28894
163737, 7637370, 7666267, 28897
163738, 7637380, 7666281, 28901
163740, 7637400, 7666294, 28894
163741, 7637410, 7666308, 28898
163742, 7637420, 7666321, 28901
163743, 7637430, 7666335, 28905
163744, 7637440, 7666348, 28908
163745, 7637450, 7666362, 28912
163746, 7637460, 7666375, 28915
163747, 7637470, 7666388, 28918
163748, 7637480, 7666402, 28922
163751, 7637510, 7666429, 28919
163752, 7637520, 7666442, 28922
163753, 7637530, 7666456, 28926
163754, 7637540, 7666469, 28929
163755, 7637550, 7666482, 28932
163756, 7637560, 7666496, 28936
163757, 7637570, 7666509, 28939
163758, 7637580, 7666523, 28943
163759, 7637590, 7666536, 28946
163761, 7637610, 7666550, 28940
163762, 7637620, 7666563, 28943
163763, 7637630, 7666577, 28947
163764, 7637640, 7666590, 28950
163765, 7637650, 7666603, 28953
163766, 7637660, 7666617, 28957
163767, 7637670, 7666630, 28960
163768, 7637680, 7666644, 28964
163769, 7637690, 7666657, 28967
163771, 7637710, 7666671, 28961
163772, 7637720, 7666684, 28964
163773, 7637730, 7666698, 28968
163774, 7637740, 7666711, 28971
163775, 7637750, 7666724, 28974
163776, 7637760, 7666738, 28978
163777, 7637770, 7666751, 28981
163778, 7637780, 7666765, 28985
163779, 7637790, 7666778, 28988
163780, 7637800, 7666792, 28992
163782, 7637820, 7666805, 28985
163783, 7637830, 7666818, 28988
163784, 7637840, 7666832, 28992
163785, 7637850, 7666845, 28995
163786, 7637860, 7666859, 28999
163787, 7637870, 7666872, 29002
163788, 7637880, 7666886, 29006
163789, 7637890, 7666899, 29009
163790, 7637900, 7666913, 29013
163791, 7637910, 7666926, 29016
163793, 7637930, 7666939, 29009
163794, 7637940, 7666953, 29013
163795, 7637950, 7666966, 29016
163796, 7637960, 7666980, 29020
163797, 7637970, 7666993, 29023
163798, 7637980, 7667007, 29027
163799, 7637990, 7667020, 29030
164202, 7642020, 7667047, 25027
164203, 7642030, 7667060, 25030
164204, 7642040, 7667074, 25034
164205, 7642050, 7667087, 25037
164206, 7642060, 7667101, 25041
164207, 7642070, 7667114, 25044
164208, 7642080, 7667128, 25048
164209, 7642090, 7667141, 25051
164210, 7642100, 7667154, 25054
164212, 7642120, 7667168, 25048
164213, 7642130, 7667181, 25051
164214, 7642140, 7667195, 25055
164215, 7642150, 7667208, 25058
164216, 7642160, 7667222, 25062
164217, 7642170, 7667235, 25065
164218, 7642180, 7667249, 25069
164219, 7642190, 7667262, 25072
164220, 7642200, 7667275, 25075
164221, 7642210, 7667289, 25079
164223, 7642230, 7667302, 25072
164224, 7642240, 7667316, 25076
164225, 7642250, 7667329, 25079
164226, 7642260, 7667343, 25083
164227, 7642270, 7667356, 25086
164228, 7642280, 7667370, 25090
164229, 7642290, 7667383, 25093
164230, 7642300, 7667396, 25096
164231, 7642310, 7667410, 25100
164233, 7642330, 7667423, 25093
164234, 7642340, 7667437, 25097
164235, 7642350, 7667450, 25100
164236, 7642360, 7667464, 25104
164237, 7642370, 7667477, 25107
164238, 7642380, 7667490, 25110
164239, 7642390, 7667504, 25114
164240, 7642400, 7667517, 25117
164241, 7642410, 7667531, 25121
164242, 7642420, 7667544, 25124
164244, 7642440, 7667558, 25118
164245, 7642450, 7667571, 25121
164246, 7642460, 7667585, 25125
164247, 7642470, 7667598, 25128
164248, 7642480, 7667611, 25131
164249, 7642490, 7667625, 25135
164251, 7642510, 7667652, 25142
164252, 7642520, 7667665, 25145
164253, 7642530, 7667679, 25149
164255, 7642550, 7667692, 25142
164256, 7642560, 7667706, 25146
164257, 7642570, 7667719, 25149
164258, 7642580, 7667732, 25152
164259, 7642590, 7667746, 25156
164260, 7642600, 7667759, 25159
164261, 7642610, 7667773, 25163
164262, 7642620, 7667786, 25166
164263, 7642630, 7667800, 25170
164265, 7642650, 7667813, 25163
164266, 7642660, 7667826, 25166
164267, 7642670, 7667840, 25170
164268, 7642680, 7667853, 25173
164269, 7642690, 7667867, 25177
164270, 7642700, 7667880, 25180
164271, 7642710, 7667894, 25184
164272, 7642720, 7667907, 25187
164273, 7642730, 7667921, 25191
164274, 7642740, 7667934, 25194
164276, 7642760, 7667947, 25187
164277, 7642770, 7667961, 25191
164278, 7642780, 7667974, 25194
164279, 7642790, 7667988, 25198
164280, 7642800, 7668001, 25201
164281, 7642810, 7668015, 25205
164282, 7642820, 7668028, 25208
164283, 7642830, 7668042, 25212
164284, 7642840, 7668055, 25215
164285, 7642850, 7668068, 25218
164287, 7642870, 7668082, 25212
164288, 7642880, 7668095, 25215
164289, 7642890, 7668109, 25219
164290, 7642900, 7668122, 25222
164291, 7642910, 7668136, 25226
164292, 7642920, 7668149, 25229
164293, 7642930, 7668162, 25232
164294, 7642940, 7668176, 25236
164295, 7642950, 7668189, 25239
164297, 7642970, 7668203, 25233
164298, 7642980, 7668216, 25236
164299, 7642990, 7668230, 25240
164301, 7643010, 7668257, 25247
164302, 7643020, 7668270, 25250
164303, 7643030, 7668283, 25253
164304, 7643040, 7668297, 25257
164305, 7643050, 7668310, 25260
164306, 7643060, 7668324, 25264
164308, 7643080, 7668337, 25257
164309, 7643090, 7668351, 25261
164310, 7643100, 7668364, 25264
164311, 7643110, 7668378, 25268
164312, 7643120, 7668391, 25271
164313, 7643130, 7668404, 25274
164314, 7643140, 7668418, 25278
164315, 7643150, 7668431, 25281
164316, 7643160, 7672012, 28852
164318, 7643180, 7672026, 28846
164319, 7643190, 7672039, 28849
164320, 7643200, 7672052, 28852
164321, 7643210, 7672066, 28856
164322, 7643220, 7672079, 28859
164323, 7643230, 7672093, 28863
164324, 7643240, 7672106, 28866
164325, 7643250, 7672120, 28870
164326, 7643260, 7672133, 28873
164327, 7643270, 7672146, 28876
164329, 7643290, 7672160, 28870
164330, 7643300, 7672173, 28873
164331, 7643310, 7672187, 28877
164332, 7643320, 7672200, 28880
164333, 7643330, 7672214, 28884
164334, 7643340, 7672227, 28887
164335, 7643350, 7672241, 28891
164336, 7643360, 7672254, 28894
164337, 7643370, 7672267, 28897
164338, 7643380, 7672281, 28901
164340, 7643400, 7672294, 28894
164341, 7643410, 7672308, 28898
164342, 7643420, 7672321, 28901
164343, 7643430, 7672335, 28905
164344, 7643440, 7672348, 28908
164345, 7643450, 7672362, 28912
164346, 7643460, 7672375, 28915
164347, 7643470, 7672388, 28918
164348, 7643480, 7672402, 28922
164351, 7643510, 7672429, 28919
164352, 7643520, 7672442, 28922
164353, 7643530, 7672456, 28926
164354, 7643540, 7672469, 28929
164355, 7643550, 7672482, 28932
164356, 7643560, 7672496, 28936
164357, 7643570, 7672509, 28939
164358, 7643580, 7672523, 28943
164359, 7643590, 7672536, 28946
164361, 7643610, 7672550, 28940
164362, 7643620, 7672563, 28943
164363, 7643630, 7672577, 28947
164364, 7643640, 7672590, 28950
164365, 7643650, 7672603, 28953
164366, 7643660, 7672617, 28957
164367, 7643670, 7672630, 28960
164368, 7643680, 7672644, 28964
164369, 7643690, 7672657, 28967
164371, 7643710, 7672671, 28961
164372, 7643720, 7672684, 28964
164373, 7643730, 7672698, 28968
164374, 7643740, 7672711, 28971
164375, 7643750, 7672724, 28974
164376, 7643760, 7672738, 28978
164377, 7643770, 7672751, 28981
164378, 7643780, 7672765, 28985
164379, 7643790, 7672778, 28988
164380, 7643800, 7672792, 28992
164382, 7643820, 7672805, 28985
164383, 7643830, 7672818, 28988
164384, 7643840, 7672832, 28992
164385, 7643850, 7672845, 28995
164386, 7643860, 7672859, 28999
164387, 7643870, 7672872, 29002
164388, 7643880, 7672886, 29006
164389, 7643890, 7672899, 29009
164390, 7643900, 7672913, 29013
164391, 7643910, 7672926, 29016
164393, 7643930, 7672939, 29009
164394, 7643940, 7672953, 29013
164395, 7643950, 7672966, 29016
164396, 7643960, 7672980, 29020
164397, 7643970, 7672993, 29023
164398, 7643980, 7673007, 29027
164399, 7643990, 7673020, 29030
164802, 7648020, 7673047, 25027
164803, 7648030, 7673060, 25030
164804, 7648040, 7673074, 25034
164805, 7648050, 7673087, 25037
164806, 7648060, 7673101, 25041
164807, 7648070, 7673114, 25044
164808, 7648080, 7673128, 25048
164809, 7648090, 7673141, 25051
164810, 7648100, 7673154, 25054
164812, 7648120, 7673168, 25048
164813, 7648130, 7673181, 25051
164814, 7648140, 7673195, 25055
164815, 7648150, 7673208, 25058
164816, 7648160, 7673222, 25062
164817, 7648170, 7673235, 25065
164818, 7648180, 7673249, 25069
164819, 7648190, 7673262, 25072
164820, 7648200, 7673275, 25075
164821, 7648210, 7673289, 25079
164823, 7648230, 7673302, 25072
164824, 7648240, 7673316, 25076
164825, 7648250, 7673329, 25079
164826, 7648260, 7673343, 25083
164827, 7648270, 7673356, 25086
164828, 7648280, 7673370, 25090
164829, 7648290, 7673383, 25093
164830, 7648300, 7673396, 25096
164831, 7648310, 7673410, 25100
164833, 7648330, 7673423, 25093
164834, 7648340, 7673437, 25097
164835, 7648350, 7673450, 25100
164836, 7648360, 7673464, 25104
164837, 7648370, 7673477, 25107
164838, 7648380, 7673490, 25110
164839, 7648390, 7673504, 25114
164840, 7648400, 7673517, 25117
164841, 7648410, 7673531, 25121
164842, 7648420, 7673544, 25124
164844, 7648440, 7673558, 25118
164845, 7648450, 7673571, 25121
164846, 7648460, 7673585, 25125
164847, 7648470, 7673598, 25128
164848, 7648480, 7673611, 25131
164849, 7648490, 7673625, 25135
164851, 7648510, 7673652, 25142
164852, 7648520, 7673665, 25145
164853, 7648530, 7673679, 25149
164855, 7648550, 7673692, 25142
164856, 7648560, 7673706, 25146
164857, 7648570, 7673719, 25149
164858, 7648580, 7673732, 25152
164859, 7648590, 7673746, 25156
164860, 7648600, 7673759, 25159
164861, 7648610, 7673773, 25163
164862, 7648620, 7673786, 25166
164863, 7648630, 7673800, 25170
164865, 7648650, 7673813, 25163
164866, 7648660, 7673826, 25166
164867, 7648670, 7673840, 25170
164868, 7648680, 7673853, 25173
164869, 7648690, 7673867, 25177
164870, 7648700, 7673880, 25180
164871, 7648710, 7673894, 25184
164872, 7648720, 7673907, 25187
164873, 7648730, 7673921, 25191
164874, 7648740, 7673934, 25194
164876, 7648760, 7673947, 25187
164877, 7648770, 7673961, 25191
164878, 7648780, 7673974, 25194
164879, 7648790, 7673988, 25198
164880, 7648800, 7674001, 25201
164881, 7648810, 7674015, 25205
164882, 7648820, 7674028, 25208
164883, 7648830, 7674042, 25212
164884, 7648840, 7674055, 25215
164885, 7648850, 7674068, 25218
164887, 7648870, 7674082, 25212
164888, 7648880, 7674095, 25215
164889, 7648890, 7674109, 25219
164890, 7648900, 7674122, 25222
164891, 7648910, 7674136, 25226
164892, 7648920, 7674149, 25229
164893, 7648930, 7674162, 25232
164894, 7648940, 7674176, 25236
164895, 7648950, 7674189, 25239
164897, 7648970, 7674203, 25233
164898, 7648980, 7674216, 25236
164899, 7648990, 7674230, 25240
164901, 7649010, 7674257, 25247
164902, 7649020, 7674270, 25250
164903, 7649030, 7674283, 25253
164904, 7649040, 7674297, 25257
164905, 7649050, 7674310, 25260
164906, 7649060, 7674324, 25264
164908, 7649080, 7674337, 25257
164909, 7649090, 7674351, 25261
164910, 7649100, 7674364, 25264
164911, 7649110, 7674378, 25268
164912, 7649120, 7674391, 25271
164913, 7649130, 7674404, 25274
164914, 7649140, 7674418, 25278
164915, 7649150, 7674431, 25281
164916, 7649160, 7678012, 28852
164918, 7649180, 7678026, 28846
164919, 7649190, 7678039, 28849
164920, 7649200, 7678052, 28852
164921, 7649210, 7678066, 28856
164922, 7649220, 7678079, 28859
164923, 7649230, 7678093, 28863
164924, 7649240, 7678106, 28866
164925, 7649250, 7678120, 28870
164926, 7649260, 7678133, 28873
164927, 7649270, 7678146, 28876
164929, 7649290, 7678160, 28870
164930, 7649300, 7678173, 28873
164931, 7649310, 7678187, 28877
164932, 7649320, 7678200, 28880
164933, 7649330, 7678214, 28884
164934, 7649340, 7678227, 28887
164935, 7649350, 7678241, 28891
164936, 7649360, 7678254, 28894
164937, 7649370, 7678267, 28897
164938, 7649380, 7678281, 28901
164940, 7649400, 7678294, 28894
164941, 7649410, 7678308, 28898
164942, 7649420, 7678321, 28901
164943, 7649430, 7678335, 28905
164944, 7649440, 7678348, 28908
164945, 7649450, 7678362, 28912
164946, 7649460, 7678375, 28915
164947, 7649470, 7678388, 28918
164948, 7649480, 7678402, 28922
164951, 7649510, 7678429, 28919
164952, 7649520, 7678442, 28922
164953, 7649530, 7678456, 28926
164954, 7649540, 7678469, 28929
164955, 7649550, 7678482, 28932
164956, 7649560, 7678496, 28936
164957, 7649570, 7678509, 28939
164958, 7649580, 7678523, 28943
164959, 7649590, 7678536, 28946
164961, 7649610, 7678550, 28940
164962, 7649620, 7678563, 28943
164963, 7649630, 7678577, 28947
164964, 7649640, 7678590, 28950
164965, 7649650, 7678603, 28953
164966, 7649660, 7678617, 28957
164967, 7649670, 7678630, 28960
164968, 7649680, 7678644, 28964
164969, 7649690, 7678657, 28967
164971, 7649710, 7678671, 28961
164972, 7649720, 7678684, 28964
164973, 7649730, 7678698, 28968
164974, 7649740, 7678711, 28971
164975, 7649750, 7678724, 28974
164976, 7649760, 7678738, 28978
164977, 7649770, 7678751, 28981
164978, 7649780, 7678765, 28985
164979, 7649790, 7678778, 28988
164980, 7649800, 7678792, 28992
164982, 7649820, 7678805, 28985
164983, 7649830, 7678818, 28988
164984, 7649840, 7678832, 28992
164985, 7649850, 7678845, 28995
164986, 7649860, 7678859, 28999
164987, 7649870, 7678872, 29002
164988, 7649880, 7678886, 29006
164989, 7649890, 7678899, 29009
164990, 7649900, 7678913, 29013
164991, 7649910, 7678926, 29016
164993, 7649930, 7678939, 29009
164994, 7649940, 7678953, 29013
164995, 7649950, 7678966, 29016
164996, 7649960, 7678980, 29020
164997, 7649970, 7678993, 29023
164998, 7649980, 7679007, 29027
164999, 7649990, 7679020, 29030
165402, 7654020, 7679047, 25027
165403, 7654030, 7679060, 25030
165404, 7654040, 7679074, 25034
165405, 7654050, 7679087, 25037
165406, 7654060, 7679101, 25041
165407, 7654070, 7679114, 25044
165408, 7654080, 7679128, 25048
165409, 7654090, 7679141, 25051
165410, 7654100, 7679154, 25054
165412, 7654120, 7679168, 25048
165413, 7654130, 7679181, 25051
165414, 7654140, 7679195, 25055
165415, 7654150, 7679208, 25058
165416, 7654160, 7679222, 25062
165417, 7654170, 7679235, 25065
165418, 7654180, 7679249, 25069
165419, 7654190, 7679262, 25072
165420, 7654200, 7679275, 25075
165421, 7654210, 7679289, 25079
165423, 7654230, 7679302, 25072
165424, 7654240, 7679316, 25076
165425, 7654250, 7679329, 25079
165426, 7654260, 7679343, 25083
165427, 7654270, 7679356, 25086
165428, 7654280, 7679370, 25090
165429, 7654290, 7679383, 25093
165430, 7654300, 7679396, 25096
165431, 7654310, 7679410, 25100
165433, 7654330, 7679423, 25093
165434, 7654340, 7679437, 25097
165435, 7654350, 7679450, 25100
165436, 7654360, 7679464, 25104
165437, 7654370, 7679477, 25107
165438, 7654380, 7679490, 25110
165439, 7654390, 7679504, 25114
165440, 7654400, 7679517, 25117
165441, 7654410, 7679531, 25121
165442, 7654420, 7679544, 25124
165444, 7654440, 7679558, 25118
165445, 7654450, 7679571, 25121
165446, 7654460, 7679585, 25125
165447, 7654470, 7679598, 25128
165448, 7654480, 7679611, 25131
165449, 7654490, 7679625, 25135
165451, 7654510, 7679652, 25142
165452, 7654520, 7679665, 25145
165453, 7654530, 7679679, 25149
165455, 7654550, 7679692, 25142
165456, 7654560, 7679706, 25146
165457, 7654570, 7679719, 25149
165458, 7654580, 7679732, 25152
165459, 7654590, 7679746, 25156
165460, 7654600, 7679759, 25159
165461, 7654610, 7679773, 25163
165462, 7654620, 7679786, 25166
165463, 7654630, 7679800, 25170
165465, 7654650, 7679813, 25163
165466, 7654660, 7679826, 25166
165467, 7654670, 7679840, 25170
165468, 7654680, 7679853, 25173
165469, 7654690, 7679867, 25177
165470, 7654700, 7679880, 25180
165471, 7654710, 7679894, 25184
165472, 7654720, 7679907, 25187
165473, 7654730, 7679921, 25191
165474, 7654740, 7679934, 25194
165476, 7654760, 7679947, 25187
165477, 7654770, 7679961, 25191
165478, 7654780, 7679974, 25194
165479, 7654790, 7679988, 25198
165480, 7654800, 7680001, 25201
165481, 7654810, 7680015, 25205
165482, 7654820, 7680028, 25208
165483, 7654830, 7680042, 25212
165484, 7654840, 7680055, 25215
165485, 7654850, 7680068, 25218
165487, 7654870, 7680082, 25212
165488, 7654880, 7680095, 25215
165489, 7654890, 7680109, 25219
165490, 7654900, 7680122, 25222
165491, 7654910, 7680136, 25226
165492, 7654920, 7680149, 25229
165493, 7654930, 7680162, 25232
165494, 7654940, 7680176, 25236
165495, 7654950, 7680189, 25239
165497, 7654970, 7680203, 25233
165498, 7654980, 7680216, 25236
165499, 7654990, 7680230, 25240
165501, 7655010, 7680257, 25247
165502, 7655020, 7680270, 25250
165503, 7655030, 7680283, 25253
165504, 7655040, 7680297, 25257
165505, 7655050, 7680310, 25260
165506, 7655060, 7680324, 25264
165508, 7655080, 7680337, 25257
165509, 7655090, 7680351, 25261
165510, 7655100, 7680364, 25264
165511, 7655110, 7680378, 25268
165512, 7655120, 7680391, 25271
165513, 7655130, 7680404, 25274
165514, 7655140, 7680418, 25278
165515, 7655150, 7680431, 25281
165516, 7655160, 7684012, 28852
165517, 7655170, 7684026, 28856
165519, 7655190, 7684039, 28849
165520, 7655200, 7684052, 28852
165521, 7655210, 7684066, 28856
165522, 7655220, 7684079, 28859
165523, 7655230, 7684093, 28863
165524, 7655240, 7684106, 28866
165525, 7655250, 7684120, 28870
165526, 7655260, 7684133, 28873
165527, 7655270, 7684146, 28876
165529, 7655290, 7684160, 28870
165530, 7655300, 7684173, 28873
165531, 7655310, 7684187, 28877
165532, 7655320, 7684200, 28880
165533, 7655330, 7684214, 28884
165534, 7655340, 7684227, 28887
165535, 7655350, 7684241, 28891
165536, 7655360, 7684254, 28894
165537, 7655370, 7684267, 28897
165538, 7655380, 7684281, 28901
165540, 7655400, 7684294, 28894
165541, 7655410, 7684308, 28898
165542, 7655420, 7684321, 28901
165543, 7655430, 7684335, 28905
165544, 7655440, 7684348, 28908
165545, 7655450, 7684362, 28912
165546, 7655460, 7684375, 28915
165547, 7655470, 7684388, 28918
165548, 7655480, 7684402, 28922
165551, 7655510, 7684429, 28919
165552, 7655520, 7684442, 28922
165553, 7655530, 7684456, 28926
165554, 7655540, 7684469, 28929
165555, 7655550, 7684482, 28932
165556, 7655560, 7684496, 28936
165557, 7655570, 7684509, 28939
165558, 7655580, 7684523, 28943
165559, 7655590, 7684536, 28946
165561, 7655610, 7684550, 28940
165562, 7655620, 7684563, 28943
165563, 7655630, 7684577, 28947
165564, 7655640, 7684590, 28950
165565, 7655650, 7684603, 28953
165566, 7655660, 7684617, 28957
165567, 7655670, 7684630, 28960
165568, 7655680, 7684644, 28964
165569, 7655690, 7684657, 28967
165570, 7655700, 7684671, 28971
165572, 7655720, 7684684, 28964
165573, 7655730, 7684698, 28968
165574, 7655740, 7684711, 28971
165575, 7655750, 7684724, 28974
165576, 7655760, 7684738, 28978
165577, 7655770, 7684751, 28981
165578, 7655780, 7684765, 28985
165579, 7655790, 7684778, 28988
165580, 7655800, 7684792, 28992
165582, 7655820, 7684805, 28985
165583, 7655830, 7684818, 28988
165584, 7655840, 7684832, 28992
165585, 7655850, 7684845, 28995
165586, 7655860, 7684859, 28999
165587, 7655870, 7684872, 29002
165588, 7655880, 7684886, 29006
165589, 7655890, 7684899, 29009
165590, 7655900, 7684913, 29013
165591, 7655910, 7684926, 29016
165593, 7655930, 7684939, 29009
165594, 7655940, 7684953, 29013
165595, 7655950, 7684966, 29016
165596, 7655960, 7684980, 29020
165597, 7655970, 7684993, 29023
165598, 7655980, 7685007, 29027
165599, 7655990, 7685020, 29030
166002, 7660020, 7685047, 25027
166003, 7660030, 7685060, 25030
166004, 7660040, 7685074, 25034
166005, 7660050, 7685087, 25037
166006, 7660060, 7685101, 25041
166007, 7660070, 7685114, 25044
166008, 7660080, 7685127, 25047
166009, 7660090, 7685141, 25051
166010, 7660100, 7685154, 25054
166012, 7660120, 7685168, 25048
166013, 7660130, 7685181, 25051
166014, 7660140, 7685195, 25055
166015, 7660150, 7685208, 25058
166016, 7660160, 7685222, 25062
166017, 7660170, 7685235, 25065
166018, 7660180, 7685248, 25068
166019, 7660190, 7685262, 25072
166020, 7660200, 7685275, 25075
166021, 7660210, 7685289, 25079
166023, 7660230, 7685302, 25072
166024, 7660240, 7685316, 25076
166025, 7660250, 7685329, 25079
166026, 7660260, 7685342, 25082
166027, 7660270, 7685356, 25086
166028, 7660280, 7685369, 25089
166029, 7660290, 7685383, 25093
166030, 7660300, 7685396, 25096
166031, 7660310, 7685410, 25100
166033, 7660330, 7685423, 25093
166034, 7660340, 7685437, 25097
166035, 7660350, 7685450, 25100
166036, 7660360, 7685463, 25103
166037, 7660370, 7685477, 25107
166038, 7660380, 7685490, 25110
166039, 7660390, 7685504, 25114
166040, 7660400, 7685517, 25117
166041, 7660410, 7685531, 25121
166042, 7660420, 7685544, 25124
166044, 7660440, 7685558, 25118
166045, 7660450, 7685571, 25121
166046, 7660460, 7685584, 25124
166047, 7660470, 7685598, 25128
166048, 7660480, 7685611, 25131
166049, 7660490, 7685625, 25135
166051, 7660510, 7685652, 25142
166052, 7660520, 7685665, 25145
166053, 7660530, 7685678, 25148
166055, 7660550, 7685692, 25142
166056, 7660560, 7685705, 25145
166057, 7660570, 7685719, 25149
166058, 7660580, 7685732, 25152
166059, 7660590, 7685746, 25156
166060, 7660600, 7685759, 25159
166061, 7660610, 7685773, 25163
166062, 7660620, 7685786, 25166
166063, 7660630, 7685799, 25169
166065, 7660650, 7685813, 25163
166066, 7660660, 7685826, 25166
166067, 7660670, 7685840, 25170
166068, 7660680, 7685853, 25173
166069, 7660690, 7685867, 25177
166070, 7660700, 7685880, 25180
166071, 7660710, 7685894, 25184
166072, 7660720, 7685907, 25187
166073, 7660730, 7685920, 25190
166074, 7660740, 7685934, 25194
166076, 7660760, 7685947, 25187
166077, 7660770, 7685961, 25191
166078, 7660780, 7685974, 25194
166079, 7660790, 7685988, 25198
166080, 7660800, 7686001, 25201
166081, 7660810, 7686014, 25204
166082, 7660820, 7686028, 25208
166083, 7660830, 7686041, 25211
166084, 7660840, 7686055, 25215
166085, 7660850, 7686068, 25218
166087, 7660870, 7686082, 25212
166088, 7660880, 7686095, 25215
166089, 7660890, 7686109, 25219
166090, 7660900, 7686122, 25222
166091, 7660910, 7686135, 25225
166092, 7660920, 7686149, 25229
166093, 7660930, 7686162, 25232
166094, 7660940, 7686176, 25236
166095, 7660950, 7686189, 25239
166097, 7660970, 7686203, 25233
166098, 7660980, 7686216, 25236
166099, 7660990, 7686230, 25240
166101, 7661010, 7686256, 25246
166102, 7661020, 7686270, 25250
166103, 7661030, 7686283, 25253
166104, 7661040, 7686297, 25257
166105, 7661050, 7686310, 25260
166106, 7661060, 7686324, 25264
166108, 7661080, 7686337, 25257
166109, 7661090, 7686350, 25260
166110, 7661100, 7686364, 25264
166111, 7661110, 7686377, 25267
166112, 7661120, 7686391, 25271
166113, 7661130, 7686404, 25274
166114, 7661140, 7686418, 25278
166115, 7661150, 7686431, 25281
166116, 7661160, 7690012, 28852
166118, 7661180, 7690026, 28846
166119, 7661190, 7690039, 28849
166120, 7661200, 7690052, 28852
166121, 7661210, 7690066, 28856
166122, 7661220, 7690079, 28859
166123, 7661230, 7690093, 28863
166124, 7661240, 7690106, 28866
166125, 7661250, 7690120, 28870
166126, 7661260, 7690133, 28873
166127, 7661270, 7690146, 28876
166129, 7661290, 7690160, 28870
166130, 7661300, 7690173, 28873
166131, 7661310, 7690187, 28877
166132, 7661320, 7690200, 28880
166133, 7661330, 7690214, 28884
166134, 7661340, 7690227, 28887
166135, 7661350, 7690241, 28891
166136, 7661360, 7690254, 28894
166137, 7661370, 7690267, 28897
166138, 7661380, 7690281, 28901
166140, 7661400, 7690294, 28894
166141, 7661410, 7690308, 28898
166142, 7661420, 7690321, 28901
166143, 7661430, 7690335, 28905
166144, 7661440, 7690348, 28908
166145, 7661450, 7690362, 28912
166146, 7661460, 7690375, 28915
166147, 7661470, 7690388, 28918
166148, 7661480, 7690402, 28922
166151, 7661510, 7690429, 28919
166152, 7661520, 7690442, 28922
166153, 7661530, 7690456, 28926
166154, 7661540, 7690469, 28929
166155, 7661550, 7690482, 28932
166156, 7661560, 7690496, 28936
166157, 7661570, 7690509, 28939
166158, 7661580, 7690523, 28943
166159, 7661590, 7690536, 28946
166161, 7661610, 7690550, 28940
166162, 7661620, 7690563, 28943
166163, 7661630, 7690577, 28947
166164, 7661640, 7690590, 28950
166165, 7661650, 7690603, 28953
166166, 7661660, 7690617, 28957
166167, 7661670, 7690630, 28960
166168, 7661680, 7690644, 28964
166169, 7661690, 7690657, 28967
166171, 7661710, 7690671, 28961
166172, 7661720, 7690684, 28964
166173, 7661730, 7690698, 28968
166174, 7661740, 7690711, 28971
166175, 7661750, 7690724, 28974
166176, 7661760, 7690738, 28978
166177, 7661770, 7690751, 28981
166178, 7661780, 7690765, 28985
166179, 7661790, 7690778, 28988
166180, 7661800, 7690792, 28992
166182, 7661820, 7690805, 28985
166183, 7661830, 7690818, 28988
166184, 7661840, 7690832, 28992
166185, 7661850, 7690845, 28995
166186, 7661860, 7690859, 28999
166187, 7661870, 7690872, 29002
166188, 7661880, 7690886, 29006
166189, 7661890, 7690899, 29009
166190, 7661900, 7690913, 29013
166191, 7661910, 7690926, 29016
166193, 7661930, 7690939, 29009
166194, 7661940, 7690953, 29013
166195, 7661950, 7690966, 29016
166196, 7661960, 7690980, 29020
166197, 7661970, 7690993, 29023
166198, 7661980, 7691007, 29027
166199, 7661990, 7691020, 29030
166602, 7666020, 7691047, 25027
166603, 7666030, 7691060, 25030
166604, 7666040, 7691074, 25034
166605, 7666050, 7691087, 25037
166606, 7666060, 7691101, 25041
166607, 7666070, 7691114, 25044
166608, 7666080, 7691128, 25048
166609, 7666090, 7691141, 25051
166610, 7666100, 7691154, 25054
166612, 7666120, 7691168, 25048
166613, 7666130, 7691181, 25051
166614, 7666140, 7691195, 25055
166615, 7666150, 7691208, 25058
166616, 7666160, 7691222, 25062
166617, 7666170, 7691235, 25065
166618, 7666180, 7691249, 25069
166619, 7666190, 7691262, 25072
166620, 7666200, 7691275, 25075
166621, 7666210, 7691289, 25079
166623, 7666230, 7691302, 25072
166624, 7666240, 7691316, 25076
166625, 7666250, 7691329, 25079
166626, 7666260, 7691343, 25083
166627, 7666270, 7691356, 25086
166628, 7666280, 7691370, 25090
166629, 7666290, 7691383, 25093
166630, 7666300, 7691396, 25096
166631, 7666310, 7691410, 25100
166633, 7666330, 7691423, 25093
166634, 7666340, 7691437, 25097
166635, 7666350, 7691450, 25100
166636, 7666360, 7691464, 25104
166637, 7666370, 7691477, 25107
166638, 7666380, 7691490, 25110
166639, 7666390, 7691504, 25114
166640, 7666400, 7691517, 25117
166641, 7666410, 7691531, 25121
166642, 7666420, 7691544, 25124
166644, 7666440, 7691558, 25118
166645, 7666450, 7691571, 25121
166646, 7666460, 7691585, 25125
166647, 7666470, 7691598, 25128
166648, 7666480, 7691611, 25131
166649, 7666490, 7691625, 25135
166651, 7666510, 7691652, 25142
166652, 7666520, 7691665, 25145
166653, 7666530, 7691679, 25149
166655, 7666550, 7691692, 25142
166656, 7666560, 7691706, 25146
166657, 7666570, 7691719, 25149
166658, 7666580, 7691732, 25152
166659, 7666590, 7691746, 25156
166660, 7666600, 7691759, 25159
166661, 7666610, 7691773, 25163
166662, 7666620, 7691786, 25166
166663, 7666630, 7691800, 25170
166665, 7666650, 7691813, 25163
166666, 7666660, 7691826, 25166
166667, 7666670, 7691840, 25170
166668, 7666680, 7691853, 25173
166669, 7666690, 7691867, 25177
166670, 7666700, 7691880, 25180
166671, 7666710, 7691894, 25184
166672, 7666720, 7691907, 25187
166673, 7666730, 7691921, 25191
166674, 7666740, 7691934, 25194
166676, 7666760, 7691947, 25187
166677, 7666770, 7691961, 25191
166678, 7666780, 7691974, 25194
166679, 7666790, 7691988, 25198
166680, 7666800, 7692001, 25201
166681, 7666810, 7692015, 25205
166682, 7666820, 7692028, 25208
166683, 7666830, 7692042, 25212
166684, 7666840, 7692055, 25215
166685, 7666850, 7692068, 25218
166687, 7666870, 7692082, 25212
166688, 7666880, 7692095, 25215
166689, 7666890, 7692109, 25219
166690, 7666900, 7692122, 25222
166691, 7666910, 7692136, 25226
166692, 7666920, 7692149, 25229
166693, 7666930, 7692162, 25232
166694, 7666940, 7692176, 25236
166695, 7666950, 7692189, 25239
166697, 7666970, 7692203, 25233
166698, 7666980, 7692216, 25236
166699, 7666990, 7692230, 25240
166701, 7667010, 7692257, 25247
166702, 7667020, 7692270, 25250
166703, 7667030, 7692283, 25253
166704, 7667040, 7692297, 25257
166705, 7667050, 7692310, 25260
166706, 7667060, 7692324, 25264
166708, 7667080, 7692337, 25257
166709, 7667090, 7692351, 25261
166710, 7667100, 7692364, 25264
166711, 7667110, 7692378, 25268
166712, 7667120, 7692391, 25271
166713, 7667130, 7692404, 25274
166714, 7667140, 7692418, 25278
166715, 7667150, 7692431, 25281
166716, 7667160, 7696012, 28852
166718, 7667180, 7696026, 28846
166719, 7667190, 7696039, 28849
166720, 7667200, 7696052, 28852
166721, 7667210, 7696066, 28856
166722, 7667220, 7696079, 28859
166723, 7667230, 7696093, 28863
166724, 7667240, 7696106, 28866
166725, 7667250, 7696120, 28870
166726, 7667260, 7696133, 28873
166727, 7667270, 7696146, 28876
166729, 7667290, 7696160, 28870
166730, 7667300, 7696173, 28873
166731, 7667310, 7696187, 28877
166732, 7667320, 7696200, 28880
166733, 7667330, 7696214, 28884
166734, 7667340, 7696227, 28887
166735, 7667350, 7696241, 28891
166736, 7667360, 7696254, 28894
166737, 7667370, 7696267, 28897
166738, 7667380, 7696281, 28901
166740, 7667400, 7696294, 28894
166741, 7667410, 7696308, 28898
166742, 7667420, 7696321, 28901
166743, 7667430, 7696335, 28905
166744, 7667440, 7696348, 28908
166745, 7667450, 7696362, 28912
166746, 7667460, 7696375, 28915
166747, 7667470, 7696388, 28918
166748, 7667480, 7696402, 28922
166751, 7667510, 7696429, 28919
166752, 7667520, 7696442, 28922
166753, 7667530, 7696456, 28926
166754, 7667540, 7696469, 28929
166755, 7667550, 7696482, 28932
166756, 7667560, 7696496, 28936
166757, 7667570, 7696509, 28939
166758, 7667580, 7696523, 28943
166759, 7667590, 7696536, 28946
166761, 7667610, 7696550, 28940
166762, 7667620, 7696563, 28943
166763, 7667630, 7696577, 28947
166764, 7667640, 7696590, 28950
166765, 7667650, 7696603, 28953
166766, 7667660, 7696617, 28957
166767, 7667670, 7696630, 28960
166768, 7667680, 7696644, 28964
166769, 7667690, 7696657, 28967
166771, 7667710, 7696671, 28961
166772, 7667720, 7696684, 28964
166773, 7667730, 7696698, 28968
166774, 7667740, 7696711, 28971
166775, 7667750, 7696724, 28974
166776, 7667760, 7696738, 28978
166777, 7667770, 7696751, 28981
166778, 7667780, 7696765, 28985
166779, 7667790, 7696778, 28988
166780, 7667800, 7696792, 28992
166782, 7667820, 7696805, 28985
166783, 7667830, 7696818, 28988
166784, 7667840, 7696832, 28992
166785, 7667850, 7696845, 28995
166786, 7667860, 7696859, 28999
166787, 7667870, 7696872, 29002
166788, 7667880, 7696886, 29006
166789, 7667890, 7696899, 29009
166790, 7667900, 7696913, 29013
166791, 7667910, 7696926, 29016
166793, 7667930, 7696939, 29009
166794, 7667940, 7696953, 29013
166795, 7667950, 7696966, 29016
166796, 7667960, 7696980, 29020
166797, 7667970, 7696993, 29023
166798, 7667980, 7697007, 29027
166799, 7667990, 7697020, 29030
167202, 7672020, 7697047, 25027
167203, 7672030, 7697060, 25030
167204, 7672040, 7697074, 25034
167205, 7672050, 7697087, 25037
167206, 7672060, 7697101, 25041
167207, 7672070, 7697114, 25044
167208, 7672080, 7697128, 25048
167209, 7672090, 7697141, 25051
167210, 7672100, 7697154, 25054
167212, 7672120, 7697168, 25048
167213, 7672130, 7697181, 25051
167214, 7672140, 7697195, 25055
167215, 7672150, 7697208, 25058
167216, 7672160, 7697222, 25062
167217, 7672170, 7697235, 25065
167218, 7672180, 7697249, 25069
167219, 7672190, 7697262, 25072
167220, 7672200, 7697275, 25075
167221, 7672210, 7697289, 25079
167223, 7672230, 7697302, 25072
167224, 7672240, 7697316, 25076
167225, 7672250, 7697329, 25079
167226, 7672260, 7697343, 25083
167227, 7672270, 7697356, 25086
167228, 7672280, 7697370, 25090
167229, 7672290, 7697383, 25093
167230, 7672300, 7697396, 25096
167231, 7672310, 7697410, 25100
167233, 7672330, 7697423, 25093
167234, 7672340, 7697437, 25097
167235, 7672350, 7697450, 25100
167236, 7672360, 7697464, 25104
167237, 7672370, 7697477, 25107
167238, 7672380, 7697490, 25110
167239, 7672390, 7697504, 25114
167240, 7672400, 7697517, 25117
167241, 7672410, 7697531, 25121
167242, 7672420, 7697544, 25124
167244, 7672440, 7697558, 25118
167245, 7672450, 7697571, 25121
167246, 7672460, 7697585, 25125
167247, 7672470, 7697598, 25128
167248, 7672480, 7697611, 25131
167249, 7672490, 7697625, 25135
167251, 7672510, 7697652, 25142
167252, 7672520, 7697665, 25145
167253, 7672530, 7697679, 25149
167255, 7672550, 7697692, 25142
167256, 7672560, 7697706, 25146
167257, 7672570, 7697719, 25149
167258, 7672580, 7697732, 25152
167259, 7672590, 7697746, 25156
167260, 7672600, 7697759, 25159
167261, 7672610, 7697773, 25163
167262, 7672620, 7697786, 25166
167263, 7672630, 7697800, 25170
167265, 7672650, 7697813, 25163
167266, 7672660, 7697826, 25166
167267, 7672670, 7697840, 25170
167268, 7672680, 7697853, 25173
167269, 7672690, 7697867, 25177
167270, 7672700, 7697880, 25180
167271, 7672710, 7697894, 25184
167272, 7672720, 7697907, 25187
167273, 7672730, 7697921, 25191
167274, 7672740, 7697934, 25194
167276, 7672760, 7697947, 25187
167277, 7672770, 7697961, 25191
167278, 7672780, 7697974, 25194
167279, 7672790, 7697988, 25198
167280, 7672800, 7698001, 25201
167281, 7672810, 7698015, 25205
167282, 7672820, 7698028, 25208
167283, 7672830, 7698042, 25212
167284, 7672840, 7698055, 25215
167285, 7672850, 7698068, 25218
167287, 7672870, 7698082, 25212
167288, 7672880, 7698095, 25215
167289, 7672890, 7698109, 25219
167290, 7672900, 7698122, 25222
167291, 7672910, 7698136, 25226
167292, 7672920, 7698149, 25229
167293, 7672930, 7698162, 25232
167294, 7672940, 7698176, 25236
167295, 7672950, 7698189, 25239
167297, 7672970, 7698203, 25233
167298, 7672980, 7698216, 25236
167299, 7672990, 7698230, 25240
167301, 7673010, 7698257, 25247
167302, 7673020, 7698270, 25250
167303, 7673030, 7698283, 25253
167304, 7673040, 7698297, 25257
167305, 7673050, 7698310, 25260
167306, 7673060, 7698324, 25264
167308, 7673080, 7698337, 25257
167309, 7673090, 7698351, 25261
167310, 7673100, 7698364, 25264
167311, 7673110, 7698378, 25268
167312, 7673120, 7698391, 25271
167313, 7673130, 7698404, 25274
167314, 7673140, 7698418, 25278
167315, 7673150, 7698431, 25281
167316, 7673160, 7702012, 28852
167318, 7673180, 7702026, 28846
167319, 7673190, 7702039, 28849
167320, 7673200, 7702052, 28852
167321, 7673210, 7702066, 28856
167322, 7673220, 7702079, 28859
167323, 7673230, 7702093, 28863
167324, 7673240, 7702106, 28866
167325, 7673250, 7702120, 28870
167326, 7673260, 7702133, 28873
167327, 7673270, 7702146, 28876
167329, 7673290, 7702160, 28870
167330, 7673300, 7702173, 28873
167331, 7673310, 7702187, 28877
167332, 7673320, 7702200, 28880
167333, 7673330, 7702214, 28884
167334, 7673340, 7702227, 28887
167335, 7673350, 7702241, 28891
167336, 7673360, 7702254, 28894
167337, 7673370, 7702267, 28897
167338, 7673380, 7702281, 28901
167340, 7673400, 7702294, 28894
167341, 7673410, 7702308, 28898
167342, 7673420, 7702321, 28901
167343, 7673430, 7702335, 28905
167344, 7673440, 7702348, 28908
167345, 7673450, 7702362, 28912
167346, 7673460, 7702375, 28915
167347, 7673470, 7702388, 28918
167348, 7673480, 7702402, 28922
167351, 7673510, 7702429, 28919
167352, 7673520, 7702442, 28922
167353, 7673530, 7702456, 28926
167354, 7673540, 7702469, 28929
167355, 7673550, 7702482, 28932
167356, 7673560, 7702496, 28936
167357, 7673570, 7702509, 28939
167358, 7673580, 7702523, 28943
167359, 7673590, 7702536, 28946
167361, 7673610, 7702550, 28940
167362, 7673620, 7702563, 28943
167363, 7673630, 7702577, 28947
167364, 7673640, 7702590, 28950
167365, 7673650, 7702603, 28953
167366, 7673660, 7702617, 28957
167367, 7673670, 7702630, 28960
167368, 7673680, 7702644, 28964
167369, 7673690, 7702657, 28967
167371, 7673710, 7702671, 28961
167372, 7673720, 7702684, 28964
167373, 7673730, 7702698, 28968
167374, 7673740, 7702711, 28971
167375, 7673750, 7702724, 28974
167376, 7673760, 7702738, 28978
167377, 7673770, 7702751, 28981
167378, 7673780, 7702765, 28985
167379, 7673790, 7702778, 28988
167380, 7673800, 7702792, 28992
167382, 7673820, 7702805, 28985
167383, 7673830, 7702818, 28988
167384, 7673840, 7702832, 28992
167385, 7673850, 7702845, 28995
167386, 7673860, 7702859, 28999
167387, 7673870, 7702872, 29002
167388, 7673880, 7702886, 29006
167389, 7673890, 7702899, 29009
167390, 7673900, 7702913, 29013
167391, 7673910, 7702926, 29016
167393, 7673930, 7702939, 29009
167394, 7673940, 7702953, 29013
167395, 7673950, 7702966, 29016
167396, 7673960, 7702980, 29020
167397, 7673970, 7702993, 29023
167398, 7673980, 7703007, 29027
167399, 7673990, 7703020, 29030
167802, 7678020, 7703047, 25027
167803, 7678030, 7703060, 25030
167804, 7678040, 7703074, 25034
167805, 7678050, 7703087, 25037
167806, 7678060, 7703101, 25041
167807, 7678070, 7703114, 25044
167808, 7678080, 7703128, 25048
167809, 7678090, 7703141, 25051
167810, 7678100, 7703154, 25054
167812, 7678120, 7703168, 25048
167813, 7678130, 7703181, 25051
167814, 7678140, 7703195, 25055
167815, 7678150, 7703208, 25058
167816, 7678160, 7703222, 25062
167817, 7678170, 7703235, 25065
167818, 7678180, 7703249, 25069
167819, 7678190, 7703262, 25072
167820, 7678200, 7703275, 25075
167821, 7678210, 7703289, 25079
167823, 7678230, 7703302, 25072
167824, 7678240, 7703316, 25076
167825, 7678250, 7703329, 25079
167826, 7678260, 7703343, 25083
167827, 7678270, 7703356, 25086
167828, 7678280, 7703370, 25090
167829, 7678290, 7703383, 25093
167830, 7678300, 7703396, 25096
167831, 7678310, 7703410, 25100
167833, 7678330, 7703423, 25093
167834, 7678340, 7703437, 25097
167835, 7678350, 7703450, 25100
167836, 7678360, 7703464, 25104
167837, 7678370, 7703477, 25107
167838, 7678380, 7703490, 25110
167839, 7678390, 7703504, 25114
167840, 7678400, 7703517, 25117
167841, 7678410, 7703531, 25121
167842, 7678420, 7703544, 25124
167844, 7678440, 7703558, 25118
167845, 7678450, 7703571, 25121
167846, 7678460, 7703585, 25125
167847, 7678470, 7703598, 25128
167848, 7678480, 7703611, 25131
167849, 7678490, 7703625, 25135
167851, 7678510, 7703652, 25142
167852, 7678520, 7703665, 25145
167853, 7678530, 7703679, 25149
167855, 7678550, 7703692, 25142
167856, 7678560, 7703706, 25146
167857, 7678570, 7703719, 25149
167858, 7678580, 7703732, 25152
167859, 7678590, 7703746, 25156
167860, 7678600, 7703759, 25159
167861, 7678610, 7703773, 25163
167862, 7678620, 7703786, 25166
167863, 7678630, 7703800, 25170
167865, 7678650, 7703813, 25163
167866, 7678660, 7703826, 25166
167867, 7678670, 7703840, 25170
167868, 7678680, 7703853, 25173
167869, 7678690, 7703867, 25177
167870, 7678700, 7703880, 25180
167871, 7678710, 7703894, 25184
167872, 7678720, 7703907, 25187
167873, 7678730, 7703921, 25191
167874, 7678740, 7703934, 25194
167876, 7678760, 7703947, 25187
167877, 7678770, 7703961, 25191
167878, 7678780, 7703974, 25194
167879, 7678790, 7703988, 25198
167880, 7678800, 7704001, 25201
167881, 7678810, 7704015, 25205
167882, 7678820, 7704028, 25208
167883, 7678830, 7704042, 25212
167884, 7678840, 7704055, 25215
167885, 7678850, 7704068, 25218
167887, 7678870, 7704082, 25212
167888, 7678880, 7704095, 25215
167889, 7678890, 7704109, 25219
167890, 7678900, 7704122, 25222
167891, 7678910, 7704136, 25226
167892, 7678920, 7704149, 25229
167893, 7678930, 7704162, 25232
167894, 7678940, 7704176, 25236
167895, 7678950, 7704189, 25239
167897, 7678970, 7704203, 25233
167898, 7678980, 7704216, 25236
167899, 7678990, 7704230, 25240
167901, 7679010, 7704257, 25247
167902, 7679020, 7704270, 25250
167903, 7679030, 7704283, 25253
167904, 7679040, 7704297, 25257
167905, 7679050, 7704310, 25260
167906, 7679060, 7704324, 25264
167908, 7679080, 7704337, 25257
167909, 7679090, 7704351, 25261
167910, 7679100, 7704364, 25264
167911, 7679110, 7704378, 25268
167912, 7679120, 7704391, 25271
167913, 7679130, 7704404, 25274
167914, 7679140, 7704418, 25278
167915, 7679150, 7704431, 25281
167916, 7679160, 7708012, 28852
167918, 7679180, 7708026, 28846
167919, 7679190, 7708039, 28849
167920, 7679200, 7708052, 28852
167921, 7679210, 7708066, 28856
167922, 7679220, 7708079, 28859
167923, 7679230, 7708093, 28863
167924, 7679240, 7708106, 28866
167925, 7679250, 7708120, 28870
167926, 7679260, 7708133, 28873
167927, 7679270, 7708146, 28876
167929, 7679290, 7708160, 28870
167930, 7679300, 7708173, 28873
167931, 7679310, 7708187, 28877
167932, 7679320, 7708200, 28880
167933, 7679330, 7708214, 28884
167934, 7679340, 7708227, 28887
167935, 7679350, 7708241, 28891
167936, 7679360, 7708254, 28894
167937, 7679370, 7708267, 28897
167938, 7679380, 7708281, 28901
167940, 7679400, 7708294, 28894
167941, 7679410, 7708308, 28898
167942, 7679420, 7708321, 28901
167943, 7679430, 7708335, 28905
167944, 7679440, 7708348, 28908
167945, 7679450, 7708362, 28912
167946, 7679460, 7708375, 28915
167947, 7679470, 7708388, 28918
167948, 7679480, 7708402, 28922
167951, 7679510, 7708429, 28919
167952, 7679520, 7708442, 28922
167953, 7679530, 7708456, 28926
167954, 7679540, 7708469, 28929
167955, 7679550, 7708482, 28932
167956, 7679560, 7708496, 28936
167957, 7679570, 7708509, 28939
167958, 7679580, 7708523, 28943
167959, 7679590, 7708536, 28946
167961, 7679610, 7708550, 28940
167962, 7679620, 7708563, 28943
167963, 7679630, 7708577, 28947
167964, 7679640, 7708590, 28950
167965, 7679650, 7708603, 28953
167966, 7679660, 7708617, 28957
167967, 7679670, 7708630, 28960
167968, 7679680, 7708644, 28964
167969, 7679690, 7708657, 28967
167971, 7679710, 7708671, 28961
167972, 7679720, 7708684, 28964
167973, 7679730, 7708698, 28968
167974, 7679740, 7708711, 28971
167975, 7679750, 7708724, 28974
167976, 7679760, 7708738, 28978
167977, 7679770, 7708751, 28981
167978, 7679780, 7708765, 28985
167979, 7679790, 7708778, 28988
167980, 7679800, 7708792, 28992
167982, 7679820, 7708805, 28985
167983, 7679830, 7708818, 28988
167984, 7679840, 7708832, 28992
167985, 7679850, 7708845, 28995
167986, 7679860, 7708859, 28999
167987, 7679870, 7708872, 29002
167988, 7679880, 7708886, 29006
167989, 7679890, 7708899, 29009
167990, 7679900, 7708913, 29013
167991, 7679910, 7708926, 29016
167993, 7679930, 7708939, 29009
167994, 7679940, 7708953, 29013
167995, 7679950, 7708966, 29016
167996, 7679960, 7708980, 29020
167997, 7679970, 7708993, 29023
167998, 7679980, 7709007, 29027
167999, 7679990, 7709020, 29030
168402, 7684020, 7709047, 25027
168403, 7684030, 7709060, 25030
168404, 7684040, 7709074, 25034
168405, 7684050, 7709087, 25037
168406, 7684060, 7709101, 25041
168407, 7684070, 7709114, 25044
168408, 7684080, 7709128, 25048
168409, 7684090, 7709141, 25051
168410, 7684100, 7709154, 25054
168412, 7684120, 7709168, 25048
168413, 7684130, 7709181, 25051
168414, 7684140, 7709195, 25055
168415, 7684150, 7709208, 25058
168416, 7684160, 7709222, 25062
168417, 7684170, 7709235, 25065
168418, 7684180, 7709249, 25069
168419, 7684190, 7709262, 25072
168420, 7684200, 7709275, 25075
168421, 7684210, 7709289, 25079
168423, 7684230, 7709302, 25072
168424, 7684240, 7709316, 25076
168425, 7684250, 7709329, 25079
168426, 7684260, 7709343, 25083
168427, 7684270, 7709356, 25086
168428, 7684280, 7709370, 25090
168429, 7684290, 7709383, 25093
168430, 7684300, 7709396, 25096
168431, 7684310, 7709410, 25100
168433, 7684330, 7709423, 25093
168434, 7684340, 7709437, 25097
168435, 7684350, 7709450, 25100
168436, 7684360, 7709464, 25104
168437, 7684370, 7709477, 25107
168438, 7684380, 7709490, 25110
168439, 7684390, 7709504, 25114
168440, 7684400, 7709517, 25117
168441, 7684410, 7709531, 25121
168442, 7684420, 7709544, 25124
168444, 7684440, 7709558, 25118
168445, 7684450, 7709571, 25121
168446, 7684460, 7709585, 25125
168447, 7684470, 7709598, 25128
168448, 7684480, 7709611, 25131
168449, 7684490, 7709625, 25135
168451, 7684510, 7709652, 25142
168452, 7684520, 7709665, 25145
168453, 7684530, 7709679, 25149
168455, 7684550, 7709692, 25142
168456, 7684560, 7709706, 25146
168457, 7684570, 7709719, 25149
168458, 7684580, 7709732, 25152
168459, 7684590, 7709746, 25156
168460, 7684600, 7709759, 25159
168461, 7684610, 7709773, 25163
168462, 7684620, 7709786, 25166
168463, 7684630, 7709800, 25170
168465, 7684650, 7709813, 25163
168466, 7684660, 7709826, 25166
168467, 7684670, 7709840, 25170
168468, 7684680, 7709853, 25173
168469, 7684690, 7709867, 25177
168470, 7684700, 7709880, 25180
168471, 7684710, 7709894, 25184
168472, 7684720, 7709907, 25187
168473, 7684730, 7709921, 25191
168474, 7684740, 7709934, 25194
168476, 7684760, 7709947, 25187
168477, 7684770, 7709961, 25191
168478, 7684780, 7709974, 25194
168479, 7684790, 7709988, 25198
168480, 7684800, 7710001, 25201
168481, 7684810, 7710015, 25205
168482, 7684820, 7710028, 25208
168483, 7684830, 7710042, 25212
168484, 7684840, 7710055, 25215
168485, 7684850, 7710068, 25218
168487, 7684870, 7710082, 25212
168488, 7684880, 7710095, 25215
168489, 7684890, 7710109, 25219
168490, 7684900, 7710122, 25222
168491, 7684910, 7710136, 25226
168492, 7684920, 7710149, 25229
168493, 7684930, 7710162, 25232
168494, 7684940, 7710176, 25236
168495, 7684950, 7710189, 25239
168497, 7684970, 7710203, 25233
168498, 7684980, 7710216, 25236
168499, 7684990, 7710230, 25240
168501, 7685010, 7710257, 25247
168502, 7685020, 7710270, 25250
168503, 7685030, 7710283, 25253
168504, 7685040, 7710297, 25257
168505, 7685050, 7710310, 25260
168506, 7685060, 7710324, 25264
168508, 7685080, 7710337, 25257
168509, 7685090, 7710351, 25261
168510, 7685100, 7710364, 25264
168511, 7685110, 7710378, 25268
168512, 7685120, 7710391, 25271
168513, 7685130, 7710404, 25274
168514, 7685140, 7710418, 25278
168515, 7685150, 7710431, 25281
168516, 7685160, 7714012, 28852
168517, 7685170, 7714026, 28856
168519, 7685190, 7714039, 28849
168520, 7685200, 7714052, 28852
168521, 7685210, 7714066, 28856
168522, 7685220, 7714079, 28859
168523, 7685230, 7714093, 28863
168524, 7685240, 7714106, 28866
168525, 7685250, 7714120, 28870
168526, 7685260, 7714133, 28873
168527, 7685270, 7714146, 28876
168529, 7685290, 7714160, 28870
168530, 7685300, 7714173, 28873
168531, 7685310, 7714187, 28877
168532, 7685320, 7714200, 28880
168533, 7685330, 7714214, 28884
168534, 7685340, 7714227, 28887
168535, 7685350, 7714241, 28891
168536, 7685360, 7714254, 28894
168537, 7685370, 7714267, 28897
168538, 7685380, 7714281, 28901
168540, 7685400, 7714294, 28894
168541, 7685410, 7714308, 28898
168542, 7685420, 7714321, 28901
168543, 7685430, 7714335, 28905
168544, 7685440, 7714348, 28908
168545, 7685450, 7714362, 28912
168546, 7685460, 7714375, 28915
168547, 7685470, 7714388, 28918
168548, 7685480, 7714402, 28922
168551, 7685510, 7714429, 28919
168552, 7685520, 7714442, 28922
168553, 7685530, 7714456, 28926
168554, 7685540, 7714469, 28929
168555, 7685550, 7714482, 28932
168556, 7685560, 7714496, 28936
168557, 7685570, 7714509, 28939
168558, 7685580, 7714523, 28943
168559, 7685590, 7714536, 28946
168561, 7685610, 7714550, 28940
168562, 7685620, 7714563, 28943
168563, 7685630, 7714577, 28947
168564, 7685640, 7714590, 28950
168565, 7685650, 7714603, 28953
168566, 7685660, 7714617, 28957
168567, 7685670, 7714630, 28960
168568, 7685680, 7714644, 28964
168569, 7685690, 7714657, 28967
168570, 7685700, 7714671, 28971
168572, 7685720, 7714684, 28964
168573, 7685730, 7714698, 28968
168574, 7685740, 7714711, 28971
168575, 7685750, 7714724, 28974
168576, 7685760, 7714738, 28978
168577, 7685770, 7714751, 28981
168578, 7685780, 7714765, 28985
168579, 7685790, 7714778, 28988
168580, 7685800, 7714792, 28992
168582, 7685820, 7714805, 28985
168583, 7685830, 7714818, 28988
168584, 7685840, 7714832, 28992
168585, 7685850, 7714845, 28995
168586, 7685860, 7714859, 28999
168587, 7685870, 7714872, 29002
168588, 7685880, 7714886, 29006
168589, 7685890, 7714899, 29009
168590, 7685900, 7714913, 29013
168591, 7685910, 7714926, 29016
168593, 7685930, 7714939, 29009
168594, 7685940, 7714953, 29013
168595, 7685950, 7714966, 29016
168596, 7685960, 7714980, 29020
168597, 7685970, 7714993, 29023
168598, 7685980, 7715007, 29027
168599, 7685990, 7715020, 29030
169002, 7690020, 7715047, 25027
169003, 7690030, 7715060, 25030
169004, 7690040, 7715074, 25034
169005, 7690050, 7715087, 25037
169006, 7690060, 7715101, 25041
169007, 7690070, 7715114, 25044
169008, 7690080, 7715127, 25047
169009, 7690090, 7715141, 25051
169010, 7690100, 7715154, 25054
169012, 7690120, 7715168, 25048
169013, 7690130, 7715181, 25051
169014, 7690140, 7715195, 25055
169015, 7690150, 7715208, 25058
169016, 7690160, 7715222, 25062
169017, 7690170, 7715235, 25065
169018, 7690180, 7715248, 25068
169019, 7690190, 7715262, 25072
169020, 7690200, 7715275, 25075
169021, 7690210, 7715289, 25079
169023, 7690230, 7715302, 25072
169024, 7690240, 7715316, 25076
169025, 7690250, 7715329, 25079
169026, 7690260, 7715342, 25082
169027, 7690270, 7715356, 25086
169028, 7690280, 7715369, 25089
169029, 7690290, 7715383, 25093
169030, 7690300, 7715396, 25096
169031, 7690310, 7715410, 25100
169033, 7690330, 7715423, 25093
169034, 7690340, 7715437, 25097
169035, 7690350, 7715450, 25100
169036, 7690360, 7715463, 25103
169037, 7690370, 7715477, 25107
169038, 7690380, 7715490, 25110
169039, 7690390, 7715504, 25114
169040, 7690400, 7715517, 25117
169041, 7690410, 7715531, 25121
169042, 7690420, 7715544, 25124
169044, 7690440, 7715558, 25118
169045, 7690450, 7715571, 25121
169046, 7690460, 7715584, 25124
169047, 7690470, 7715598, 25128
169048, 7690480, 7715611, 25131
169049, 7690490, 7715625, 25135
169051, 7690510, 7715652, 25142
169052, 7690520, 7715665, 25145
169053, 7690530, 7715678, 25148
169055, 7690550, 7715692, 25142
169056, 7690560, 7715705, 25145
169057, 7690570, 7715719, 25149
169058, 7690580, 7715732, 25152
169059, 7690590, 7715746, 25156
169060, 7690600, 7715759, 25159
169061, 7690610, 7715773, 25163
169062, 7690620, 7715786, 25166
169063, 7690630, 7715799, 25169
169065, 7690650, 7715813, 25163
169066, 7690660, 7715826, 25166
169067, 7690670, 7715840, 25170
169068, 7690680, 7715853, 25173
169069, 7690690, 7715867, 25177
169070, 7690700, 7715880, 25180
169071, 7690710, 7715894, 25184
169072, 7690720, 7715907, 25187
169073, 7690730, 7715920, 25190
169074, 7690740, 7715934, 25194
169076, 7690760, 7715947, 25187
169077, 7690770, 7715961, 25191
169078, 7690780, 7715974, 25194
169079, 7690790, 7715988, 25198
169080, 7690800, 7716001, 25201
169081, 7690810, 7716014, 25204
169082, 7690820, 7716028, 25208
169083, 7690830, 7716041, 25211
169084, 7690840, 7716055, 25215
169085, 7690850, 7716068, 25218
169087, 7690870, 7716082, 25212
169088, 7690880, 7716095, 25215
169089, 7690890, 7716109, 25219
169090, 7690900, 7716122, 25222
169091, 7690910, 7716135, 25225
169092, 7690920, 7716149, 25229
169093, 7690930, 7716162, 25232
169094, 7690940, 7716176, 25236
169095, 7690950, 7716189, 25239
169097, 7690970, 7716203, 25233
169098, 7690980, 7716216, 25236
169099, 7690990, 7716230, 25240
169101, 7691010, 7716256, 25246
169102, 7691020, 7716270, 25250
169103, 7691030, 7716283, 25253
169104, 7691040, 7716297, 25257
169105, 7691050, 7716310, 25260
169106, 7691060, 7716324, 25264
169108, 7691080, 7716337, 25257
169109, 7691090, 7716350, 25260
169110, 7691100, 7716364, 25264
169111, 7691110, 7716377, 25267
169112, 7691120, 7716391, 25271
169113, 7691130, 7716404, 25274
169114, 7691140, 7716418, 25278
169115, 7691150, 7716431, 25281
169116, 7691160, 7720012, 28852
169118, 7691180, 7720026, 28846
169119, 7691190, 7720039, 28849
169120, 7691200, 7720052, 28852
169121, 7691210, 7720066, 28856
169122, 7691220, 7720079, 28859
169123, 7691230, 7720093, 28863
169124, 7691240, 7720106, 28866
169125, 7691250, 7720120, 28870
169126, 7691260, 7720133, 28873
169127, 7691270, 7720146, 28876
169129, 7691290, 7720160, 28870
169130, 7691300, 7720173, 28873
169131, 7691310, 7720187, 28877
169132, 7691320, 7720200, 28880
169133, 7691330, 7720214, 28884
169134, 7691340, 7720227, 28887
169135, 7691350, 7720241, 28891
169136, 7691360, 7720254, 28894
169137, 7691370, 7720267, 28897
169138, 7691380, 7720281, 28901
169140, 7691400, 7720294, 28894
169141, 7691410, 7720308, 28898
169142, 7691420, 7720321, 28901
169143, 7691430, 7720335, 28905
169144, 7691440, 7720348, 28908
169145, 7691450, 7720362, 28912
169146, 7691460, 7720375, 28915
169147, 7691470, 7720388, 28918
169148, 7691480, 7720402, 28922
169151, 7691510, 7720429, 28919
169152, 7691520, 7720442, 28922
169153, 7691530, 7720456, 28926
169154, 7691540, 7720469, 28929
169155, 7691550, 7720482, 28932
169156, 7691560, 7720496, 28936
169157, 7691570, 7720509, 28939
169158, 7691580, 7720523, 28943
169159, 7691590, 7720536, 28946
169161, 7691610, 7720550, 28940
169162, 7691620, 7720563, 28943
169163, 7691630, 7720577, 28947
169164, 7691640, 7720590, 28950
169165, 7691650, 7720603, 28953
169166, 7691660, 7720617, 28957
169167, 7691670, 7720630, 28960
169168, 7691680, 7720644, 28964
169169, 7691690, 7720657, 28967
169171, 7691710, 7720671, 28961
169172, 7691720, 7720684, 28964
169173, 7691730, 7720698, 28968
169174, 7691740, 7720711, 28971
169175, 7691750, 7720724, 28974
169176, 7691760, 7720738, 28978
169177, 7691770, 7720751, 28981
169178, 7691780, 7720765, 28985
169179, 7691790, 7720778, 28988
169180, 7691800, 7720792, 28992
169182, 7691820, 7720805, 28985
169183, 7691830, 7720818, 28988
169184, 7691840, 7720832, 28992
169185, 7691850, 7720845, 28995
169186, 7691860, 7720859, 28999
169187, 7691870, 7720872, 29002
169188, 7691880, 7720886, 29006
169189, 7691890, 7720899, 29009
169190, 7691900, 7720913, 29013
169191, 7691910, 7720926, 29016
169193, 7691930, 7720939, 29009
169194, 7691940, 7720953, 29013
169195, 7691950, 7720966, 29016
169196, 7691960, 7720980, 29020
169197, 7691970, 7720993, 29023
169198, 7691980, 7721007, 29027
169199, 7691990, 7721020, 29030
169602, 7696020, 7721047, 25027
169603, 7696030, 7721060, 25030
169604, 7696040, 7721074, 25034
169605, 7696050, 7721087, 25037
169606, 7696060, 7721101, 25041
169607, 7696070, 7721114, 25044
169608, 7696080, 7721128, 25048
169609, 7696090, 7721141, 25051
169610, 7696100, 7721154, 25054
169612, 7696120, 7721168, 25048
169613, 7696130, 7721181, 25051
169614, 7696140, 7721195, 25055
169615, 7696150, 7721208, 25058
169616, 7696160, 7721222, 25062
169617, 7696170, 7721235, 25065
169618, 7696180, 7721249, 25069
169619, 7696190, 7721262, 25072
169620, 7696200, 7721275, 25075
169621, 7696210, 7721289, 25079
169623, 7696230, 7721302, 25072
169624, 7696240, 7721316, 25076
169625, 7696250, 7721329, 25079
169626, 7696260, 7721343, 25083
169627, 7696270, 7721356, 25086
169628, 7696280, 7721370, 25090
169629, 7696290, 7721383, 25093
169630, 7696300, 7721396, 25096
169631, 7696310, 7721410, 25100
169633, 7696330, 7721423, 25093
169634, 7696340, 7721437, 25097
169635, 7696350, 7721450, 25100
169636, 7696360, 7721464, 25104
169637, 7696370, 7721477, 25107
169638, 7696380, 7721490, 25110
169639, 7696390, 7721504, 25114
169640, 7696400, 7721517, 25117
169641, 7696410, 7721531, 25121
169642, 7696420, 7721544, 25124
169644, 7696440, 7721558, 25118
169645, 7696450, 7721571, 25121
169646, 7696460, 7721585, 25125
169647, 7696470, 7721598, 25128
169648, 7696480, 7721611, 25131
169649, 7696490, 7721625, 25135
169651, 7696510, 7721652, 25142
169652, 7696520, 7721665, 25145
169653, 7696530, 7721679, 25149
169655, 7696550, 7721692, 25142
169656, 7696560, 7721706, 25146
169657, 7696570, 7721719, 25149
169658, 7696580, 7721732, 25152
169659, 7696590, 7721746, 25156
169660, 7696600, 7721759, 25159
169661, 7696610, 7721773, 25163
169662, 7696620, 7721786, 25166
169663, 7696630, 7721800, 25170
169665, 7696650, 7721813, 25163
169666, 7696660, 7721826, 25166
169667, 7696670, 7721840, 25170
169668, 7696680, 7721853, 25173
169669, 7696690, 7721867, 25177
169670, 7696700, 7721880, 25180
169671, 7696710, 7721894, 25184
169672, 7696720, 7721907, 25187
169673, 7696730, 7721921, 25191
169674, 7696740, 7721934, 25194
169676, 7696760, 7721947, 25187
169677, 7696770, 7721961, 25191
169678, 7696780, 7721974, 25194
169679, 7696790, 7721988, 25198
169680, 7696800, 7722001, 25201
169681, 7696810, 7722015, 25205
169682, 7696820, 7722028, 25208
169683, 7696830, 7722042, 25212
169684, 7696840, 7722055, 25215
169685, 7696850, 7722068, 25218
169687, 7696870, 7722082, 25212
169688, 7696880, 7722095, 25215
169689, 7696890, 7722109, 25219
169690, 7696900, 7722122, 25222
169691, 7696910, 7722136, 25226
169692, 7696920, 7722149, 25229
169693, 7696930, 7722162, 25232
169694, 7696940, 7722176, 25236
169695, 7696950, 7722189, 25239
169697, 7696970, 7722203, 25233
169698, 7696980, 7722216, 25236
169699, 7696990, 7722230, 25240
169701, 7697010, 7722257, 25247
169702, 7697020, 7722270, 25250
169703, 7697030, 7722283, 25253
169704, 7697040, 7722297, 25257
169705, 7697050, 7722310, 25260
169706, 7697060, 7722324, 25264
169708, 7697080, 7722337, 25257
169709, 7697090, 7722351, 25261
169710, 7697100, 7722364, 25264
169711, 7697110, 7722378, 25268
169712, 7697120, 7722391, 25271
169713, 7697130, 7722404, 25274
169714, 7697140, 7722418, 25278
169715, 7697150, 7722431, 25281
169716, 7697160, 7726012, 28852
169718, 7697180, 7726026, 28846
169719, 7697190, 7726039, 28849
169720, 7697200, 7726052, 28852
169721, 7697210, 7726066, 28856
169722, 7697220, 7726079, 28859
169723, 7697230, 7726093, 28863
169724, 7697240, 7726106, 28866
169725, 7697250, 7726120, 28870
169726, 7697260, 7726133, 28873
169727, 7697270, 7726146, 28876
169729, 7697290, 7726160, 28870
169730, 7697300, 7726173, 28873
169731, 7697310, 7726187, 28877
169732, 7697320, 7726200, 28880
169733, 7697330, 7726214, 28884
169734, 7697340, 7726227, 28887
169735, 7697350, 7726241, 28891
169736, 7697360, 7726254, 28894
169737, 7697370, 7726267, 28897
169738, 7697380, 7726281, 28901
169740, 7697400, 7726294, 28894
169741, 7697410, 7726308, 28898
169742, 7697420, 7726321, 28901
169743, 7697430, 7726335, 28905
169744, 7697440, 7726348, 28908
169745, 7697450, 7726362, 28912
169746, 7697460, 7726375, 28915
169747, 7697470, 7726388, 28918
169748, 7697480, 7726402, 28922
169751, 7697510, 7726429, 28919
169752, 7697520, 7726442, 28922
169753, 7697530, 7726456, 28926
169754, 7697540, 7726469, 28929
169755, 7697550, 7726482, 28932
169756, 7697560, 7726496, 28936
169757, 7697570, 7726509, 28939
169758, 7697580, 7726523, 28943
169759, 7697590, 7726536, 28946
169761, 7697610, 7726550, 28940
169762, 7697620, 7726563, 28943
169763, 7697630, 7726577, 28947
169764, 7697640, 7726590, 28950
169765, 7697650, 7726603, 28953
169766, 7697660, 7726617, 28957
169767, 7697670, 7726630, 28960
169768, 7697680, 7726644, 28964
169769, 7697690, 7726657, 28967
169771, 7697710, 7726671, 28961
169772, 7697720, 7726684, 28964
169773, 7697730, 7726698, 28968
169774, 7697740, 7726711, 28971
169775, 7697750, 7726724, 28974
169776, 7697760, 7726738, 28978
169777, 7697770, 7726751, 28981
169778, 7697780, 7726765, 28985
169779, 7697790, 7726778, 28988
169780, 7697800, 7726792, 28992
169782, 7697820, 7726805, 28985
169783, 7697830, 7726818, 28988
169784, 7697840, 7726832, 28992
169785, 7697850, 7726845, 28995
169786, 7697860, 7726859, 28999
169787, 7697870, 7726872, 29002
169788, 7697880, 7726886, 29006
169789, 7697890, 7726899, 29009
169790, 7697900, 7726913, 29013
169791, 7697910, 7726926, 29016
169793, 7697930, 7726939, 29009
169794, 7697940, 7726953, 29013
169795, 7697950, 7726966, 29016
169796, 7697960, 7726980, 29020
169797, 7697970, 7726993, 29023
169798, 7697980, 7727007, 29027
169799, 7697990, 7727020, 29030
170202, 7702020, 7727047, 25027
170203, 7702030, 7727060, 25030
170204, 7702040, 7727074, 25034
170205, 7702050, 7727087, 25037
170206, 7702060, 7727101, 25041
170207, 7702070, 7727114, 25044
170208, 7702080, 7727128, 25048
170209, 7702090, 7727141, 25051
170210, 7702100, 7727154, 25054
170212, 7702120, 7727168, 25048
170213, 7702130, 7727181, 25051
170214, 7702140, 7727195, 25055
170215, 7702150, 7727208, 25058
170216, 7702160, 7727222, 25062
170217, 7702170, 7727235, 25065
170218, 7702180, 7727249, 25069
170219, 7702190, 7727262, 25072
170220, 7702200, 7727275, 25075
170221, 7702210, 7727289, 25079
170223, 7702230, 7727302, 25072
170224, 7702240, 7727316, 25076
170225, 7702250, 7727329, 25079
170226, 7702260, 7727343, 25083
170227, 7702270, 7727356, 25086
170228, 7702280, 7727370, 25090
170229, 7702290, 7727383, 25093
170230, 7702300, 7727396, 25096
170231, 7702310, 7727410, 25100
170233, 7702330, 7727423, 25093
170234, 7702340, 7727437, 25097
170235, 7702350, 7727450, 25100
170236, 7702360, 7727464, 25104
170237, 7702370, 7727477, 25107
170238, 7702380, 7727490, 25110
170239, 7702390, 7727504, 25114
170240, 7702400, 7727517, 25117
170241, 7702410, 7727531, 25121
170242, 7702420, 7727544, 25124
170244, 7702440, 7727558, 25118
170245, 7702450, 7727571, 25121
170246, 7702460, 7727585, 25125
170247, 7702470, 7727598, 25128
170248, 7702480, 7727611, 25131
170249, 7702490, 7727625, 25135
170251, 7702510, 7727652, 25142
170252, 7702520, 7727665, 25145
170253, 7702530, 7727679, 25149
170255, 7702550, 7727692, 25142
170256, 7702560, 7727706, 25146
170257, 7702570, 7727719, 25149
170258, 7702580, 7727732, 25152
170259, 7702590, 7727746, 25156
170260, 7702600, 7727759, 25159
170261, 7702610, 7727773, 25163
170262, 7702620, 7727786, 25166
170263, 7702630, 7727800, 25170
170265, 7702650, 7727813, 25163
170266, 7702660, 7727826, 25166
170267, 7702670, 7727840, 25170
170268, 7702680, 7727853, 25173
170269, 7702690, 7727867, 25177
170270, 7702700, 7727880, 25180
170271, 7702710, 7727894, 25184
170272, 7702720, 7727907, 25187
170273, 7702730, 7727921, 25191
170274, 7702740, 7727934, 25194
170276, 7702760, 7727947, 25187
170277, 7702770, 7727961, 25191
170278, 7702780, 7727974, 25194
170279, 7702790, 7727988, 25198
170280, 7702800, 7728001, 25201
170281, 7702810, 7728015, 25205
170282, 7702820, 7728028, 25208
170283, 7702830, 7728042, 25212
170284, 7702840, 7728055, 25215
170285, 7702850, 7728068, 25218
170287, 7702870, 7728082, 25212
170288, 7702880, 7728095, 25215
170289, 7702890, 7728109, 25219
170290, 7702900, 7728122, 25222
170291, 7702910, 7728136, 25226
170292, 7702920, 7728149, 25229
170293, 7702930, 7728162, 25232
170294, 7702940, 7728176, 25236
170295, 7702950, 7728189, 25239
170297, 7702970, 7728203, 25233
170298, 7702980, 7728216, 25236
170299, 7702990, 7728230, 25240
170301, 7703010, 7728257, 25247
170302, 7703020, 7728270, 25250
170303, 7703030, 7728283, 25253
170304, 7703040, 7728297, 25257
170305, 7703050, 7728310, 25260
170306, 7703060, 7728324, 25264
170308, 7703080, 7728337, 25257
170309, 7703090, 7728351, 25261
170310, 7703100, 7728364, 25264
170311, 7703110, 7728378, 25268
170312, 7703120, 7728391, 25271
170313, 7703130, 7728404, 25274
170314, 7703140, 7728418, 25278
170315, 7703150, 7728431, 25281
170316, 7703160, 7732012, 28852
170318, 7703180, 7732026, 28846
170319, 7703190, 7732039, 28849
170320, 7703200, 7732052, 28852
170321, 7703210, 7732066, 28856
170322, 7703220, 7732079, 28859
170323, 7703230, 7732093, 28863
170324, 7703240, 7732106, 28866
170325, 7703250, 7732120, 28870
170326, 7703260, 7732133, 28873
170327, 7703270, 7732146, 28876
170329, 7703290, 7732160, 28870
170330, 7703300, 7732173, 28873
170331, 7703310, 7732187, 28877
170332, 7703320, 7732200, 28880
170333, 7703330, 7732214, 28884
170334, 7703340, 7732227, 28887
170335, 7703350, 7732241, 28891
170336, 7703360, 7732254, 28894
170337, 7703370, 7732267, 28897
170338, 7703380, 7732281, 28901
170340, 7703400, 7732294, 28894
170341, 7703410, 7732308, 28898
170342, 7703420, 7732321, 28901
170343, 7703430, 7732335, 28905
170344, 7703440, 7732348, 28908
170345, 7703450, 7732362, 28912
170346, 7703460, 7732375, 28915
170347, 7703470, 7732388, 28918
170348, 7703480, 7732402, 28922
170351, 7703510, 7732429, 28919
170352, 7703520, 7732442, 28922
170353, 7703530, 7732456, 28926
170354, 7703540, 7732469, 28929
170355, 7703550, 7732482, 28932
170356, 7703560, 7732496, 28936
170357, 7703570, 7732509, 28939
170358, 7703580, 7732523, 28943
170359, 7703590, 7732536, 28946
170361, 7703610, 7732550, 28940
170362, 7703620, 7732563, 28943
170363, 7703630, 7732577, 28947
170364, 7703640, 7732590, 28950
170365, 7703650, 7732603, 28953
170366, 7703660, 7732617, 28957
170367, 7703670, 7732630, 28960
170368, 7703680, 7732644, 28964
170369, 7703690, 7732657, 28967
170371, 7703710, 7732671, 28961
170372, 7703720, 7732684, 28964
170373, 7703730, 7732698, 28968
170374, 7703740, 7732711, 28971
170375, 7703750, 7732724, 28974
170376, 7703760, 7732738, 28978
170377, 7703770, 7732751, 28981
170378, 7703780, 7732765, 28985
170379, 7703790, 7732778, 28988
170380, 7703800, 7732792, 28992
170382, 7703820, 7732805, 28985
170383, 7703830, 7732818, 28988
170384, 7703840, 7732832, 28992
170385, 7703850, 7732845, 28995
170386, 7703860, 7732859, 28999
170387, 7703870, 7732872, 29002
170388, 7703880, 7732886, 29006
170389, 7703890, 7732899, 29009
170390, 7703900, 7732913, 29013
170391, 7703910, 7732926, 29016
170393, 7703930, 7732939, 29009
170394, 7703940, 7732953, 29013
170395, 7703950, 7732966, 29016
170396, 7703960, 7732980, 29020
170397, 7703970, 7732993, 29023
170398, 7703980, 7733007, 29027
170399, 7703990, 7733020, 29030
170802, 7708020, 7733047, 25027
170803, 7708030, 7733060, 25030
170804, 7708040, 7733074, 25034
170805, 7708050, 7733087, 25037
170806, 7708060, 7733101, 25041
170807, 7708070, 7733114, 25044
170808, 7708080, 7733128, 25048
170809, 7708090, 7733141, 25051
170810, 7708100, 7733154, 25054
170812, 7708120, 7733168, 25048
170813, 7708130, 7733181, 25051
170814, 7708140, 7733195, 25055
170815, 7708150, 7733208, 25058
170816, 7708160, 7733222, 25062
170817, 7708170, 7733235, 25065
170818, 7708180, 7733249, 25069
170819, 7708190, 7733262, 25072
170820, 7708200, 7733275, 25075
170821, 7708210, 7733289, 25079
170823, 7708230, 7733302, 25072
170824, 7708240, 7733316, 25076
170825, 7708250, 7733329, 25079
170826, 7708260, 7733343, 25083
170827, 7708270, 7733356, 25086
170828, 7708280, 7733370, 25090
170829, 7708290, 7733383, 25093
170830, 7708300, 7733396, 25096
170831, 7708310, 7733410, 25100
170833, 7708330, 7733423, 25093
170834, 7708340, 7733437, 25097
170835, 7708350, 7733450, 25100
170836, 7708360, 7733464, 25104
170837, 7708370, 7733477, 25107
170838, 7708380, 7733490, 25110
170839, 7708390, 7733504, 25114
170840, 7708400, 7733517, 25117
170841, 7708410, 7733531, 25121
170842, 7708420, 7733544, 25124
170844, 7708440, 7733558, 25118
170845, 7708450, 7733571, 25121
170846, 7708460, 7733585, 25125
170847, 7708470, 7733598, 25128
170848, 7708480, 7733611, 25131
170849, 7708490, 7733625, 25135
170851, 7708510, 7733652, 25142
170852, 7708520, 7733665, 25145
170853, 7708530, 7733679, 25149
170855, 7708550, 7733692, 25142
170856, 7708560, 7733706, 25146
170857, 7708570, 7733719, 25149
170858, 7708580, 7733732, 25152
170859, 7708590, 7733746, 25156
170860, 7708600, 7733759, 25159
170861, 7708610, 7733773, 25163
170862, 7708620, 7733786, 25166
170863, 7708630, 7733800, 25170
170865, 7708650, 7733813, 25163
170866, 7708660, 7733826, 25166
170867, 7708670, 7733840, 25170
170868, 7708680, 7733853, 25173
170869, 7708690, 7733867, 25177
170870, 7708700, 7733880, 25180
170871, 7708710, 7733894, 25184
170872, 7708720, 7733907, 25187
170873, 7708730, 7733921, 25191
170874, 7708740, 7733934, 25194
170876, 7708760, 7733947, 25187
170877, 7708770, 7733961, 25191
170878, 7708780, 7733974, 25194
170879, 7708790, 7733988, 25198
170880, 7708800, 7734001, 25201
170881, 7708810, 7734015, 25205
170882, 7708820, 7734028, 25208
170883, 7708830, 7734042, 25212
170884, 7708840, 7734055, 25215
170885, 7708850, 7734068, 25218
170887, 7708870, 7734082, 25212
170888, 7708880, 7734095, 25215
170889, 7708890, 7734109, 25219
170890, 7708900, 7734122, 25222
170891, 7708910, 7734136, 25226
170892, 7708920, 7734149, 25229
170893, 7708930, 7734162, 25232
170894, 7708940, 7734176, 25236
170895, 7708950, 7734189, 25239
170897, 7708970, 7734203, 25233
170898, 7708980, 7734216, 25236
170899, 7708990, 7734230, 25240
170901, 7709010, 7734257, 25247
170902, 7709020, 7734270, 25250
170903, 7709030, 7734283, 25253
170904, 7709040, 7734297, 25257
170905, 7709050, 7734310, 25260
170906, 7709060, 7734324, 25264
170908, 7709080, 7734337, 25257
170909, 7709090, 7734351, 25261
170910, 7709100, 7734364, 25264
170911, 7709110, 7734378, 25268
170912, 7709120, 7734391, 25271
170913, 7709130, 7734404, 25274
170914, 7709140, 7734418, 25278
170915, 7709150, 7734431, 25281
170916, 7709160, 7738012, 28852
170918, 7709180, 7738026, 28846
170919, 7709190, 7738039, 28849
170920, 7709200, 7738052, 28852
170921, 7709210, 7738066, 28856
170922, 7709220, 7738079, 28859
170923, 7709230, 7738093, 28863
170924, 7709240, 7738106, 28866
170925, 7709250, 7738120, 28870
170926, 7709260, 7738133, 28873
170927, 7709270, 7738146, 28876
170929, 7709290, 7738160, 28870
170930, 7709300, 7738173, 28873
170931, 7709310, 7738187, 28877
170932, 7709320, 7738200, 28880
170933, 7709330, 7738214, 28884
170934, 7709340, 7738227, 28887
170935, 7709350, 7738241, 28891
170936, 7709360, 7738254, 28894
170937, 7709370, 7738267, 28897
170938, 7709380, 7738281, 28901
170940, 7709400, 7738294, 28894
170941, 7709410, 7738308, 28898
170942, 7709420, 7738321, 28901
170943, 7709430, 7738335, 28905
170944, 7709440, 7738348, 28908
170945, 7709450, 7738362, 28912
170946, 7709460, 7738375, 28915
170947, 7709470, 7738388, 28918
170948, 7709480, 7738402, 28922
170951, 7709510, 7738429, 28919
170952, 7709520, 7738442, 28922
170953, 7709530, 7738456, 28926
170954, 7709540, 7738469, 28929
170955, 7709550, 7738482, 28932
170956, 7709560, 7738496, 28936
170957, 7709570, 7738509, 28939
170958, 7709580, 7738523, 28943
170959, 7709590, 7738536, 28946
170961, 7709610, 7738550, 28940
170962, 7709620, 7738563, 28943
170963, 7709630, 7738577, 28947
170964, 7709640, 7738590, 28950
170965, 7709650, 7738603, 28953
170966, 7709660, 7738617, 28957
170967, 7709670, 7738630, 28960
170968, 7709680, 7738644, 28964
170969, 7709690, 7738657, 28967
170971, 7709710, 7738671, 28961
170972, 7709720, 7738684, 28964
170973, 7709730, 7738698, 28968
170974, 7709740, 7738711, 28971
170975, 7709750, 7738724, 28974
170976, 7709760, 7738738, 28978
170977, 7709770, 7738751, 28981
170978, 7709780, 7738765, 28985
170979, 7709790, 7738778, 28988
170980, 7709800, 7738792, 28992
170982, 7709820, 7738805, 28985
170983, 7709830, 7738818, 28988
170984, 7709840, 7738832, 28992
170985, 7709850, 7738845, 28995
170986, 7709860, 7738859, 28999
170987, 7709870, 7738872, 29002
170988, 7709880, 7738886, 29006
170989, 7709890, 7738899, 29009
170990, 7709900, 7738913, 29013
170991, 7709910, 7738926, 29016
170993, 7709930, 7738939, 29009
170994, 7709940, 7738953, 29013
170995, 7709950, 7738966, 29016
170996, 7709960, 7738980, 29020
170997, 7709970, 7738993, 29023
170998, 7709980, 7739007, 29027
170999, 7709990, 7739020, 29030
171402, 7714020, 7739047, 25027
171403, 7714030, 7739060, 25030
171404, 7714040, 7739074, 25034
171405, 7714050, 7739087, 25037
171406, 7714060, 7739101, 25041
171407, 7714070, 7739114, 25044
171408, 7714080, 7739128, 25048
171409, 7714090, 7739141, 25051
171410, 7714100, 7739154, 25054
171412, 7714120, 7739168, 25048
171413, 7714130, 7739181, 25051
171414, 7714140, 7739195, 25055
171415, 7714150, 7739208, 25058
171416, 7714160, 7739222, 25062
171417, 7714170, 7739235, 25065
171418, 7714180, 7739249, 25069
171419, 7714190, 7739262, 25072
171420, 7714200, 7739275, 25075
171421, 7714210, 7739289, 25079
171423, 7714230, 7739302, 25072
171424, 7714240, 7739316, 25076
171425, 7714250, 7739329, 25079
171426, 7714260, 7739343, 25083
171427, 7714270, 7739356, 25086
171428, 7714280, 7739370, 25090
171429, 7714290, 7739383, 25093
171430, 7714300, 7739396, 25096
171431, 7714310, 7739410, 25100
171433, 7714330, 7739423, 25093
171434, 7714340, 7739437, 25097
171435, 7714350, 7739450, 25100
171436, 7714360, 7739464, 25104
171437, 7714370, 7739477, 25107
171438, 7714380, 7739490, 25110
171439, 7714390, 7739504, 25114
171440, 7714400, 7739517, 25117
171441, 7714410, 7739531, 25121
171442, 7714420, 7739544, 25124
171444, 7714440, 7739558, 25118
171445, 7714450, 7739571, 25121
171446, 7714460, 7739585, 25125
171447, 7714470, 7739598, 25128
171448, 7714480, 7739611, 25131
171449, 7714490, 7739625, 25135
171451, 7714510, 7739652, 25142
171452, 7714520, 7739665, 25145
171453, 7714530, 7739679, 25149
171455, 7714550, 7739692, 25142
171456, 7714560, 7739706, 25146
171457, 7714570, 7739719, 25149
171458, 7714580, 7739732, 25152
171459, 7714590, 7739746, 25156
171460, 7714600, 7739759, 25159
171461, 7714610, 7739773, 25163
171462, 7714620, 7739786, 25166
171463, 7714630, 7739800, 25170
171465, 7714650, 7739813, 25163
171466, 7714660, 7739826, 25166
171467, 7714670, 7739840, 25170
171468, 7714680, 7739853, 25173
171469, 7714690, 7739867, 25177
171470, 7714700, 7739880, 25180
171471, 7714710, 7739894, 25184
171472, 7714720, 7739907, 25187
171473, 7714730, 7739921, 25191
171474, 7714740, 7739934, 25194
171476, 7714760, 7739947, 25187
171477, 7714770, 7739961, 25191
171478, 7714780, 7739974, 25194
171479, 7714790, 7739988, 25198
171480, 7714800, 7740001, 25201
171481, 7714810, 7740015, 25205
171482, 7714820, 7740028, 25208
171483, 7714830, 7740042, 25212
171484, 7714840, 7740055, 25215
171485, 7714850, 7740068, 25218
171487, 7714870, 7740082, 25212
171488, 7714880, 7740095, 25215
171489, 7714890, 7740109, 25219
171490, 7714900, 7740122, 25222
171491, 7714910, 7740136, 25226
171492, 7714920, 7740149, 25229
171493, 7714930, 7740162, 25232
171494, 7714940, 7740176, 25236
171495, 7714950, 7740189, 25239
171497, 7714970, 7740203, 25233
171498, 7714980, 7740216, 25236
171499, 7714990, 7740230, 25240
171501, 7715010, 7740257, 25247
171502, 7715020, 7740270, 25250
171503, 7715030, 7740283, 25253
171504, 7715040, 7740297, 25257
171505, 7715050, 7740310, 25260
171506, 7715060, 7740324, 25264
171508, 7715080, 7740337, 25257
171509, 7715090, 7740351, 25261
171510, 7715100, 7740364, 25264
171511, 7715110, 7740378, 25268
171512, 7715120, 7740391, 25271
171513, 7715130, 7740404, 25274
171514, 7715140, 7740418, 25278
171515, 7715150, 7740431, 25281
171516, 7715160, 7744012, 28852
171517, 7715170, 7744026, 28856
171519, 7715190, 7744039, 28849
171520, 7715200, 7744052, 28852
171521, 7715210, 7744066, 28856
171522, 7715220, 7744079, 28859
171523, 7715230, 7744093, 28863
171524, 7715240, 7744106, 28866
171525, 7715250, 7744120, 28870
171526, 7715260, 7744133, 28873
171527, 7715270, 7744146, 28876
171529, 7715290, 7744160, 28870
171530, 7715300, 7744173, 28873
171531, 7715310, 7744187, 28877
171532, 7715320, 7744200, 28880
171533, 7715330, 7744214, 28884
171534, 7715340, 7744227, 28887
171535, 7715350, 7744241, 28891
171536, 7715360, 7744254, 28894
171537, 7715370, 7744267, 28897
171538, 7715380, 7744281, 28901
171540, 7715400, 7744294, 28894
171541, 7715410, 7744308, 28898
171542, 7715420, 7744321, 28901
171543, 7715430, 7744335, 28905
171544, 7715440, 7744348, 28908
171545, 7715450, 7744362, 28912
171546, 7715460, 7744375, 28915
171547, 7715470, 7744388, 28918
171548, 7715480, 7744402, 28922
171551, 7715510, 7744429, 28919
171552, 7715520, 7744442, 28922
171553, 7715530, 7744456, 28926
171554, 7715540, 7744469, 28929
171555, 7715550, 7744482, 28932
171556, 7715560, 7744496, 28936
171557, 7715570, 7744509, 28939
171558, 7715580, 7744523, 28943
171559, 7715590, 7744536, 28946
171561, 7715610, 7744550, 28940
171562, 7715620, 7744563, 28943
171563, 7715630, 7744577, 28947
171564, 7715640, 7744590, 28950
171565, 7715650, 7744603, 28953
171566, 7715660, 7744617, 28957
171567, 7715670, 7744630, 28960
171568, 7715680, 7744644, 28964
171569, 7715690, 7744657, 28967
171570, 7715700, 7744671, 28971
171572, 7715720, 7744684, 28964
171573, 7715730, 7744698, 28968
171574, 7715740, 7744711, 28971
171575, 7715750, 7744724, 28974
171576, 7715760, 7744738, 28978
171577, 7715770, 7744751, 28981
171578, 7715780, 7744765, 28985
171579, 7715790, 7744778, 28988
171580, 7715800, 7744792, 28992
171582, 7715820, 7744805, 28985
171583, 7715830, 7744818, 28988
171584, 7715840, 7744832, 28992
171585, 7715850, 7744845, 28995
171586, 7715860, 7744859, 28999
171587, 7715870, 7744872, 29002
171588, 7715880, 7744886, 29006
171589, 7715890, 7744899, 29009
171590, 7715900, 7744913, 29013
171591, 7715910, 7744926, 29016
171593, 7715930, 7744939, 29009
171594, 7715940, 7744953, 29013
171595, 7715950, 7744966, 29016
171596, 7715960, 7744980, 29020
171597, 7715970, 7744993, 29023
171598, 7715980, 7745007, 29027
171599, 7715990, 7745020, 29030
172002, 7720020, 7745047, 25027
172003, 7720030, 7745060, 25030
172004, 7720040, 7745074, 25034
172005, 7720050, 7745087, 25037
172006, 7720060, 7745101, 25041
172007, 7720070, 7745114, 25044
172008, 7720080, 7745127, 25047
172009, 7720090, 7745141, 25051
172010, 7720100, 7745154, 25054
172012, 7720120, 7745168, 25048
172013, 7720130, 7745181, 25051
172014, 7720140, 7745195, 25055
172015, 7720150, 7745208, 25058
172016, 7720160, 7745222, 25062
172017, 7720170, 7745235, 25065
172018, 7720180, 7745248, 25068
172019, 7720190, 7745262, 25072
172020, 7720200, 7745275, 25075
172021, 7720210, 7745289, 25079
172023, 7720230, 7745302, 25072
172024, 7720240, 7745316, 25076
172025, 7720250, 7745329, 25079
172026, 7720260, 7745342, 25082
172027, 7720270, 7745356, 25086
172028, 7720280, 7745369, 25089
172029, 7720290, 7745383, 25093
172030, 7720300, 7745396, 25096
172031, 7720310, 7745410, 25100
172033, 7720330, 7745423, 25093
172034, 7720340, 7745437, 25097
172035, 7720350, 7745450, 25100
172036, 7720360, 7745463, 25103
172037, 7720370, 7745477, 25107
172038, 7720380, 7745490, 25110
172039, 7720390, 7745504, 25114
172040, 7720400, 7745517, 25117
172041, 7720410, 7745531, 25121
172042, 7720420, 7745544, 25124
172044, 7720440, 7745558, 25118
172045, 7720450, 7745571, 25121
172046, 7720460, 7745584, 25124
172047, 7720470, 7745598, 25128
172048, 7720480, 7745611, 25131
172049, 7720490, 7745625, 25135
172051, 7720510, 7745652, 25142
172052, 7720520, 7745665, 25145
172053, 7720530, 7745678, 25148
172055, 7720550, 7745692, 25142
172056, 7720560, 7745705, 25145
172057, 7720570, 7745719, 25149
172058, 7720580, 7745732, 25152
172059, 7720590, 7745746, 25156
172060, 7720600, 7745759, 25159
172061, 7720610, 7745773, 25163
172062, 7720620, 7745786, 25166
172063, 7720630, 7745799, 25169
172065, 7720650, 7745813, 25163
172066, 7720660, 7745826, 25166
172067, 7720670, 7745840, 25170
172068, 7720680, 7745853, 25173
172069, 7720690, 7745867, 25177
172070, 7720700, 7745880, 25180
172071, 7720710, 7745894, 25184
172072, 7720720, 7745907, 25187
172073, 7720730, 7745920, 25190
172074, 7720740, 7745934, 25194
172076, 7720760, 7745947, 25187
172077, 7720770, 7745961, 25191
172078, 7720780, 7745974, 25194
172079, 7720790, 7745988, 25198
172080, 7720800, 7746001, 25201
172081, 7720810, 7746014, 25204
172082, 7720820, 7746028, 25208
172083, 7720830, 7746041, 25211
172084, 7720840, 7746055, 25215
172085, 7720850, 7746068, 25218
172087, 7720870, 7746082, 25212
172088, 7720880, 7746095, 25215
172089, 7720890, 7746109, 25219
172090, 7720900, 7746122, 25222
172091, 7720910, 7746135, 25225
172092, 7720920, 7746149, 25229
172093, 7720930, 7746162, 25232
172094, 7720940, 7746176, 25236
172095, 7720950, 7746189, 25239
172097, 7720970, 7746203, 25233
172098, 7720980, 7746216, 25236
172099, 7720990, 7746230, 25240
172101, 7721010, 7746256, 25246
172102, 7721020, 7746270, 25250
172103, 7721030, 7746283, 25253
172104, 7721040, 7746297, 25257
172105, 7721050, 7746310, 25260
172106, 7721060, 7746324, 25264
172108, 7721080, 7746337, 25257
172109, 7721090, 7746350, 25260
172110, 7721100, 7746364, 25264
172111, 7721110, 7746377, 25267
172112, 7721120, 7746391, 25271
172113, 7721130, 7746404, 25274
172114, 7721140, 7746418, 25278
172115, 7721150, 7746431, 25281
172116, 7721160, 7750012, 28852
172118, 7721180, 7750026, 28846
172119, 7721190, 7750039, 28849
172120, 7721200, 7750052, 28852
172121, 7721210, 7750066, 28856
172122, 7721220, 7750079, 28859
172123, 7721230, 7750093, 28863
172124, 7721240, 7750106, 28866
172125, 7721250, 7750120, 28870
172126, 7721260, 7750133, 28873
172127, 7721270, 7750146, 28876
172129, 7721290, 7750160, 28870
172130, 7721300, 7750173, 28873
172131, 7721310, 7750187, 28877
172132, 7721320, 7750200, 28880
172133, 7721330, 7750214, 28884
172134, 7721340, 7750227, 28887
172135, 7721350, 7750241, 28891
172136, 7721360, 7750254, 28894
172137, 7721370, 7750267, 28897
172138, 7721380, 7750281, 28901
172140, 7721400, 7750294, 28894
172141, 7721410, 7750308, 28898
172142, 7721420, 7750321, 28901
172143, 7721430, 7750335, 28905
172144, 7721440, 7750348, 28908
172145, 7721450, 7750362, 28912
172146, 7721460, 7750375, 28915
172147, 7721470, 7750388, 28918
172148, 7721480, 7750402, 28922
172151, 7721510, 7750429, 28919
172152, 7721520, 7750442, 28922
172153, 7721530, 7750456, 28926
172154, 7721540, 7750469, 28929
172155, 7721550, 7750482, 28932
172156, 7721560, 7750496, 28936
172157, 7721570, 7750509, 28939
172158, 7721580, 7750523, 28943
172159, 7721590, 7750536, 28946
172161, 7721610, 7750550, 28940
172162, 7721620, 7750563, 28943
172163, 7721630, 7750577, 28947
172164, 7721640, 7750590, 28950
172165, 7721650, 7750603, 28953
172166, 7721660, 7750617, 28957
172167, 7721670, 7750630, 28960
172168, 7721680, 7750644, 28964
172169, 7721690, 7750657, 28967
172171, 7721710, 7750671, 28961
172172, 7721720, 7750684, 28964
172173, 7721730, 7750698, 28968
172174, 7721740, 7750711, 28971
172175, 7721750, 7750724, 28974
172176, 7721760, 7750738, 28978
172177, 7721770, 7750751, 28981
172178, 7721780, 7750765, 28985
172179, 7721790, 7750778, 28988
172180, 7721800, 7750792, 28992
172182, 7721820, 7750805, 28985
172183, 7721830, 7750818, 28988
172184, 7721840, 7750832, 28992
172185, 7721850, 7750845, 28995
172186, 7721860, 7750859, 28999
172187, 7721870, 7750872, 29002
172188, 7721880, 7750886, 29006
172189, 7721890, 7750899, 29009
172190, 7721900, 7750913, 29013
172191, 7721910, 7750926, 29016
172193, 7721930, 7750939, 29009
172194, 7721940, 7750953, 29013
172195, 7721950, 7750966, 29016
172196, 7721960, 7750980, 29020
172197, 7721970, 7750993, 29023
172198, 7721980, 7751007, 29027
172199, 7721990, 7751020, 29030
172602, 7726020, 7751047, 25027
172603, 7726030, 7751060, 25030
172604, 7726040, 7751074, 25034
172605, 7726050, 7751087, 25037
172606, 7726060, 7751101, 25041
172607, 7726070, 7751114, 25044
172608, 7726080, 7751128, 25048
172609, 7726090, 7751141, 25051
172610, 7726100, 7751154, 25054
172612, 7726120, 7751168, 25048
172613, 7726130, 7751181, 25051
172614, 7726140, 7751195, 25055
172615, 7726150, 7751208, 25058
172616, 7726160, 7751222, 25062
172617, 7726170, 7751235, 25065
172618, 7726180, 7751249, 25069
172619, 7726190, 7751262, 25072
172620, 7726200, 7751275, 25075
172621, 7726210, 7751289, 25079
172623, 7726230, 7751302, 25072
172624, 7726240, 7751316, 25076
172625, 7726250, 7751329, 25079
172626, 7726260, 7751343, 25083
172627, 7726270, 7751356, 25086
172628, 7726280, 7751370, 25090
172629, 7726290, 7751383, 25093
172630, 7726300, 7751396, 25096
172631, 7726310, 7751410, 25100
172633, 7726330, 7751423, 25093
172634, 7726340, 7751437, 25097
172635, 7726350, 7751450, 25100
172636, 7726360, 7751464, 25104
172637, 7726370, 7751477, 25107
172638, 7726380, 7751490, 25110
172639, 7726390, 7751504, 25114
172640, 7726400, 7751517, 25117
172641, 7726410, 7751531, 25121
172642, 7726420, 7751544, 25124
172644, 7726440, 7751558, 25118
172645, 7726450, 7751571, 25121
172646, 7726460, 7751585, 25125
172647, 7726470, 7751598, 25128
172648, 7726480, 7751611, 25131
172649, 7726490, 7751625, 25135
172651, 7726510, 7751652, 25142
172652, 7726520, 7751665, 25145
172653, 7726530, 7751679, 25149
172655, 7726550, 7751692, 25142
172656, 7726560, 7751706, 25146
172657, 7726570, 7751719, 25149
172658, 7726580, 7751732, 25152
172659, 7726590, 7751746, 25156
172660, 7726600, 7751759, 25159
172661, 7726610, 7751773, 25163
172662, 7726620, 7751786, 25166
172663, 7726630, 7751800, 25170
172665, 7726650, 7751813, 25163
172666, 7726660, 7751826, 25166
172667, 7726670, 7751840, 25170
172668, 7726680, 7751853, 25173
172669, 7726690, 7751867, 25177
172670, 7726700, 7751880, 25180
172671, 7726710, 7751894, 25184
172672, 7726720, 7751907, 25187
172673, 7726730, 7751921, 25191
172674, 7726740, 7751934, 25194
172676, 7726760, 7751947, 25187
172677, 7726770, 7751961, 25191
172678, 7726780, 7751974, 25194
172679, 7726790, 7751988, 25198
172680, 7726800, 7752001, 25201
172681, 7726810, 7752015, 25205
172682, 7726820, 7752028, 25208
172683, 7726830, 7752042, 25212
172684, 7726840, 7752055, 25215
172685, 7726850, 7752068, 25218
172687, 7726870, 7752082, 25212
172688, 7726880, 7752095, 25215
172689, 7726890, 7752109, 25219
172690, 7726900, 7752122, 25222
172691, 7726910, 7752136, 25226
172692, 7726920, 7752149, 25229
172693, 7726930, 7752162, 25232
172694, 7726940, 7752176, 25236
172695, 7726950, 7752189, 25239
172697, 7726970, 7752203, 25233
172698, 7726980, 7752216, 25236
172699, 7726990, 7752230, 25240
172701, 7727010, 7752257, 25247
172702, 7727020, 7752270, 25250
172703, 7727030, 7752283, 25253
172704, 7727040, 7752297, 25257
172705, 7727050, 7752310, 25260
172706, 7727060, 7752324, 25264
172708, 7727080, 7752337, 25257
172709, 7727090, 7752351, 25261
172710, 7727100, 7752364, 25264
172711, 7727110, 7752378, 25268
172712, 7727120, 7752391, 25271
172713, 7727130, 7752404, 25274
172714, 7727140, 7752418, 25278
172715, 7727150, 7752431, 25281
172716, 7727160, 7756012, 28852
172718, 7727180, 7756026, 28846
172719, 7727190, 7756039, 28849
172720, 7727200, 7756052, 28852
172721, 7727210, 7756066, 28856
172722, 7727220, 7756079, 28859
172723, 7727230, 7756093, 28863
172724, 7727240, 7756106, 28866
172725, 7727250, 7756120, 28870
172726, 7727260, 7756133, 28873
172727, 7727270, 7756146, 28876
172729, 7727290, 7756160, 28870
172730, 7727300, 7756173, 28873
172731, 7727310, 7756187, 28877
172732, 7727320, 7756200, 28880
172733, 7727330, 7756214, 28884
172734, 7727340, 7756227, 28887
172735, 7727350, 7756241, 28891
172736, 7727360, 7756254, 28894
172737, 7727370, 7756267, 28897
172738, 7727380, 7756281, 28901
172740, 7727400, 7756294, 28894
172741, 7727410, 7756308, 28898
172742, 7727420, 7756321, 28901
172743, 7727430, 7756335, 28905
172744, 7727440, 7756348, 28908
172745, 7727450, 7756362, 28912
172746, 7727460, 7756375, 28915
172747, 7727470, 7756388, 28918
172748, 7727480, 7756402, 28922
172751, 7727510, 7756429, 28919
172752, 7727520, 7756442, 28922
172753, 7727530, 7756456, 28926
172754, 7727540, 7756469, 28929
172755, 7727550, 7756482, 28932
172756, 7727560, 7756496, 28936
172757, 7727570, 7756509, 28939
172758, 7727580, 7756523, 28943
172759, 7727590, 7756536, 28946
172761, 7727610, 7756550, 28940
172762, 7727620, 7756563, 28943
172763, 7727630, 7756577, 28947
172764, 7727640, 7756590, 28950
172765, 7727650, 7756603, 28953
172766, 7727660, 7756617, 28957
172767, 7727670, 7756630, 28960
172768, 7727680, 7756644, 28964
172769, 7727690, 7756657, 28967
172771, 7727710, 7756671, 28961
172772, 7727720, 7756684, 28964
172773, 7727730, 7756698, 28968
172774, 7727740, 7756711, 28971
172775, 7727750, 7756724, 28974
172776, 7727760, 7756738, 28978
172777, 7727770, 7756751, 28981
172778, 7727780, 7756765, 28985
172779, 7727790, 7756778, 28988
172780, 7727800, 7756792, 28992
172782, 7727820, 7756805, 28985
172783, 7727830, 7756818, 28988
172784, 7727840, 7756832, 28992
172785, 7727850, 7756845, 28995
172786, 7727860, 7756859, 28999
172787, 7727870, 7756872, 29002
172788, 7727880, 7756886, 29006
172789, 7727890, 7756899, 29009
172790, 7727900, 7756913, 29013
172791, 7727910, 7756926, 29016
172793, 7727930, 7756939, 29009
172794, 7727940, 7756953, 29013
172795, 7727950, 7756966, 29016
172796, 7727960, 7756980, 29020
172797, 7727970, 7756993, 29023
172798, 7727980, 7757007, 29027
172799, 7727990, 7757020, 29030
173202, 7732020, 7757047, 25027
173203, 7732030, 7757060, 25030
173204, 7732040, 7757074, 25034
173205, 7732050, 7757087, 25037
173206, 7732060, 7757101, 25041
173207, 7732070, 7757114, 25044
173208, 7732080, 7757128, 25048
173209, 7732090, 7757141, 25051
173210, 7732100, 7757154, 25054
173212, 7732120, 7757168, 25048
173213, 7732130, 7757181, 25051
173214, 7732140, 7757195, 25055
173215, 7732150, 7757208, 25058
173216, 7732160, 7757222, 25062
173217, 7732170, 7757235, 25065
173218, 7732180, 7757249, 25069
173219, 7732190, 7757262, 25072
173220, 7732200, 7757275, 25075
173221, 7732210, 7757289, 25079
173223, 7732230, 7757302, 25072
173224, 7732240, 7757316, 25076
173225, 7732250, 7757329, 25079
173226, 7732260, 7757343, 25083
173227, 7732270, 7757356, 25086
173228, 7732280, 7757370, 25090
173229, 7732290, 7757383, 25093
173230, 7732300, 7757396, 25096
173231, 7732310, 7757410, 25100
173233, 7732330, 7757423, 25093
173234, 7732340, 7757437, 25097
173235, 7732350, 7757450, 25100
173236, 7732360, 7757464, 25104
173237, 7732370, 7757477, 25107
173238, 7732380, 7757490, 25110
173239, 7732390, 7757504, 25114
173240, 7732400, 7757517, 25117
173241, 7732410, 7757531, 25121
173242, 7732420, 7757544, 25124
173244, 7732440, 7757558, 25118
173245, 7732450, 7757571, 25121
173246, 7732460, 7757585, 25125
173247, 7732470, 7757598, 25128
173248, 7732480, 7757611, 25131
173249, 7732490, 7757625, 25135
173251, 7732510, 7757652, 25142
173252, 7732520, 7757665, 25145
173253, 7732530, 7757679, 25149
173255, 7732550, 7757692, 25142
173256, 7732560, 7757706, 25146
173257, 7732570, 7757719, 25149
173258, 7732580, 7757732, 25152
173259, 7732590, 7757746, 25156
173260, 7732600, 7757759, 25159
173261, 7732610, 7757773, 25163
173262, 7732620, 7757786, 25166
173263, 7732630, 7757800, 25170
173265, 7732650, 7757813, 25163
173266, 7732660, 7757826, 25166
173267, 7732670, 7757840, 25170
173268, 7732680, 7757853, 25173
173269, 7732690, 7757867, 25177
173270, 7732700, 7757880, 25180
173271, 7732710, 7757894, 25184
173272, 7732720, 7757907, 25187
173273, 7732730, 7757921, 25191
173274, 7732740, 7757934, 25194
173276, 7732760, 7757947, 25187
173277, 7732770, 7757961, 25191
173278, 7732780, 7757974, 25194
173279, 7732790, 7757988, 25198
173280, 7732800, 7758001, 25201
173281, 7732810, 7758015, 25205
173282, 7732820, 7758028, 25208
173283, 7732830, 7758042, 25212
173284, 7732840, 7758055, 25215
173285, 7732850, 7758068, 25218
173287, 7732870, 7758082, 25212
173288, 7732880, 7758095, 25215
173289, 7732890, 7758109, 25219
173290, 7732900, 7758122, 25222
173291, 7732910, 7758136, 25226
173292, 7732920, 7758149, 25229
173293, 7732930, 7758162, 25232
173294, 7732940, 7758176, 25236
173295, 7732950, 7758189, 25239
173297, 7732970, 7758203, 25233
173298, 7732980, 7758216, 25236
173299, 7732990, 7758230, 25240
173301, 7733010, 7758257, 25247
173302, 7733020, 7758270, 25250
173303, 7733030, 7758283, 25253
173304, 7733040, 7758297, 25257
173305, 7733050, 7758310, 25260
173306, 7733060, 7758324, 25264
173308, 7733080, 7758337, 25257
173309, 7733090, 7758351, 25261
173310, 7733100, 7758364, 25264
173311, 7733110, 7758378, 25268
173312, 7733120, 7758391, 25271
173313, 7733130, 7758404, 25274
173314, 7733140, 7758418, 25278
173315, 7733150, 7758431, 25281
173316, 7733160, 7762012, 28852
173318, 7733180, 7762026, 28846
173319, 7733190, 7762039, 28849
173320, 7733200, 7762052, 28852
173321, 7733210, 7762066, 28856
173322, 7733220, 7762079, 28859
173323, 7733230, 7762093, 28863
173324, 7733240, 7762106, 28866
173325, 7733250, 7762120, 28870
173326, 7733260, 7762133, 28873
173327, 7733270, 7762146, 28876
173329, 7733290, 7762160, 28870
173330, 7733300, 7762173, 28873
173331, 7733310, 7762187, 28877
173332, 7733320, 7762200, 28880
173333, 7733330, 7762214, 28884
173334, 7733340, 7762227, 28887
173335, 7733350, 7762241, 28891
173336, 7733360, 7762254, 28894
173337, 7733370, 7762267, 28897
173338, 7733380, 7762281, 28901
173340, 7733400, 7762294, 28894
173341, 7733410, 7762308, 28898
173342, 7733420, 7762321, 28901
173343, 7733430, 7762335, 28905
173344, 7733440, 7762348, 28908
173345, 7733450, 7762362, 28912
173346, 7733460, 7762375, 28915
173347, 7733470, 7762388, 28918
173348, 7733480, 7762402, 28922
173351, 7733510, 7762429, 28919
173352, 7733520, 7762442, 28922
173353, 7733530, 7762456, 28926
173354, 7733540, 7762469, 28929
173355, 7733550, 7762482, 28932
173356, 7733560, 7762496, 28936
173357, 7733570, 7762509, 28939
173358, 7733580, 7762523, 28943
173359, 7733590, 7762536, 28946
173361, 7733610, 7762550, 28940
173362, 7733620, 7762563, 28943
173363, 7733630, 7762577, 28947
173364, 7733640, 7762590, 28950
173365, 7733650, 7762603, 28953
173366, 7733660, 7762617, 28957
173367, 7733670, 7762630, 28960
173368, 7733680, 7762644, 28964
173369, 7733690, 7762657, 28967
173371, 7733710, 7762671, 28961
173372, 7733720, 7762684, 28964
173373, 7733730, 7762698, 28968
173374, 7733740, 7762711, 28971
173375, 7733750, 7762724, 28974
173376, 7733760, 7762738, 28978
173377, 7733770, 7762751, 28981
173378, 7733780, 7762765, 28985
173379, 7733790, 7762778, 28988
173380, 7733800, 7762792, 28992
173382, 7733820, 7762805, 28985
173383, 7733830, 7762818, 28988
173384, 7733840, 7762832, 28992
173385, 7733850, 7762845, 28995
173386, 7733860, 7762859, 28999
173387, 7733870, 7762872, 29002
173388, 7733880, 7762886, 29006
173389, 7733890, 7762899, 29009
173390, 7733900, 7762913, 29013
173391, 7733910, 7762926, 29016
173393, 7733930, 7762939, 29009
173394, 7733940, 7762953, 29013
173395, 7733950, 7762966, 29016
173396, 7733960, 7762980, 29020
173397, 7733970, 7762993, 29023
173398, 7733980, 7763007, 29027
173399, 7733990, 7763020, 29030
173802, 7738020, 7763047, 25027
173803, 7738030, 7763060, 25030
173804, 7738040, 7763074, 25034
173805, 7738050, 7763087, 25037
173806, 7738060, 7763101, 25041
173807, 7738070, 7763114, 25044
173808, 7738080, 7763128, 25048
173809, 7738090, 7763141, 25051
173810, 7738100, 7763154, 25054
173812, 7738120, 7763168, 25048
173813, 7738130, 7763181, 25051
173814, 7738140, 7763195, 25055
173815, 7738150, 7763208, 25058
173816, 7738160, 7763222, 25062
173817, 7738170, 7763235, 25065
173818, 7738180, 7763249, 25069
173819, 7738190, 7763262, 25072
173820, 7738200, 7763275, 25075
173821, 7738210, 7763289, 25079
173823, 7738230, 7763302, 25072
173824, 7738240, 7763316, 25076
173825, 7738250, 7763329, 25079
173826, 7738260, 7763343, 25083
173827, 7738270, 7763356, 25086
173828, 7738280, 7763370, 25090
173829, 7738290, 7763383, 25093
173830, 7738300, 7763396, 25096
173831, 7738310, 7763410, 25100
173833, 7738330, 7763423, 25093
173834, 7738340, 7763437, 25097
173835, 7738350, 7763450, 25100
173836, 7738360, 7763464, 25104
173837, 7738370, 7763477, 25107
173838, 7738380, 7763490, 25110
173839, 7738390, 7763504, 25114
173840, 7738400, 7763517, 25117
173841, 7738410, 7763531, 25121
173842, 7738420, 7763544, 25124
173844, 7738440, 7763558, 25118
173845, 7738450, 7763571, 25121
173846, 7738460, 7763585, 25125
173847, 7738470, 7763598, 25128
173848, 7738480, 7763611, 25131
173849, 7738490, 7763625, 25135
173851, 7738510, 7763652, 25142
173852, 7738520, 7763665, 25145
173853, 7738530, 7763679, 25149
173855, 7738550, 7763692, 25142
173856, 7738560, 7763706, 25146
173857, 7738570, 7763719, 25149
173858, 7738580, 7763732, 25152
173859, 7738590, 7763746, 25156
173860, 7738600, 7763759, 25159
173861, 7738610, 7763773, 25163
173862, 7738620, 7763786, 25166
173863, 7738630, 7763800, 25170
173865, 7738650, 7763813, 25163
173866, 7738660, 7763826, 25166
173867, 7738670, 7763840, 25170
173868, 7738680, 7763853, 25173
173869, 7738690, 7763867, 25177
173870, 7738700, 7763880, 25180
173871, 7738710, 7763894, 25184
173872, 7738720, 7763907, 25187
173873, 7738730, 7763921, 25191
173874, 7738740, 7763934, 25194
173876, 7738760, 7763947, 25187
173877, 7738770, 7763961, 25191
173878, 7738780, 7763974, 25194
173879, 7738790, 7763988, 25198
173880, 7738800, 7764001, 25201
173881, 7738810, 7764015, 25205
173882, 7738820, 7764028, 25208
173883, 7738830, 7764042, 25212
173884, 7738840, 7764055, 25215
173885, 7738850, 7764068, 25218
173887, 7738870, 7764082, 25212
173888, 7738880, 7764095, 25215
173889, 7738890, 7764109, 25219
173890, 7738900, 7764122, 25222
173891, 7738910, 7764136, 25226
173892, 7738920, 7764149, 25229
173893, 7738930, 7764162, 25232
173894, 7738940, 7764176, 25236
173895, 7738950, 7764189, 25239
173897, 7738970, 7764203, 25233
173898, 7738980, 7764216, 25236
173899, 7738990, 7764230, 25240
173901, 7739010, 7764257, 25247
173902, 7739020, 7764270, 25250
173903, 7739030, 7764283, 25253
173904, 7739040, 7764297, 25257
173905, 7739050, 7764310, 25260
173906, 7739060, 7764324, 25264
173908, 7739080, 7764337, 25257
173909, 7739090, 7764351, 25261
173910, 7739100, 7764364, 25264
173911, 7739110, 7764378, 25268
173912, 7739120, 7764391, 25271
173913, 7739130, 7764404, 25274
173914, 7739140, 7764418, 25278
173915, 7739150, 7764431, 25281
173916, 7739160, 7768012, 28852
173918, 7739180, 7768026, 28846
173919, 7739190, 7768039, 28849
173920, 7739200, 7768052, 28852
173921, 7739210, 7768066, 28856
173922, 7739220, 7768079, 28859
173923, 7739230, 7768093, 28863
173924, 7739240, 7768106, 28866
173925, 7739250, 7768120, 28870
173926, 7739260, 7768133, 28873
173927, 7739270, 7768146, 28876
173929, 7739290, 7768160, 28870
173930, 7739300, 7768173, 28873
173931, 7739310, 7768187, 28877
173932, 7739320, 7768200, 28880
173933, 7739330, 7768214, 28884
173934, 7739340, 7768227, 28887
173935, 7739350, 7768241, 28891
173936, 7739360, 7768254, 28894
173937, 7739370, 7768267, 28897
173938, 7739380, 7768281, 28901
173940, 7739400, 7768294, 28894
173941, 7739410, 7768308, 28898
173942, 7739420, 7768321, 28901
173943, 7739430, 7768335, 28905
173944, 7739440, 7768348, 28908
173945, 7739450, 7768362, 28912
173946, 7739460, 7768375, 28915
173947, 7739470, 7768388, 28918
173948, 7739480, 7768402, 28922
173951, 7739510, 7768429, 28919
173952, 7739520, 7768442, 28922
173953, 7739530, 7768456, 28926
173954, 7739540, 7768469, 28929
173955, 7739550, 7768482, 28932
173956, 7739560, 7768496, 28936
173957, 7739570, 7768509, 28939
173958, 7739580, 7768523, 28943
173959, 7739590, 7768536, 28946
173961, 7739610, 7768550, 28940
173962, 7739620, 7768563, 28943
173963, 7739630, 7768577, 28947
173964, 7739640, 7768590, 28950
173965, 7739650, 7768603, 28953
173966, 7739660, 7768617, 28957
173967, 7739670, 7768630, 28960
173968, 7739680, 7768644, 28964
173969, 7739690, 7768657, 28967
173971, 7739710, 7768671, 28961
173972, 7739720, 7768684, 28964
173973, 7739730, 7768698, 28968
173974, 7739740, 7768711, 28971
173975, 7739750, 7768724, 28974
173976, 7739760, 7768738, 28978
173977, 7739770, 7768751, 28981
173978, 7739780, 7768765, 28985
173979, 7739790, 7768778, 28988
173980, 7739800, 7768792, 28992
173982, 7739820, 7768805, 28985
173983, 7739830, 7768818, 28988
173984, 7739840, 7768832, 28992
173985, 7739850, 7768845, 28995
173986, 7739860, 7768859, 28999
173987, 7739870, 7768872, 29002
173988, 7739880, 7768886, 29006
173989, 7739890, 7768899, 29009
173990, 7739900, 7768913, 29013
173991, 7739910, 7768926, 29016
173993, 7739930, 7768939, 29009
173994, 7739940, 7768953, 29013
173995, 7739950, 7768966, 29016
173996, 7739960, 7768980, 29020
173997, 7739970, 7768993, 29023
173998, 7739980, 7769007, 29027
173999, 7739990, 7769020, 29030
174402, 7744020, 7769047, 25027
174403, 7744030, 7769060, 25030
174404, 7744040, 7769074, 25034
174405, 7744050, 7769087, 25037
174406, 7744060, 7769101, 25041
174407, 7744070, 7769114, 25044
174408, 7744080, 7769128, 25048
174409, 7744090, 7769141, 25051
174410, 7744100, 7769154, 25054
174412, 7744120, 7769168, 25048
174413, 7744130, 7769181, 25051
174414, 7744140, 7769195, 25055
174415, 7744150, 7769208, 25058
174416, 7744160, 7769222, 25062
174417, 7744170, 7769235, 25065
174418, 7744180, 7769249, 25069
174419, 7744190, 7769262, 25072
174420, 7744200, 7769275, 25075
174421, 7744210, 7769289, 25079
174423, 7744230, 7769302, 25072
174424, 7744240, 7769316, 25076
174425, 7744250, 7769329, 25079
174426, 7744260, 7769343, 25083
174427, 7744270, 7769356, 25086
174428, 7744280, 7769370, 25090
174429, 7744290, 7769383, 25093
174430, 7744300, 7769396, 25096
174431, 7744310, 7769410, 25100
174433, 7744330, 7769423, 25093
174434, 7744340, 7769437, 25097
174435, 7744350, 7769450, 25100
174436, 7744360, 7769464, 25104
174437, 7744370, 7769477, 25107
174438, 7744380, 7769490, 25110
174439, 7744390, 7769504, 25114
174440, 7744400, 7769517, 25117
174441, 7744410, 7769531, 25121
174442, 7744420, 7769544, 25124
174444, 7744440, 7769558, 25118
174445, 7744450, 7769571, 25121
174446, 7744460, 7769585, 25125
174447, 7744470, 7769598, 25128
174448, 7744480, 7769611, 25131
174449, 7744490, 7769625, 25135
174451, 7744510, 7769652, 25142
174452, 7744520, 7769665, 25145
174453, 7744530, 7769679, 25149
174455, 7744550, 7769692, 25142
174456, 7744560, 7769706, 25146
174457, 7744570, 7769719, 25149
174458, 7744580, 7769732, 25152
174459, 7744590, 7769746, 25156
174460, 7744600, 7769759, 25159
174461, 7744610, 7769773, 25163
174462, 7744620, 7769786, 25166
174463, 7744630, 7769800, 25170
174465, 7744650, 7769813, 25163
174466, 7744660, 7769826, 25166
174467, 7744670, 7769840, 25170
174468, 7744680, 7769853, 25173
174469, 7744690, 7769867, 25177
174470, 7744700, 7769880, 25180
174471, 7744710, 7769894, 25184
174472, 7744720, 7769907, 25187
174473, 7744730, 7769921, 25191
174474, 7744740, 7769934, 25194
174476, 7744760, 7769947, 25187
174477, 7744770, 7769961, 25191
174478, 7744780, 7769974, 25194
174479, 7744790, 7769988, 25198
174480, 7744800, 7770001, 25201
174481, 7744810, 7770015, 25205
174482, 7744820, 7770028, 25208
174483, 7744830, 7770042, 25212
174484, 7744840, 7770055, 25215
174485, 7744850, 7770068, 25218
174487, 7744870, 7770082, 25212
174488, 7744880, 7770095, 25215
174489, 7744890, 7770109, 25219
174490, 7744900, 7770122, 25222
174491, 7744910, 7770136, 25226
174492, 7744920, 7770149, 25229
174493, 7744930, 7770162, 25232
174494, 7744940, 7770176, 25236
174495, 7744950, 7770189, 25239
174497, 7744970, 7770203, 25233
174498, 7744980, 7770216, 25236
174499, 7744990, 7770230, 25240
174501, 7745010, 7770257, 25247
174502, 7745020, 7770270, 25250
174503, 7745030, 7770283, 25253
174504, 7745040, 7770297, 25257
174505, 7745050, 7770310, 25260
174506, 7745060, 7770324, 25264
174508, 7745080, 7770337, 25257
174509, 7745090, 7770351, 25261
174510, 7745100, 7770364, 25264
174511, 7745110, 7770378, 25268
174512, 7745120, 7770391, 25271
174513, 7745130, 7770404, 25274
174514, 7745140, 7770418, 25278
174515, 7745150, 7770431, 25281
174516, 7745160, 7774012, 28852
174517, 7745170, 7774026, 28856
174519, 7745190, 7774039, 28849
174520, 7745200, 7774052, 28852
174521, 7745210, 7774066, 28856
174522, 7745220, 7774079, 28859
174523, 7745230, 7774093, 28863
174524, 7745240, 7774106, 28866
174525, 7745250, 7774120, 28870
174526, 7745260, 7774133, 28873
174527, 7745270, 7774146, 28876
174529, 7745290, 7774160, 28870
174530, 7745300, 7774173, 28873
174531, 7745310, 7774187, 28877
174532, 7745320, 7774200, 28880
174533, 7745330, 7774214, 28884
174534, 7745340, 7774227, 28887
174535, 7745350, 7774241, 28891
174536, 7745360, 7774254, 28894
174537, 7745370, 7774267, 28897
174538, 7745380, 7774281, 28901
174540, 7745400, 7774294, 28894
174541, 7745410, 7774308, 28898
174542, 7745420, 7774321, 28901
174543, 7745430, 7774335, 28905
174544, 7745440, 7774348, 28908
174545, 7745450, 7774362, 28912
174546, 7745460, 7774375, 28915
174547, 7745470, 7774388, 28918
174548, 7745480, 7774402, 28922
174551, 7745510, 7774429, 28919
174552, 7745520, 7774442, 28922
174553, 7745530, 7774456, 28926
174554, 7745540, 7774469, 28929
174555, 7745550, 7774482, 28932
174556, 7745560, 7774496, 28936
174557, 7745570, 7774509, 28939
174558, 7745580, 7774523, 28943
174559, 7745590, 7774536, 28946
174561, 7745610, 7774550, 28940
174562, 7745620, 7774563, 28943
174563, 7745630, 7774577, 28947
174564, 7745640, 7774590, 28950
174565, 7745650, 7774603, 28953
174566, 7745660, 7774617, 28957
174567, 7745670, 7774630, 28960
174568, 7745680, 7774644, 28964
174569, 7745690, 7774657, 28967
174570, 7745700, 7774671, 28971
174572, 7745720, 7774684, 28964
174573, 7745730, 7774698, 28968
174574, 7745740, 7774711, 28971
174575, 7745750, 7774724, 28974
174576, 7745760, 7774738, 28978
174577, 7745770, 7774751, 28981
174578, 7745780, 7774765, 28985
174579, 7745790, 7774778, 28988
174580, 7745800, 7774792, 28992
174582, 7745820, 7774805, 28985
174583, 7745830, 7774818, 28988
174584, 7745840, 7774832, 28992
174585, 7745850, 7774845, 28995
174586, 7745860, 7774859, 28999
174587, 7745870, 7774872, 29002
174588, 7745880, 7774886, 29006
174589, 7745890, 7774899, 29009
174590, 7745900, 7774913, 29013
174591, 7745910, 7774926, 29016
174593, 7745930, 7774939, 29009
174594, 7745940, 7774953, 29013
174595, 7745950, 7774966, 29016
174596, 7745960, 7774980, 29020
174597, 7745970, 7774993, 29023
174598, 7745980, 7775007, 29027
174599, 7745990, 7775020, 29030
175002, 7750020, 7775047, 25027
175003, 7750030, 7775060, 25030
175004, 7750040, 7775074, 25034
175005, 7750050, 7775087, 25037
175006, 7750060, 7775101, 25041
175007, 7750070, 7775114, 25044
175008, 7750080, 7775127, 25047
175009, 7750090, 7775141, 25051
175010, 7750100, 7775154, 25054
175012, 7750120, 7775168, 25048
175013, 7750130, 7775181, 25051
175014, 7750140, 7775195, 25055
175015, 7750150, 7775208, 25058
175016, 7750160, 7775222, 25062
175017, 7750170, 7775235, 25065
175018, 7750180, 7775248, 25068
175019, 7750190, 7775262, 25072
175020, 7750200, 7775275, 25075
175021, 7750210, 7775289, 25079
175023, 7750230, 7775302, 25072
175024, 7750240, 7775316, 25076
175025, 7750250, 7775329, 25079
175026, 7750260, 7775342, 25082
175027, 7750270, 7775356, 25086
175028, 7750280, 7775369, 25089
175029, 7750290, 7775383, 25093
175030, 7750300, 7775396, 25096
175031, 7750310, 7775410, 25100
175033, 7750330, 7775423, 25093
175034, 7750340, 7775437, 25097
175035, 7750350, 7775450, 25100
175036, 7750360, 7775463, 25103
175037, 7750370, 7775477, 25107
175038, 7750380, 7775490, 25110
175039, 7750390, 7775504, 25114
175040, 7750400, 7775517, 25117
175041, 7750410, 7775531, 25121
175042, 7750420, 7775544, 25124
175044, 7750440, 7775558, 25118
175045, 7750450, 7775571, 25121
175046, 7750460, 7775584, 25124
175047, 7750470, 7775598, 25128
175048, 7750480, 7775611, 25131
175049, 7750490, 7775625, 25135
175051, 7750510, 7775652, 25142
175052, 7750520, 7775665, 25145
175053, 7750530, 7775678, 25148
175055, 7750550, 7775692, 25142
175056, 7750560, 7775705, 25145
175057, 7750570, 7775719, 25149
175058, 7750580, 7775732, 25152
175059, 7750590, 7775746, 25156
175060, 7750600, 7775759, 25159
175061, 7750610, 7775773, 25163
175062, 7750620, 7775786, 25166
175063, 7750630, 7775799, 25169
175065, 7750650, 7775813, 25163
175066, 7750660, 7775826, 25166
175067, 7750670, 7775840, 25170
175068, 7750680, 7775853, 25173
175069, 7750690, 7775867, 25177
175070, 7750700, 7775880, 25180
175071, 7750710, 7775894, 25184
175072, 7750720, 7775907, 25187
175073, 7750730, 7775920, 25190
175074, 7750740, 7775934, 25194
175076, 7750760, 7775947, 25187
175077, 7750770, 7775961, 25191
175078, 7750780, 7775974, 25194
175079, 7750790, 7775988, 25198
175080, 7750800, 7776001, 25201
175081, 7750810, 7776014, 25204
175082, 7750820, 7776028, 25208
175083, 7750830, 7776041, 25211
175084, 7750840, 7776055, 25215
175085, 7750850, 7776068, 25218
175087, 7750870, 7776082, 25212
175088, 7750880, 7776095, 25215
175089, 7750890, 7776109, 25219
175090, 7750900, 7776122, 25222
175091, 7750910, 7776135, 25225
175092, 7750920, 7776149, 25229
175093, 7750930, 7776162, 25232
175094, 7750940, 7776176, 25236
175095, 7750950, 7776189, 25239
175097, 7750970, 7776203, 25233
175098, 7750980, 7776216, 25236
175099, 7750990, 7776230, 25240
175101, 7751010, 7776256, 25246
175102, 7751020, 7776270, 25250
175103, 7751030, 7776283, 25253
175104, 7751040, 7776297, 25257
175105, 7751050, 7776310, 25260
175106, 7751060, 7776324, 25264
175108, 7751080, 7776337, 25257
175109, 7751090, 7776350, 25260
175110, 7751100, 7776364, 25264
175111, 7751110, 7776377, 25267
175112, 7751120, 7776391, 25271
175113, 7751130, 7776404, 25274
175114, 7751140, 7776418, 25278
175115, 7751150, 7776431, 25281
175116, 7751160, 7780012, 28852
175118, 7751180, 7780026, 28846
175119, 7751190, 7780039, 28849
175120, 7751200, 7780052, 28852
175121, 7751210, 7780066, 28856
175122, 7751220, 7780079, 28859
175123, 7751230, 7780093, 28863
175124, 7751240, 7780106, 28866
175125, 7751250, 7780120, 28870
175126, 7751260, 7780133, 28873
175127, 7751270, 7780146, 28876
175129, 7751290, 7780160, 28870
175130, 7751300, 7780173, 28873
175131, 7751310, 7780187, 28877
175132, 7751320, 7780200, 28880
175133, 7751330, 7780214, 28884
175134, 7751340, 7780227, 28887
175135, 7751350, 7780241, 28891
175136, 7751360, 7780254, 28894
175137, 7751370, 7780267, 28897
175138, 7751380, 7780281, 28901
175140, 7751400, 7780294, 28894
175141, 7751410, 7780308, 28898
175142, 7751420, 7780321, 28901
175143, 7751430, 7780335, 28905
175144, 7751440, 7780348, 28908
175145, 7751450, 7780362, 28912
175146, 7751460, 7780375, 28915
175147, 7751470, 7780388, 28918
175148, 7751480, 7780402, 28922
175151, 7751510, 7780429, 28919
175152, 7751520, 7780442, 28922
175153, 7751530, 7780456, 28926
175154, 7751540, 7780469, 28929
175155, 7751550, 7780482, 28932
175156, 7751560, 7780496, 28936
175157, 7751570, 7780509, 28939
175158, 7751580, 7780523, 28943
175159, 7751590, 7780536, 28946
175161, 7751610, 7780550, 28940
175162, 7751620, 7780563, 28943
175163, 7751630, 7780577, 28947
175164, 7751640, 7780590, 28950
175165, 7751650, 7780603, 28953
175166, 7751660, 7780617, 28957
175167, 7751670, 7780630, 28960
175168, 7751680, 7780644, 28964
175169, 7751690, 7780657, 28967
175171, 7751710, 7780671, 28961
175172, 7751720, 7780684, 28964
175173, 7751730, 7780698, 28968
175174, 7751740, 7780711, 28971
175175, 7751750, 7780724, 28974
175176, 7751760, 7780738, 28978
175177, 7751770, 7780751, 28981
175178, 7751780, 7780765, 28985
175179, 7751790, 7780778, 28988
175180, 7751800, 7780792, 28992
175182, 7751820, 7780805, 28985
175183, 7751830, 7780818, 28988
175184, 7751840, 7780832, 28992
175185, 7751850, 7780845, 28995
175186, 7751860, 7780859, 28999
175187, 7751870, 7780872, 29002
175188, 7751880, 7780886, 29006
175189, 7751890, 7780899, 29009
175190, 7751900, 7780913, 29013
175191, 7751910, 7780926, 29016
175193, 7751930, 7780939, 29009
175194, 7751940, 7780953, 29013
175195, 7751950, 7780966, 29016
175196, 7751960, 7780980, 29020
175197, 7751970, 7780993, 29023
175198, 7751980, 7781007, 29027
175199, 7751990, 7781020, 29030
175602, 7756020, 7781047, 25027
175603, 7756030, 7781060, 25030
175604, 7756040, 7781074, 25034
175605, 7756050, 7781087, 25037
175606, 7756060, 7781101, 25041
175607, 7756070, 7781114, 25044
175608, 7756080, 7781128, 25048
175609, 7756090, 7781141, 25051
175610, 7756100, 7781154, 25054
175612, 7756120, 7781168, 25048
175613, 7756130, 7781181, 25051
175614, 7756140, 7781195, 25055
175615, 7756150, 7781208, 25058
175616, 7756160, 7781222, 25062
175617, 7756170, 7781235, 25065
175618, 7756180, 7781249, 25069
175619, 7756190, 7781262, 25072
175620, 7756200, 7781275, 25075
175621, 7756210, 7781289, 25079
175623, 7756230, 7781302, 25072
175624, 7756240, 7781316, 25076
175625, 7756250, 7781329, 25079
175626, 7756260, 7781343, 25083
175627, 7756270, 7781356, 25086
175628, 7756280, 7781370, 25090
175629, 7756290, 7781383, 25093
175630, 7756300, 7781396, 25096
175631, 7756310, 7781410, 25100
175633, 7756330, 7781423, 25093
175634, 7756340, 7781437, 25097
175635, 7756350, 7781450, 25100
175636, 7756360, 7781464, 25104
175637, 7756370, 7781477, 25107
175638, 7756380, 7781490, 25110
175639, 7756390, 7781504, 25114
175640, 7756400, 7781517, 25117
175641, 7756410, 7781531, 25121
175642, 7756420, 7781544, 25124
175644, 7756440, 7781558, 25118
175645, 7756450, 7781571, 25121
175646, 7756460, 7781585, 25125
175647, 7756470, 7781598, 25128
175648, 7756480, 7781611, 25131
175649, 7756490, 7781625, 25135
175651, 7756510, 7781652, 25142
175652, 7756520, 7781665, 25145
175653, 7756530, 7781679, 25149
175655, 7756550, 7781692, 25142
175656, 7756560, 7781706, 25146
175657, 7756570, 7781719, 25149
175658, 7756580, 7781732, 25152
175659, 7756590, 7781746, 25156
175660, 7756600, 7781759, 25159
175661, 7756610, 7781773, 25163
175662, 7756620, 7781786, 25166
175663, 7756630, 7781800, 25170
175665, 7756650, 7781813, 25163
175666, 7756660, 7781826, 25166
175667, 7756670, 7781840, 25170
175668, 7756680, 7781853, 25173
175669, 7756690, 7781867, 25177
175670, 7756700, 7781880, 25180
175671, 7756710, 7781894, 25184
175672, 7756720, 7781907, 25187
175673, 7756730, 7781921, 25191
175674, 7756740, 7781934, 25194
175676, 7756760, 7781947, 25187
175677, 7756770, 7781961, 25191
175678, 7756780, 7781974, 25194
175679, 7756790, 7781988, 25198
175680, 7756800, 7782001, 25201
175681, 7756810, 7782015, 25205
175682, 7756820, 7782028, 25208
175683, 7756830, 7782042, 25212
175684, 7756840, 7782055, 25215
175685, 7756850, 7782068, 25218
175687, 7756870, 7782082, 25212
175688, 7756880, 7782095, 25215
175689, 7756890, 7782109, 25219
175690, 7756900, 7782122, 25222
175691, 7756910, 7782136, 25226
175692, 7756920, 7782149, 25229
175693, 7756930, 7782162, 25232
175694, 7756940, 7782176, 25236
175695, 7756950, 7782189, 25239
175697, 7756970, 7782203, 25233
175698, 7756980, 7782216, 25236
175699, 7756990, 7782230, 25240
175701, 7757010, 7782257, 25247
175702, 7757020, 7782270, 25250
175703, 7757030, 7782283, 25253
175704, 7757040, 7782297, 25257
175705, 7757050, 7782310, 25260
175706, 7757060, 7782324, 25264
175708, 7757080, 7782337, 25257
175709, 7757090, 7782351, 25261
175710, 7757100, 7782364, 25264
175711, 7757110, 7782378, 25268
175712, 7757120, 7782391, 25271
175713, 7757130, 7782404, 25274
175714, 7757140, 7782418, 25278
175715, 7757150, 7782431, 25281
175716, 7757160, 7786012, 28852
175718, 7757180, 7786026, 28846
175719, 7757190, 7786039, 28849
175720, 7757200, 7786052, 28852
175721, 7757210, 7786066, 28856
175722, 7757220, 7786079, 28859
175723, 7757230, 7786093, 28863
175724, 7757240, 7786106, 28866
175725, 7757250, 7786120, 28870
175726, 7757260, 7786133, 28873
175727, 7757270, 7786146, 28876
175729, 7757290, 7786160, 28870
175730, 7757300, 7786173, 28873
175731, 7757310, 7786187, 28877
175732, 7757320, 7786200, 28880
175733, 7757330, 7786214, 28884
175734, 7757340, 7786227, 28887
175735, 7757350, 7786241, 28891
175736, 7757360, 7786254, 28894
175737, 7757370, 7786267, 28897
175738, 7757380, 7786281, 28901
175740, 7757400, 7786294, 28894
175741, 7757410, 7786308, 28898
175742, 7757420, 7786321, 28901
175743, 7757430, 7786335, 28905
175744, 7757440, 7786348, 28908
175745, 7757450, 7786362, 28912
175746, 7757460, 7786375, 28915
175747, 7757470, 7786388, 28918
175748, 7757480, 7786402, 28922
175751, 7757510, 7786429, 28919
175752, 7757520, 7786442, 28922
175753, 7757530, 7786456, 28926
175754, 7757540, 7786469, 28929
175755, 7757550, 7786482, 28932
175756, 7757560, 7786496, 28936
175757, 7757570, 7786509, 28939
175758, 7757580, 7786523, 28943
175759, 7757590, 7786536, 28946
175761, 7757610, 7786550, 28940
175762, 7757620, 7786563, 28943
175763, 7757630, 7786577, 28947
175764, 7757640, 7786590, 28950
175765, 7757650, 7786603, 28953
175766, 7757660, 7786617, 28957
175767, 7757670, 7786630, 28960
175768, 7757680, 7786644, 28964
175769, 7757690, 7786657, 28967
175771, 7757710, 7786671, 28961
175772, 7757720, 7786684, 28964
175773, 7757730, 7786698, 28968
175774, 7757740, 7786711, 28971
175775, 7757750, 7786724, 28974
175776, 7757760, 7786738, 28978
175777, 7757770, 7786751, 28981
175778, 7757780, 7786765, 28985
175779, 7757790, 7786778, 28988
175780, 7757800, 7786792, 28992
175782, 7757820, 7786805, 28985
175783, 7757830, 7786818, 28988
175784, 7757840, 7786832, 28992
175785, 7757850, 7786845, 28995
175786, 7757860, 7786859, 28999
175787, 7757870, 7786872, 29002
175788, 7757880, 7786886, 29006
175789, 7757890, 7786899, 29009
175790, 7757900, 7786913, 29013
175791, 7757910, 7786926, 29016
175793, 7757930, 7786939, 29009
175794, 7757940, 7786953, 29013
175795, 7757950, 7786966, 29016
175796, 7757960, 7786980, 29020
175797, 7757970, 7786993, 29023
175798, 7757980, 7787007, 29027
175799, 7757990, 7787020, 29030
176202, 7762020, 7787047, 25027
176203, 7762030, 7787060, 25030
176204, 7762040, 7787074, 25034
176205, 7762050, 7787087, 25037
176206, 7762060, 7787101, 25041
176207, 7762070, 7787114, 25044
176208, 7762080, 7787128, 25048
176209, 7762090, 7787141, 25051
176210, 7762100, 7787154, 25054
176212, 7762120, 7787168, 25048
176213, 7762130, 7787181, 25051
176214, 7762140, 7787195, 25055
176215, 7762150, 7787208, 25058
176216, 7762160, 7787222, 25062
176217, 7762170, 7787235, 25065
176218, 7762180, 7787249, 25069
176219, 7762190, 7787262, 25072
176220, 7762200, 7787275, 25075
176221, 7762210, 7787289, 25079
176223, 7762230, 7787302, 25072
176224, 7762240, 7787316, 25076
176225, 7762250, 7787329, 25079
176226, 7762260, 7787343, 25083
176227, 7762270, 7787356, 25086
176228, 7762280, 7787370, 25090
176229, 7762290, 7787383, 25093
176230, 7762300, 7787396, 25096
176231, 7762310, 7787410, 25100
176233, 7762330, 7787423, 25093
176234, 7762340, 7787437, 25097
176235, 7762350, 7787450, 25100
176236, 7762360, 7787464, 25104
176237, 7762370, 7787477, 25107
176238, 7762380, 7787490, 25110
176239, 7762390, 7787504, 25114
176240, 7762400, 7787517, 25117
176241, 7762410, 7787531, 25121
176242, 7762420, 7787544, 25124
176244, 7762440, 7787558, 25118
176245, 7762450, 7787571, 25121
176246, 7762460, 7787585, 25125
176247, 7762470, 7787598, 25128
176248, 7762480, 7787611, 25131
176249, 7762490, 7787625, 25135
176251, 7762510, 7787652, 25142
176252, 7762520, 7787665, 25145
176253, 7762530, 7787679, 25149
176255, 7762550, 7787692, 25142
176256, 7762560, 7787706, 25146
176257, 7762570, 7787719, 25149
176258, 7762580, 7787732, 25152
176259, 7762590, 7787746, 25156
176260, 7762600, 7787759, 25159
176261, 7762610, 7787773, 25163
176262, 7762620, 7787786, 25166
176263, 7762630, 7787800, 25170
176265, 7762650, 7787813, 25163
176266, 7762660, 7787826, 25166
176267, 7762670, 7787840, 25170
176268, 7762680, 7787853, 25173
176269, 7762690, 7787867, 25177
176270, 7762700, 7787880, 25180
176271, 7762710, 7787894, 25184
176272, 7762720, 7787907, 25187
176273, 7762730, 7787921, 25191
176274, 7762740, 7787934, 25194
176276, 7762760, 7787947, 25187
176277, 7762770, 7787961, 25191
176278, 7762780, 7787974, 25194
176279, 7762790, 7787988, 25198
176280, 7762800, 7788001, 25201
176281, 7762810, 7788015, 25205
176282, 7762820, 7788028, 25208
176283, 7762830, 7788042, 25212
176284, 7762840, 7788055, 25215
176285, 7762850, 7788068, 25218
176287, 7762870, 7788082, 25212
176288, 7762880, 7788095, 25215
176289, 7762890, 7788109, 25219
176290, 7762900, 7788122, 25222
176291, 7762910, 7788136, 25226
176292, 7762920, 7788149, 25229
176293, 7762930, 7788162, 25232
176294, 7762940, 7788176, 25236
176295, 7762950, 7788189, 25239
176297, 7762970, 7788203, 25233
176298, 7762980, 7788216, 25236
176299, 7762990, 7788230, 25240
176301, 7763010, 7788257, 25247
176302, 7763020, 7788270, 25250
176303, 7763030, 7788283, 25253
176304, 7763040, 7788297, 25257
176305, 7763050, 7788310, 25260
176306, 7763060, 7788324, 25264
176308, 7763080, 7788337, 25257
176309, 7763090, 7788351, 25261
176310, 7763100, 7788364, 25264
176311, 7763110, 7788378, 25268
176312, 7763120, 7788391, 25271
176313, 7763130, 7788404, 25274
176314, 7763140, 7788418, 25278
176315, 7763150, 7788431, 25281
176316, 7763160, 7792012, 28852
176318, 7763180, 7792026, 28846
176319, 7763190, 7792039, 28849
176320, 7763200, 7792052, 28852
176321, 7763210, 7792066, 28856
176322, 7763220, 7792079, 28859
176323, 7763230, 7792093, 28863
176324, 7763240, 7792106, 28866
176325, 7763250, 7792120, 28870
176326, 7763260, 7792133, 28873
176327, 7763270, 7792146, 28876
176329, 7763290, 7792160, 28870
176330, 7763300, 7792173, 28873
176331, 7763310, 7792187, 28877
176332, 7763320, 7792200, 28880
176333, 7763330, 7792214, 28884
176334, 7763340, 7792227, 28887
176335, 7763350, 7792241, 28891
176336, 7763360, 7792254, 28894
176337, 7763370, 7792267, 28897
176338, 7763380, 7792281, 28901
176340, 7763400, 7792294, 28894
176341, 7763410, 7792308, 28898
176342, 7763420, 7792321, 28901
176343, 7763430, 7792335, 28905
176344, 7763440, 7792348, 28908
176345, 7763450, 7792362, 28912
176346, 7763460, 7792375, 28915
176347, 7763470, 7792388, 28918
176348, 7763480, 7792402, 28922
176351, 7763510, 7792429, 28919
176352, 7763520, 7792442, 28922
176353, 7763530, 7792456, 28926
176354, 7763540, 7792469, 28929
176355, 7763550, 7792482, 28932
176356, 7763560, 7792496, 28936
176357, 7763570, 7792509, 28939
176358, 7763580, 7792523, 28943
176359, 7763590, 7792536, 28946
176361, 7763610, 7792550, 28940
176362, 7763620, 7792563, 28943
176363, 7763630, 7792577, 28947
176364, 7763640, 7792590, 28950
176365, 7763650, 7792603, 28953
176366, 7763660, 7792617, 28957
176367, 7763670, 7792630, 28960
176368, 7763680, 7792644, 28964
176369, 7763690, 7792657, 28967
176371, 7763710, 7792671, 28961
176372, 7763720, 7792684, 28964
176373, 7763730, 7792698, 28968
176374, 7763740, 7792711, 28971
176375, 7763750, 7792724, 28974
176376, 7763760, 7792738, 28978
176377, 7763770, 7792751, 28981
176378, 7763780, 7792765, 28985
176379, 7763790, 7792778, 28988
176380, 7763800, 7792792, 28992
176382, 7763820, 7792805, 28985
176383, 7763830, 7792818, 28988
176384, 7763840, 7792832, 28992
176385, 7763850, 7792845, 28995
176386, 7763860, 7792859, 28999
176387, 7763870, 7792872, 29002
176388, 7763880, 7792886, 29006
176389, 7763890, 7792899, 29009
176390, 7763900, 7792913, 29013
176391, 7763910, 7792926, 29016
176393, 7763930, 7792939, 29009
176394, 7763940, 7792953, 29013
176395, 7763950, 7792966, 29016
176396, 7763960, 7792980, 29020
176397, 7763970, 7792993, 29023
176398, 7763980, 7793007, 29027
176399, 7763990, 7793020, 29030
176802, 7768020, 7793047, 25027
176803, 7768030, 7793060, 25030
176804, 7768040, 7793074, 25034
176805, 7768050, 7793087, 25037
176806, 7768060, 7793101, 25041
176807, 7768070, 7793114, 25044
176808, 7768080, 7793128, 25048
176809, 7768090, 7793141, 25051
176810, 7768100, 7793154, 25054
176812, 7768120, 7793168, 25048
176813, 7768130, 7793181, 25051
176814, 7768140, 7793195, 25055
176815, 7768150, 7793208, 25058
176816, 7768160, 7793222, 25062
176817, 7768170, 7793235, 25065
176818, 7768180, 7793249, 25069
176819, 7768190, 7793262, 25072
176820, 7768200, 7793275, 25075
176821, 7768210, 7793289, 25079
176823, 7768230, 7793302, 25072
176824, 7768240, 7793316, 25076
176825, 7768250, 7793329, 25079
176826, 7768260, 7793343, 25083
176827, 7768270, 7793356, 25086
176828, 7768280, 7793370, 25090
176829, 7768290, 7793383, 25093
176830, 7768300, 7793396, 25096
176831, 7768310, 7793410, 25100
176833, 7768330, 7793423, 25093
176834, 7768340, 7793437, 25097
176835, 7768350, 7793450, 25100
176836, 7768360, 7793464, 25104
176837, 7768370, 7793477, 25107
176838, 7768380, 7793490, 25110
176839, 7768390, 7793504, 25114
176840, 7768400, 7793517, 25117
176841, 7768410, 7793531, 25121
176842, 7768420, 7793544, 25124
176844, 7768440, 7793558, 25118
176845, 7768450, 7793571, 25121
176846, 7768460, 7793585, 25125
176847, 7768470, 7793598, 25128
176848, 7768480, 7793611, 25131
176849, 7768490, 7793625, 25135
176851, 7768510, 7793652, 25142
176852, 7768520, 7793665, 25145
176853, 7768530, 7793679, 25149
176855, 7768550, 7793692, 25142
176856, 7768560, 7793706, 25146
176857, 7768570, 7793719, 25149
176858, 7768580, 7793732, 25152
176859, 7768590, 7793746, 25156
176860, 7768600, 7793759, 25159
176861, 7768610, 7793773, 25163
176862, 7768620, 7793786, 25166
176863, 7768630, 7793800, 25170
176865, 7768650, 7793813, 25163
176866, 7768660, 7793826, 25166
176867, 7768670, 7793840, 25170
176868, 7768680, 7793853, 25173
176869, 7768690, 7793867, 25177
176870, 7768700, 7793880, 25180
176871, 7768710, 7793894, 25184
176872, 7768720, 7793907, 25187
176873, 7768730, 7793921, 25191
176874, 7768740, 7793934, 25194
176876, 7768760, 7793947, 25187
176877, 7768770, 7793961, 25191
176878, 7768780, 7793974, 25194
176879, 7768790, 7793988, 25198
176880, 7768800, 7794001, 25201
176881, 7768810, 7794015, 25205
176882, 7768820, 7794028, 25208
176883, 7768830, 7794042, 25212
176884, 7768840, 7794055, 25215
176885, 7768850, 7794068, 25218
176887, 7768870, 7794082, 25212
176888, 7768880, 7794095, 25215
176889, 7768890, 7794109, 25219
176890, 7768900, 7794122, 25222
176891, 7768910, 7794136, 25226
176892, 7768920, 7794149, 25229
176893, 7768930, 7794162, 25232
176894, 7768940, 7794176, 25236
176895, 7768950, 7794189, 25239
176897, 7768970, 7794203, 25233
176898, 7768980, 7794216, 25236
176899, 7768990, 7794230, 25240
176901, 7769010, 7794257, 25247
176902, 7769020, 7794270, 25250
176903, 7769030, 7794283, 25253
176904, 7769040, 7794297, 25257
176905, 7769050, 7794310, 25260
176906, 7769060, 7794324, 25264
176908, 7769080, 7794337, 25257
176909, 7769090, 7794351, 25261
176910, 7769100, 7794364, 25264
176911, 7769110, 7794378, 25268
176912, 7769120, 7794391, 25271
176913, 7769130, 7794404, 25274
176914, 7769140, 7794418, 25278
176915, 7769150, 7794431, 25281
176916, 7769160, 7798012, 28852
176918, 7769180, 7798026, 28846
176919, 7769190, 7798039, 28849
176920, 7769200, 7798052, 28852
176921, 7769210, 7798066, 28856
176922, 7769220, 7798079, 28859
176923, 7769230, 7798093, 28863
176924, 7769240, 7798106, 28866
176925, 7769250, 7798120, 28870
176926, 7769260, 7798133, 28873
176927, 7769270, 7798146, 28876
176929, 7769290, 7798160, 28870
176930, 7769300, 7798173, 28873
176931, 7769310, 7798187, 28877
176932, 7769320, 7798200, 28880
176933, 7769330, 7798214, 28884
176934, 7769340, 7798227, 28887
176935, 7769350, 7798241, 28891
176936, 7769360, 7798254, 28894
176937, 7769370, 7798267, 28897
176938, 7769380, 7798281, 28901
176940, 7769400, 7798294, 28894
176941, 7769410, 7798308, 28898
176942, 7769420, 7798321, 28901
176943, 7769430, 7798335, 28905
176944, 7769440, 7798348, 28908
176945, 7769450, 7798362, 28912
176946, 7769460, 7798375, 28915
176947, 7769470, 7798388, 28918
176948, 7769480, 7798402, 28922
176951, 7769510, 7798429, 28919
176952, 7769520, 7798442, 28922
176953, 7769530, 7798456, 28926
176954, 7769540, 7798469, 28929
176955, 7769550, 7798482, 28932
176956, 7769560, 7798496, 28936
176957, 7769570, 7798509, 28939
176958, 7769580, 7798523, 28943
176959, 7769590, 7798536, 28946
176961, 7769610, 7798550, 28940
176962, 7769620, 7798563, 28943
176963, 7769630, 7798577, 28947
176964, 7769640, 7798590, 28950
176965, 7769650, 7798603, 28953
176966, 7769660, 7798617, 28957
176967, 7769670, 7798630, 28960
176968, 7769680, 7798644, 28964
176969, 7769690, 7798657, 28967
176971, 7769710, 7798671, 28961
176972, 7769720, 7798684, 28964
176973, 7769730, 7798698, 28968
176974, 7769740, 7798711, 28971
176975, 7769750, 7798724, 28974
176976, 7769760, 7798738, 28978
176977, 7769770, 7798751, 28981
176978, 7769780, 7798765, 28985
176979, 7769790, 7798778, 28988
176980, 7769800, 7798792, 28992
176982, 7769820, 7798805, 28985
176983, 7769830, 7798818, 28988
176984, 7769840, 7798832, 28992
176985, 7769850, 7798845, 28995
176986, 7769860, 7798859, 28999
176987, 7769870, 7798872, 29002
176988, 7769880, 7798886, 29006
176989, 7769890, 7798899, 29009
176990, 7769900, 7798913, 29013
176991, 7769910, 7798926, 29016
176993, 7769930, 7798939, 29009
176994, 7769940, 7798953, 29013
176995, 7769950, 7798966, 29016
176996, 7769960, 7798980, 29020
176997, 7769970, 7798993, 29023
176998, 7769980, 7799007, 29027
176999, 7769990, 7799020, 29030
177402, 7774020, 7799047, 25027
177403, 7774030, 7799060, 25030
177404, 7774040, 7799074, 25034
177405, 7774050, 7799087, 25037
177406, 7774060, 7799101, 25041
177407, 7774070, 7799114, 25044
177408, 7774080, 7799128, 25048
177409, 7774090, 7799141, 25051
177410, 7774100, 7799154, 25054
177412, 7774120, 7799168, 25048
177413, 7774130, 7799181, 25051
177414, 7774140, 7799195, 25055
177415, 7774150, 7799208, 25058
177416, 7774160, 7799222, 25062
177417, 7774170, 7799235, 25065
177418, 7774180, 7799249, 25069
177419, 7774190, 7799262, 25072
177420, 7774200, 7799275, 25075
177421, 7774210, 7799289, 25079
177423, 7774230, 7799302, 25072
177424, 7774240, 7799316, 25076
177425, 7774250, 7799329, 25079
177426, 7774260, 7799343, 25083
177427, 7774270, 7799356, 25086
177428, 7774280, 7799370, 25090
177429, 7774290, 7799383, 25093
177430, 7774300, 7799396, 25096
177431, 7774310, 7799410, 25100
177433, 7774330, 7799423, 25093
177434, 7774340, 7799437, 25097
177435, 7774350, 7799450, 25100
177436, 7774360, 7799464, 25104
177437, 7774370, 7799477, 25107
177438, 7774380, 7799490, 25110
177439, 7774390, 7799504, 25114
177440, 7774400, 7799517, 25117
177441, 7774410, 7799531, 25121
177442, 7774420, 7799544, 25124
177444, 7774440, 7799558, 25118
177445, 7774450, 7799571, 25121
177446, 7774460, 7799585, 25125
177447, 7774470, 7799598, 25128
177448, 7774480, 7799611, 25131
177449, 7774490, 7799625, 25135
177451, 7774510, 7799652, 25142
177452, 7774520, 7799665, 25145
177453, 7774530, 7799679, 25149
177455, 7774550, 7799692, 25142
177456, 7774560, 7799706, 25146
177457, 7774570, 7799719, 25149
177458, 7774580, 7799732, 25152
177459, 7774590, 7799746, 25156
177460, 7774600, 7799759, 25159
177461, 7774610, 7799773, 25163
177462, 7774620, 7799786, 25166
177463, 7774630, 7799800, 25170
177465, 7774650, 7799813, 25163
177466, 7774660, 7799826, 25166
177467, 7774670, 7799840, 25170
177468, 7774680, 7799853, 25173
177469, 7774690, 7799867, 25177
177470, 7774700, 7799880, 25180
177471, 7774710, 7799894, 25184
177472, 7774720, 7799907, 25187
177473, 7774730, 7799921, 25191
177474, 7774740, 7799934, 25194
177476, 7774760, 7799947, 25187
177477, 7774770, 7799961, 25191
177478, 7774780, 7799974, 25194
177479, 7774790, 7799988, 25198
177480, 7774800, 7800001, 25201
177481, 7774810, 7800015, 25205
177482, 7774820, 7800028, 25208
177483, 7774830, 7800042, 25212
177484, 7774840, 7800055, 25215
177485, 7774850, 7800068, 25218
177487, 7774870, 7800082, 25212
177488, 7774880, 7800095, 25215
177489, 7774890, 7800109, 25219
177490, 7774900, 7800122, 25222
177491, 7774910, 7800136, 25226
177492, 7774920, 7800149, 25229
177493, 7774930, 7800162, 25232
177494, 7774940, 7800176, 25236
177495, 7774950, 7800189, 25239
177497, 7774970, 7800203, 25233
177498, 7774980, 7800216, 25236
177499, 7774990, 7800230, 25240
177501, 7775010, 7800257, 25247
177502, 7775020, 7800270, 25250
177503, 7775030, 7800283, 25253
177504, 7775040, 7800297, 25257
177505, 7775050, 7800310, 25260
177506, 7775060, 7800324, 25264
177508, 7775080, 7800337, 25257
177509, 7775090, 7800351, 25261
177510, 7775100, 7800364, 25264
177511, 7775110, 7800378, 25268
177512, 7775120, 7800391, 25271
177513, 7775130, 7800404, 25274
177514, 7775140, 7800418, 25278
177515, 7775150, 7800431, 25281
177516, 7775160, 7804012, 28852
177517, 7775170, 7804026, 28856
177519, 7775190, 7804039, 28849
177520, 7775200, 7804052, 28852
177521, 7775210, 7804066, 28856
177522, 7775220, 7804079, 28859
177523, 7775230, 7804093, 28863
177524, 7775240, 7804106, 28866
177525, 7775250, 7804120, 28870
177526, 7775260, 7804133, 28873
177527, 7775270, 7804146, 28876
177529, 7775290, 7804160, 28870
177530, 7775300, 7804173, 28873
177531, 7775310, 7804187, 28877
177532, 7775320, 7804200, 28880
177533, 7775330, 7804214, 28884
177534, 7775340, 7804227, 28887
177535, 7775350, 7804241, 28891
177536, 7775360, 7804254, 28894
177537, 7775370, 7804267, 28897
177538, 7775380, 7804281, 28901
177540, 7775400, 7804294, 28894
177541, 7775410, 7804308, 28898
177542, 7775420, 7804321, 28901
177543, 7775430, 7804335, 28905
177544, 7775440, 7804348, 28908
177545, 7775450, 7804362, 28912
177546, 7775460, 7804375, 28915
177547, 7775470, 7804388, 28918
177548, 7775480, 7804402, 28922
177551, 7775510, 7804429, 28919
177552, 7775520, 7804442, 28922
177553, 7775530, 7804456, 28926
177554, 7775540, 7804469, 28929
177555, 7775550, 7804482, 28932
177556, 7775560, 7804496, 28936
177557, 7775570, 7804509, 28939
177558, 7775580, 7804523, 28943
177559, 7775590, 7804536, 28946
177561, 7775610, 7804550, 28940
177562, 7775620, 7804563, 28943
177563, 7775630, 7804577, 28947
177564, 7775640, 7804590, 28950
177565, 7775650, 7804603, 28953
177566, 7775660, 7804617, 28957
177567, 7775670, 7804630, 28960
177568, 7775680, 7804644, 28964
177569, 7775690, 7804657, 28967
177570, 7775700, 7804671, 28971
177572, 7775720, 7804684, 28964
177573, 7775730, 7804698, 28968
177574, 7775740, 7804711, 28971
177575, 7775750, 7804724, 28974
177576, 7775760, 7804738, 28978
177577, 7775770, 7804751, 28981
177578, 7775780, 7804765, 28985
177579, 7775790, 7804778, 28988
177580, 7775800, 7804792, 28992
177582, 7775820, 7804805, 28985
177583, 7775830, 7804818, 28988
177584, 7775840, 7804832, 28992
177585, 7775850, 7804845, 28995
177586, 7775860, 7804859, 28999
177587, 7775870, 7804872, 29002
177588, 7775880, 7804886, 29006
177589, 7775890, 7804899, 29009
177590, 7775900, 7804913, 29013
177591, 7775910, 7804926, 29016
177593, 7775930, 7804939, 29009
177594, 7775940, 7804953, 29013
177595, 7775950, 7804966, 29016
177596, 7775960, 7804980, 29020
177597, 7775970, 7804993, 29023
177598, 7775980, 7805007, 29027
177599, 7775990, 7805020, 29030
178002, 7780020, 7805047, 25027
178003, 7780030, 7805060, 25030
178004, 7780040, 7805074, 25034
178005, 7780050, 7805087, 25037
178006, 7780060, 7805101, 25041
178007, 7780070, 7805114, 25044
178008, 7780080, 7805127, 25047
178009, 7780090, 7805141, 25051
178010, 7780100, 7805154, 25054
178012, 7780120, 7805168, 25048
178013, 7780130, 7805181, 25051
178014, 7780140, 7805195, 25055
178015, 7780150, 7805208, 25058
178016, 7780160, 7805222, 25062
178017, 7780170, 7805235, 25065
178018, 7780180, 7805248, 25068
178019, 7780190, 7805262, 25072
178020, 7780200, 7805275, 25075
178021, 7780210, 7805289, 25079
178023, 7780230, 7805302, 25072
178024, 7780240, 7805316, 25076
178025, 7780250, 7805329, 25079
178026, 7780260, 7805342, 25082
178027, 7780270, 7805356, 25086
178028, 7780280, 7805369, 25089
178029, 7780290, 7805383, 25093
178030, 7780300, 7805396, 25096
178031, 7780310, 7805410, 25100
178033, 7780330, 7805423, 25093
178034, 7780340, 7805437, 25097
178035, 7780350, 7805450, 25100
178036, 7780360, 7805463, 25103
178037, 7780370, 7805477, 25107
178038, 7780380, 7805490, 25110
178039, 7780390, 7805504, 25114
178040, 7780400, 7805517, 25117
178041, 7780410, 7805531, 25121
178042, 7780420, 7805544, 25124
178044, 7780440, 7805558, 25118
178045, 7780450, 7805571, 25121
178046, 7780460, 7805584, 25124
178047, 7780470, 7805598, 25128
178048, 7780480, 7805611, 25131
178049, 7780490, 7805625, 25135
178051, 7780510, 7805652, 25142
178052, 7780520, 7805665, 25145
178053, 7780530, 7805678, 25148
178055, 7780550, 7805692, 25142
178056, 7780560, 7805705, 25145
178057, 7780570, 7805719, 25149
178058, 7780580, 7805732, 25152
178059, 7780590, 7805746, 25156
178060, 7780600, 7805759, 25159
178061, 7780610, 7805773, 25163
178062, 7780620, 7805786, 25166
178063, 7780630, 7805799, 25169
178065, 7780650, 7805813, 25163
178066, 7780660, 7805826, 25166
178067, 7780670, 7805840, 25170
178068, 7780680, 7805853, 25173
178069, 7780690, 7805867, 25177
178070, 7780700, 7805880, 25180
178071, 7780710, 7805894, 25184
178072, 7780720, 7805907, 25187
178073, 7780730, 7805920, 25190
178074, 7780740, 7805934, 25194
178076, 7780760, 7805947, 25187
178077, 7780770, 7805961, 25191
178078, 7780780, 7805974, 25194
178079, 7780790, 7805988, 25198
178080, 7780800, 7806001, 25201
178081, 7780810, 7806014, 25204
178082, 7780820, 7806028, 25208
178083, 7780830, 7806041, 25211
178084, 7780840, 7806055, 25215
178085, 7780850, 7806068, 25218
178087, 7780870, 7806082, 25212
178088, 7780880, 7806095, 25215
178089, 7780890, 7806109, 25219
178090, 7780900, 7806122, 25222
178091, 7780910, 7806135, 25225
178092, 7780920, 7806149, 25229
178093, 7780930, 7806162, 25232
178094, 7780940, 7806176, 25236
178095, 7780950, 7806189, 25239
178097, 7780970, 7806203, 25233
178098, 7780980, 7806216, 25236
178099, 7780990, 7806230, 25240
178101, 7781010, 7806256, 25246
178102, 7781020, 7806270, 25250
178103, 7781030, 7806283, 25253
178104, 7781040, 7806297, 25257
178105, 7781050, 7806310, 25260
178106, 7781060, 7806324, 25264
178108, 7781080, 7806337, 25257
178109, 7781090, 7806350, 25260
178110, 7781100, 7806364, 25264
178111, 7781110, 7806377, 25267
178112, 7781120, 7806391, 25271
178113, 7781130, 7806404, 25274
178114, 7781140, 7806418, 25278
178115, 7781150, 7806431, 25281
178116, 7781160, 7810012, 28852
178118, 7781180, 7810026, 28846
178119, 7781190, 7810039, 28849
178120, 7781200, 7810052, 28852
178121, 7781210, 7810066, 28856
178122, 7781220, 7810079, 28859
178123, 7781230, 7810093, 28863
178124, 7781240, 7810106, 28866
178125, 7781250, 7810120, 28870
178126, 7781260, 7810133, 28873
178127, 7781270, 7810146, 28876
178129, 7781290, 7810160, 28870
178130, 7781300, 7810173, 28873
178131, 7781310, 7810187, 28877
178132, 7781320, 7810200, 28880
178133, 7781330, 7810214, 28884
178134, 7781340, 7810227, 28887
178135, 7781350, 7810241, 28891
178136, 7781360, 7810254, 28894
178137, 7781370, 7810267, 28897
178138, 7781380, 7810281, 28901
178140, 7781400, 7810294, 28894
178141, 7781410, 7810308, 28898
178142, 7781420, 7810321, 28901
178143, 7781430, 7810335, 28905
178144, 7781440, 7810348, 28908
178145, 7781450, 7810362, 28912
178146, 7781460, 7810375, 28915
178147, 7781470, 7810388, 28918
178148, 7781480, 7810402, 28922
178151, 7781510, 7810429, 28919
178152, 7781520, 7810442, 28922
178153, 7781530, 7810456, 28926
178154, 7781540, 7810469, 28929
178155, 7781550, 7810482, 28932
178156, 7781560, 7810496, 28936
178157, 7781570, 7810509, 28939
178158, 7781580, 7810523, 28943
178159, 7781590, 7810536, 28946
178161, 7781610, 7810550, 28940
178162, 7781620, 7810563, 28943
178163, 7781630, 7810577, 28947
178164, 7781640, 7810590, 28950
178165, 7781650, 7810603, 28953
178166, 7781660, 7810617, 28957
178167, 7781670, 7810630, 28960
178168, 7781680, 7810644, 28964
178169, 7781690, 7810657, 28967
178171, 7781710, 7810671, 28961
178172, 7781720, 7810684, 28964
178173, 7781730, 7810698, 28968
178174, 7781740, 7810711, 28971
178175, 7781750, 7810724, 28974
178176, 7781760, 7810738, 28978
178177, 7781770, 7810751, 28981
178178, 7781780, 7810765, 28985
178179, 7781790, 7810778, 28988
178180, 7781800, 7810792, 28992
178182, 7781820, 7810805, 28985
178183, 7781830, 7810818, 28988
178184, 7781840, 7810832, 28992
178185, 7781850, 7810845, 28995
178186, 7781860, 7810859, 28999
178187, 7781870, 7810872, 29002
178188, 7781880, 7810886, 29006
178189, 7781890, 7810899, 29009
178190, 7781900, 7810913, 29013
178191, 7781910, 7810926, 29016
178193, 7781930, 7810939, 29009
178194, 7781940, 7810953, 29013
178195, 7781950, 7810966, 29016
178196, 7781960, 7810980, 29020
178197, 7781970, 7810993, 29023
178198, 7781980, 7811007, 29027
178199, 7781990, 7811020, 29030
178602, 7786020, 7811047, 25027
178603, 7786030, 7811060, 25030
178604, 7786040, 7811074, 25034
178605, 7786050, 7811087, 25037
178606, 7786060, 7811101, 25041
178607, 7786070, 7811114, 25044
178608, 7786080, 7811128, 25048
178609, 7786090, 7811141, 25051
178610, 7786100, 7811154, 25054
178612, 7786120, 7811168, 25048
178613, 7786130, 7811181, 25051
178614, 7786140, 7811195, 25055
178615, 7786150, 7811208, 25058
178616, 7786160, 7811222, 25062
178617, 7786170, 7811235, 25065
178618, 7786180, 7811249, 25069
178619, 7786190, 7811262, 25072
178620, 7786200, 7811275, 25075
178621, 7786210, 7811289, 25079
178623, 7786230, 7811302, 25072
178624, 7786240, 7811316, 25076
178625, 7786250, 7811329, 25079
178626, 7786260, 7811343, 25083
178627, 7786270, 7811356, 25086
178628, 7786280, 7811370, 25090
178629, 7786290, 7811383, 25093
178630, 7786300, 7811396, 25096
178631, 7786310, 7811410, 25100
178633, 7786330, 7811423, 25093
178634, 7786340, 7811437, 25097
178635, 7786350, 7811450, 25100
178636, 7786360, 7811464, 25104
178637, 7786370, 7811477, 25107
178638, 7786380, 7811490, 25110
178639, 7786390, 7811504, 25114
178640, 7786400, 7811517, 25117
178641, 7786410, 7811531, 25121
178642, 7786420, 7811544, 25124
178644, 7786440, 7811558, 25118
178645, 7786450, 7811571, 25121
178646, 7786460, 7811585, 25125
178647, 7786470, 7811598, 25128
178648, 7786480, 7811611, 25131
178649, 7786490, 7811625, 25135
178651, 7786510, 7811652, 25142
178652, 7786520, 7811665, 25145
178653, 7786530, 7811679, 25149
178655, 7786550, 7811692, 25142
178656, 7786560, 7811706, 25146
178657, 7786570, 7811719, 25149
178658, 7786580, 7811732, 25152
178659, 7786590, 7811746, 25156
178660, 7786600, 7811759, 25159
178661, 7786610, 7811773, 25163
178662, 7786620, 7811786, 25166
178663, 7786630, 7811800, 25170
178665, 7786650, 7811813, 25163
178666, 7786660, 7811826, 25166
178667, 7786670, 7811840, 25170
178668, 7786680, 7811853, 25173
178669, 7786690, 7811867, 25177
178670, 7786700, 7811880, 25180
178671, 7786710, 7811894, 25184
178672, 7786720, 7811907, 25187
178673, 7786730, 7811921, 25191
178674, 7786740, 7811934, 25194
178676, 7786760, 7811947, 25187
178677, 7786770, 7811961, 25191
178678, 7786780, 7811974, 25194
178679, 7786790, 7811988, 25198
178680, 7786800, 7812001, 25201
178681, 7786810, 7812015, 25205
178682, 7786820, 7812028, 25208
178683, 7786830, 7812042, 25212
178684, 7786840, 7812055, 25215
178685, 7786850, 7812068, 25218
178687, 7786870, 7812082, 25212
178688, 7786880, 7812095, 25215
178689, 7786890, 7812109, 25219
178690, 7786900, 7812122, 25222
178691, 7786910, 7812136, 25226
178692, 7786920, 7812149, 25229
178693, 7786930, 7812162, 25232
178694, 7786940, 7812176, 25236
178695, 7786950, 7812189, 25239
178697, 7786970, 7812203, 25233
178698, 7786980, 7812216, 25236
178699, 7786990, 7812230, 25240
178701, 7787010, 7812257, 25247
178702, 7787020, 7812270, 25250
178703, 7787030, 7812283, 25253
178704, 7787040, 7812297, 25257
178705, 7787050, 7812310, 25260
178706, 7787060, 7812324, 25264
178708, 7787080, 7812337, 25257
178709, 7787090, 7812351, 25261
178710, 7787100, 7812364, 25264
178711, 7787110, 7812378, 25268
178712, 7787120, 7812391, 25271
178713, 7787130, 7812404, 25274
178714, 7787140, 7812418, 25278
178715, 7787150, 7812431, 25281
178716, 7787160, 7816012, 28852
178718, 7787180, 7816026, 28846
178719, 7787190, 7816039, 28849
178720, 7787200, 7816052, 28852
178721, 7787210, 7816066, 28856
178722, 7787220, 7816079, 28859
178723, 7787230, 7816093, 28863
178724, 7787240, 7816106, 28866
178725, 7787250, 7816120, 28870
178726, 7787260, 7816133, 28873
178727, 7787270, 7816146, 28876
178729, 7787290, 7816160, 28870
178730, 7787300, 7816173, 28873
178731, 7787310, 7816187, 28877
178732, 7787320, 7816200, 28880
178733, 7787330, 7816214, 28884
178734, 7787340, 7816227, 28887
178735, 7787350, 7816241, 28891
178736, 7787360, 7816254, 28894
178737, 7787370, 7816267, 28897
178738, 7787380, 7816281, 28901
178740, 7787400, 7816294, 28894
178741, 7787410, 7816308, 28898
178742, 7787420, 7816321, 28901
178743, 7787430, 7816335, 28905
178744, 7787440, 7816348, 28908
178745, 7787450, 7816362, 28912
178746, 7787460, 7816375, 28915
178747, 7787470, 7816388, 28918
178748, 7787480, 7816402, 28922
178751, 7787510, 7816429, 28919
178752, 7787520, 7816442, 28922
178753, 7787530, 7816456, 28926
178754, 7787540, 7816469, 28929
178755, 7787550, 7816482, 28932
178756, 7787560, 7816496, 28936
178757, 7787570, 7816509, 28939
178758, 7787580, 7816523, 28943
178759, 7787590, 7816536, 28946
178761, 7787610, 7816550, 28940
178762, 7787620, 7816563, 28943
178763, 7787630, 7816577, 28947
178764, 7787640, 7816590, 28950
178765, 7787650, 7816603, 28953
178766, 7787660, 7816617, 28957
178767, 7787670, 7816630, 28960
178768, 7787680, 7816644, 28964
178769, 7787690, 7816657, 28967
178771, 7787710, 7816671, 28961
178772, 7787720, 7816684, 28964
178773, 7787730, 7816698, 28968
178774, 7787740, 7816711, 28971
178775, 7787750, 7816724, 28974
178776, 7787760, 7816738, 28978
178777, 7787770, 7816751, 28981
178778, 7787780, 7816765, 28985
178779, 7787790, 7816778, 28988
178780, 7787800, 7816792, 28992
178782, 7787820, 7816805, 28985
178783, 7787830, 7816818, 28988
178784, 7787840, 7816832, 28992
178785, 7787850, 7816845, 28995
178786, 7787860, 7816859, 28999
178787, 7787870, 7816872, 29002
178788, 7787880, 7816886, 29006
178789, 7787890, 7816899, 29009
178790, 7787900, 7816913, 29013
178791, 7787910, 7816926, 29016
178793, 7787930, 7816939, 29009
178794, 7787940, 7816953, 29013
178795, 7787950, 7816966, 29016
178796, 7787960, 7816980, 29020
178797, 7787970, 7816993, 29023
178798, 7787980, 7817007, 29027
178799, 7787990, 7817020, 29030
179202, 7792020, 7817047, 25027
179203, 7792030, 7817060, 25030
179204, 7792040, 7817074, 25034
179205, 7792050, 7817087, 25037
179206, 7792060, 7817101, 25041
179207, 7792070, 7817114, 25044
179208, 7792080, 7817128, 25048
179209, 7792090, 7817141, 25051
179210, 7792100, 7817154, 25054
179212, 7792120, 7817168, 25048
179213, 7792130, 7817181, 25051
179214, 7792140, 7817195, 25055
179215, 7792150, 7817208, 25058
179216, 7792160, 7817222, 25062
179217, 7792170, 7817235, 25065
179218, 7792180, 7817249, 25069
179219, 7792190, 7817262, 25072
179220, 7792200, 7817275, 25075
179221, 7792210, 7817289, 25079
179223, 7792230, 7817302, 25072
179224, 7792240, 7817316, 25076
179225, 7792250, 7817329, 25079
179226, 7792260, 7817343, 25083
179227, 7792270, 7817356, 25086
179228, 7792280, 7817370, 25090
179229, 7792290, 7817383, 25093
179230, 7792300, 7817396, 25096
179231, 7792310, 7817410, 25100
179233, 7792330, 7817423, 25093
179234, 7792340, 7817437, 25097
179235, 7792350, 7817450, 25100
179236, 7792360, 7817464, 25104
179237, 7792370, 7817477, 25107
179238, 7792380, 7817490, 25110
179239, 7792390, 7817504, 25114
179240, 7792400, 7817517, 25117
179241, 7792410, 7817531, 25121
179242, 7792420, 7817544, 25124
179244, 7792440, 7817558, 25118
179245, 7792450, 7817571, 25121
179246, 7792460, 7817585, 25125
179247, 7792470, 7817598, 25128
179248, 7792480, 7817611, 25131
179249, 7792490, 7817625, 25135
179251, 7792510, 7817652, 25142
179252, 7792520, 7817665, 25145
179253, 7792530, 7817679, 25149
179255, 7792550, 7817692, 25142
179256, 7792560, 7817706, 25146
179257, 7792570, 7817719, 25149
179258, 7792580, 7817732, 25152
179259, 7792590, 7817746, 25156
179260, 7792600, 7817759, 25159
179261, 7792610, 7817773, 25163
179262, 7792620, 7817786, 25166
179263, 7792630, 7817800, 25170
179265, 7792650, 7817813, 25163
179266, 7792660, 7817826, 25166
179267, 7792670, 7817840, 25170
179268, 7792680, 7817853, 25173
179269, 7792690, 7817867, 25177
179270, 7792700, 7817880, 25180
179271, 7792710, 7817894, 25184
179272, 7792720, 7817907, 25187
179273, 7792730, 7817921, 25191
179274, 7792740, 7817934, 25194
179276, 7792760, 7817947, 25187
179277, 7792770, 7817961, 25191
179278, 7792780, 7817974, 25194
179279, 7792790, 7817988, 25198
179280, 7792800, 7818001, 25201
179281, 7792810, 7818015, 25205
179282, 7792820, 7818028, 25208
179283, 7792830, 7818042, 25212
179284, 7792840, 7818055, 25215
179285, 7792850, 7818068, 25218
179287, 7792870, 7818082, 25212
179288, 7792880, 7818095, 25215
179289, 7792890, 7818109, 25219
179290, 7792900, 7818122, 25222
179291, 7792910, 7818136, 25226
179292, 7792920, 7818149, 25229
179293, 7792930, 7818162, 25232
179294, 7792940, 7818176, 25236
179295, 7792950, 7818189, 25239
179297, 7792970, 7818203, 25233
179298, 7792980, 7818216, 25236
179299, 7792990, 7818230, 25240
179301, 7793010, 7818257, 25247
179302, 7793020, 7818270, 25250
179303, 7793030, 7818283, 25253
179304, 7793040, 7818297, 25257
179305, 7793050, 7818310, 25260
179306, 7793060, 7818324, 25264
179308, 7793080, 7818337, 25257
179309, 7793090, 7818351, 25261
179310, 7793100, 7818364, 25264
179311, 7793110, 7818378, 25268
179312, 7793120, 7818391, 25271
179313, 7793130, 7818404, 25274
179314, 7793140, 7818418, 25278
179315, 7793150, 7818431, 25281
179316, 7793160, 7822012, 28852
179318, 7793180, 7822026, 28846
179319, 7793190, 7822039, 28849
179320, 7793200, 7822052, 28852
179321, 7793210, 7822066, 28856
179322, 7793220, 7822079, 28859
179323, 7793230, 7822093, 28863
179324, 7793240, 7822106, 28866
179325, 7793250, 7822120, 28870
179326, 7793260, 7822133, 28873
179327, 7793270, 7822146, 28876
179329, 7793290, 7822160, 28870
179330, 7793300, 7822173, 28873
179331, 7793310, 7822187, 28877
179332, 7793320, 7822200, 28880
179333, 7793330, 7822214, 28884
179334, 7793340, 7822227, 28887
179335, 7793350, 7822241, 28891
179336, 7793360, 7822254, 28894
179337, 7793370, 7822267, 28897
179338, 7793380, 7822281, 28901
179340, 7793400, 7822294, 28894
179341, 7793410, 7822308, 28898
179342, 7793420, 7822321, 28901
179343, 7793430, 7822335, 28905
179344, 7793440, 7822348, 28908
179345, 7793450, 7822362, 28912
179346, 7793460, 7822375, 28915
179347, 7793470, 7822388, 28918
179348, 7793480, 7822402, 28922
179351, 7793510, 7822429, 28919
179352, 7793520, 7822442, 28922
179353, 7793530, 7822456, 28926
179354, 7793540, 7822469, 28929
179355, 7793550, 7822482, 28932
179356, 7793560, 7822496, 28936
179357, 7793570, 7822509, 28939
179358, 7793580, 7822523, 28943
179359, 7793590, 7822536, 28946
179361, 7793610, 7822550, 28940
179362, 7793620, 7822563, 28943
179363, 7793630, 7822577, 28947
179364, 7793640, 7822590, 28950
179365, 7793650, 7822603, 28953
179366, 7793660, 7822617, 28957
179367, 7793670, 7822630, 28960
179368, 7793680, 7822644, 28964
179369, 7793690, 7822657, 28967
179371, 7793710, 7822671, 28961
179372, 7793720, 7822684, 28964
179373, 7793730, 7822698, 28968
179374, 7793740, 7822711, 28971
179375, 7793750, 7822724, 28974
179376, 7793760, 7822738, 28978
179377, 7793770, 7822751, 28981
179378, 7793780, 7822765, 28985
179379, 7793790, 7822778, 28988
179380, 7793800, 7822792, 28992
179382, 7793820, 7822805, 28985
179383, 7793830, 7822818, 28988
179384, 7793840, 7822832, 28992
179385, 7793850, 7822845, 28995
179386, 7793860, 7822859, 28999
179387, 7793870, 7822872, 29002
179388, 7793880, 7822886, 29006
179389, 7793890, 7822899, 29009
179390, 7793900, 7822913, 29013
179391, 7793910, 7822926, 29016
179393, 7793930, 7822939, 29009
179394, 7793940, 7822953, 29013
179395, 7793950, 7822966, 29016
179396, 7793960, 7822980, 29020
179397, 7793970, 7822993, 29023
179398, 7793980, 7823007, 29027
179399, 7793990, 7823020, 29030
179802, 7798020, 7823047, 25027
179803, 7798030, 7823060, 25030
179804, 7798040, 7823074, 25034
179805, 7798050, 7823087, 25037
179806, 7798060, 7823101, 25041
179807, 7798070, 7823114, 25044
179808, 7798080, 7823128, 25048
179809, 7798090, 7823141, 25051
179810, 7798100, 7823154, 25054
179812, 7798120, 7823168, 25048
179813, 7798130, 7823181, 25051
179814, 7798140, 7823195, 25055
179815, 7798150, 7823208, 25058
179816, 7798160, 7823222, 25062
179817, 7798170, 7823235, 25065
179818, 7798180, 7823249, 25069
179819, 7798190, 7823262, 25072
179820, 7798200, 7823275, 25075
179821, 7798210, 7823289, 25079
179823, 7798230, 7823302, 25072
179824, 7798240, 7823316, 25076
179825, 7798250, 7823329, 25079
179826, 7798260, 7823343, 25083
179827, 7798270, 7823356, 25086
179828, 7798280, 7823370, 25090
179829, 7798290, 7823383, 25093
179830, 7798300, 7823396, 25096
179831, 7798310, 7823410, 25100
179833, 7798330, 7823423, 25093
179834, 7798340, 7823437, 25097
179835, 7798350, 7823450, 25100
179836, 7798360, 7823464, 25104
179837, 7798370, 7823477, 25107
179838, 7798380, 7823490, 25110
179839, 7798390, 7823504, 25114
179840, 7798400, 7823517, 25117
179841, 7798410, 7823531, 25121
179842, 7798420, 7823544, 25124
179844, 7798440, 7823558, 25118
179845, 7798450, 7823571, 25121
179846, 7798460, 7823585, 25125
179847, 7798470, 7823598, 25128
179848, 7798480, 7823611, 25131
179849, 7798490, 7823625, 25135
179851, 7798510, 7823652, 25142
179852, 7798520, 7823665, 25145
179853, 7798530, 7823679, 25149
179855, 7798550, 7823692, 25142
179856, 7798560, 7823706, 25146
179857, 7798570, 7823719, 25149
179858, 7798580, 7823732, 25152
179859, 7798590, 7823746, 25156
179860, 7798600, 7823759, 25159
179861, 7798610, 7823773, 25163
179862, 7798620, 7823786, 25166
179863, 7798630, 7823800, 25170
179865, 7798650, 7823813, 25163
179866, 7798660, 7823826, 25166
179867, 7798670, 7823840, 25170
179868, 7798680, 7823853, 25173
179869, 7798690, 7823867, 25177
179870, 7798700, 7823880, 25180
179871, 7798710, 7823894, 25184
179872, 7798720, 7823907, 25187
179873, 7798730, 7823921, 25191
179874, 7798740, 7823934, 25194
179876, 7798760, 7823947, 25187
179877, 7798770, 7823961, 25191
179878, 7798780, 7823974, 25194
179879, 7798790, 7823988, 25198
179880, 7798800, 7824001, 25201
179881, 7798810, 7824015, 25205
179882, 7798820, 7824028, 25208
179883, 7798830, 7824042, 25212
179884, 7798840, 7824055, 25215
179885, 7798850, 7824068, 25218
179887, 7798870, 7824082, 25212
179888, 7798880, 7824095, 25215
179889, 7798890, 7824109, 25219
179890, 7798900, 7824122, 25222
179891, 7798910, 7824136, 25226
179892, 7798920, 7824149, 25229
179893, 7798930, 7824162, 25232
179894, 7798940, 7824176, 25236
179895, 7798950, 7824189, 25239
179897, 7798970, 7824203, 25233
179898, 7798980, 7824216, 25236
179899, 7798990, 7824230, 25240
179901, 7799010, 7824257, 25247
179902, 7799020, 7824270, 25250
179903, 7799030, 7824283, 25253
179904, 7799040, 7824297, 25257
179905, 7799050, 7824310, 25260
179906, 7799060, 7824324, 25264
179908, 7799080, 7824337, 25257
179909, 7799090, 7824351, 25261
179910, 7799100, 7824364, 25264
179911, 7799110, 7824378, 25268
179912, 7799120, 7824391, 25271
179913, 7799130, 7824404, 25274
179914, 7799140, 7824418, 25278
179915, 7799150, 7824431, 25281
179916, 7799160, 7828012, 28852
179918, 7799180, 7828026, 28846
179919, 7799190, 7828039, 28849
179920, 7799200, 7828052, 28852
179921, 7799210, 7828066, 28856
179922, 7799220, 7828079, 28859
179923, 7799230, 7828093, 28863
179924, 7799240, 7828106, 28866
179925, 7799250, 7828120, 28870
179926, 7799260, 7828133, 28873
179927, 7799270, 7828146, 28876
179929, 7799290, 7828160, 28870
179930, 7799300, 7828173, 28873
179931, 7799310, 7828187, 28877
179932, 7799320, 7828200, 28880
179933, 7799330, 7828214, 28884
179934, 7799340, 7828227, 28887
179935, 7799350, 7828241, 28891
179936, 7799360, 7828254, 28894
179937, 7799370, 7828267, 28897
179938, 7799380, 7828281, 28901
179940, 7799400, 7828294, 28894
179941, 7799410, 7828308, 28898
179942, 7799420, 7828321, 28901
179943, 7799430, 7828335, 28905
179944, 7799440, 7828348, 28908
179945, 7799450, 7828362, 28912
179946, 7799460, 7828375, 28915
179947, 7799470, 7828388, 28918
179948, 7799480, 7828402, 28922
179951, 7799510, 7828429, 28919
179952, 7799520, 7828442, 28922
179953, 7799530, 7828456, 28926
179954, 7799540, 7828469, 28929
179955, 7799550, 7828482, 28932
179956, 7799560, 7828496, 28936
179957, 7799570, 7828509, 28939
179958, 7799580, 7828523, 28943
179959, 7799590, 7828536, 28946
179961, 7799610, 7828550, 28940
179962, 7799620, 7828563, 28943
179963, 7799630, 7828577, 28947
179964, 7799640, 7828590, 28950
179965, 7799650, 7828603, 28953
179966, 7799660, 7828617, 28957
179967, 7799670, 7828630, 28960
179968, 7799680, 7828644, 28964
179969, 7799690, 7828657, 28967
179971, 7799710, 7828671, 28961
179972, 7799720, 7828684, 28964
179973, 7799730, 7828698, 28968
179974, 7799740, 7828711, 28971
179975, 7799750, 7828724, 28974
179976, 7799760, 7828738, 28978
179977, 7799770, 7828751, 28981
179978, 7799780, 7828765, 28985
179979, 7799790, 7828778, 28988
179980, 7799800, 7828792, 28992
179982, 7799820, 7828805, 28985
179983, 7799830, 7828818, 28988
179984, 7799840, 7828832, 28992
179985, 7799850, 7828845, 28995
179986, 7799860, 7828859, 28999
179987, 7799870, 7828872, 29002
179988, 7799880, 7828886, 29006
179989, 7799890, 7828899, 29009
179990, 7799900, 7828913, 29013
179991, 7799910, 7828926, 29016
179993, 7799930, 7828939, 29009
179994, 7799940, 7828953, 29013
179995, 7799950, 7828966, 29016
179996, 7799960, 7828980, 29020
179997, 7799970, 7828993, 29023
179998, 7799980, 7829007, 29027
179999, 7799990, 7829020, 29030
180402, 7804020, 7829047, 25027
180403, 7804030, 7829060, 25030
180404, 7804040, 7829074, 25034
180405, 7804050, 7829087, 25037
180406, 7804060, 7829101, 25041
180407, 7804070, 7829114, 25044
180408, 7804080, 7829128, 25048
180409, 7804090, 7829141, 25051
180410, 7804100, 7829154, 25054
180412, 7804120, 7829168, 25048
180413, 7804130, 7829181, 25051
180414, 7804140, 7829195, 25055
180415, 7804150, 7829208, 25058
180416, 7804160, 7829222, 25062
180417, 7804170, 7829235, 25065
180418, 7804180, 7829249, 25069
180419, 7804190, 7829262, 25072
180420, 7804200, 7829275, 25075
180421, 7804210, 7829289, 25079
180423, 7804230, 7829302, 25072
180424, 7804240, 7829316, 25076
180425, 7804250, 7829329, 25079
180426, 7804260, 7829343, 25083
180427, 7804270, 7829356, 25086
180428, 7804280, 7829370, 25090
180429, 7804290, 7829383, 25093
180430, 7804300, 7829396, 25096
180431, 7804310, 7829410, 25100
180433, 7804330, 7829423, 25093
180434, 7804340, 7829437, 25097
180435, 7804350, 7829450, 25100
180436, 7804360, 7829464, 25104
180437, 7804370, 7829477, 25107
180438, 7804380, 7829490, 25110
180439, 7804390, 7829504, 25114
180440, 7804400, 7829517, 25117
180441, 7804410, 7829531, 25121
180442, 7804420, 7829544, 25124
180444, 7804440, 7829558, 25118
180445, 7804450, 7829571, 25121
180446, 7804460, 7829585, 25125
180447, 7804470, 7829598, 25128
180448, 7804480, 7829611, 25131
180449, 7804490, 7829625, 25135
180451, 7804510, 7829652, 25142
180452, 7804520, 7829665, 25145
180453, 7804530, 7829679, 25149
180455, 7804550, 7829692, 25142
180456, 7804560, 7829706, 25146
180457, 7804570, 7829719, 25149
180458, 7804580, 7829732, 25152
180459, 7804590, 7829746, 25156
180460, 7804600, 7829759, 25159
180461, 7804610, 7829773, 25163
180462, 7804620, 7829786, 25166
180463, 7804630, 7829800, 25170
180465, 7804650, 7829813, 25163
180466, 7804660, 7829826, 25166
180467, 7804670, 7829840, 25170
180468, 7804680, 7829853, 25173
180469, 7804690, 7829867, 25177
180470, 7804700, 7829880, 25180
180471, 7804710, 7829894, 25184
180472, 7804720, 7829907, 25187
180473, 7804730, 7829921, 25191
180474, 7804740, 7829934, 25194
180476, 7804760, 7829947, 25187
180477, 7804770, 7829961, 25191
180478, 7804780, 7829974, 25194
180479, 7804790, 7829988, 25198
180480, 7804800, 7830001, 25201
180481, 7804810, 7830015, 25205
180482, 7804820, 7830028, 25208
180483, 7804830, 7830042, 25212
180484, 7804840, 7830055, 25215
180485, 7804850, 7830068, 25218
180487, 7804870, 7830082, 25212
180488, 7804880, 7830095, 25215
180489, 7804890, 7830109, 25219
180490, 7804900, 7830122, 25222
180491, 7804910, 7830136, 25226
180492, 7804920, 7830149, 25229
180493, 7804930, 7830162, 25232
180494, 7804940, 7830176, 25236
180495, 7804950, 7830189, 25239
180497, 7804970, 7830203, 25233
180498, 7804980, 7830216, 25236
180499, 7804990, 7830230, 25240
180501, 7805010, 7830257, 25247
180502, 7805020, 7830270, 25250
180503, 7805030, 7830283, 25253
180504, 7805040, 7830297, 25257
180505, 7805050, 7830310, 25260
180506, 7805060, 7830324, 25264
180508, 7805080, 7830337, 25257
180509, 7805090, 7830351, 25261
180510, 7805100, 7830364, 25264
180511, 7805110, 7830378, 25268
180512, 7805120, 7830391, 25271
180513, 7805130, 7830404, 25274
180514, 7805140, 7830418, 25278
180515, 7805150, 7830431, 25281
180516, 7805160, 7834012, 28852
180517, 7805170, 7834026, 28856
180519, 7805190, 7834039, 28849
180520, 7805200, 7834052, 28852
180521, 7805210, 7834066, 28856
180522, 7805220, 7834079, 28859
180523, 7805230, 7834093, 28863
180524, 7805240, 7834106, 28866
180525, 7805250, 7834120, 28870
180526, 7805260, 7834133, 28873
180527, 7805270, 7834146, 28876
180529, 7805290, 7834160, 28870
180530, 7805300, 7834173, 28873
180531, 7805310, 7834187, 28877
180532, 7805320, 7834200, 28880
180533, 7805330, 7834214, 28884
180534, 7805340, 7834227, 28887
180535, 7805350, 7834241, 28891
180536, 7805360, 7834254, 28894
180537, 7805370, 7834267, 28897
180538, 7805380, 7834281, 28901
180540, 7805400, 7834294, 28894
180541, 7805410, 7834308, 28898
180542, 7805420, 7834321, 28901
180543, 7805430, 7834335, 28905
180544, 7805440, 7834348, 28908
180545, 7805450, 7834362, 28912
180546, 7805460, 7834375, 28915
180547, 7805470, 7834388, 28918
180548, 7805480, 7834402, 28922
180551, 7805510, 7834429, 28919
180552, 7805520, 7834442, 28922
180553, 7805530, 7834456, 28926
180554, 7805540, 7834469, 28929
180555, 7805550, 7834482, 28932
180556, 7805560, 7834496, 28936
180557, 7805570, 7834509, 28939
180558, 7805580, 7834523, 28943
180559, 7805590, 7834536, 28946
180561, 7805610, 7834550, 28940
180562, 7805620, 7834563, 28943
180563, 7805630, 7834577, 28947
180564, 7805640, 7834590, 28950
180565, 7805650, 7834603, 28953
180566, 7805660, 7834617, 28957
180567, 7805670, 7834630, 28960
180568, 7805680, 7834644, 28964
180569, 7805690, 7834657, 28967
180570, 7805700, 7834671, 28971
180572, 7805720, 7834684, 28964
180573, 7805730, 7834698, 28968
180574, 7805740, 7834711, 28971
180575, 7805750, 7834724, 28974
180576, 7805760, 7834738, 28978
180577, 7805770, 7834751, 28981
180578, 7805780, 7834765, 28985
180579, 7805790, 7834778, 28988
180580, 7805800, 7834792, 28992
180582, 7805820, 7834805, 28985
180583, 7805830, 7834818, 28988
180584, 7805840, 7834832, 28992
180585, 7805850, 7834845, 28995
180586, 7805860, 7834859, 28999
180587, 7805870, 7834872, 29002
180588, 7805880, 7834886, 29006
180589, 7805890, 7834899, 29009
180590, 7805900, 7834913, 29013
180591, 7805910, 7834926, 29016
180593, 7805930, 7834939, 29009
180594, 7805940, 7834953, 29013
180595, 7805950, 7834966, 29016
180596, 7805960, 7834980, 29020
180597, 7805970, 7834993, 29023
180598, 7805980, 7835007, 29027
180599, 7805990, 7835020, 29030
181002, 7810020, 7835047, 25027
181003, 7810030, 7835060, 25030
181004, 7810040, 7835074, 25034
181005, 7810050, 7835087, 25037
181006, 7810060, 7835101, 25041
181007, 7810070, 7835114, 25044
181008, 7810080, 7835127, 25047
181009, 7810090, 7835141, 25051
181010, 7810100, 7835154, 25054
181012, 7810120, 7835168, 25048
181013, 7810130, 7835181, 25051
181014, 7810140, 7835195, 25055
181015, 7810150, 7835208, 25058
181016, 7810160, 7835222, 25062
181017, 7810170, 7835235, 25065
181018, 7810180, 7835248, 25068
181019, 7810190, 7835262, 25072
181020, 7810200, 7835275, 25075
181021, 7810210, 7835289, 25079
181023, 7810230, 7835302, 25072
181024, 7810240, 7835316, 25076
181025, 7810250, 7835329, 25079
181026, 7810260, 7835342, 25082
181027, 7810270, 7835356, 25086
181028, 7810280, 7835369, 25089
181029, 7810290, 7835383, 25093
181030, 7810300, 7835396, 25096
181031, 7810310, 7835410, 25100
181033, 7810330, 7835423, 25093
181034, 7810340, 7835437, 25097
181035, 7810350, 7835450, 25100
181036, 7810360, 7835463, 25103
181037, 7810370, 7835477, 25107
181038, 7810380, 7835490, 25110
181039, 7810390, 7835504, 25114
181040, 7810400, 7835517, 25117
181041, 7810410, 7835531, 25121
181042, 7810420, 7835544, 25124
181044, 7810440, 7835558, 25118
181045, 7810450, 7835571, 25121
181046, 7810460, 7835584, 25124
181047, 7810470, 7835598, 25128
181048, 7810480, 7835611, 25131
181049, 7810490, 7835625, 25135
181051, 7810510, 7835652, 25142
181052, 7810520, 7835665, 25145
181053, 7810530, 7835678, 25148
181055, 7810550, 7835692, 25142
181056, 7810560, 7835705, 25145
181057, 7810570, 7835719, 25149
181058, 7810580, 7835732, 25152
181059, 7810590, 7835746, 25156
181060, 7810600, 7835759, 25159
181061, 7810610, 7835773, 25163
181062, 7810620, 7835786, 25166
181063, 7810630, 7835799, 25169
181065, 7810650, 7835813, 25163
181066, 7810660, 7835826, 25166
181067, 7810670, 7835840, 25170
181068, 7810680, 7835853, 25173
181069, 7810690, 7835867, 25177
181070, 7810700, 7835880, 25180
181071, 7810710, 7835894, 25184
181072, 7810720, 7835907, 25187
181073, 7810730, 7835920, 25190
181074, 7810740, 7835934, 25194
181076, 7810760, 7835947, 25187
181077, 7810770, 7835961, 25191
181078, 7810780, 7835974, 25194
181079, 7810790, 7835988, 25198
181080, 7810800, 7836001, 25201
181081, 7810810, 7836014, 25204
181082, 7810820, 7836028, 25208
181083, 7810830, 7836041, 25211
181084, 7810840, 7836055, 25215
181085, 7810850, 7836068, 25218
181087, 7810870, 7836082, 25212
181088, 7810880, 7836095, 25215
181089, 7810890, 7836109, 25219
181090, 7810900, 7836122, 25222
181091, 7810910, 7836135, 25225
181092, 7810920, 7836149, 25229
181093, 7810930, 7836162, 25232
181094, 7810940, 7836176, 25236
181095, 7810950, 7836189, 25239
181097, 7810970, 7836203, 25233
181098, 7810980, 7836216, 25236
181099, 7810990, 7836230, 25240
181101, 7811010, 7836256, 25246
181102, 7811020, 7836270, 25250
181103, 7811030, 7836283, 25253
181104, 7811040, 7836297, 25257
181105, 7811050, 7836310, 25260
181106, 7811060, 7836324, 25264
181108, 7811080, 7836337, 25257
181109, 7811090, 7836350, 25260
181110, 7811100, 7836364, 25264
181111, 7811110, 7836377, 25267
181112, 7811120, 7836391, 25271
181113, 7811130, 7836404, 25274
181114, 7811140, 7836418, 25278
181115, 7811150, 7836431, 25281
181116, 7811160, 7840012, 28852
181118, 7811180, 7840026, 28846
181119, 7811190, 7840039, 28849
181120, 7811200, 7840052, 28852
181121, 7811210, 7840066, 28856
181122, 7811220, 7840079, 28859
181123, 7811230, 7840093, 28863
181124, 7811240, 7840106, 28866
181125, 7811250, 7840120, 28870
181126, 7811260, 7840133, 28873
181127, 7811270, 7840146, 28876
181129, 7811290, 7840160, 28870
181130, 7811300, 7840173, 28873
181131, 7811310, 7840187, 28877
181132, 7811320, 7840200, 28880
181133, 7811330, 7840214, 28884
181134, 7811340, 7840227, 28887
181135, 7811350, 7840241, 28891
181136, 7811360, 7840254, 28894
181137, 7811370, 7840267, 28897
181138, 7811380, 7840281, 28901
181140, 7811400, 7840294, 28894
181141, 7811410, 7840308, 28898
181142, 7811420, 7840321, 28901
181143, 7811430, 7840335, 28905
181144, 7811440, 7840348, 28908
181145, 7811450, 7840362, 28912
181146, 7811460, 7840375, 28915
181147, 7811470, 7840388, 28918
181148, 7811480, 7840402, 28922
181151, 7811510, 7840429, 28919
181152, 7811520, 7840442, 28922
181153, 7811530, 7840456, 28926
181154, 7811540, 7840469, 28929
181155, 7811550, 7840482, 28932
181156, 7811560, 7840496, 28936
181157, 7811570, 7840509, 28939
181158, 7811580, 7840523, 28943
181159, 7811590, 7840536, 28946
181161, 7811610, 7840550, 28940
181162, 7811620, 7840563, 28943
181163, 7811630, 7840577, 28947
181164, 7811640, 7840590, 28950
181165, 7811650, 7840603, 28953
181166, 7811660, 7840617, 28957
181167, 7811670, 7840630, 28960
181168, 7811680, 7840644, 28964
181169, 7811690, 7840657, 28967
181171, 7811710, 7840671, 28961
181172, 7811720, 7840684, 28964
181173, 7811730, 7840698, 28968
181174, 7811740, 7840711, 28971
181175, 7811750, 7840724, 28974
181176, 7811760, 7840738, 28978
181177, 7811770, 7840751, 28981
181178, 7811780, 7840765, 28985
181179, 7811790, 7840778, 28988
181180, 7811800, 7840792, 28992
181182, 7811820, 7840805, 28985
181183, 7811830, 7840818, 28988
181184, 7811840, 7840832, 28992
181185, 7811850, 7840845, 28995
181186, 7811860, 7840859, 28999
181187, 7811870, 7840872, 29002
181188, 7811880, 7840886, 29006
181189, 7811890, 7840899, 29009
181190, 7811900, 7840913, 29013
181191, 7811910, 7840926, 29016
181193, 7811930, 7840939, 29009
181194, 7811940, 7840953, 29013
181195, 7811950, 7840966, 29016
181196, 7811960, 7840980, 29020
181197, 7811970, 7840993, 29023
181198, 7811980, 7841007, 29027
181199, 7811990, 7841020, 29030
181602, 7816020, 7841047, 25027
181603, 7816030, 7841060, 25030
181604, 7816040, 7841074, 25034
181605, 7816050, 7841087, 25037
181606, 7816060, 7841101, 25041
181607, 7816070, 7841114, 25044
181608, 7816080, 7841128, 25048
181609, 7816090, 7841141, 25051
181610, 7816100, 7841154, 25054
181612, 7816120, 7841168, 25048
181613, 7816130, 7841181, 25051
181614, 7816140, 7841195, 25055
181615, 7816150, 7841208, 25058
181616, 7816160, 7841222, 25062
181617, 7816170, 7841235, 25065
181618, 7816180, 7841249, 25069
181619, 7816190, 7841262, 25072
181620, 7816200, 7841275, 25075
181621, 7816210, 7841289, 25079
181623, 7816230, 7841302, 25072
181624, 7816240, 7841316, 25076
181625, 7816250, 7841329, 25079
181626, 7816260, 7841343, 25083
181627, 7816270, 7841356, 25086
181628, 7816280, 7841370, 25090
181629, 7816290, 7841383, 25093
181630, 7816300, 7841396, 25096
181631, 7816310, 7841410, 25100
181633, 7816330, 7841423, 25093
181634, 7816340, 7841437, 25097
181635, 7816350, 7841450, 25100
181636, 7816360, 7841464, 25104
181637, 7816370, 7841477, 25107
181638, 7816380, 7841490, 25110
181639, 7816390, 7841504, 25114
181640, 7816400, 7841517, 25117
181641, 7816410, 7841531, 25121
181642, 7816420, 7841544, 25124
181644, 7816440, 7841558, 25118
181645, 7816450, 7841571, 25121
181646, 7816460, 7841585, 25125
181647, 7816470, 7841598, 25128
181648, 7816480, 7841611, 25131
181649, 7816490, 7841625, 25135
181651, 7816510, 7841652, 25142
181652, 7816520, 7841665, 25145
181653, 7816530, 7841679, 25149
181655, 7816550, 7841692, 25142
181656, 7816560, 7841706, 25146
181657, 7816570, 7841719, 25149
181658, 7816580, 7841732, 25152
181659, 7816590, 7841746, 25156
181660, 7816600, 7841759, 25159
181661, 7816610, 7841773, 25163
181662, 7816620, 7841786, 25166
181663, 7816630, 7841800, 25170
181665, 7816650, 7841813, 25163
181666, 7816660, 7841826, 25166
181667, 7816670, 7841840, 25170
181668, 7816680, 7841853, 25173
181669, 7816690, 7841867, 25177
181670, 7816700, 7841880, 25180
181671, 7816710, 7841894, 25184
181672, 7816720, 7841907, 25187
181673, 7816730, 7841921, 25191
181674, 7816740, 7841934, 25194
181676, 7816760, 7841947, 25187
181677, 7816770, 7841961, 25191
181678, 7816780, 7841974, 25194
181679, 7816790, 7841988, 25198
181680, 7816800, 7842001, 25201
181681, 7816810, 7842015, 25205
181682, 7816820, 7842028, 25208
181683, 7816830, 7842042, 25212
181684, 7816840, 7842055, 25215
181685, 7816850, 7842068, 25218
181687, 7816870, 7842082, 25212
181688, 7816880, 7842095, 25215
181689, 7816890, 7842109, 25219
181690, 7816900, 7842122, 25222
181691, 7816910, 7842136, 25226
181692, 7816920, 7842149, 25229
181693, 7816930, 7842162, 25232
181694, 7816940, 7842176, 25236
181695, 7816950, 7842189, 25239
181697, 7816970, 7842203, 25233
181698, 7816980, 7842216, 25236
181699, 7816990, 7842230, 25240
181701, 7817010, 7842257, 25247
181702, 7817020, 7842270, 25250
181703, 7817030, 7842283, 25253
181704, 7817040, 7842297, 25257
181705, 7817050, 7842310, 25260
181706, 7817060, 7842324, 25264
181708, 7817080, 7842337, 25257
181709, 7817090, 7842351, 25261
181710, 7817100, 7842364, 25264
181711, 7817110, 7842378, 25268
181712, 7817120, 7842391, 25271
181713, 7817130, 7842404, 25274
181714, 7817140, 7842418, 25278
181715, 7817150, 7842431, 25281
181716, 7817160, 7846012, 28852
181718, 7817180, 7846026, 28846
181719, 7817190, 7846039, 28849
181720, 7817200, 7846052, 28852
181721, 7817210, 7846066, 28856
181722, 7817220, 7846079, 28859
181723, 7817230, 7846093, 28863
181724, 7817240, 7846106, 28866
181725, 7817250, 7846120, 28870
181726, 7817260, 7846133, 28873
181727, 7817270, 7846146, 28876
181729, 7817290, 7846160, 28870
181730, 7817300, 7846173, 28873
181731, 7817310, 7846187, 28877
181732, 7817320, 7846200, 28880
181733, 7817330, 7846214, 28884
181734, 7817340, 7846227, 28887
181735, 7817350, 7846241, 28891
181736, 7817360, 7846254, 28894
181737, 7817370, 7846267, 28897
181738, 7817380, 7846281, 28901
181740, 7817400, 7846294, 28894
181741, 7817410, 7846308, 28898
181742, 7817420, 7846321, 28901
181743, 7817430, 7846335, 28905
181744, 7817440, 7846348, 28908
181745, 7817450, 7846362, 28912
181746, 7817460, 7846375, 28915
181747, 7817470, 7846388, 28918
181748, 7817480, 7846402, 28922
181751, 7817510, 7846429, 28919
181752, 7817520, 7846442, 28922
181753, 7817530, 7846456, 28926
181754, 7817540, 7846469, 28929
181755, 7817550, 7846482, 28932
181756, 7817560, 7846496, 28936
181757, 7817570, 7846509, 28939
181758, 7817580, 7846523, 28943
181759, 7817590, 7846536, 28946
181761, 7817610, 7846550, 28940
181762, 7817620, 7846563, 28943
181763, 7817630, 7846577, 28947
181764, 7817640, 7846590, 28950
181765, 7817650, 7846603, 28953
181766, 7817660, 7846617, 28957
181767, 7817670, 7846630, 28960
181768, 7817680, 7846644, 28964
181769, 7817690, 7846657, 28967
181771, 7817710, 7846671, 28961
181772, 7817720, 7846684, 28964
181773, 7817730, 7846698, 28968
181774, 7817740, 7846711, 28971
181775, 7817750, 7846724, 28974
181776, 7817760, 7846738, 28978
181777, 7817770, 7846751, 28981
181778, 7817780, 7846765, 28985
181779, 7817790, 7846778, 28988
181780, 7817800, 7846792, 28992
181782, 7817820, 7846805, 28985
181783, 7817830, 7846818, 28988
181784, 7817840, 7846832, 28992
181785, 7817850, 7846845, 28995
181786, 7817860, 7846859, 28999
181787, 7817870, 7846872, 29002
181788, 7817880, 7846886, 29006
181789, 7817890, 7846899, 29009
181790, 7817900, 7846913, 29013
181791, 7817910, 7846926, 29016
181793, 7817930, 7846939, 29009
181794, 7817940, 7846953, 29013
181795, 7817950, 7846966, 29016
181796, 7817960, 7846980, 29020
181797, 7817970, 7846993, 29023
181798, 7817980, 7847007, 29027
181799, 7817990, 7847020, 29030
182202, 7822020, 7847047, 25027
182203, 7822030, 7847060, 25030
182204, 7822040, 7847074, 25034
182205, 7822050, 7847087, 25037
182206, 7822060, 7847101, 25041
182207, 7822070, 7847114, 25044
182208, 7822080, 7847128, 25048
182209, 7822090, 7847141, 25051
182210, 7822100, 7847154, 25054
182212, 7822120, 7847168, 25048
182213, 7822130, 7847181, 25051
182214, 7822140, 7847195, 25055
182215, 7822150, 7847208, 25058
182216, 7822160, 7847222, 25062
182217, 7822170, 7847235, 25065
182218, 7822180, 7847249, 25069
182219, 7822190, 7847262, 25072
182220, 7822200, 7847275, 25075
182221, 7822210, 7847289, 25079
182223, 7822230, 7847302, 25072
182224, 7822240, 7847316, 25076
182225, 7822250, 7847329, 25079
182226, 7822260, 7847343, 25083
182227, 7822270, 7847356, 25086
182228, 7822280, 7847370, 25090
182229, 7822290, 7847383, 25093
182230, 7822300, 7847396, 25096
182231, 7822310, 7847410, 25100
182233, 7822330, 7847423, 25093
182234, 7822340, 7847437, 25097
182235, 7822350, 7847450, 25100
182236, 7822360, 7847464, 25104
182237, 7822370, 7847477, 25107
182238, 7822380, 7847490, 25110
182239, 7822390, 7847504, 25114
182240, 7822400, 7847517, 25117
182241, 7822410, 7847531, 25121
182242, 7822420, 7847544, 25124
182244, 7822440, 7847558, 25118
182245, 7822450, 7847571, 25121
182246, 7822460, 7847585, 25125
182247, 7822470, 7847598, 25128
182248, 7822480, 7847611, 25131
182249, 7822490, 7847625, 25135
182251, 7822510, 7847652, 25142
182252, 7822520, 7847665, 25145
182253, 7822530, 7847679, 25149
182255, 7822550, 7847692, 25142
182256, 7822560, 7847706, 25146
182257, 7822570, 7847719, 25149
182258, 7822580, 7847732, 25152
182259, 7822590, 7847746, 25156
182260, 7822600, 7847759, 25159
182261, 7822610, 7847773, 25163
182262, 7822620, 7847786, 25166
182263, 7822630, 7847800, 25170
182265, 7822650, 7847813, 25163
182266, 7822660, 7847826, 25166
182267, 7822670, 7847840, 25170
182268, 7822680, 7847853, 25173
182269, 7822690, 7847867, 25177
182270, 7822700, 7847880, 25180
182271, 7822710, 7847894, 25184
182272, 7822720, 7847907, 25187
182273, 7822730, 7847921, 25191
182274, 7822740, 7847934, 25194
182276, 7822760, 7847947, 25187
182277, 7822770, 7847961, 25191
182278, 7822780, 7847974, 25194
182279, 7822790, 7847988, 25198
182280, 7822800, 7848001, 25201
182281, 7822810, 7848015, 25205
182282, 7822820, 7848028, 25208
182283, 7822830, 7848042, 25212
182284, 7822840, 7848055, 25215
182285, 7822850, 7848068, 25218
182287, 7822870, 7848082, 25212
182288, 7822880, 7848095, 25215
182289, 7822890, 7848109, 25219
182290, 7822900, 7848122, 25222
182291, 7822910, 7848136, 25226
182292, 7822920, 7848149, 25229
182293, 7822930, 7848162, 25232
182294, 7822940, 7848176, 25236
182295, 7822950, 7848189, 25239
182297, 7822970, 7848203, 25233
182298, 7822980, 7848216, 25236
182299, 7822990, 7848230, 25240
182301, 7823010, 7848257, 25247
182302, 7823020, 7848270, 25250
182303, 7823030, 7848283, 25253
182304, 7823040, 7848297, 25257
182305, 7823050, 7848310, 25260
182306, 7823060, 7848324, 25264
182308, 7823080, 7848337, 25257
182309, 7823090, 7848351, 25261
182310, 7823100, 7848364, 25264
182311, 7823110, 7848378, 25268
182312, 7823120, 7848391, 25271
182313, 7823130, 7848404, 25274
182314, 7823140, 7848418, 25278
182315, 7823150, 7848431, 25281
182316, 7823160, 7852012, 28852
182318, 7823180, 7852026, 28846
182319, 7823190, 7852039, 28849
182320, 7823200, 7852052, 28852
182321, 7823210, 7852066, 28856
182322, 7823220, 7852079, 28859
182323, 7823230, 7852093, 28863
182324, 7823240, 7852106, 28866
182325, 7823250, 7852120, 28870
182326, 7823260, 7852133, 28873
182327, 7823270, 7852146, 28876
182329, 7823290, 7852160, 28870
182330, 7823300, 7852173, 28873
182331, 7823310, 7852187, 28877
182332, 7823320, 7852200, 28880
182333, 7823330, 7852214, 28884
182334, 7823340, 7852227, 28887
182335, 7823350, 7852241, 28891
182336, 7823360, 7852254, 28894
182337, 7823370, 7852267, 28897
182338, 7823380, 7852281, 28901
182340, 7823400, 7852294, 28894
182341, 7823410, 7852308, 28898
182342, 7823420, 7852321, 28901
182343, 7823430, 7852335, 28905
182344, 7823440, 7852348, 28908
182345, 7823450, 7852362, 28912
182346, 7823460, 7852375, 28915
182347, 7823470, 7852388, 28918
182348, 7823480, 7852402, 28922
182351, 7823510, 7852429, 28919
182352, 7823520, 7852442, 28922
182353, 7823530, 7852456, 28926
182354, 7823540, 7852469, 28929
182355, 7823550, 7852482, 28932
182356, 7823560, 7852496, 28936
182357, 7823570, 7852509, 28939
182358, 7823580, 7852523, 28943
182359, 7823590, 7852536, 28946
182361, 7823610, 7852550, 28940
182362, 7823620, 7852563, 28943
182363, 7823630, 7852577, 28947
182364, 7823640, 7852590, 28950
182365, 7823650, 7852603, 28953
182366, 7823660, 7852617, 28957
182367, 7823670, 7852630, 28960
182368, 7823680, 7852644, 28964
182369, 7823690, 7852657, 28967
182371, 7823710, 7852671, 28961
182372, 7823720, 7852684, 28964
182373, 7823730, 7852698, 28968
182374, 7823740, 7852711, 28971
182375, 7823750, 7852724, 28974
182376, 7823760, 7852738, 28978
182377, 7823770, 7852751, 28981
182378, 7823780, 7852765, 28985
182379, 7823790, 7852778, 28988
182380, 7823800, 7852792, 28992
182382, 7823820, 7852805, 28985
182383, 7823830, 7852818, 28988
182384, 7823840, 7852832, 28992
182385, 7823850, 7852845, 28995
182386, 7823860, 7852859, 28999
182387, 7823870, 7852872, 29002
182388, 7823880, 7852886, 29006
182389, 7823890, 7852899, 29009
182390, 7823900, 7852913, 29013
182391, 7823910, 7852926, 29016
182393, 7823930, 7852939, 29009
182394, 7823940, 7852953, 29013
182395, 7823950, 7852966, 29016
182396, 7823960, 7852980, 29020
182397, 7823970, 7852993, 29023
182398, 7823980, 7853007, 29027
182399, 7823990, 7853020, 29030
182802, 7828020, 7853047, 25027
182803, 7828030, 7853060, 25030
182804, 7828040, 7853074, 25034
182805, 7828050, 7853087, 25037
182806, 7828060, 7853101, 25041
182807, 7828070, 7853114, 25044
182808, 7828080, 7853128, 25048
182809, 7828090, 7853141, 25051
182810, 7828100, 7853154, 25054
182812, 7828120, 7853168, 25048
182813, 7828130, 7853181, 25051
182814, 7828140, 7853195, 25055
182815, 7828150, 7853208, 25058
182816, 7828160, 7853222, 25062
182817, 7828170, 7853235, 25065
182818, 7828180, 7853249, 25069
182819, 7828190, 7853262, 25072
182820, 7828200, 7853275, 25075
182821, 7828210, 7853289, 25079
182823, 7828230, 7853302, 25072
182824, 7828240, 7853316, 25076
182825, 7828250, 7853329, 25079
182826, 7828260, 7853343, 25083
182827, 7828270, 7853356, 25086
182828, 7828280, 7853370, 25090
182829, 7828290, 7853383, 25093
182830, 7828300, 7853396, 25096
182831, 7828310, 7853410, 25100
182833, 7828330, 7853423, 25093
182834, 7828340, 7853437, 25097
182835, 7828350, 7853450, 25100
182836, 7828360, 7853464, 25104
182837, 7828370, 7853477, 25107
182838, 7828380, 7853490, 25110
182839, 7828390, 7853504, 25114
182840, 7828400, 7853517, 25117
182841, 7828410, 7853531, 25121
182842, 7828420, 7853544, 25124
182844, 7828440, 7853558, 25118
182845, 7828450, 7853571, 25121
182846, 7828460, 7853585, 25125
182847, 7828470, 7853598, 25128
182848, 7828480, 7853611, 25131
182849, 7828490, 7853625, 25135
182851, 7828510, 7853652, 25142
182852, 7828520, 7853665, 25145
182853, 7828530, 7853679, 25149
182855, 7828550, 7853692, 25142
182856, 7828560, 7853706, 25146
182857, 7828570, 7853719, 25149
182858, 7828580, 7853732, 25152
182859, 7828590, 7853746, 25156
182860, 7828600, 7853759, 25159
182861, 7828610, 7853773, 25163
182862, 7828620, 7853786, 25166
182863, 7828630, 7853800, 25170
182865, 7828650, 7853813, 25163
182866, 7828660, 7853826, 25166
182867, 7828670, 7853840, 25170
182868, 7828680, 7853853, 25173
182869, 7828690, 7853867, 25177
182870, 7828700, 7853880, 25180
182871, 7828710, 7853894, 25184
182872, 7828720, 7853907, 25187
182873, 7828730, 7853921, 25191
182874, 7828740, 7853934, 25194
182876, 7828760, 7853947, 25187
182877, 7828770, 7853961, 25191
182878, 7828780, 7853974, 25194
182879, 7828790, 7853988, 25198
182880, 7828800, 7854001, 25201
182881, 7828810, 7854015, 25205
182882, 7828820, 7854028, 25208
182883, 7828830, 7854042, 25212
182884, 7828840, 7854055, 25215
182885, 7828850, 7854068, 25218
182887, 7828870, 7854082, 25212
182888, 7828880, 7854095, 25215
182889, 7828890, 7854109, 25219
182890, 7828900, 7854122, 25222
182891, 7828910, 7854136, 25226
182892, 7828920, 7854149, 25229
182893, 7828930, 7854162, 25232
182894, 7828940, 7854176, 25236
182895, 7828950, 7854189, 25239
182897, 7828970, 7854203, 25233
182898, 7828980, 7854216, 25236
182899, 7828990, 7854230, 25240
182901, 7829010, 7854257, 25247
182902, 7829020, 7854270, 25250
182903, 7829030, 7854283, 25253
182904, 7829040, 7854297, 25257
182905, 7829050, 7854310, 25260
182906, 7829060, 7854324, 25264
182908, 7829080, 7854337, 25257
182909, 7829090, 7854351, 25261
182910, 7829100, 7854364, 25264
182911, 7829110, 7854378, 25268
182912, 7829120, 7854391, 25271
182913, 7829130, 7854404, 25274
182914, 7829140, 7854418, 25278
182915, 7829150, 7854431, 25281
182916, 7829160, 7858012, 28852
182918, 7829180, 7858026, 28846
182919, 7829190, 7858039, 28849
182920, 7829200, 7858052, 28852
182921, 7829210, 7858066, 28856
182922, 7829220, 7858079, 28859
182923, 7829230, 7858093, 28863
182924, 7829240, 7858106, 28866
182925, 7829250, 7858120, 28870
182926, 7829260, 7858133, 28873
182927, 7829270, 7858146, 28876
182929, 7829290, 7858160, 28870
182930, 7829300, 7858173, 28873
182931, 7829310, 7858187, 28877
182932, 7829320, 7858200, 28880
182933, 7829330, 7858214, 28884
182934, 7829340, 7858227, 28887
182935, 7829350, 7858241, 28891
182936, 7829360, 7858254, 28894
182937, 7829370, 7858267, 28897
182938, 7829380, 7858281, 28901
182940, 7829400, 7858294, 28894
182941, 7829410, 7858308, 28898
182942, 7829420, 7858321, 28901
182943, 7829430, 7858335, 28905
182944, 7829440, 7858348, 28908
182945, 7829450, 7858362, 28912
182946, 7829460, 7858375, 28915
182947, 7829470, 7858388, 28918
182948, 7829480, 7858402, 28922
182951, 7829510, 7858429, 28919
182952, 7829520, 7858442, 28922
182953, 7829530, 7858456, 28926
182954, 7829540, 7858469, 28929
182955, 7829550, 7858482, 28932
182956, 7829560, 7858496, 28936
182957, 7829570, 7858509, 28939
182958, 7829580, 7858523, 28943
182959, 7829590, 7858536, 28946
182961, 7829610, 7858550, 28940
182962, 7829620, 7858563, 28943
182963, 7829630, 7858577, 28947
182964, 7829640, 7858590, 28950
182965, 7829650, 7858603, 28953
182966, 7829660, 7858617, 28957
182967, 7829670, 7858630, 28960
182968, 7829680, 7858644, 28964
182969, 7829690, 7858657, 28967
182971, 7829710, 7858671, 28961
182972, 7829720, 7858684, 28964
182973, 7829730, 7858698, 28968
182974, 7829740, 7858711, 28971
182975, 7829750, 7858724, 28974
182976, 7829760, 7858738, 28978
182977, 7829770, 7858751, 28981
182978, 7829780, 7858765, 28985
182979, 7829790, 7858778, 28988
182980, 7829800, 7858792, 28992
182982, 7829820, 7858805, 28985
182983, 7829830, 7858818, 28988
182984, 7829840, 7858832, 28992
182985, 7829850, 7858845, 28995
182986, 7829860, 7858859, 28999
182987, 7829870, 7858872, 29002
182988, 7829880, 7858886, 29006
182989, 7829890, 7858899, 29009
182990, 7829900, 7858913, 29013
182991, 7829910, 7858926, 29016
182993, 7829930, 7858939, 29009
182994, 7829940, 7858953, 29013
182995, 7829950, 7858966, 29016
182996, 7829960, 7858980, 29020
182997, 7829970, 7858993, 29023
182998, 7829980, 7859007, 29027
182999, 7829990, 7859020, 29030
183402, 7834020, 7859047, 25027
183403, 7834030, 7859060, 25030
183404, 7834040, 7859074, 25034
183405, 7834050, 7859087, 25037
183406, 7834060, 7859101, 25041
183407, 7834070, 7859114, 25044
183408, 7834080, 7859128, 25048
183409, 7834090, 7859141, 25051
183410, 7834100, 7859154, 25054
183412, 7834120, 7859168, 25048
183413, 7834130, 7859181, 25051
183414, 7834140, 7859195, 25055
183415, 7834150, 7859208, 25058
183416, 7834160, 7859222, 25062
183417, 7834170, 7859235, 25065
183418, 7834180, 7859249, 25069
183419, 7834190, 7859262, 25072
183420, 7834200, 7859275, 25075
183421, 7834210, 7859289, 25079
183423, 7834230, 7859302, 25072
183424, 7834240, 7859316, 25076
183425, 7834250, 7859329, 25079
183426, 7834260, 7859343, 25083
183427, 7834270, 7859356, 25086
183428, 7834280, 7859370, 25090
183429, 7834290, 7859383, 25093
183430, 7834300, 7859396, 25096
183431, 7834310, 7859410, 25100
183433, 7834330, 7859423, 25093
183434, 7834340, 7859437, 25097
183435, 7834350, 7859450, 25100
183436, 7834360, 7859464, 25104
183437, 7834370, 7859477, 25107
183438, 7834380, 7859490, 25110
183439, 7834390, 7859504, 25114
183440, 7834400, 7859517, 25117
183441, 7834410, 7859531, 25121
183442, 7834420, 7859544, 25124
183444, 7834440, 7859558, 25118
183445, 7834450, 7859571, 25121
183446, 7834460, 7859585, 25125
183447, 7834470, 7859598, 25128
183448, 7834480, 7859611, 25131
183449, 7834490, 7859625, 25135
183451, 7834510, 7859652, 25142
183452, 7834520, 7859665, 25145
183453, 7834530, 7859679, 25149
183455, 7834550, 7859692, 25142
183456, 7834560, 7859706, 25146
183457, 7834570, 7859719, 25149
183458, 7834580, 7859732, 25152
183459, 7834590, 7859746, 25156
183460, 7834600, 7859759, 25159
183461, 7834610, 7859773, 25163
183462, 7834620, 7859786, 25166
183463, 7834630, 7859800, 25170
183465, 7834650, 7859813, 25163
183466, 7834660, 7859826, 25166
183467, 7834670, 7859840, 25170
183468, 7834680, 7859853, 25173
183469, 7834690, 7859867, 25177
183470, 7834700, 7859880, 25180
183471, 7834710, 7859894, 25184
183472, 7834720, 7859907, 25187
183473, 7834730, 7859921, 25191
183474, 7834740, 7859934, 25194
183476, 7834760, 7859947, 25187
183477, 7834770, 7859961, 25191
183478, 7834780, 7859974, 25194
183479, 7834790, 7859988, 25198
183480, 7834800, 7860001, 25201
183481, 7834810, 7860015, 25205
183482, 7834820, 7860028, 25208
183483, 7834830, 7860042, 25212
183484, 7834840, 7860055, 25215
183485, 7834850, 7860068, 25218
183487, 7834870, 7860082, 25212
183488, 7834880, 7860095, 25215
183489, 7834890, 7860109, 25219
183490, 7834900, 7860122, 25222
183491, 7834910, 7860136, 25226
183492, 7834920, 7860149, 25229
183493, 7834930, 7860162, 25232
183494, 7834940, 7860176, 25236
183495, 7834950, 7860189, 25239
183497, 7834970, 7860203, 25233
183498, 7834980, 7860216, 25236
183499, 7834990, 7860230, 25240
183501, 7835010, 7860257, 25247
183502, 7835020, 7860270, 25250
183503, 7835030, 7860283, 25253
183504, 7835040, 7860297, 25257
183505, 7835050, 7860310, 25260
183506, 7835060, 7860324, 25264
183508, 7835080, 7860337, 25257
183509, 7835090, 7860351, 25261
183510, 7835100, 7860364, 25264
183511, 7835110, 7860378, 25268
183512, 7835120, 7860391, 25271
183513, 7835130, 7860404, 25274
183514, 7835140, 7860418, 25278
183515, 7835150, 7860431, 25281
183516, 7835160, 7864012, 28852
183517, 7835170, 7864026, 28856
183519, 7835190, 7864039, 28849
183520, 7835200, 7864052, 28852
183521, 7835210, 7864066, 28856
183522, 7835220, 7864079, 28859
183523, 7835230, 7864093, 28863
183524, 7835240, 7864106, 28866
183525, 7835250, 7864120, 28870
183526, 7835260, 7864133, 28873
183527, 7835270, 7864146, 28876
183529, 7835290, 7864160, 28870
183530, 7835300, 7864173, 28873
183531, 7835310, 7864187, 28877
183532, 7835320, 7864200, 28880
183533, 7835330, 7864214, 28884
183534, 7835340, 7864227, 28887
183535, 7835350, 7864241, 28891
183536, 7835360, 7864254, 28894
183537, 7835370, 7864267, 28897
183538, 7835380, 7864281, 28901
183540, 7835400, 7864294, 28894
183541, 7835410, 7864308, 28898
183542, 7835420, 7864321, 28901
183543, 7835430, 7864335, 28905
183544, 7835440, 7864348, 28908
183545, 7835450, 7864362, 28912
183546, 7835460, 7864375, 28915
183547, 7835470, 7864388, 28918
183548, 7835480, 7864402, 28922
183551, 7835510, 7864429, 28919
183552, 7835520, 7864442, 28922
183553, 7835530, 7864456, 28926
183554, 7835540, 7864469, 28929
183555, 7835550, 7864482, 28932
183556, 7835560, 7864496, 28936
183557, 7835570, 7864509, 28939
183558, 7835580, 7864523, 28943
183559, 7835590, 7864536, 28946
183561, 7835610, 7864550, 28940
183562, 7835620, 7864563, 28943
183563, 7835630, 7864577, 28947
183564, 7835640, 7864590, 28950
183565, 7835650, 7864603, 28953
183566, 7835660, 7864617, 28957
183567, 7835670, 7864630, 28960
183568, 7835680, 7864644, 28964
183569, 7835690, 7864657, 28967
183570, 7835700, 7864671, 28971
183572, 7835720, 7864684, 28964
183573, 7835730, 7864698, 28968
183574, 7835740, 7864711, 28971
183575, 7835750, 7864724, 28974
183576, 7835760, 7864738, 28978
183577, 7835770, 7864751, 28981
183578, 7835780, 7864765, 28985
183579, 7835790, 7864778, 28988
183580, 7835800, 7864792, 28992
183582, 7835820, 7864805, 28985
183583, 7835830, 7864818, 28988
183584, 7835840, 7864832, 28992
183585, 7835850, 7864845, 28995
183586, 7835860, 7864859, 28999
183587, 7835870, 7864872, 29002
183588, 7835880, 7864886, 29006
183589, 7835890, 7864899, 29009
183590, 7835900, 7864913, 29013
183591, 7835910, 7864926, 29016
183593, 7835930, 7864939, 29009
183594, 7835940, 7864953, 29013
183595, 7835950, 7864966, 29016
183596, 7835960, 7864980, 29020
183597, 7835970, 7864993, 29023
183598, 7835980, 7865007, 29027
183599, 7835990, 7865020, 29030
184002, 7840020, 7865047, 25027
184003, 7840030, 7865060, 25030
184004, 7840040, 7865074, 25034
184005, 7840050, 7865087, 25037
184006, 7840060, 7865101, 25041
184007, 7840070, 7865114, 25044
184008, 7840080, 7865127, 25047
184009, 7840090, 7865141, 25051
184010, 7840100, 7865154, 25054
184012, 7840120, 7865168, 25048
184013, 7840130, 7865181, 25051
184014, 7840140, 7865195, 25055
184015, 7840150, 7865208, 25058
184016, 7840160, 7865222, 25062
184017, 7840170, 7865235, 25065
184018, 7840180, 7865248, 25068
184019, 7840190, 7865262, 25072
184020, 7840200, 7865275, 25075
184021, 7840210, 7865289, 25079
184023, 7840230, 7865302, 25072
184024, 7840240, 7865316, 25076
184025, 7840250, 7865329, 25079
184026, 7840260, 7865342, 25082
184027, 7840270, 7865356, 25086
184028, 7840280, 7865369, 25089
184029, 7840290, 7865383, 25093
184030, 7840300, 7865396, 25096
184031, 7840310, 7865410, 25100
184033, 7840330, 7865423, 25093
184034, 7840340, 7865437, 25097
184035, 7840350, 7865450, 25100
184036, 7840360, 7865463, 25103
184037, 7840370, 7865477, 25107
184038, 7840380, 7865490, 25110
184039, 7840390, 7865504, 25114
184040, 7840400, 7865517, 25117
184041, 7840410, 7865531, 25121
184042, 7840420, 7865544, 25124
184044, 7840440, 7865558, 25118
184045, 7840450, 7865571, 25121
184046, 7840460, 7865584, 25124
184047, 7840470, 7865598, 25128
184048, 7840480, 7865611, 25131
184049, 7840490, 7865625, 25135
184051, 7840510, 7865652, 25142
184052, 7840520, 7865665, 25145
184053, 7840530, 7865678, 25148
184055, 7840550, 7865692, 25142
184056, 7840560, 7865705, 25145
184057, 7840570, 7865719, 25149
184058, 7840580, 7865732, 25152
184059, 7840590, 7865746, 25156
184060, 7840600, 7865759, 25159
184061, 7840610, 7865773, 25163
184062, 7840620, 7865786, 25166
184063, 7840630, 7865799, 25169
184065, 7840650, 7865813, 25163
184066, 7840660, 7865826, 25166
184067, 7840670, 7865840, 25170
184068, 7840680, 7865853, 25173
184069, 7840690, 7865867, 25177
184070, 7840700, 7865880, 25180
184071, 7840710, 7865894, 25184
184072, 7840720, 7865907, 25187
184073, 7840730, 7865920, 25190
184074, 7840740, 7865934, 25194
184076, 7840760, 7865947, 25187
184077, 7840770, 7865961, 25191
184078, 7840780, 7865974, 25194
184079, 7840790, 7865988, 25198
184080, 7840800, 7866001, 25201
184081, 7840810, 7866014, 25204
184082, 7840820, 7866028, 25208
184083, 7840830, 7866041, 25211
184084, 7840840, 7866055, 25215
184085, 7840850, 7866068, 25218
184087, 7840870, 7866082, 25212
184088, 7840880, 7866095, 25215
184089, 7840890, 7866109, 25219
184090, 7840900, 7866122, 25222
184091, 7840910, 7866135, 25225
184092, 7840920, 7866149, 25229
184093, 7840930, 7866162, 25232
184094, 7840940, 7866176, 25236
184095, 7840950, 7866189, 25239
184097, 7840970, 7866203, 25233
184098, 7840980, 7866216, 25236
184099, 7840990, 7866230, 25240
184101, 7841010, 7866256, 25246
184102, 7841020, 7866270, 25250
184103, 7841030, 7866283, 25253
184104, 7841040, 7866297, 25257
184105, 7841050, 7866310, 25260
184106, 7841060, 7866324, 25264
184108, 7841080, 7866337, 25257
184109, 7841090, 7866350, 25260
184110, 7841100, 7866364, 25264
184111, 7841110, 7866377, 25267
184112, 7841120, 7866391, 25271
184113, 7841130, 7866404, 25274
184114, 7841140, 7866418, 25278
184115, 7841150, 7866431, 25281
184116, 7841160, 7870012, 28852
184118, 7841180, 7870026, 28846
184119, 7841190, 7870039, 28849
184120, 7841200, 7870052, 28852
184121, 7841210, 7870066, 28856
184122, 7841220, 7870079, 28859
184123, 7841230, 7870093, 28863
184124, 7841240, 7870106, 28866
184125, 7841250, 7870120, 28870
184126, 7841260, 7870133, 28873
184127, 7841270, 7870146, 28876
184129, 7841290, 7870160, 28870
184130, 7841300, 7870173, 28873
184131, 7841310, 7870187, 28877
184132, 7841320, 7870200, 28880
184133, 7841330, 7870214, 28884
184134, 7841340, 7870227, 28887
184135, 7841350, 7870241, 28891
184136, 7841360, 7870254, 28894
184137, 7841370, 7870267, 28897
184138, 7841380, 7870281, 28901
184140, 7841400, 7870294, 28894
184141, 7841410, 7870308, 28898
184142, 7841420, 7870321, 28901
184143, 7841430, 7870335, 28905
184144, 7841440, 7870348, 28908
184145, 7841450, 7870362, 28912
184146, 7841460, 7870375, 28915
184147, 7841470, 7870388, 28918
184148, 7841480, 7870402, 28922
184151, 7841510, 7870429, 28919
184152, 7841520, 7870442, 28922
184153, 7841530, 7870456, 28926
184154, 7841540, 7870469, 28929
184155, 7841550, 7870482, 28932
184156, 7841560, 7870496, 28936
184157, 7841570, 7870509, 28939
184158, 7841580, 7870523, 28943
184159, 7841590, 7870536, 28946
184161, 7841610, 7870550, 28940
184162, 7841620, 7870563, 28943
184163, 7841630, 7870577, 28947
184164, 7841640, 7870590, 28950
184165, 7841650, 7870603, 28953
184166, 7841660, 7870617, 28957
184167, 7841670, 7870630, 28960
184168, 7841680, 7870644, 28964
184169, 7841690, 7870657, 28967
184171, 7841710, 7870671, 28961
184172, 7841720, 7870684, 28964
184173, 7841730, 7870698, 28968
184174, 7841740, 7870711, 28971
184175, 7841750, 7870724, 28974
184176, 7841760, 7870738, 28978
184177, 7841770, 7870751, 28981
184178, 7841780, 7870765, 28985
184179, 7841790, 7870778, 28988
184180, 7841800, 7870792, 28992
184182, 7841820, 7870805, 28985
184183, 7841830, 7870818, 28988
184184, 7841840, 7870832, 28992
184185, 7841850, 7870845, 28995
184186, 7841860, 7870859, 28999
184187, 7841870, 7870872, 29002
184188, 7841880, 7870886, 29006
184189, 7841890, 7870899, 29009
184190, 7841900, 7870913, 29013
184191, 7841910, 7870926, 29016
184193, 7841930, 7870939, 29009
184194, 7841940, 7870953, 29013
184195, 7841950, 7870966, 29016
184196, 7841960, 7870980, 29020
184197, 7841970, 7870993, 29023
184198, 7841980, 7871007, 29027
184199, 7841990, 7871020, 29030
184602, 7846020, 7871047, 25027
184603, 7846030, 7871060, 25030
184604, 7846040, 7871074, 25034
184605, 7846050, 7871087, 25037
184606, 7846060, 7871101, 25041
184607, 7846070, 7871114, 25044
184608, 7846080, 7871128, 25048
184609, 7846090, 7871141, 25051
184610, 7846100, 7871154, 25054
184612, 7846120, 7871168, 25048
184613, 7846130, 7871181, 25051
184614, 7846140, 7871195, 25055
184615, 7846150, 7871208, 25058
184616, 7846160, 7871222, 25062
184617, 7846170, 7871235, 25065
184618, 7846180, 7871249, 25069
184619, 7846190, 7871262, 25072
184620, 7846200, 7871275, 25075
184621, 7846210, 7871289, 25079
184623, 7846230, 7871302, 25072
184624, 7846240, 7871316, 25076
184625, 7846250, 7871329, 25079
184626, 7846260, 7871343, 25083
184627, 7846270, 7871356, 25086
184628, 7846280, 7871370, 25090
184629, 7846290, 7871383, 25093
184630, 7846300, 7871396, 25096
184631, 7846310, 7871410, 25100
184633, 7846330, 7871423, 25093
184634, 7846340, 7871437, 25097
184635, 7846350, 7871450, 25100
184636, 7846360, 7871464, 25104
184637, 7846370, 7871477, 25107
184638, 7846380, 7871490, 25110
184639, 7846390, 7871504, 25114
184640, 7846400, 7871517, 25117
184641, 7846410, 7871531, 25121
184642, 7846420, 7871544, 25124
184644, 7846440, 7871558, 25118
184645, 7846450, 7871571, 25121
184646, 7846460, 7871585, 25125
184647, 7846470, 7871598, 25128
184648, 7846480, 7871611, 25131
184649, 7846490, 7871625, 25135
184651, 7846510, 7871652, 25142
184652, 7846520, 7871665, 25145
184653, 7846530, 7871679, 25149
184655, 7846550, 7871692, 25142
184656, 7846560, 7871706, 25146
184657, 7846570, 7871719, 25149
184658, 7846580, 7871732, 25152
184659, 7846590, 7871746, 25156
184660, 7846600, 7871759, 25159
184661, 7846610, 7871773, 25163
184662, 7846620, 7871786, 25166
184663, 7846630, 7871800, 25170
184665, 7846650, 7871813, 25163
184666, 7846660, 7871826, 25166
184667, 7846670, 7871840, 25170
184668, 7846680, 7871853, 25173
184669, 7846690, 7871867, 25177
184670, 7846700, 7871880, 25180
184671, 7846710, 7871894, 25184
184672, 7846720, 7871907, 25187
184673, 7846730, 7871921, 25191
184674, 7846740, 7871934, 25194
184676, 7846760, 7871947, 25187
184677, 7846770, 7871961, 25191
184678, 7846780, 7871974, 25194
184679, 7846790, 7871988, 25198
184680, 7846800, 7872001, 25201
184681, 7846810, 7872015, 25205
184682, 7846820, 7872028, 25208
184683, 7846830, 7872042, 25212
184684, 7846840, 7872055, 25215
184685, 7846850, 7872068, 25218
184687, 7846870, 7872082, 25212
184688, 7846880, 7872095, 25215
184689, 7846890, 7872109, 25219
184690, 7846900, 7872122, 25222
184691, 7846910, 7872136, 25226
184692, 7846920, 7872149, 25229
184693, 7846930, 7872162, 25232
184694, 7846940, 7872176, 25236
184695, 7846950, 7872189, 25239
184697, 7846970, 7872203, 25233
184698, 7846980, 7872216, 25236
184699, 7846990, 7872230, 25240
184701, 7847010, 7872257, 25247
184702, 7847020, 7872270, 25250
184703, 7847030, 7872283, 25253
184704, 7847040, 7872297, 25257
184705, 7847050, 7872310, 25260
184706, 7847060, 7872324, 25264
184708, 7847080, 7872337, 25257
184709, 7847090, 7872351, 25261
184710, 7847100, 7872364, 25264
184711, 7847110, 7872378, 25268
184712, 7847120, 7872391, 25271
184713, 7847130, 7872404, 25274
184714, 7847140, 7872418, 25278
184715, 7847150, 7872431, 25281
184716, 7847160, 7876012, 28852
184718, 7847180, 7876026, 28846
184719, 7847190, 7876039, 28849
184720, 7847200, 7876052, 28852
184721, 7847210, 7876066, 28856
184722, 7847220, 7876079, 28859
184723, 7847230, 7876093, 28863
184724, 7847240, 7876106, 28866
184725, 7847250, 7876120, 28870
184726, 7847260, 7876133, 28873
184727, 7847270, 7876146, 28876
184729, 7847290, 7876160, 28870
184730, 7847300, 7876173, 28873
184731, 7847310, 7876187, 28877
184732, 7847320, 7876200, 28880
184733, 7847330, 7876214, 28884
184734, 7847340, 7876227, 28887
184735, 7847350, 7876241, 28891
184736, 7847360, 7876254, 28894
184737, 7847370, 7876267, 28897
184738, 7847380, 7876281, 28901
184740, 7847400, 7876294, 28894
184741, 7847410, 7876308, 28898
184742, 7847420, 7876321, 28901
184743, 7847430, 7876335, 28905
184744, 7847440, 7876348, 28908
184745, 7847450, 7876362, 28912
184746, 7847460, 7876375, 28915
184747, 7847470, 7876388, 28918
184748, 7847480, 7876402, 28922
184751, 7847510, 7876429, 28919
184752, 7847520, 7876442, 28922
184753, 7847530, 7876456, 28926
184754, 7847540, 7876469, 28929
184755, 7847550, 7876482, 28932
184756, 7847560, 7876496, 28936
184757, 7847570, 7876509, 28939
184758, 7847580, 7876523, 28943
184759, 7847590, 7876536, 28946
184761, 7847610, 7876550, 28940
184762, 7847620, 7876563, 28943
184763, 7847630, 7876577, 28947
184764, 7847640, 7876590, 28950
184765, 7847650, 7876603, 28953
184766, 7847660, 7876617, 28957
184767, 7847670, 7876630, 28960
184768, 7847680, 7876644, 28964
184769, 7847690, 7876657, 28967
184771, 7847710, 7876671, 28961
184772, 7847720, 7876684, 28964
184773, 7847730, 7876698, 28968
184774, 7847740, 7876711, 28971
184775, 7847750, 7876724, 28974
184776, 7847760, 7876738, 28978
184777, 7847770, 7876751, 28981
184778, 7847780, 7876765, 28985
184779, 7847790, 7876778, 28988
184780, 7847800, 7876792, 28992
184782, 7847820, 7876805, 28985
184783, 7847830, 7876818, 28988
184784, 7847840, 7876832, 28992
184785, 7847850, 7876845, 28995
184786, 7847860, 7876859, 28999
184787, 7847870, 7876872, 29002
184788, 7847880, 7876886, 29006
184789, 7847890, 7876899, 29009
184790, 7847900, 7876913, 29013
184791, 7847910, 7876926, 29016
184793, 7847930, 7876939, 29009
184794, 7847940, 7876953, 29013
184795, 7847950, 7876966, 29016
184796, 7847960, 7876980, 29020
184797, 7847970, 7876993, 29023
184798, 7847980, 7877007, 29027
184799, 7847990, 7877020, 29030
185202, 7852020, 7877047, 25027
185203, 7852030, 7877060, 25030
185204, 7852040, 7877074, 25034
185205, 7852050, 7877087, 25037
185206, 7852060, 7877101, 25041
185207, 7852070, 7877114, 25044
185208, 7852080, 7877128, 25048
185209, 7852090, 7877141, 25051
185210, 7852100, 7877154, 25054
185212, 7852120, 7877168, 25048
185213, 7852130, 7877181, 25051
185214, 7852140, 7877195, 25055
185215, 7852150, 7877208, 25058
185216, 7852160, 7877222, 25062
185217, 7852170, 7877235, 25065
185218, 7852180, 7877249, 25069
185219, 7852190, 7877262, 25072
185220, 7852200, 7877275, 25075
185221, 7852210, 7877289, 25079
185223, 7852230, 7877302, 25072
185224, 7852240, 7877316, 25076
185225, 7852250, 7877329, 25079
185226, 7852260, 7877343, 25083
185227, 7852270, 7877356, 25086
185228, 7852280, 7877370, 25090
185229, 7852290, 7877383, 25093
185230, 7852300, 7877396, 25096
185231, 7852310, 7877410, 25100
185233, 7852330, 7877423, 25093
185234, 7852340, 7877437, 25097
185235, 7852350, 7877450, 25100
185236, 7852360, 7877464, 25104
185237, 7852370, 7877477, 25107
185238, 7852380, 7877490, 25110
185239, 7852390, 7877504, 25114
185240, 7852400, 7877517, 25117
185241, 7852410, 7877531, 25121
185242, 7852420, 7877544, 25124
185244, 7852440, 7877558, 25118
185245, 7852450, 7877571, 25121
185246, 7852460, 7877585, 25125
185247, 7852470, 7877598, 25128
185248, 7852480, 7877611, 25131
185249, 7852490, 7877625, 25135
185251, 7852510, 7877652, 25142
185252, 7852520, 7877665, 25145
185253, 7852530, 7877679, 25149
185255, 7852550, 7877692, 25142
185256, 7852560, 7877706, 25146
185257, 7852570, 7877719, 25149
185258, 7852580, 7877732, 25152
185259, 7852590, 7877746, 25156
185260, 7852600, 7877759, 25159
185261, 7852610, 7877773, 25163
185262, 7852620, 7877786, 25166
185263, 7852630, 7877800, 25170
185265, 7852650, 7877813, 25163
185266, 7852660, 7877826, 25166
185267, 7852670, 7877840, 25170
185268, 7852680, 7877853, 25173
185269, 7852690, 7877867, 25177
185270, 7852700, 7877880, 25180
185271, 7852710, 7877894, 25184
185272, 7852720, 7877907, 25187
185273, 7852730, 7877921, 25191
185274, 7852740, 7877934, 25194
185276, 7852760, 7877947, 25187
185277, 7852770, 7877961, 25191
185278, 7852780, 7877974, 25194
185279, 7852790, 7877988, 25198
185280, 7852800, 7878001, 25201
185281, 7852810, 7878015, 25205
185282, 7852820, 7878028, 25208
185283, 7852830, 7878042, 25212
185284, 7852840, 7878055, 25215
185285, 7852850, 7878068, 25218
185287, 7852870, 7878082, 25212
185288, 7852880, 7878095, 25215
185289, 7852890, 7878109, 25219
185290, 7852900, 7878122, 25222
185291, 7852910, 7878136, 25226
185292, 7852920, 7878149, 25229
185293, 7852930, 7878162, 25232
185294, 7852940, 7878176, 25236
185295, 7852950, 7878189, 25239
185297, 7852970, 7878203, 25233
185298, 7852980, 7878216, 25236
185299, 7852990, 7878230, 25240
185301, 7853010, 7878257, 25247
185302, 7853020, 7878270, 25250
185303, 7853030, 7878283, 25253
185304, 7853040, 7878297, 25257
185305, 7853050, 7878310, 25260
185306, 7853060, 7878324, 25264
185308, 7853080, 7878337, 25257
185309, 7853090, 7878351, 25261
185310, 7853100, 7878364, 25264
185311, 7853110, 7878378, 25268
185312, 7853120, 7878391, 25271
185313, 7853130, 7878404, 25274
185314, 7853140, 7878418, 25278
185315, 7853150, 7878431, 25281
185316, 7853160, 7882012, 28852
185318, 7853180, 7882026, 28846
185319, 7853190, 7882039, 28849
185320, 7853200, 7882052, 28852
185321, 7853210, 7882066, 28856
185322, 7853220, 7882079, 28859
185323, 7853230, 7882093, 28863
185324, 7853240, 7882106, 28866
185325, 7853250, 7882120, 28870
185326, 7853260, 7882133, 28873
185327, 7853270, 7882146, 28876
185329, 7853290, 7882160, 28870
185330, 7853300, 7882173, 28873
185331, 7853310, 7882187, 28877
185332, 7853320, 7882200, 28880
185333, 7853330, 7882214, 28884
185334, 7853340, 7882227, 28887
185335, 7853350, 7882241, 28891
185336, 7853360, 7882254, 28894
185337, 7853370, 7882267, 28897
185338, 7853380, 7882281, 28901
185340, 7853400, 7882294, 28894
185341, 7853410, 7882308, 28898
185342, 7853420, 7882321, 28901
185343, 7853430, 7882335, 28905
185344, 7853440, 7882348, 28908
185345, 7853450, 7882362, 28912
185346, 7853460, 7882375, 28915
185347, 7853470, 7882388, 28918
185348, 7853480, 7882402, 28922
185351, 7853510, 7882429, 28919
185352, 7853520, 7882442, 28922
185353, 7853530, 7882456, 28926
185354, 7853540, 7882469, 28929
185355, 7853550, 7882482, 28932
185356, 7853560, 7882496, 28936
185357, 7853570, 7882509, 28939
185358, 7853580, 7882523, 28943
185359, 7853590, 7882536, 28946
185361, 7853610, 7882550, 28940
185362, 7853620, 7882563, 28943
185363, 7853630, 7882577, 28947
185364, 7853640, 7882590, 28950
185365, 7853650, 7882603, 28953
185366, 7853660, 7882617, 28957
185367, 7853670, 7882630, 28960
185368, 7853680, 7882644, 28964
185369, 7853690, 7882657, 28967
185371, 7853710, 7882671, 28961
185372, 7853720, 7882684, 28964
185373, 7853730, 7882698, 28968
185374, 7853740, 7882711, 28971
185375, 7853750, 7882724, 28974
185376, 7853760, 7882738, 28978
185377, 7853770, 7882751, 28981
185378, 7853780, 7882765, 28985
185379, 7853790, 7882778, 28988
185380, 7853800, 7882792, 28992
185382, 7853820, 7882805, 28985
185383, 7853830, 7882818, 28988
185384, 7853840, 7882832, 28992
185385, 7853850, 7882845, 28995
185386, 7853860, 7882859, 28999
185387, 7853870, 7882872, 29002
185388, 7853880, 7882886, 29006
185389, 7853890, 7882899, 29009
185390, 7853900, 7882913, 29013
185391, 7853910, 7882926, 29016
185393, 7853930, 7882939, 29009
185394, 7853940, 7882953, 29013
185395, 7853950, 7882966, 29016
185396, 7853960, 7882980, 29020
185397, 7853970, 7882993, 29023
185398, 7853980, 7883007, 29027
185399, 7853990, 7883020, 29030
185802, 7858020, 7883047, 25027
185803, 7858030, 7883060, 25030
185804, 7858040, 7883074, 25034
185805, 7858050, 7883087, 25037
185806, 7858060, 7883101, 25041
185807, 7858070, 7883114, 25044
185808, 7858080, 7883128, 25048
185809, 7858090, 7883141, 25051
185810, 7858100, 7883154, 25054
185812, 7858120, 7883168, 25048
185813, 7858130, 7883181, 25051
185814, 7858140, 7883195, 25055
185815, 7858150, 7883208, 25058
185816, 7858160, 7883222, 25062
185817, 7858170, 7883235, 25065
185818, 7858180, 7883249, 25069
185819, 7858190, 7883262, 25072
185820, 7858200, 7883275, 25075
185821, 7858210, 7883289, 25079
185823, 7858230, 7883302, 25072
185824, 7858240, 7883316, 25076
185825, 7858250, 7883329, 25079
185826, 7858260, 7883343, 25083
185827, 7858270, 7883356, 25086
185828, 7858280, 7883370, 25090
185829, 7858290, 7883383, 25093
185830, 7858300, 7883396, 25096
185831, 7858310, 7883410, 25100
185833, 7858330, 7883423, 25093
185834, 7858340, 7883437, 25097
185835, 7858350, 7883450, 25100
185836, 7858360, 7883464, 25104
185837, 7858370, 7883477, 25107
185838, 7858380, 7883490, 25110
185839, 7858390, 7883504, 25114
185840, 7858400, 7883517, 25117
185841, 7858410, 7883531, 25121
185842, 7858420, 7883544, 25124
185844, 7858440, 7883558, 25118
185845, 7858450, 7883571, 25121
185846, 7858460, 7883585, 25125
185847, 7858470, 7883598, 25128
185848, 7858480, 7883611, 25131
185849, 7858490, 7883625, 25135
185851, 7858510, 7883652, 25142
185852, 7858520, 7883665, 25145
185853, 7858530, 7883679, 25149
185855, 7858550, 7883692, 25142
185856, 7858560, 7883706, 25146
185857, 7858570, 7883719, 25149
185858, 7858580, 7883732, 25152
185859, 7858590, 7883746, 25156
185860, 7858600, 7883759, 25159
185861, 7858610, 7883773, 25163
185862, 7858620, 7883786, 25166
185863, 7858630, 7883800, 25170
185865, 7858650, 7883813, 25163
185866, 7858660, 7883826, 25166
185867, 7858670, 7883840, 25170
185868, 7858680, 7883853, 25173
185869, 7858690, 7883867, 25177
185870, 7858700, 7883880, 25180
185871, 7858710, 7883894, 25184
185872, 7858720, 7883907, 25187
185873, 7858730, 7883921, 25191
185874, 7858740, 7883934, 25194
185876, 7858760, 7883947, 25187
185877, 7858770, 7883961, 25191
185878, 7858780, 7883974, 25194
185879, 7858790, 7883988, 25198
185880, 7858800, 7884001, 25201
185881, 7858810, 7884015, 25205
185882, 7858820, 7884028, 25208
185883, 7858830, 7884042, 25212
185884, 7858840, 7884055, 25215
185885, 7858850, 7884068, 25218
185887, 7858870, 7884082, 25212
185888, 7858880, 7884095, 25215
185889, 7858890, 7884109, 25219
185890, 7858900, 7884122, 25222
185891, 7858910, 7884136, 25226
185892, 7858920, 7884149, 25229
185893, 7858930, 7884162, 25232
185894, 7858940, 7884176, 25236
185895, 7858950, 7884189, 25239
185897, 7858970, 7884203, 25233
185898, 7858980, 7884216, 25236
185899, 7858990, 7884230, 25240
185901, 7859010, 7884257, 25247
185902, 7859020, 7884270, 25250
185903, 7859030, 7884283, 25253
185904, 7859040, 7884297, 25257
185905, 7859050, 7884310, 25260
185906, 7859060, 7884324, 25264
185908, 7859080, 7884337, 25257
185909, 7859090, 7884351, 25261
185910, 7859100, 7884364, 25264
185911, 7859110, 7884378, 25268
185912, 7859120, 7884391, 25271
185913, 7859130, 7884404, 25274
185914, 7859140, 7884418, 25278
185915, 7859150, 7884431, 25281
185916, 7859160, 7888012, 28852
185918, 7859180, 7888026, 28846
185919, 7859190, 7888039, 28849
185920, 7859200, 7888052, 28852
185921, 7859210, 7888066, 28856
185922, 7859220, 7888079, 28859
185923, 7859230, 7888093, 28863
185924, 7859240, 7888106, 28866
185925, 7859250, 7888120, 28870
185926, 7859260, 7888133, 28873
185927, 7859270, 7888146, 28876
185929, 7859290, 7888160, 28870
185930, 7859300, 7888173, 28873
185931, 7859310, 7888187, 28877
185932, 7859320, 7888200, 28880
185933, 7859330, 7888214, 28884
185934, 7859340, 7888227, 28887
185935, 7859350, 7888241, 28891
185936, 7859360, 7888254, 28894
185937, 7859370, 7888267, 28897
185938, 7859380, 7888281, 28901
185940, 7859400, 7888294, 28894
185941, 7859410, 7888308, 28898
185942, 7859420, 7888321, 28901
185943, 7859430, 7888335, 28905
185944, 7859440, 7888348, 28908
185945, 7859450, 7888362, 28912
185946, 7859460, 7888375, 28915
185947, 7859470, 7888388, 28918
185948, 7859480, 7888402, 28922
185951, 7859510, 7888429, 28919
185952, 7859520, 7888442, 28922
185953, 7859530, 7888456, 28926
185954, 7859540, 7888469, 28929
185955, 7859550, 7888482, 28932
185956, 7859560, 7888496, 28936
185957, 7859570, 7888509, 28939
185958, 7859580, 7888523, 28943
185959, 7859590, 7888536, 28946
185961, 7859610, 7888550, 28940
185962, 7859620, 7888563, 28943
185963, 7859630, 7888577, 28947
185964, 7859640, 7888590, 28950
185965, 7859650, 7888603, 28953
185966, 7859660, 7888617, 28957
185967, 7859670, 7888630, 28960
185968, 7859680, 7888644, 28964
185969, 7859690, 7888657, 28967
185971, 7859710, 7888671, 28961
185972, 7859720, 7888684, 28964
185973, 7859730, 7888698, 28968
185974, 7859740, 7888711, 28971
185975, 7859750, 7888724, 28974
185976, 7859760, 7888738, 28978
185977, 7859770, 7888751, 28981
185978, 7859780, 7888765, 28985
185979, 7859790, 7888778, 28988
185980, 7859800, 7888792, 28992
185982, 7859820, 7888805, 28985
185983, 7859830, 7888818, 28988
185984, 7859840, 7888832, 28992
185985, 7859850, 7888845, 28995
185986, 7859860, 7888859, 28999
185987, 7859870, 7888872, 29002
185988, 7859880, 7888886, 29006
185989, 7859890, 7888899, 29009
185990, 7859900, 7888913, 29013
185991, 7859910, 7888926, 29016
185993, 7859930, 7888939, 29009
185994, 7859940, 7888953, 29013
185995, 7859950, 7888966, 29016
185996, 7859960, 7888980, 29020
185997, 7859970, 7888993, 29023
185998, 7859980, 7889007, 29027
185999, 7859990, 7889020, 29030
186402, 7864020, 7889047, 25027
186403, 7864030, 7889060, 25030
186404, 7864040, 7889074, 25034
186405, 7864050, 7889087, 25037
186406, 7864060, 7889101, 25041
186407, 7864070, 7889114, 25044
186408, 7864080, 7889128, 25048
186409, 7864090, 7889141, 25051
186410, 7864100, 7889154, 25054
186412, 7864120, 7889168, 25048
186413, 7864130, 7889181, 25051
186414, 7864140, 7889195, 25055
186415, 7864150, 7889208, 25058
186416, 7864160, 7889222, 25062
186417, 7864170, 7889235, 25065
186418, 7864180, 7889249, 25069
186419, 7864190, 7889262, 25072
186420, 7864200, 7889275, 25075
186421, 7864210, 7889289, 25079
186423, 7864230, 7889302, 25072
186424, 7864240, 7889316, 25076
186425, 7864250, 7889329, 25079
186426, 7864260, 7889343, 25083
186427, 7864270, 7889356, 25086
186428, 7864280, 7889370, 25090
186429, 7864290, 7889383, 25093
186430, 7864300, 7889396, 25096
186431, 7864310, 7889410, 25100
186433, 7864330, 7889423, 25093
186434, 7864340, 7889437, 25097
186435, 7864350, 7889450, 25100
186436, 7864360, 7889464, 25104
186437, 7864370, 7889477, 25107
186438, 7864380, 7889490, 25110
186439, 7864390, 7889504, 25114
186440, 7864400, 7889517, 25117
186441, 7864410, 7889531, 25121
186442, 7864420, 7889544, 25124
186444, 7864440, 7889558, 25118
186445, 7864450, 7889571, 25121
186446, 7864460, 7889585, 25125
186447, 7864470, 7889598, 25128
186448, 7864480, 7889611, 25131
186449, 7864490, 7889625, 25135
186451, 7864510, 7889652, 25142
186452, 7864520, 7889665, 25145
186453, 7864530, 7889679, 25149
186455, 7864550, 7889692, 25142
186456, 7864560, 7889706, 25146
186457, 7864570, 7889719, 25149
186458, 7864580, 7889732, 25152
186459, 7864590, 7889746, 25156
186460, 7864600, 7889759, 25159
186461, 7864610, 7889773, 25163
186462, 7864620, 7889786, 25166
186463, 7864630, 7889800, 25170
186465, 7864650, 7889813, 25163
186466, 7864660, 7889826, 25166
186467, 7864670, 7889840, 25170
186468, 7864680, 7889853, 25173
186469, 7864690, 7889867, 25177
186470, 7864700, 7889880, 25180
186471, 7864710, 7889894, 25184
186472, 7864720, 7889907, 25187
186473, 7864730, 7889921, 25191
186474, 7864740, 7889934, 25194
186476, 7864760, 7889947, 25187
186477, 7864770, 7889961, 25191
186478, 7864780, 7889974, 25194
186479, 7864790, 7889988, 25198
186480, 7864800, 7890001, 25201
186481, 7864810, 7890015, 25205
186482, 7864820, 7890028, 25208
186483, 7864830, 7890042, 25212
186484, 7864840, 7890055, 25215
186485, 7864850, 7890068, 25218
186487, 7864870, 7890082, 25212
186488, 7864880, 7890095, 25215
186489, 7864890, 7890109, 25219
186490, 7864900, 7890122, 25222
186491, 7864910, 7890136, 25226
186492, 7864920, 7890149, 25229
186493, 7864930, 7890162, 25232
186494, 7864940, 7890176, 25236
186495, 7864950, 7890189, 25239
186497, 7864970, 7890203, 25233
186498, 7864980, 7890216, 25236
186499, 7864990, 7890230, 25240
186501, 7865010, 7890257, 25247
186502, 7865020, 7890270, 25250
186503, 7865030, 7890283, 25253
186504, 7865040, 7890297, 25257
186505, 7865050, 7890310, 25260
186506, 7865060, 7890324, 25264
186508, 7865080, 7890337, 25257
186509, 7865090, 7890351, 25261
186510, 7865100, 7890364, 25264
186511, 7865110, 7890378, 25268
186512, 7865120, 7890391, 25271
186513, 7865130, 7890404, 25274
186514, 7865140, 7890418, 25278
186515, 7865150, 7890431, 25281
186516, 7865160, 7894012, 28852
186517, 7865170, 7894026, 28856
186519, 7865190, 7894039, 28849
186520, 7865200, 7894052, 28852
186521, 7865210, 7894066, 28856
186522, 7865220, 7894079, 28859
186523, 7865230, 7894093, 28863
186524, 7865240, 7894106, 28866
186525, 7865250, 7894120, 28870
186526, 7865260, 7894133, 28873
186527, 7865270, 7894146, 28876
186529, 7865290, 7894160, 28870
186530, 7865300, 7894173, 28873
186531, 7865310, 7894187, 28877
186532, 7865320, 7894200, 28880
186533, 7865330, 7894214, 28884
186534, 7865340, 7894227, 28887
186535, 7865350, 7894241, 28891
186536, 7865360, 7894254, 28894
186537, 7865370, 7894267, 28897
186538, 7865380, 7894281, 28901
186540, 7865400, 7894294, 28894
186541, 7865410, 7894308, 28898
186542, 7865420, 7894321, 28901
186543, 7865430, 7894335, 28905
186544, 7865440, 7894348, 28908
186545, 7865450, 7894362, 28912
186546, 7865460, 7894375, 28915
186547, 7865470, 7894388, 28918
186548, 7865480, 7894402, 28922
186551, 7865510, 7894429, 28919
186552, 7865520, 7894442, 28922
186553, 7865530, 7894456, 28926
186554, 7865540, 7894469, 28929
186555, 7865550, 7894482, 28932
186556, 7865560, 7894496, 28936
186557, 7865570, 7894509, 28939
186558, 7865580, 7894523, 28943
186559, 7865590, 7894536, 28946
186561, 7865610, 7894550, 28940
186562, 7865620, 7894563, 28943
186563, 7865630, 7894577, 28947
186564, 7865640, 7894590, 28950
186565, 7865650, 7894603, 28953
186566, 7865660, 7894617, 28957
186567, 7865670, 7894630, 28960
186568, 7865680, 7894644, 28964
186569, 7865690, 7894657, 28967
186570, 7865700, 7894671, 28971
186572, 7865720, 7894684, 28964
186573, 7865730, 7894698, 28968
186574, 7865740, 7894711, 28971
186575, 7865750, 7894724, 28974
186576, 7865760, 7894738, 28978
186577, 7865770, 7894751, 28981
186578, 7865780, 7894765, 28985
186579, 7865790, 7894778, 28988
186580, 7865800, 7894792, 28992
186582, 7865820, 7894805, 28985
186583, 7865830, 7894818, 28988
186584, 7865840, 7894832, 28992
186585, 7865850, 7894845, 28995
186586, 7865860, 7894859, 28999
186587, 7865870, 7894872, 29002
186588, 7865880, 7894886, 29006
186589, 7865890, 7894899, 29009
186590, 7865900, 7894913, 29013
186591, 7865910, 7894926, 29016
186593, 7865930, 7894939, 29009
186594, 7865940, 7894953, 29013
186595, 7865950, 7894966, 29016
186596, 7865960, 7894980, 29020
186597, 7865970, 7894993, 29023
186598, 7865980, 7895007, 29027
186599, 7865990, 7895020, 29030
187002, 7870020, 7895047, 25027
187003, 7870030, 7895060, 25030
187004, 7870040, 7895074, 25034
187005, 7870050, 7895087, 25037
187006, 7870060, 7895101, 25041
187007, 7870070, 7895114, 25044
187008, 7870080, 7895127, 25047
187009, 7870090, 7895141, 25051
187010, 7870100, 7895154, 25054
187012, 7870120, 7895168, 25048
187013, 7870130, 7895181, 25051
187014, 7870140, 7895195, 25055
187015, 7870150, 7895208, 25058
187016, 7870160, 7895222, 25062
187017, 7870170, 7895235, 25065
187018, 7870180, 7895248, 25068
187019, 7870190, 7895262, 25072
187020, 7870200, 7895275, 25075
187021, 7870210, 7895289, 25079
187023, 7870230, 7895302, 25072
187024, 7870240, 7895316, 25076
187025, 7870250, 7895329, 25079
187026, 7870260, 7895342, 25082
187027, 7870270, 7895356, 25086
187028, 7870280, 7895369, 25089
187029, 7870290, 7895383, 25093
187030, 7870300, 7895396, 25096
187031, 7870310, 7895410, 25100
187033, 7870330, 7895423, 25093
187034, 7870340, 7895437, 25097
187035, 7870350, 7895450, 25100
187036, 7870360, 7895463, 25103
187037, 7870370, 7895477, 25107
187038, 7870380, 7895490, 25110
187039, 7870390, 7895504, 25114
187040, 7870400, 7895517, 25117
187041, 7870410, 7895531, 25121
187042, 7870420, 7895544, 25124
187044, 7870440, 7895558, 25118
187045, 7870450, 7895571, 25121
187046, 7870460, 7895584, 25124
187047, 7870470, 7895598, 25128
187048, 7870480, 7895611, 25131
187049, 7870490, 7895625, 25135
187051, 7870510, 7895652, 25142
187052, 7870520, 7895665, 25145
187053, 7870530, 7895678, 25148
187055, 7870550, 7895692, 25142
187056, 7870560, 7895705, 25145
187057, 7870570, 7895719, 25149
187058, 7870580, 7895732, 25152
187059, 7870590, 7895746, 25156
187060, 7870600, 7895759, 25159
187061, 7870610, 7895773, 25163
187062, 7870620, 7895786, 25166
187063, 7870630, 7895799, 25169
187065, 7870650, 7895813, 25163
187066, 7870660, 7895826, 25166
187067, 7870670, 7895840, 25170
187068, 7870680, 7895853, 25173
187069, 7870690, 7895867, 25177
187070, 7870700, 7895880, 25180
187071, 7870710, 7895894, 25184
187072, 7870720, 7895907, 25187
187073, 7870730, 7895920, 25190
187074, 7870740, 7895934, 25194
187076, 7870760, 7895947, 25187
187077, 7870770, 7895961, 25191
187078, 7870780, 7895974, 25194
187079, 7870790, 7895988, 25198
187080, 7870800, 7896001, 25201
187081, 7870810, 7896014, 25204
187082, 7870820, 7896028, 25208
187083, 7870830, 7896041, 25211
187084, 7870840, 7896055, 25215
187085, 7870850, 7896068, 25218
187087, 7870870, 7896082, 25212
187088, 7870880, 7896095, 25215
187089, 7870890, 7896109, 25219
187090, 7870900, 7896122, 25222
187091, 7870910, 7896135, 25225
187092, 7870920, 7896149, 25229
187093, 7870930, 7896162, 25232
187094, 7870940, 7896176, 25236
187095, 7870950, 7896189, 25239
187097, 7870970, 7896203, 25233
187098, 7870980, 7896216, 25236
187099, 7870990, 7896230, 25240
187101, 7871010, 7896256, 25246
187102, 7871020, 7896270, 25250
187103, 7871030, 7896283, 25253
187104, 7871040, 7896297, 25257
187105, 7871050, 7896310, 25260
187106, 7871060, 7896324, 25264
187108, 7871080, 7896337, 25257
187109, 7871090, 7896350, 25260
187110, 7871100, 7896364, 25264
187111, 7871110, 7896377, 25267
187112, 7871120, 7896391, 25271
187113, 7871130, 7896404, 25274
187114, 7871140, 7896418, 25278
187115, 7871150, 7896431, 25281
187116, 7871160, 7900012, 28852
187118, 7871180, 7900026, 28846
187119, 7871190, 7900039, 28849
187120, 7871200, 7900052, 28852
187121, 7871210, 7900066, 28856
187122, 7871220, 7900079, 28859
187123, 7871230, 7900093, 28863
187124, 7871240, 7900106, 28866
187125, 7871250, 7900120, 28870
187126, 7871260, 7900133, 28873
187127, 7871270, 7900146, 28876
187129, 7871290, 7900160, 28870
187130, 7871300, 7900173, 28873
187131, 7871310, 7900187, 28877
187132, 7871320, 7900200, 28880
187133, 7871330, 7900214, 28884
187134, 7871340, 7900227, 28887
187135, 7871350, 7900241, 28891
187136, 7871360, 7900254, 28894
187137, 7871370, 7900267, 28897
187138, 7871380, 7900281, 28901
187140, 7871400, 7900294, 28894
187141, 7871410, 7900308, 28898
187142, 7871420, 7900321, 28901
187143, 7871430, 7900335, 28905
187144, 7871440, 7900348, 28908
187145, 7871450, 7900362, 28912
187146, 7871460, 7900375, 28915
187147, 7871470, 7900388, 28918
187148, 7871480, 7900402, 28922
187151, 7871510, 7900429, 28919
187152, 7871520, 7900442, 28922
187153, 7871530, 7900456, 28926
187154, 7871540, 7900469, 28929
187155, 7871550, 7900482, 28932
187156, 7871560, 7900496, 28936
187157, 7871570, 7900509, 28939
187158, 7871580, 7900523, 28943
187159, 7871590, 7900536, 28946
187161, 7871610, 7900550, 28940
187162, 7871620, 7900563, 28943
187163, 7871630, 7900577, 28947
187164, 7871640, 7900590, 28950
187165, 7871650, 7900603, 28953
187166, 7871660, 7900617, 28957
187167, 7871670, 7900630, 28960
187168, 7871680, 7900644, 28964
187169, 7871690, 7900657, 28967
187171, 7871710, 7900671, 28961
187172, 7871720, 7900684, 28964
187173, 7871730, 7900698, 28968
187174, 7871740, 7900711, 28971
187175, 7871750, 7900724, 28974
187176, 7871760, 7900738, 28978
187177, 7871770, 7900751, 28981
187178, 7871780, 7900765, 28985
187179, 7871790, 7900778, 28988
187180, 7871800, 7900792, 28992
187182, 7871820, 7900805, 28985
187183, 7871830, 7900818, 28988
187184, 7871840, 7900832, 28992
187185, 7871850, 7900845, 28995
187186, 7871860, 7900859, 28999
187187, 7871870, 7900872, 29002
187188, 7871880, 7900886, 29006
187189, 7871890, 7900899, 29009
187190, 7871900, 7900913, 29013
187191, 7871910, 7900926, 29016
187193, 7871930, 7900939, 29009
187194, 7871940, 7900953, 29013
187195, 7871950, 7900966, 29016
187196, 7871960, 7900980, 29020
187197, 7871970, 7900993, 29023
187198, 7871980, 7901007, 29027
187199, 7871990, 7901020, 29030
187602, 7876020, 7901047, 25027
187603, 7876030, 7901060, 25030
187604, 7876040, 7901074, 25034
187605, 7876050, 7901087, 25037
187606, 7876060, 7901101, 25041
187607, 7876070, 7901114, 25044
187608, 7876080, 7901128, 25048
187609, 7876090, 7901141, 25051
187610, 7876100, 7901154, 25054
187612, 7876120, 7901168, 25048
187613, 7876130, 7901181, 25051
187614, 7876140, 7901195, 25055
187615, 7876150, 7901208, 25058
187616, 7876160, 7901222, 25062
187617, 7876170, 7901235, 25065
187618, 7876180, 7901249, 25069
187619, 7876190, 7901262, 25072
187620, 7876200, 7901275, 25075
187621, 7876210, 7901289, 25079
187623, 7876230, 7901302, 25072
187624, 7876240, 7901316, 25076
187625, 7876250, 7901329, 25079
187626, 7876260, 7901343, 25083
187627, 7876270, 7901356, 25086
187628, 7876280, 7901370, 25090
187629, 7876290, 7901383, 25093
187630, 7876300, 7901396, 25096
187631, 7876310, 7901410, 25100
187633, 7876330, 7901423, 25093
187634, 7876340, 7901437, 25097
187635, 7876350, 7901450, 25100
187636, 7876360, 7901464, 25104
187637, 7876370, 7901477, 25107
187638, 7876380, 7901490, 25110
187639, 7876390, 7901504, 25114
187640, 7876400, 7901517, 25117
187641, 7876410, 7901531, 25121
187642, 7876420, 7901544, 25124
187644, 7876440, 7901558, 25118
187645, 7876450, 7901571, 25121
187646, 7876460, 7901585, 25125
187647, 7876470, 7901598, 25128
187648, 7876480, 7901611, 25131
187649, 7876490, 7901625, 25135
187651, 7876510, 7901652, 25142
187652, 7876520, 7901665, 25145
187653, 7876530, 7901679, 25149
187655, 7876550, 7901692, 25142
187656, 7876560, 7901706, 25146
187657, 7876570, 7901719, 25149
187658, 7876580, 7901732, 25152
187659, 7876590, 7901746, 25156
187660, 7876600, 7901759, 25159
187661, 7876610, 7901773, 25163
187662, 7876620, 7901786, 25166
187663, 7876630, 7901800, 25170
187665, 7876650, 7901813, 25163
187666, 7876660, 7901826, 25166
187667, 7876670, 7901840, 25170
187668, 7876680, 7901853, 25173
187669, 7876690, 7901867, 25177
187670, 7876700, 7901880, 25180
187671, 7876710, 7901894, 25184
187672, 7876720, 7901907, 25187
187673, 7876730, 7901921, 25191
187674, 7876740, 7901934, 25194
187676, 7876760, 7901947, 25187
187677, 7876770, 7901961, 25191
187678, 7876780, 7901974, 25194
187679, 7876790, 7901988, 25198
187680, 7876800, 7902001, 25201
187681, 7876810, 7902015, 25205
187682, 7876820, 7902028, 25208
187683, 7876830, 7902042, 25212
187684, 7876840, 7902055, 25215
187685, 7876850, 7902068, 25218
187687, 7876870, 7902082, 25212
187688, 7876880, 7902095, 25215
187689, 7876890, 7902109, 25219
187690, 7876900, 7902122, 25222
187691, 7876910, 7902136, 25226
187692, 7876920, 7902149, 25229
187693, 7876930, 7902162, 25232
187694, 7876940, 7902176, 25236
187695, 7876950, 7902189, 25239
187697, 7876970, 7902203, 25233
187698, 7876980, 7902216, 25236
187699, 7876990, 7902230, 25240
187701, 7877010, 7902257, 25247
187702, 7877020, 7902270, 25250
187703, 7877030, 7902283, 25253
187704, 7877040, 7902297, 25257
187705, 7877050, 7902310, 25260
187706, 7877060, 7902324, 25264
187708, 7877080, 7902337, 25257
187709, 7877090, 7902351, 25261
187710, 7877100, 7902364, 25264
187711, 7877110, 7902378, 25268
187712, 7877120, 7902391, 25271
187713, 7877130, 7902404, 25274
187714, 7877140, 7902418, 25278
187715, 7877150, 7902431, 25281
187716, 7877160, 7906012, 28852
187718, 7877180, 7906026, 28846
187719, 7877190, 7906039, 28849
187720, 7877200, 7906052, 28852
187721, 7877210, 7906066, 28856
187722, 7877220, 7906079, 28859
187723, 7877230, 7906093, 28863
187724, 7877240, 7906106, 28866
187725, 7877250, 7906120, 28870
187726, 7877260, 7906133, 28873
187727, 7877270, 7906146, 28876
187729, 7877290, 7906160, 28870
187730, 7877300, 7906173, 28873
187731, 7877310, 7906187, 28877
187732, 7877320, 7906200, 28880
187733, 7877330, 7906214, 28884
187734, 7877340, 7906227, 28887
187735, 7877350, 7906241, 28891
187736, 7877360, 7906254, 28894
187737, 7877370, 7906267, 28897
187738, 7877380, 7906281, 28901
187740, 7877400, 7906294, 28894
187741, 7877410, 7906308, 28898
187742, 7877420, 7906321, 28901
187743, 7877430, 7906335, 28905
187744, 7877440, 7906348, 28908
187745, 7877450, 7906362, 28912
187746, 7877460, 7906375, 28915
187747, 7877470, 7906388, 28918
187748, 7877480, 7906402, 28922
187751, 7877510, 7906429, 28919
187752, 7877520, 7906442, 28922
187753, 7877530, 7906456, 28926
187754, 7877540, 7906469, 28929
187755, 7877550, 7906482, 28932
187756, 7877560, 7906496, 28936
187757, 7877570, 7906509, 28939
187758, 7877580, 7906523, 28943
187759, 7877590, 7906536, 28946
187761, 7877610, 7906550, 28940
187762, 7877620, 7906563, 28943
187763, 7877630, 7906577, 28947
187764, 7877640, 7906590, 28950
187765, 7877650, 7906603, 28953
187766, 7877660, 7906617, 28957
187767, 7877670, 7906630, 28960
187768, 7877680, 7906644, 28964
187769, 7877690, 7906657, 28967
187771, 7877710, 7906671, 28961
187772, 7877720, 7906684, 28964
187773, 7877730, 7906698, 28968
187774, 7877740, 7906711, 28971
187775, 7877750, 7906724, 28974
187776, 7877760, 7906738, 28978
187777, 7877770, 7906751, 28981
187778, 7877780, 7906765, 28985
187779, 7877790, 7906778, 28988
187780, 7877800, 7906792, 28992
187782, 7877820, 7906805, 28985
187783, 7877830, 7906818, 28988
187784, 7877840, 7906832, 28992
187785, 7877850, 7906845, 28995
187786, 7877860, 7906859, 28999
187787, 7877870, 7906872, 29002
187788, 7877880, 7906886, 29006
187789, 7877890, 7906899, 29009
187790, 7877900, 7906913, 29013
187791, 7877910, 7906926, 29016
187793, 7877930, 7906939, 29009
187794, 7877940, 7906953, 29013
187795, 7877950, 7906966, 29016
187796, 7877960, 7906980, 29020
187797, 7877970, 7906993, 29023
187798, 7877980, 7907007, 29027
187799, 7877990, 7907020, 29030
188202, 7882020, 7907047, 25027
188203, 7882030, 7907060, 25030
188204, 7882040, 7907074, 25034
188205, 7882050, 7907087, 25037
188206, 7882060, 7907101, 25041
188207, 7882070, 7907114, 25044
188208, 7882080, 7907128, 25048
188209, 7882090, 7907141, 25051
188210, 7882100, 7907154, 25054
188212, 7882120, 7907168, 25048
188213, 7882130, 7907181, 25051
188214, 7882140, 7907195, 25055
188215, 7882150, 7907208, 25058
188216, 7882160, 7907222, 25062
188217, 7882170, 7907235, 25065
188218, 7882180, 7907249, 25069
188219, 7882190, 7907262, 25072
188220, 7882200, 7907275, 25075
188221, 7882210, 7907289, 25079
188223, 7882230, 7907302, 25072
188224, 7882240, 7907316, 25076
188225, 7882250, 7907329, 25079
188226, 7882260, 7907343, 25083
188227, 7882270, 7907356, 25086
188228, 7882280, 7907370, 25090
188229, 7882290, 7907383, 25093
188230, 7882300, 7907396, 25096
188231, 7882310, 7907410, 25100
188233, 7882330, 7907423, 25093
188234, 7882340, 7907437, 25097
188235, 7882350, 7907450, 25100
188236, 7882360, 7907464, 25104
188237, 7882370, 7907477, 25107
188238, 7882380, 7907490, 25110
188239, 7882390, 7907504, 25114
188240, 7882400, 7907517, 25117
188241, 7882410, 7907531, 25121
188242, 7882420, 7907544, 25124
188244, 7882440, 7907558, 25118
188245, 7882450, 7907571, 25121
188246, 7882460, 7907585, 25125
188247, 7882470, 7907598, 25128
188248, 7882480, 7907611, 25131
188249, 7882490, 7907625, 25135
188251, 7882510, 7907652, 25142
188252, 7882520, 7907665, 25145
188253, 7882530, 7907679, 25149
188255, 7882550, 7907692, 25142
188256, 7882560, 7907706, 25146
188257, 7882570, 7907719, 25149
188258, 7882580, 7907732, 25152
188259, 7882590, 7907746, 25156
188260, 7882600, 7907759, 25159
188261, 7882610, 7907773, 25163
188262, 7882620, 7907786, 25166
188263, 7882630, 7907800, 25170
188265, 7882650, 7907813, 25163
188266, 7882660, 7907826, 25166
188267, 7882670, 7907840, 25170
188268, 7882680, 7907853, 25173
188269, 7882690, 7907867, 25177
188270, 7882700, 7907880, 25180
188271, 7882710, 7907894, 25184
188272, 7882720, 7907907, 25187
188273, 7882730, 7907921, 25191
188274, 7882740, 7907934, 25194
188276, 7882760, 7907947, 25187
188277, 7882770, 7907961, 25191
188278, 7882780, 7907974, 25194
188279, 7882790, 7907988, 25198
188280, 7882800, 7908001, 25201
188281, 7882810, 7908015, 25205
188282, 7882820, 7908028, 25208
188283, 7882830, 7908042, 25212
188284, 7882840, 7908055, 25215
188285, 7882850, 7908068, 25218
188287, 7882870, 7908082, 25212
188288, 7882880, 7908095, 25215
188289, 7882890, 7908109, 25219
188290, 7882900, 7908122, 25222
188291, 7882910, 7908136, 25226
188292, 7882920, 7908149, 25229
188293, 7882930, 7908162, 25232
188294, 7882940, 7908176, 25236
188295, 7882950, 7908189, 25239
188297, 7882970, 7908203, 25233
188298, 7882980, 7908216, 25236
188299, 7882990, 7908230, 25240
188301, 7883010, 7908257, 25247
188302, 7883020, 7908270, 25250
188303, 7883030, 7908283, 25253
188304, 7883040, 7908297, 25257
188305, 7883050, 7908310, 25260
188306, 7883060, 7908324, 25264
188308, 7883080, 7908337, 25257
188309, 7883090, 7908351, 25261
188310, 7883100, 7908364, 25264
188311, 7883110, 7908378, 25268
188312, 7883120, 7908391, 25271
188313, 7883130, 7908404, 25274
188314, 7883140, 7908418, 25278
188315, 7883150, 7908431, 25281
188316, 7883160, 7912012, 28852
188318, 7883180, 7912026, 28846
188319, 7883190, 7912039, 28849
188320, 7883200, 7912052, 28852
188321, 7883210, 7912066, 28856
188322, 7883220, 7912079, 28859
188323, 7883230, 7912093, 28863
188324, 7883240, 7912106, 28866
188325, 7883250, 7912120, 28870
188326, 7883260, 7912133, 28873
188327, 7883270, 7912146, 28876
188329, 7883290, 7912160, 28870
188330, 7883300, 7912173, 28873
188331, 7883310, 7912187, 28877
188332, 7883320, 7912200, 28880
188333, 7883330, 7912214, 28884
188334, 7883340, 7912227, 28887
188335, 7883350, 7912241, 28891
188336, 7883360, 7912254, 28894
188337, 7883370, 7912267, 28897
188338, 7883380, 7912281, 28901
188340, 7883400, 7912294, 28894
188341, 7883410, 7912308, 28898
188342, 7883420, 7912321, 28901
188343, 7883430, 7912335, 28905
188344, 7883440, 7912348, 28908
188345, 7883450, 7912362, 28912
188346, 7883460, 7912375, 28915
188347, 7883470, 7912388, 28918
188348, 7883480, 7912402, 28922
188351, 7883510, 7912429, 28919
188352, 7883520, 7912442, 28922
188353, 7883530, 7912456, 28926
188354, 7883540, 7912469, 28929
188355, 7883550, 7912482, 28932
188356, 7883560, 7912496, 28936
188357, 7883570, 7912509, 28939
188358, 7883580, 7912523, 28943
188359, 7883590, 7912536, 28946
188361, 7883610, 7912550, 28940
188362, 7883620, 7912563, 28943
188363, 7883630, 7912577, 28947
188364, 7883640, 7912590, 28950
188365, 7883650, 7912603, 28953
188366, 7883660, 7912617, 28957
188367, 7883670, 7912630, 28960
188368, 7883680, 7912644, 28964
188369, 7883690, 7912657, 28967
188371, 7883710, 7912671, 28961
188372, 7883720, 7912684, 28964
188373, 7883730, 7912698, 28968
188374, 7883740, 7912711, 28971
188375, 7883750, 7912724, 28974
188376, 7883760, 7912738, 28978
188377, 7883770, 7912751, 28981
188378, 7883780, 7912765, 28985
188379, 7883790, 7912778, 28988
188380, 7883800, 7912792, 28992
188382, 7883820, 7912805, 28985
188383, 7883830, 7912818, 28988
188384, 7883840, 7912832, 28992
188385, 7883850, 7912845, 28995
188386, 7883860, 7912859, 28999
188387, 7883870, 7912872, 29002
188388, 7883880, 7912886, 29006
188389, 7883890, 7912899, 29009
188390, 7883900, 7912913, 29013
188391, 7883910, 7912926, 29016
188393, 7883930, 7912939, 29009
188394, 7883940, 7912953, 29013
188395, 7883950, 7912966, 29016
188396, 7883960, 7912980, 29020
188397, 7883970, 7912993, 29023
188398, 7883980, 7913007, 29027
188399, 7883990, 7913020, 29030
188802, 7888020, 7913047, 25027
188803, 7888030, 7913060, 25030
188804, 7888040, 7913074, 25034
188805, 7888050, 7913087, 25037
188806, 7888060, 7913101, 25041
188807, 7888070, 7913114, 25044
188808, 7888080, 7913128, 25048
188809, 7888090, 7913141, 25051
188810, 7888100, 7913154, 25054
188812, 7888120, 7913168, 25048
188813, 7888130, 7913181, 25051
188814, 7888140, 7913195, 25055
188815, 7888150, 7913208, 25058
188816, 7888160, 7913222, 25062
188817, 7888170, 7913235, 25065
188818, 7888180, 7913249, 25069
188819, 7888190, 7913262, 25072
188820, 7888200, 7913275, 25075
188821, 7888210, 7913289, 25079
188823, 7888230, 7913302, 25072
188824, 7888240, 7913316, 25076
188825, 7888250, 7913329, 25079
188826, 7888260, 7913343, 25083
188827, 7888270, 7913356, 25086
188828, 7888280, 7913370, 25090
188829, 7888290, 7913383, 25093
188830, 7888300, 7913396, 25096
188831, 7888310, 7913410, 25100
188833, 7888330, 7913423, 25093
188834, 7888340, 7913437, 25097
188835, 7888350, 7913450, 25100
188836, 7888360, 7913464, 25104
188837, 7888370, 7913477, 25107
188838, 7888380, 7913490, 25110
188839, 7888390, 7913504, 25114
188840, 7888400, 7913517, 25117
188841, 7888410, 7913531, 25121
188842, 7888420, 7913544, 25124
188844, 7888440, 7913558, 25118
188845, 7888450, 7913571, 25121
188846, 7888460, 7913585, 25125
188847, 7888470, 7913598, 25128
188848, 7888480, 7913611, 25131
188849, 7888490, 7913625, 25135
188851, 7888510, 7913652, 25142
188852, 7888520, 7913665, 25145
188853, 7888530, 7913679, 25149
188855, 7888550, 7913692, 25142
188856, 7888560, 7913706, 25146
188857, 7888570, 7913719, 25149
188858, 7888580, 7913732, 25152
188859, 7888590, 7913746, 25156
188860, 7888600, 7913759, 25159
188861, 7888610, 7913773, 25163
188862, 7888620, 7913786, 25166
188863, 7888630, 7913800, 25170
188865, 7888650, 7913813, 25163
188866, 7888660, 7913826, 25166
188867, 7888670, 7913840, 25170
188868, 7888680, 7913853, 25173
188869, 7888690, 7913867, 25177
188870, 7888700, 7913880, 25180
188871, 7888710, 7913894, 25184
188872, 7888720, 7913907, 25187
188873, 7888730, 7913921, 25191
188874, 7888740, 7913934, 25194
188876, 7888760, 7913947, 25187
188877, 7888770, 7913961, 25191
188878, 7888780, 7913974, 25194
188879, 7888790, 7913988, 25198
188880, 7888800, 7914001, 25201
188881, 7888810, 7914015, 25205
188882, 7888820, 7914028, 25208
188883, 7888830, 7914042, 25212
188884, 7888840, 7914055, 25215
188885, 7888850, 7914068, 25218
188887, 7888870, 7914082, 25212
188888, 7888880, 7914095, 25215
188889, 7888890, 7914109, 25219
188890, 7888900, 7914122, 25222
188891, 7888910, 7914136, 25226
188892, 7888920, 7914149, 25229
188893, 7888930, 7914162, 25232
188894, 7888940, 7914176, 25236
188895, 7888950, 7914189, 25239
188897, 7888970, 7914203, 25233
188898, 7888980, 7914216, 25236
188899, 7888990, 7914230, 25240
188901, 7889010, 7914257, 25247
188902, 7889020, 7914270, 25250
188903, 7889030, 7914283, 25253
188904, 7889040, 7914297, 25257
188905, 7889050, 7914310, 25260
188906, 7889060, 7914324, 25264
188908, 7889080, 7914337, 25257
188909, 7889090, 7914351, 25261
188910, 7889100, 7914364, 25264
188911, 7889110, 7914378, 25268
188912, 7889120, 7914391, 25271
188913, 7889130, 7914404, 25274
188914, 7889140, 7914418, 25278
188915, 7889150, 7914431, 25281
188916, 7889160, 7918012, 28852
188918, 7889180, 7918026, 28846
188919, 7889190, 7918039, 28849
188920, 7889200, 7918052, 28852
188921, 7889210, 7918066, 28856
188922, 7889220, 7918079, 28859
188923, 7889230, 7918093, 28863
188924, 7889240, 7918106, 28866
188925, 7889250, 7918120, 28870
188926, 7889260, 7918133, 28873
188927, 7889270, 7918146, 28876
188929, 7889290, 7918160, 28870
188930, 7889300, 7918173, 28873
188931, 7889310, 7918187, 28877
188932, 7889320, 7918200, 28880
188933, 7889330, 7918214, 28884
188934, 7889340, 7918227, 28887
188935, 7889350, 7918241, 28891
188936, 7889360, 7918254, 28894
188937, 7889370, 7918267, 28897
188938, 7889380, 7918281, 28901
188940, 7889400, 7918294, 28894
188941, 7889410, 7918308, 28898
188942, 7889420, 7918321, 28901
188943, 7889430, 7918335, 28905
188944, 7889440, 7918348, 28908
188945, 7889450, 7918362, 28912
188946, 7889460, 7918375, 28915
188947, 7889470, 7918388, 28918
188948, 7889480, 7918402, 28922
188951, 7889510, 7918429, 28919
188952, 7889520, 7918442, 28922
188953, 7889530, 7918456, 28926
188954, 7889540, 7918469, 28929
188955, 7889550, 7918482, 28932
188956, 7889560, 7918496, 28936
188957, 7889570, 7918509, 28939
188958, 7889580, 7918523, 28943
188959, 7889590, 7918536, 28946
188961, 7889610, 7918550, 28940
188962, 7889620, 7918563, 28943
188963, 7889630, 7918577, 28947
188964, 7889640, 7918590, 28950
188965, 7889650, 7918603, 28953
188966, 7889660, 7918617, 28957
188967, 7889670, 7918630, 28960
188968, 7889680, 7918644, 28964
188969, 7889690, 7918657, 28967
188971, 7889710, 7918671, 28961
188972, 7889720, 7918684, 28964
188973, 7889730, 7918698, 28968
188974, 7889740, 7918711, 28971
188975, 7889750, 7918724, 28974
188976, 7889760, 7918738, 28978
188977, 7889770, 7918751, 28981
188978, 7889780, 7918765, 28985
188979, 7889790, 7918778, 28988
188980, 7889800, 7918792, 28992
188982, 7889820, 7918805, 28985
188983, 7889830, 7918818, 28988
188984, 7889840, 7918832, 28992
188985, 7889850, 7918845, 28995
188986, 7889860, 7918859, 28999
188987, 7889870, 7918872, 29002
188988, 7889880, 7918886, 29006
188989, 7889890, 7918899, 29009
188990, 7889900, 7918913, 29013
188991, 7889910, 7918926, 29016
188993, 7889930, 7918939, 29009
188994, 7889940, 7918953, 29013
188995, 7889950, 7918966, 29016
188996, 7889960, 7918980, 29020
188997, 7889970, 7918993, 29023
188998, 7889980, 7919007, 29027
188999, 7889990, 7919020, 29030
189402, 7894020, 7919047, 25027
189403, 7894030, 7919060, 25030
189404, 7894040, 7919074, 25034
189405, 7894050, 7919087, 25037
189406, 7894060, 7919101, 25041
189407, 7894070, 7919114, 25044
189408, 7894080, 7919128, 25048
189409, 7894090, 7919141, 25051
189410, 7894100, 7919154, 25054
189412, 7894120, 7919168, 25048
189413, 7894130, 7919181, 25051
189414, 7894140, 7919195, 25055
189415, 7894150, 7919208, 25058
189416, 7894160, 7919222, 25062
189417, 7894170, 7919235, 25065
189418, 7894180, 7919249, 25069
189419, 7894190, 7919262, 25072
189420, 7894200, 7919275, 25075
189421, 7894210, 7919289, 25079
189423, 7894230, 7919302, 25072
189424, 7894240, 7919316, 25076
189425, 7894250, 7919329, 25079
189426, 7894260, 7919343, 25083
189427, 7894270, 7919356, 25086
189428, 7894280, 7919370, 25090
189429, 7894290, 7919383, 25093
189430, 7894300, 7919396, 25096
189431, 7894310, 7919410, 25100
189433, 7894330, 7919423, 25093
189434, 7894340, 7919437, 25097
189435, 7894350, 7919450, 25100
189436, 7894360, 7919464, 25104
189437, 7894370, 7919477, 25107
189438, 7894380, 7919490, 25110
189439, 7894390, 7919504, 25114
189440, 7894400, 7919517, 25117
189441, 7894410, 7919531, 25121
189442, 7894420, 7919544, 25124
189444, 7894440, 7919558, 25118
189445, 7894450, 7919571, 25121
189446, 7894460, 7919585, 25125
189447, 7894470, 7919598, 25128
189448, 7894480, 7919611, 25131
189449, 7894490, 7919625, 25135
189451, 7894510, 7919652, 25142
189452, 7894520, 7919665, 25145
189453, 7894530, 7919679, 25149
189455, 7894550, 7919692, 25142
189456, 7894560, 7919706, 25146
189457, 7894570, 7919719, 25149
189458, 7894580, 7919732, 25152
189459, 7894590, 7919746, 25156
189460, 7894600, 7919759, 25159
189461, 7894610, 7919773, 25163
189462, 7894620, 7919786, 25166
189463, 7894630, 7919800, 25170
189465, 7894650, 7919813, 25163
189466, 7894660, 7919826, 25166
189467, 7894670, 7919840, 25170
189468, 7894680, 7919853, 25173
189469, 7894690, 7919867, 25177
189470, 7894700, 7919880, 25180
189471, 7894710, 7919894, 25184
189472, 7894720, 7919907, 25187
189473, 7894730, 7919921, 25191
189474, 7894740, 7919934, 25194
189476, 7894760, 7919947, 25187
189477, 7894770, 7919961, 25191
189478, 7894780, 7919974, 25194
189479, 7894790, 7919988, 25198
189480, 7894800, 7920001, 25201
189481, 7894810, 7920015, 25205
189482, 7894820, 7920028, 25208
189483, 7894830, 7920042, 25212
189484, 7894840, 7920055, 25215
189485, 7894850, 7920068, 25218
189487, 7894870, 7920082, 25212
189488, 7894880, 7920095, 25215
189489, 7894890, 7920109, 25219
189490, 7894900, 7920122, 25222
189491, 7894910, 7920136, 25226
189492, 7894920, 7920149, 25229
189493, 7894930, 7920162, 25232
189494, 7894940, 7920176, 25236
189495, 7894950, 7920189, 25239
189497, 7894970, 7920203, 25233
189498, 7894980, 7920216, 25236
189499, 7894990, 7920230, 25240
189501, 7895010, 7920257, 25247
189502, 7895020, 7920270, 25250
189503, 7895030, 7920283, 25253
189504, 7895040, 7920297, 25257
189505, 7895050, 7920310, 25260
189506, 7895060, 7920324, 25264
189508, 7895080, 7920337, 25257
189509, 7895090, 7920351, 25261
189510, 7895100, 7920364, 25264
189511, 7895110, 7920378, 25268
189512, 7895120, 7920391, 25271
189513, 7895130, 7920404, 25274
189514, 7895140, 7920418, 25278
189515, 7895150, 7920431, 25281
189516, 7895160, 7924012, 28852
189517, 7895170, 7924026, 28856
189519, 7895190, 7924039, 28849
189520, 7895200, 7924052, 28852
189521, 7895210, 7924066, 28856
189522, 7895220, 7924079, 28859
189523, 7895230, 7924093, 28863
189524, 7895240, 7924106, 28866
189525, 7895250, 7924120, 28870
189526, 7895260, 7924133, 28873
189527, 7895270, 7924146, 28876
189529, 7895290, 7924160, 28870
189530, 7895300, 7924173, 28873
189531, 7895310, 7924187, 28877
189532, 7895320, 7924200, 28880
189533, 7895330, 7924214, 28884
189534, 7895340, 7924227, 28887
189535, 7895350, 7924241, 28891
189536, 7895360, 7924254, 28894
189537, 7895370, 7924267, 28897
189538, 7895380, 7924281, 28901
189540, 7895400, 7924294, 28894
189541, 7895410, 7924308, 28898
189542, 7895420, 7924321, 28901
189543, 7895430, 7924335, 28905
189544, 7895440, 7924348, 28908
189545, 7895450, 7924362, 28912
189546, 7895460, 7924375, 28915
189547, 7895470, 7924388, 28918
189548, 7895480, 7924402, 28922
189551, 7895510, 7924429, 28919
189552, 7895520, 7924442, 28922
189553, 7895530, 7924456, 28926
189554, 7895540, 7924469, 28929
189555, 7895550, 7924482, 28932
189556, 7895560, 7924496, 28936
189557, 7895570, 7924509, 28939
189558, 7895580, 7924523, 28943
189559, 7895590, 7924536, 28946
189561, 7895610, 7924550, 28940
189562, 7895620, 7924563, 28943
189563, 7895630, 7924577, 28947
189564, 7895640, 7924590, 28950
189565, 7895650, 7924603, 28953
189566, 7895660, 7924617, 28957
189567, 7895670, 7924630, 28960
189568, 7895680, 7924644, 28964
189569, 7895690, 7924657, 28967
189570, 7895700, 7924671, 28971
189572, 7895720, 7924684, 28964
189573, 7895730, 7924698, 28968
189574, 7895740, 7924711, 28971
189575, 7895750, 7924724, 28974
189576, 7895760, 7924738, 28978
189577, 7895770, 7924751, 28981
189578, 7895780, 7924765, 28985
189579, 7895790, 7924778, 28988
189580, 7895800, 7924792, 28992
189582, 7895820, 7924805, 28985
189583, 7895830, 7924818, 28988
189584, 7895840, 7924832, 28992
189585, 7895850, 7924845, 28995
189586, 7895860, 7924859, 28999
189587, 7895870, 7924872, 29002
189588, 7895880, 7924886, 29006
189589, 7895890, 7924899, 29009
189590, 7895900, 7924913, 29013
189591, 7895910, 7924926, 29016
189593, 7895930, 7924939, 29009
189594, 7895940, 7924953, 29013
189595, 7895950, 7924966, 29016
189596, 7895960, 7924980, 29020
189597, 7895970, 7924993, 29023
189598, 7895980, 7925007, 29027
189599, 7895990, 7925020, 29030
190002, 7900020, 7925047, 25027
190003, 7900030, 7925060, 25030
190004, 7900040, 7925074, 25034
190005, 7900050, 7925087, 25037
190006, 7900060, 7925101, 25041
190007, 7900070, 7925114, 25044
190008, 7900080, 7925127, 25047
190009, 7900090, 7925141, 25051
190010, 7900100, 7925154, 25054
190012, 7900120, 7925168, 25048
190013, 7900130, 7925181, 25051
190014, 7900140, 7925195, 25055
190015, 7900150, 7925208, 25058
190016, 7900160, 7925222, 25062
190017, 7900170, 7925235, 25065
190018, 7900180, 7925248, 25068
190019, 7900190, 7925262, 25072
190020, 7900200, 7925275, 25075
190021, 7900210, 7925289, 25079
190023, 7900230, 7925302, 25072
190024, 7900240, 7925316, 25076
190025, 7900250, 7925329, 25079
190026, 7900260, 7925342, 25082
190027, 7900270, 7925356, 25086
190028, 7900280, 7925369, 25089
190029, 7900290, 7925383, 25093
190030, 7900300, 7925396, 25096
190031, 7900310, 7925410, 25100
190033, 7900330, 7925423, 25093
190034, 7900340, 7925437, 25097
190035, 7900350, 7925450, 25100
190036, 7900360, 7925463, 25103
190037, 7900370, 7925477, 25107
190038, 7900380, 7925490, 25110
190039, 7900390, 7925504, 25114
190040, 7900400, 7925517, 25117
190041, 7900410, 7925531, 25121
190042, 7900420, 7925544, 25124
190044, 7900440, 7925558, 25118
190045, 7900450, 7925571, 25121
190046, 7900460, 7925584, 25124
190047, 7900470, 7925598, 25128
190048, 7900480, 7925611, 25131
190049, 7900490, 7925625, 25135
190051, 7900510, 7925652, 25142
190052, 7900520, 7925665, 25145
190053, 7900530, 7925678, 25148
190055, 7900550, 7925692, 25142
190056, 7900560, 7925705, 25145
190057, 7900570, 7925719, 25149
190058, 7900580, 7925732, 25152
190059, 7900590, 7925746, 25156
190060, 7900600, 7925759, 25159
190061, 7900610, 7925773, 25163
190062, 7900620, 7925786, 25166
190063, 7900630, 7925799, 25169
190065, 7900650, 7925813, 25163
190066, 7900660, 7925826, 25166
190067, 7900670, 7925840, 25170
190068, 7900680, 7925853, 25173
190069, 7900690, 7925867, 25177
190070, 7900700, 7925880, 25180
190071, 7900710, 7925894, 25184
190072, 7900720, 7925907, 25187
190073, 7900730, 7925920, 25190
190074, 7900740, 7925934, 25194
190076, 7900760, 7925947, 25187
190077, 7900770, 7925961, 25191
190078, 7900780, 7925974, 25194
190079, 7900790, 7925988, 25198
190080, 7900800, 7926001, 25201
190081, 7900810, 7926014, 25204
190082, 7900820, 7926028, 25208
190083, 7900830, 7926041, 25211
190084, 7900840, 7926055, 25215
190085, 7900850, 7926068, 25218
190087, 7900870, 7926082, 25212
190088, 7900880, 7926095, 25215
190089, 7900890, 7926109, 25219
190090, 7900900, 7926122, 25222
190091, 7900910, 7926135, 25225
190092, 7900920, 7926149, 25229
190093, 7900930, 7926162, 25232
190094, 7900940, 7926176, 25236
190095, 7900950, 7926189, 25239
190097, 7900970, 7926203, 25233
190098, 7900980, 7926216, 25236
190099, 7900990, 7926230, 25240
190101, 7901010, 7926256, 25246
190102, 7901020, 7926270, 25250
190103, 7901030, 7926283, 25253
190104, 7901040, 7926297, 25257
190105, 7901050, 7926310, 25260
190106, 7901060, 7926324, 25264
190108, 7901080, 7926337, 25257
190109, 7901090, 7926350, 25260
190110, 7901100, 7926364, 25264
190111, 7901110, 7926377, 25267
190112, 7901120, 7926391, 25271
190113, 7901130, 7926404, 25274
190114, 7901140, 7926418, 25278
190115, 7901150, 7926431, 25281
190116, 7901160, 7930012, 28852
190118, 7901180, 7930026, 28846
190119, 7901190, 7930039, 28849
190120, 7901200, 7930052, 28852
190121, 7901210, 7930066, 28856
190122, 7901220, 7930079, 28859
190123, 7901230, 7930093, 28863
190124, 7901240, 7930106, 28866
190125, 7901250, 7930120, 28870
190126, 7901260, 7930133, 28873
190127, 7901270, 7930146, 28876
190129, 7901290, 7930160, 28870
190130, 7901300, 7930173, 28873
190131, 7901310, 7930187, 28877
190132, 7901320, 7930200, 28880
190133, 7901330, 7930214, 28884
190134, 7901340, 7930227, 28887
190135, 7901350, 7930241, 28891
190136, 7901360, 7930254, 28894
190137, 7901370, 7930267, 28897
190138, 7901380, 7930281, 28901
190140, 7901400, 7930294, 28894
190141, 7901410, 7930308, 28898
190142, 7901420, 7930321, 28901
190143, 7901430, 7930335, 28905
190144, 7901440, 7930348, 28908
190145, 7901450, 7930362, 28912
190146, 7901460, 7930375, 28915
190147, 7901470, 7930388, 28918
190148, 7901480, 7930402, 28922
190151, 7901510, 7930429, 28919
190152, 7901520, 7930442, 28922
190153, 7901530, 7930456, 28926
190154, 7901540, 7930469, 28929
190155, 7901550, 7930482, 28932
190156, 7901560, 7930496, 28936
190157, 7901570, 7930509, 28939
190158, 7901580, 7930523, 28943
190159, 7901590, 7930536, 28946
190161, 7901610, 7930550, 28940
190162, 7901620, 7930563, 28943
190163, 7901630, 7930577, 28947
190164, 7901640, 7930590, 28950
190165, 7901650, 7930603, 28953
190166, 7901660, 7930617, 28957
190167, 7901670, 7930630, 28960
190168, 7901680, 7930644, 28964
190169, 7901690, 7930657, 28967
190171, 7901710, 7930671, 28961
190172, 7901720, 7930684, 28964
190173, 7901730, 7930698, 28968
190174, 7901740, 7930711, 28971
190175, 7901750, 7930724, 28974
190176, 7901760, 7930738, 28978
190177, 7901770, 7930751, 28981
190178, 7901780, 7930765, 28985
190179, 7901790, 7930778, 28988
190180, 7901800, 7930792, 28992
190182, 7901820, 7930805, 28985
190183, 7901830, 7930818, 28988
190184, 7901840, 7930832, 28992
190185, 7901850, 7930845, 28995
190186, 7901860, 7930859, 28999
190187, 7901870, 7930872, 29002
190188, 7901880, 7930886, 29006
190189, 7901890, 7930899, 29009
190190, 7901900, 7930913, 29013
190191, 7901910, 7930926, 29016
190193, 7901930, 7930939, 29009
190194, 7901940, 7930953, 29013
190195, 7901950, 7930966, 29016
190196, 7901960, 7930980, 29020
190197, 7901970, 7930993, 29023
190198, 7901980, 7931007, 29027
190199, 7901990, 7931020, 29030
190602, 7906020, 7931047, 25027
190603, 7906030, 7931060, 25030
190604, 7906040, 7931074, 25034
190605, 7906050, 7931087, 25037
190606, 7906060, 7931101, 25041
190607, 7906070, 7931114, 25044
190608, 7906080, 7931128, 25048
190609, 7906090, 7931141, 25051
190610, 7906100, 7931154, 25054
190612, 7906120, 7931168, 25048
190613, 7906130, 7931181, 25051
190614, 7906140, 7931195, 25055
190615, 7906150, 7931208, 25058
190616, 7906160, 7931222, 25062
190617, 7906170, 7931235, 25065
190618, 7906180, 7931249, 25069
190619, 7906190, 7931262, 25072
190620, 7906200, 7931275, 25075
190621, 7906210, 7931289, 25079
190623, 7906230, 7931302, 25072
190624, 7906240, 7931316, 25076
190625, 7906250, 7931329, 25079
190626, 7906260, 7931343, 25083
190627, 7906270, 7931356, 25086
190628, 7906280, 7931370, 25090
190629, 7906290, 7931383, 25093
190630, 7906300, 7931396, 25096
190631, 7906310, 7931410, 25100
190633, 7906330, 7931423, 25093
190634, 7906340, 7931437, 25097
190635, 7906350, 7931450, 25100
190636, 7906360, 7931464, 25104
190637, 7906370, 7931477, 25107
190638, 7906380, 7931490, 25110
190639, 7906390, 7931504, 25114
190640, 7906400, 7931517, 25117
190641, 7906410, 7931531, 25121
190642, 7906420, 7931544, 25124
190644, 7906440, 7931558, 25118
190645, 7906450, 7931571, 25121
190646, 7906460, 7931585, 25125
190647, 7906470, 7931598, 25128
190648, 7906480, 7931611, 25131
190649, 7906490, 7931625, 25135
190651, 7906510, 7931652, 25142
190652, 7906520, 7931665, 25145
190653, 7906530, 7931679, 25149
190655, 7906550, 7931692, 25142
190656, 7906560, 7931706, 25146
190657, 7906570, 7931719, 25149
190658, 7906580, 7931732, 25152
190659, 7906590, 7931746, 25156
190660, 7906600, 7931759, 25159
190661, 7906610, 7931773, 25163
190662, 7906620, 7931786, 25166
190663, 7906630, 7931800, 25170
190665, 7906650, 7931813, 25163
190666, 7906660, 7931826, 25166
190667, 7906670, 7931840, 25170
190668, 7906680, 7931853, 25173
190669, 7906690, 7931867, 25177
190670, 7906700, 7931880, 25180
190671, 7906710, 7931894, 25184
190672, 7906720, 7931907, 25187
190673, 7906730, 7931921, 25191
190674, 7906740, 7931934, 25194
190676, 7906760, 7931947, 25187
190677, 7906770, 7931961, 25191
190678, 7906780, 7931974, 25194
190679, 7906790, 7931988, 25198
190680, 7906800, 7932001, 25201
190681, 7906810, 7932015, 25205
190682, 7906820, 7932028, 25208
190683, 7906830, 7932042, 25212
190684, 7906840, 7932055, 25215
190685, 7906850, 7932068, 25218
190687, 7906870, 7932082, 25212
190688, 7906880, 7932095, 25215
190689, 7906890, 7932109, 25219
190690, 7906900, 7932122, 25222
190691, 7906910, 7932136, 25226
190692, 7906920, 7932149, 25229
190693, 7906930, 7932162, 25232
190694, 7906940, 7932176, 25236
190695, 7906950, 7932189, 25239
190697, 7906970, 7932203, 25233
190698, 7906980, 7932216, 25236
190699, 7906990, 7932230, 25240
190701, 7907010, 7932257, 25247
190702, 7907020, 7932270, 25250
190703, 7907030, 7932283, 25253
190704, 7907040, 7932297, 25257
190705, 7907050, 7932310, 25260
190706, 7907060, 7932324, 25264
190708, 7907080, 7932337, 25257
190709, 7907090, 7932351, 25261
190710, 7907100, 7932364, 25264
190711, 7907110, 7932378, 25268
190712, 7907120, 7932391, 25271
190713, 7907130, 7932404, 25274
190714, 7907140, 7932418, 25278
190715, 7907150, 7932431, 25281
190716, 7907160, 7936012, 28852
190718, 7907180, 7936026, 28846
190719, 7907190, 7936039, 28849
190720, 7907200, 7936052, 28852
190721, 7907210, 7936066, 28856
190722, 7907220, 7936079, 28859
190723, 7907230, 7936093, 28863
190724, 7907240, 7936106, 28866
190725, 7907250, 7936120, 28870
190726, 7907260, 7936133, 28873
190727, 7907270, 7936146, 28876
190729, 7907290, 7936160, 28870
190730, 7907300, 7936173, 28873
190731, 7907310, 7936187, 28877
190732, 7907320, 7936200, 28880
190733, 7907330, 7936214, 28884
190734, 7907340, 7936227, 28887
190735, 7907350, 7936241, 28891
190736, 7907360, 7936254, 28894
190737, 7907370, 7936267, 28897
190738, 7907380, 7936281, 28901
190740, 7907400, 7936294, 28894
190741, 7907410, 7936308, 28898
190742, 7907420, 7936321, 28901
190743, 7907430, 7936335, 28905
190744, 7907440, 7936348, 28908
190745, 7907450, 7936362, 28912
190746, 7907460, 7936375, 28915
190747, 7907470, 7936388, 28918
190748, 7907480, 7936402, 28922
190751, 7907510, 7936429, 28919
190752, 7907520, 7936442, 28922
190753, 7907530, 7936456, 28926
190754, 7907540, 7936469, 28929
190755, 7907550, 7936482, 28932
190756, 7907560, 7936496, 28936
190757, 7907570, 7936509, 28939
190758, 7907580, 7936523, 28943
190759, 7907590, 7936536, 28946
190761, 7907610, 7936550, 28940
190762, 7907620, 7936563, 28943
190763, 7907630, 7936577, 28947
190764, 7907640, 7936590, 28950
190765, 7907650, 7936603, 28953
190766, 7907660, 7936617, 28957
190767, 7907670, 7936630, 28960
190768, 7907680, 7936644, 28964
190769, 7907690, 7936657, 28967
190771, 7907710, 7936671, 28961
190772, 7907720, 7936684, 28964
190773, 7907730, 7936698, 28968
190774, 7907740, 7936711, 28971
190775, 7907750, 7936724, 28974
190776, 7907760, 7936738, 28978
190777, 7907770, 7936751, 28981
190778, 7907780, 7936765, 28985
190779, 7907790, 7936778, 28988
190780, 7907800, 7936792, 28992
190782, 7907820, 7936805, 28985
190783, 7907830, 7936818, 28988
190784, 7907840, 7936832, 28992
190785, 7907850, 7936845, 28995
190786, 7907860, 7936859, 28999
190787, 7907870, 7936872, 29002
190788, 7907880, 7936886, 29006
190789, 7907890, 7936899, 29009
190790, 7907900, 7936913, 29013
190791, 7907910, 7936926, 29016
190793, 7907930, 7936939, 29009
190794, 7907940, 7936953, 29013
190795, 7907950, 7936966, 29016
190796, 7907960, 7936980, 29020
190797, 7907970, 7936993, 29023
190798, 7907980, 7937007, 29027
190799, 7907990, 7937020, 29030
191202, 7912020, 7937047, 25027
191203, 7912030, 7937060, 25030
191204, 7912040, 7937074, 25034
191205, 7912050, 7937087, 25037
191206, 7912060, 7937101, 25041
191207, 7912070, 7937114, 25044
191208, 7912080, 7937128, 25048
191209, 7912090, 7937141, 25051
191210, 7912100, 7937154, 25054
191212, 7912120, 7937168, 25048
191213, 7912130, 7937181, 25051
191214, 7912140, 7937195, 25055
191215, 7912150, 7937208, 25058
191216, 7912160, 7937222, 25062
191217, 7912170, 7937235, 25065
191218, 7912180, 7937249, 25069
191219, 7912190, 7937262, 25072
191220, 7912200, 7937275, 25075
191221, 7912210, 7937289, 25079
191223, 7912230, 7937302, 25072
191224, 7912240, 7937316, 25076
191225, 7912250, 7937329, 25079
191226, 7912260, 7937343, 25083
191227, 7912270, 7937356, 25086
191228, 7912280, 7937370, 25090
191229, 7912290, 7937383, 25093
191230, 7912300, 7937396, 25096
191231, 7912310, 7937410, 25100
191233, 7912330, 7937423, 25093
191234, 7912340, 7937437, 25097
191235, 7912350, 7937450, 25100
191236, 7912360, 7937464, 25104
191237, 7912370, 7937477, 25107
191238, 7912380, 7937490, 25110
191239, 7912390, 7937504, 25114
191240, 7912400, 7937517, 25117
191241, 7912410, 7937531, 25121
191242, 7912420, 7937544, 25124
191244, 7912440, 7937558, 25118
191245, 7912450, 7937571, 25121
191246, 7912460, 7937585, 25125
191247, 7912470, 7937598, 25128
191248, 7912480, 7937611, 25131
191249, 7912490, 7937625, 25135
191251, 7912510, 7937652, 25142
191252, 7912520, 7937665, 25145
191253, 7912530, 7937679, 25149
191255, 7912550, 7937692, 25142
191256, 7912560, 7937706, 25146
191257, 7912570, 7937719, 25149
191258, 7912580, 7937732, 25152
191259, 7912590, 7937746, 25156
191260, 7912600, 7937759, 25159
191261, 7912610, 7937773, 25163
191262, 7912620, 7937786, 25166
191263, 7912630, 7937800, 25170
191265, 7912650, 7937813, 25163
191266, 7912660, 7937826, 25166
191267, 7912670, 7937840, 25170
191268, 7912680, 7937853, 25173
191269, 7912690, 7937867, 25177
191270, 7912700, 7937880, 25180
191271, 7912710, 7937894, 25184
191272, 7912720, 7937907, 25187
191273, 7912730, 7937921, 25191
191274, 7912740, 7937934, 25194
191276, 7912760, 7937947, 25187
191277, 7912770, 7937961, 25191
191278, 7912780, 7937974, 25194
191279, 7912790, 7937988, 25198
191280, 7912800, 7938001, 25201
191281, 7912810, 7938015, 25205
191282, 7912820, 7938028, 25208
191283, 7912830, 7938042, 25212
191284, 7912840, 7938055, 25215
191285, 7912850, 7938068, 25218
191287, 7912870, 7938082, 25212
191288, 7912880, 7938095, 25215
191289, 7912890, 7938109, 25219
191290, 7912900, 7938122, 25222
191291, 7912910, 7938136, 25226
191292, 7912920, 7938149, 25229
191293, 7912930, 7938162, 25232
191294, 7912940, 7938176, 25236
191295, 7912950, 7938189, 25239
191297, 7912970, 7938203, 25233
191298, 7912980, 7938216, 25236
191299, 7912990, 7938230, 25240
191301, 7913010, 7938257, 25247
191302, 7913020, 7938270, 25250
191303, 7913030, 7938283, 25253
191304, 7913040, 7938297, 25257
191305, 7913050, 7938310, 25260
191306, 7913060, 7938324, 25264
191308, 7913080, 7938337, 25257
191309, 7913090, 7938351, 25261
191310, 7913100, 7938364, 25264
191311, 7913110, 7938378, 25268
191312, 7913120, 7938391, 25271
191313, 7913130, 7938404, 25274
191314, 7913140, 7938418, 25278
191315, 7913150, 7938431, 25281
191316, 7913160, 7942012, 28852
191318, 7913180, 7942026, 28846
191319, 7913190, 7942039, 28849
191320, 7913200, 7942052, 28852
191321, 7913210, 7942066, 28856
191322, 7913220, 7942079, 28859
191323, 7913230, 7942093, 28863
191324, 7913240, 7942106, 28866
191325, 7913250, 7942120, 28870
191326, 7913260, 7942133, 28873
191327, 7913270, 7942146, 28876
191329, 7913290, 7942160, 28870
191330, 7913300, 7942173, 28873
191331, 7913310, 7942187, 28877
191332, 7913320, 7942200, 28880
191333, 7913330, 7942214, 28884
191334, 7913340, 7942227, 28887
191335, 7913350, 7942241, 28891
191336, 7913360, 7942254, 28894
191337, 7913370, 7942267, 28897
191338, 7913380, 7942281, 28901
191340, 7913400, 7942294, 28894
191341, 7913410, 7942308, 28898
191342, 7913420, 7942321, 28901
191343, 7913430, 7942335, 28905
191344, 7913440, 7942348, 28908
191345, 7913450, 7942362, 28912
191346, 7913460, 7942375, 28915
191347, 7913470, 7942388, 28918
191348, 7913480, 7942402, 28922
191351, 7913510, 7942429, 28919
191352, 7913520, 7942442, 28922
191353, 7913530, 7942456, 28926
191354, 7913540, 7942469, 28929
191355, 7913550, 7942482, 28932
191356, 7913560, 7942496, 28936
191357, 7913570, 7942509, 28939
191358, 7913580, 7942523, 28943
191359, 7913590, 7942536, 28946
191361, 7913610, 7942550, 28940
191362, 7913620, 7942563, 28943
191363, 7913630, 7942577, 28947
191364, 7913640, 7942590, 28950
191365, 7913650, 7942603, 28953
191366, 7913660, 7942617, 28957
191367, 7913670, 7942630, 28960
191368, 7913680, 7942644, 28964
191369, 7913690, 7942657, 28967
191371, 7913710, 7942671, 28961
191372, 7913720, 7942684, 28964
191373, 7913730, 7942698, 28968
191374, 7913740, 7942711, 28971
191375, 7913750, 7942724, 28974
191376, 7913760, 7942738, 28978
191377, 7913770, 7942751, 28981
191378, 7913780, 7942765, 28985
191379, 7913790, 7942778, 28988
191380, 7913800, 7942792, 28992
191382, 7913820, 7942805, 28985
191383, 7913830, 7942818, 28988
191384, 7913840, 7942832, 28992
191385, 7913850, 7942845, 28995
191386, 7913860, 7942859, 28999
191387, 7913870, 7942872, 29002
191388, 7913880, 7942886, 29006
191389, 7913890, 7942899, 29009
191390, 7913900, 7942913, 29013
191391, 7913910, 7942926, 29016
191393, 7913930, 7942939, 29009
191394, 7913940, 7942953, 29013
191395, 7913950, 7942966, 29016
191396, 7913960, 7942980, 29020
191397, 7913970, 7942993, 29023
191398, 7913980, 7943007, 29027
191399, 7913990, 7943020, 29030
191802, 7918020, 7943047, 25027
191803, 7918030, 7943060, 25030
191804, 7918040, 7943074, 25034
191805, 7918050, 7943087, 25037
191806, 7918060, 7943101, 25041
191807, 7918070, 7943114, 25044
191808, 7918080, 7943128, 25048
191809, 7918090, 7943141, 25051
191810, 7918100, 7943154, 25054
191812, 7918120, 7943168, 25048
191813, 7918130, 7943181, 25051
191814, 7918140, 7943195, 25055
191815, 7918150, 7943208, 25058
191816, 7918160, 7943222, 25062
191817, 7918170, 7943235, 25065
191818, 7918180, 7943249, 25069
191819, 7918190, 7943262, 25072
191820, 7918200, 7943275, 25075
191821, 7918210, 7943289, 25079
191823, 7918230, 7943302, 25072
191824, 7918240, 7943316, 25076
191825, 7918250, 7943329, 25079
191826, 7918260, 7943343, 25083
191827, 7918270, 7943356, 25086
191828, 7918280, 7943370, 25090
191829, 7918290, 7943383, 25093
191830, 7918300, 7943396, 25096
191831, 7918310, 7943410, 25100
191833, 7918330, 7943423, 25093
191834, 7918340, 7943437, 25097
191835, 7918350, 7943450, 25100
191836, 7918360, 7943464, 25104
191837, 7918370, 7943477, 25107
191838, 7918380, 7943490, 25110
191839, 7918390, 7943504, 25114
191840, 7918400, 7943517, 25117
191841, 7918410, 7943531, 25121
191842, 7918420, 7943544, 25124
191844, 7918440, 7943558, 25118
191845, 7918450, 7943571, 25121
191846, 7918460, 7943585, 25125
191847, 7918470, 7943598, 25128
191848, 7918480, 7943611, 25131
191849, 7918490, 7943625, 25135
191851, 7918510, 7943652, 25142
191852, 7918520, 7943665, 25145
191853, 7918530, 7943679, 25149
191855, 7918550, 7943692, 25142
191856, 7918560, 7943706, 25146
191857, 7918570, 7943719, 25149
191858, 7918580, 7943732, 25152
191859, 7918590, 7943746, 25156
191860, 7918600, 7943759, 25159
191861, 7918610, 7943773, 25163
191862, 7918620, 7943786, 25166
191863, 7918630, 7943800, 25170
191865, 7918650, 7943813, 25163
191866, 7918660, 7943826, 25166
191867, 7918670, 7943840, 25170
191868, 7918680, 7943853, 25173
191869, 7918690, 7943867, 25177
191870, 7918700, 7943880, 25180
191871, 7918710, 7943894, 25184
191872, 7918720, 7943907, 25187
191873, 7918730, 7943921, 25191
191874, 7918740, 7943934, 25194
191876, 7918760, 7943947, 25187
191877, 7918770, 7943961, 25191
191878, 7918780, 7943974, 25194
191879, 7918790, 7943988, 25198
191880, 7918800, 7944001, 25201
191881, 7918810, 7944015, 25205
191882, 7918820, 7944028, 25208
191883, 7918830, 7944042, 25212
191884, 7918840, 7944055, 25215
191885, 7918850, 7944068, 25218
191887, 7918870, 7944082, 25212
191888, 7918880, 7944095, 25215
191889, 7918890, 7944109, 25219
191890, 7918900, 7944122, 25222
191891, 7918910, 7944136, 25226
191892, 7918920, 7944149, 25229
191893, 7918930, 7944162, 25232
191894, 7918940, 7944176, 25236
191895, 7918950, 7944189, 25239
191897, 7918970, 7944203, 25233
191898, 7918980, 7944216, 25236
191899, 7918990, 7944230, 25240
191901, 7919010, 7944257, 25247
191902, 7919020, 7944270, 25250
191903, 7919030, 7944283, 25253
191904, 7919040, 7944297, 25257
191905, 7919050, 7944310, 25260
191906, 7919060, 7944324, 25264
191908, 7919080, 7944337, 25257
191909, 7919090, 7944351, 25261
191910, 7919100, 7944364, 25264
191911, 7919110, 7944378, 25268
191912, 7919120, 7944391, 25271
191913, 7919130, 7944404, 25274
191914, 7919140, 7944418, 25278
191915, 7919150, 7944431, 25281
191916, 7919160, 7948012, 28852
191918, 7919180, 7948026, 28846
191919, 7919190, 7948039, 28849
191920, 7919200, 7948052, 28852
191921, 7919210, 7948066, 28856
191922, 7919220, 7948079, 28859
191923, 7919230, 7948093, 28863
191924, 7919240, 7948106, 28866
191925, 7919250, 7948120, 28870
191926, 7919260, 7948133, 28873
191927, 7919270, 7948146, 28876
191929, 7919290, 7948160, 28870
191930, 7919300, 7948173, 28873
191931, 7919310, 7948187, 28877
191932, 7919320, 7948200, 28880
191933, 7919330, 7948214, 28884
191934, 7919340, 7948227, 28887
191935, 7919350, 7948241, 28891
191936, 7919360, 7948254, 28894
191937, 7919370, 7948267, 28897
191938, 7919380, 7948281, 28901
191940, 7919400, 7948294, 28894
191941, 7919410, 7948308, 28898
191942, 7919420, 7948321, 28901
191943, 7919430, 7948335, 28905
191944, 7919440, 7948348, 28908
191945, 7919450, 7948362, 28912
191946, 7919460, 7948375, 28915
191947, 7919470, 7948388, 28918
191948, 7919480, 7948402, 28922
191951, 7919510, 7948429, 28919
191952, 7919520, 7948442, 28922
191953, 7919530, 7948456, 28926
191954, 7919540, 7948469, 28929
191955, 7919550, 7948482, 28932
191956, 7919560, 7948496, 28936
191957, 7919570, 7948509, 28939
191958, 7919580, 7948523, 28943
191959, 7919590, 7948536, 28946
191961, 7919610, 7948550, 28940
191962, 7919620, 7948563, 28943
191963, 7919630, 7948577, 28947
191964, 7919640, 7948590, 28950
191965, 7919650, 7948603, 28953
191966, 7919660, 7948617, 28957
191967, 7919670, 7948630, 28960
191968, 7919680, 7948644, 28964
191969, 7919690, 7948657, 28967
191971, 7919710, 7948671, 28961
191972, 7919720, 7948684, 28964
191973, 7919730, 7948698, 28968
191974, 7919740, 7948711, 28971
191975, 7919750, 7948724, 28974
191976, 7919760, 7948738, 28978
191977, 7919770, 7948751, 28981
191978, 7919780, 7948765, 28985
191979, 7919790, 7948778, 28988
191980, 7919800, 7948792, 28992
191982, 7919820, 7948805, 28985
191983, 7919830, 7948818, 28988
191984, 7919840, 7948832, 28992
191985, 7919850, 7948845, 28995
191986, 7919860, 7948859, 28999
191987, 7919870, 7948872, 29002
191988, 7919880, 7948886, 29006
191989, 7919890, 7948899, 29009
191990, 7919900, 7948913, 29013
191991, 7919910, 7948926, 29016
191993, 7919930, 7948939, 29009
191994, 7919940, 7948953, 29013
191995, 7919950, 7948966, 29016
191996, 7919960, 7948980, 29020
191997, 7919970, 7948993, 29023
191998, 7919980, 7949007, 29027
191999, 7919990, 7949020, 29030
192402, 7924020, 7949047, 25027
192403, 7924030, 7949060, 25030
192404, 7924040, 7949074, 25034
192405, 7924050, 7949087, 25037
192406, 7924060, 7949101, 25041
192407, 7924070, 7949114, 25044
192408, 7924080, 7949128, 25048
192409, 7924090, 7949141, 25051
192410, 7924100, 7949154, 25054
192412, 7924120, 7949168, 25048
192413, 7924130, 7949181, 25051
192414, 7924140, 7949195, 25055
192415, 7924150, 7949208, 25058
192416, 7924160, 7949222, 25062
192417, 7924170, 7949235, 25065
192418, 7924180, 7949249, 25069
192419, 7924190, 7949262, 25072
192420, 7924200, 7949275, 25075
192421, 7924210, 7949289, 25079
192423, 7924230, 7949302, 25072
192424, 7924240, 7949316, 25076
192425, 7924250, 7949329, 25079
192426, 7924260, 7949343, 25083
192427, 7924270, 7949356, 25086
192428, 7924280, 7949370, 25090
192429, 7924290, 7949383, 25093
192430, 7924300, 7949396, 25096
192431, 7924310, 7949410, 25100
192433, 7924330, 7949423, 25093
192434, 7924340, 7949437, 25097
192435, 7924350, 7949450, 25100
192436, 7924360, 7949464, 25104
192437, 7924370, 7949477, 25107
192438, 7924380, 7949490, 25110
192439, 7924390, 7949504, 25114
192440, 7924400, 7949517, 25117
192441, 7924410, 7949531, 25121
192442, 7924420, 7949544, 25124
192444, 7924440, 7949558, 25118
192445, 7924450, 7949571, 25121
192446, 7924460, 7949585, 25125
192447, 7924470, 7949598, 25128
192448, 7924480, 7949611, 25131
192449, 7924490, 7949625, 25135
192451, 7924510, 7949652, 25142
192452, 7924520, 7949665, 25145
192453, 7924530, 7949679, 25149
192455, 7924550, 7949692, 25142
192456, 7924560, 7949706, 25146
192457, 7924570, 7949719, 25149
192458, 7924580, 7949732, 25152
192459, 7924590, 7949746, 25156
192460, 7924600, 7949759, 25159
192461, 7924610, 7949773, 25163
192462, 7924620, 7949786, 25166
192463, 7924630, 7949800, 25170
192465, 7924650, 7949813, 25163
192466, 7924660, 7949826, 25166
192467, 7924670, 7949840, 25170
192468, 7924680, 7949853, 25173
192469, 7924690, 7949867, 25177
192470, 7924700, 7949880, 25180
192471, 7924710, 7949894, 25184
192472, 7924720, 7949907, 25187
192473, 7924730, 7949921, 25191
192474, 7924740, 7949934, 25194
192476, 7924760, 7949947, 25187
192477, 7924770, 7949961, 25191
192478, 7924780, 7949974, 25194
192479, 7924790, 7949988, 25198
192480, 7924800, 7950001, 25201
192481, 7924810, 7950015, 25205
192482, 7924820, 7950028, 25208
192483, 7924830, 7950042, 25212
192484, 7924840, 7950055, 25215
192485, 7924850, 7950068, 25218
192487, 7924870, 7950082, 25212
192488, 7924880, 7950095, 25215
192489, 7924890, 7950109, 25219
192490, 7924900, 7950122, 25222
192491, 7924910, 7950136, 25226
192492, 7924920, 7950149, 25229
192493, 7924930, 7950162, 25232
192494, 7924940, 7950176, 25236
192495, 7924950, 7950189, 25239
192497, 7924970, 7950203, 25233
192498, 7924980, 7950216, 25236
192499, 7924990, 7950230, 25240
192501, 7925010, 7950257, 25247
192502, 7925020, 7950270, 25250
192503, 7925030, 7950283, 25253
192504, 7925040, 7950297, 25257
192505, 7925050, 7950310, 25260
192506, 7925060, 7950324, 25264
192508, 7925080, 7950337, 25257
192509, 7925090, 7950351, 25261
192510, 7925100, 7950364, 25264
192511, 7925110, 7950378, 25268
192512, 7925120, 7950391, 25271
192513, 7925130, 7950404, 25274
192514, 7925140, 7950418, 25278
192515, 7925150, 7950431, 25281
192516, 7925160, 7954012, 28852
192517, 7925170, 7954026, 28856
192519, 7925190, 7954039, 28849
192520, 7925200, 7954052, 28852
192521, 7925210, 7954066, 28856
192522, 7925220, 7954079, 28859
192523, 7925230, 7954093, 28863
192524, 7925240, 7954106, 28866
192525, 7925250, 7954120, 28870
192526, 7925260, 7954133, 28873
192527, 7925270, 7954146, 28876
192529, 7925290, 7954160, 28870
192530, 7925300, 7954173, 28873
192531, 7925310, 7954187, 28877
192532, 7925320, 7954200, 28880
192533, 7925330, 7954214, 28884
192534, 7925340, 7954227, 28887
192535, 7925350, 7954241, 28891
192536, 7925360, 7954254, 28894
192537, 7925370, 7954267, 28897
192538, 7925380, 7954281, 28901
192540, 7925400, 7954294, 28894
192541, 7925410, 7954308, 28898
192542, 7925420, 7954321, 28901
192543, 7925430, 7954335, 28905
192544, 7925440, 7954348, 28908
192545, 7925450, 7954362, 28912
192546, 7925460, 7954375, 28915
192547, 7925470, 7954388, 28918
192548, 7925480, 7954402, 28922
192551, 7925510, 7954429, 28919
192552, 7925520, 7954442, 28922
192553, 7925530, 7954456, 28926
192554, 7925540, 7954469, 28929
192555, 7925550, 7954482, 28932
192556, 7925560, 7954496, 28936
192557, 7925570, 7954509, 28939
192558, 7925580, 7954523, 28943
192559, 7925590, 7954536, 28946
192561, 7925610, 7954550, 28940
192562, 7925620, 7954563, 28943
192563, 7925630, 7954577, 28947
192564, 7925640, 7954590, 28950
192565, 7925650, 7954603, 28953
192566, 7925660, 7954617, 28957
192567, 7925670, 7954630, 28960
192568, 7925680, 7954644, 28964
192569, 7925690, 7954657, 28967
192570, 7925700, 7954671, 28971
192572, 7925720, 7954684, 28964
192573, 7925730, 7954698, 28968
192574, 7925740, 7954711, 28971
192575, 7925750, 7954724, 28974
192576, 7925760, 7954738, 28978
192577, 7925770, 7954751, 28981
192578, 7925780, 7954765, 28985
192579, 7925790, 7954778, 28988
192580, 7925800, 7954792, 28992
192582, 7925820, 7954805, 28985
192583, 7925830, 7954818, 28988
192584, 7925840, 7954832, 28992
192585, 7925850, 7954845, 28995
192586, 7925860, 7954859, 28999
192587, 7925870, 7954872, 29002
192588, 7925880, 7954886, 29006
192589, 7925890, 7954899, 29009
192590, 7925900, 7954913, 29013
192591, 7925910, 7954926, 29016
192593, 7925930, 7954939, 29009
192594, 7925940, 7954953, 29013
192595, 7925950, 7954966, 29016
192596, 7925960, 7954980, 29020
192597, 7925970, 7954993, 29023
192598, 7925980, 7955007, 29027
192599, 7925990, 7955020, 29030
193002, 7930020, 7955047, 25027
193003, 7930030, 7955060, 25030
193004, 7930040, 7955074, 25034
193005, 7930050, 7955087, 25037
193006, 7930060, 7955101, 25041
193007, 7930070, 7955114, 25044
193008, 7930080, 7955127, 25047
193009, 7930090, 7955141, 25051
193010, 7930100, 7955154, 25054
193012, 7930120, 7955168, 25048
193013, 7930130, 7955181, 25051
193014, 7930140, 7955195, 25055
193015, 7930150, 7955208, 25058
193016, 7930160, 7955222, 25062
193017, 7930170, 7955235, 25065
193018, 7930180, 7955248, 25068
193019, 7930190, 7955262, 25072
193020, 7930200, 7955275, 25075
193021, 7930210, 7955289, 25079
193023, 7930230, 7955302, 25072
193024, 7930240, 7955316, 25076
193025, 7930250, 7955329, 25079
193026, 7930260, 7955342, 25082
193027, 7930270, 7955356, 25086
193028, 7930280, 7955369, 25089
193029, 7930290, 7955383, 25093
193030, 7930300, 7955396, 25096
193031, 7930310, 7955410, 25100
193033, 7930330, 7955423, 25093
193034, 7930340, 7955437, 25097
193035, 7930350, 7955450, 25100
193036, 7930360, 7955463, 25103
193037, 7930370, 7955477, 25107
193038, 7930380, 7955490, 25110
193039, 7930390, 7955504, 25114
193040, 7930400, 7955517, 25117
193041, 7930410, 7955531, 25121
193042, 7930420, 7955544, 25124
193044, 7930440, 7955558, 25118
193045, 7930450, 7955571, 25121
193046, 7930460, 7955584, 25124
193047, 7930470, 7955598, 25128
193048, 7930480, 7955611, 25131
193049, 7930490, 7955625, 25135
193051, 7930510, 7955652, 25142
193052, 7930520, 7955665, 25145
193053, 7930530, 7955678, 25148
193055, 7930550, 7955692, 25142
193056, 7930560, 7955705, 25145
193057, 7930570, 7955719, 25149
193058, 7930580, 7955732, 25152
193059, 7930590, 7955746, 25156
193060, 7930600, 7955759, 25159
193061, 7930610, 7955773, 25163
193062, 7930620, 7955786, 25166
193063, 7930630, 7955799, 25169
193065, 7930650, 7955813, 25163
193066, 7930660, 7955826, 25166
193067, 7930670, 7955840, 25170
193068, 7930680, 7955853, 25173
193069, 7930690, 7955867, 25177
193070, 7930700, 7955880, 25180
193071, 7930710, 7955894, 25184
193072, 7930720, 7955907, 25187
193073, 7930730, 7955920, 25190
193074, 7930740, 7955934, 25194
193076, 7930760, 7955947, 25187
193077, 7930770, 7955961, 25191
193078, 7930780, 7955974, 25194
193079, 7930790, 7955988, 25198
193080, 7930800, 7956001, 25201
193081, 7930810, 7956014, 25204
193082, 7930820, 7956028, 25208
193083, 7930830, 7956041, 25211
193084, 7930840, 7956055, 25215
193085, 7930850, 7956068, 25218
193087, 7930870, 7956082, 25212
193088, 7930880, 7956095, 25215
193089, 7930890, 7956109, 25219
193090, 7930900, 7956122, 25222
193091, 7930910, 7956135, 25225
193092, 7930920, 7956149, 25229
193093, 7930930, 7956162, 25232
193094, 7930940, 7956176, 25236
193095, 7930950, 7956189, 25239
193097, 7930970, 7956203, 25233
193098, 7930980, 7956216, 25236
193099, 7930990, 7956230, 25240
193101, 7931010, 7956256, 25246
193102, 7931020, 7956270, 25250
193103, 7931030, 7956283, 25253
193104, 7931040, 7956297, 25257
193105, 7931050, 7956310, 25260
193106, 7931060, 7956324, 25264
193108, 7931080, 7956337, 25257
193109, 7931090, 7956350, 25260
193110, 7931100, 7956364, 25264
193111, 7931110, 7956377, 25267
193112, 7931120, 7956391, 25271
193113, 7931130, 7956404, 25274
193114, 7931140, 7956418, 25278
193115, 7931150, 7956431, 25281
193116, 7931160, 7960012, 28852
193118, 7931180, 7960026, 28846
193119, 7931190, 7960039, 28849
193120, 7931200, 7960052, 28852
193121, 7931210, 7960066, 28856
193122, 7931220, 7960079, 28859
193123, 7931230, 7960093, 28863
193124, 7931240, 7960106, 28866
193125, 7931250, 7960120, 28870
193126, 7931260, 7960133, 28873
193127, 7931270, 7960146, 28876
193129, 7931290, 7960160, 28870
193130, 7931300, 7960173, 28873
193131, 7931310, 7960187, 28877
193132, 7931320, 7960200, 28880
193133, 7931330, 7960214, 28884
193134, 7931340, 7960227, 28887
193135, 7931350, 7960241, 28891
193136, 7931360, 7960254, 28894
193137, 7931370, 7960267, 28897
193138, 7931380, 7960281, 28901
193140, 7931400, 7960294, 28894
193141, 7931410, 7960308, 28898
193142, 7931420, 7960321, 28901
193143, 7931430, 7960335, 28905
193144, 7931440, 7960348, 28908
193145, 7931450, 7960362, 28912
193146, 7931460, 7960375, 28915
193147, 7931470, 7960388, 28918
193148, 7931480, 7960402, 28922
193151, 7931510, 7960429, 28919
193152, 7931520, 7960442, 28922
193153, 7931530, 7960456, 28926
193154, 7931540, 7960469, 28929
193155, 7931550, 7960482, 28932
193156, 7931560, 7960496, 28936
193157, 7931570, 7960509, 28939
193158, 7931580, 7960523, 28943
193159, 7931590, 7960536, 28946
193161, 7931610, 7960550, 28940
193162, 7931620, 7960563, 28943
193163, 7931630, 7960577, 28947
193164, 7931640, 7960590, 28950
193165, 7931650, 7960603, 28953
193166, 7931660, 7960617, 28957
193167, 7931670, 7960630, 28960
193168, 7931680, 7960644, 28964
193169, 7931690, 7960657, 28967
193171, 7931710, 7960671, 28961
193172, 7931720, 7960684, 28964
193173, 7931730, 7960698, 28968
193174, 7931740, 7960711, 28971
193175, 7931750, 7960724, 28974
193176, 7931760, 7960738, 28978
193177, 7931770, 7960751, 28981
193178, 7931780, 7960765, 28985
193179, 7931790, 7960778, 28988
193180, 7931800, 7960792, 28992
193182, 7931820, 7960805, 28985
193183, 7931830, 7960818, 28988
193184, 7931840, 7960832, 28992
193185, 7931850, 7960845, 28995
193186, 7931860, 7960859, 28999
193187, 7931870, 7960872, 29002
193188, 7931880, 7960886, 29006
193189, 7931890, 7960899, 29009
193190, 7931900, 7960913, 29013
193191, 7931910, 7960926, 29016
193193, 7931930, 7960939, 29009
193194, 7931940, 7960953, 29013
193195, 7931950, 7960966, 29016
193196, 7931960, 7960980, 29020
193197, 7931970, 7960993, 29023
193198, 7931980, 7961007, 29027
193199, 7931990, 7961020, 29030
193602, 7936020, 7961047, 25027
193603, 7936030, 7961060, 25030
193604, 7936040, 7961074, 25034
193605, 7936050, 7961087, 25037
193606, 7936060, 7961101, 25041
193607, 7936070, 7961114, 25044
193608, 7936080, 7961128, 25048
193609, 7936090, 7961141, 25051
193610, 7936100, 7961154, 25054
193612, 7936120, 7961168, 25048
193613, 7936130, 7961181, 25051
193614, 7936140, 7961195, 25055
193615, 7936150, 7961208, 25058
193616, 7936160, 7961222, 25062
193617, 7936170, 7961235, 25065
193618, 7936180, 7961249, 25069
193619, 7936190, 7961262, 25072
193620, 7936200, 7961275, 25075
193621, 7936210, 7961289, 25079
193623, 7936230, 7961302, 25072
193624, 7936240, 7961316, 25076
193625, 7936250, 7961329, 25079
193626, 7936260, 7961343, 25083
193627, 7936270, 7961356, 25086
193628, 7936280, 7961370, 25090
193629, 7936290, 7961383, 25093
193630, 7936300, 7961396, 25096
193631, 7936310, 7961410, 25100
193633, 7936330, 7961423, 25093
193634, 7936340, 7961437, 25097
193635, 7936350, 7961450, 25100
193636, 7936360, 7961464, 25104
193637, 7936370, 7961477, 25107
193638, 7936380, 7961490, 25110
193639, 7936390, 7961504, 25114
193640, 7936400, 7961517, 25117
193641, 7936410, 7961531, 25121
193642, 7936420, 7961544, 25124
193644, 7936440, 7961558, 25118
193645, 7936450, 7961571, 25121
193646, 7936460, 7961585, 25125
193647, 7936470, 7961598, 25128
193648, 7936480, 7961611, 25131
193649, 7936490, 7961625, 25135
193651, 7936510, 7961652, 25142
193652, 7936520, 7961665, 25145
193653, 7936530, 7961679, 25149
193655, 7936550, 7961692, 25142
193656, 7936560, 7961706, 25146
193657, 7936570, 7961719, 25149
193658, 7936580, 7961732, 25152
193659, 7936590, 7961746, 25156
193660, 7936600, 7961759, 25159
193661, 7936610, 7961773, 25163
193662, 7936620, 7961786, 25166
193663, 7936630, 7961800, 25170
193665, 7936650, 7961813, 25163
193666, 7936660, 7961826, 25166
193667, 7936670, 7961840, 25170
193668, 7936680, 7961853, 25173
193669, 7936690, 7961867, 25177
193670, 7936700, 7961880, 25180
193671, 7936710, 7961894, 25184
193672, 7936720, 7961907, 25187
193673, 7936730, 7961921, 25191
193674, 7936740, 7961934, 25194
193676, 7936760, 7961947, 25187
193677, 7936770, 7961961, 25191
193678, 7936780, 7961974, 25194
193679, 7936790, 7961988, 25198
193680, 7936800, 7962001, 25201
193681, 7936810, 7962015, 25205
193682, 7936820, 7962028, 25208
193683, 7936830, 7962042, 25212
193684, 7936840, 7962055, 25215
193685, 7936850, 7962068, 25218
193687, 7936870, 7962082, 25212
193688, 7936880, 7962095, 25215
193689, 7936890, 7962109, 25219
193690, 7936900, 7962122, 25222
193691, 7936910, 7962136, 25226
193692, 7936920, 7962149, 25229
193693, 7936930, 7962162, 25232
193694, 7936940, 7962176, 25236
193695, 7936950, 7962189, 25239
193697, 7936970, 7962203, 25233
193698, 7936980, 7962216, 25236
193699, 7936990, 7962230, 25240
193701, 7937010, 7962257, 25247
193702, 7937020, 7962270, 25250
193703, 7937030, 7962283, 25253
193704, 7937040, 7962297, 25257
193705, 7937050, 7962310, 25260
193706, 7937060, 7962324, 25264
193708, 7937080, 7962337, 25257
193709, 7937090, 7962351, 25261
193710, 7937100, 7962364, 25264
193711, 7937110, 7962378, 25268
193712, 7937120, 7962391, 25271
193713, 7937130, 7962404, 25274
193714, 7937140, 7962418, 25278
193715, 7937150, 7962431, 25281
193716, 7937160, 7966012, 28852
193718, 7937180, 7966026, 28846
193719, 7937190, 7966039, 28849
193720, 7937200, 7966052, 28852
193721, 7937210, 7966066, 28856
193722, 7937220, 7966079, 28859
193723, 7937230, 7966093, 28863
193724, 7937240, 7966106, 28866
193725, 7937250, 7966120, 28870
193726, 7937260, 7966133, 28873
193727, 7937270, 7966146, 28876
193729, 7937290, 7966160, 28870
193730, 7937300, 7966173, 28873
193731, 7937310, 7966187, 28877
193732, 7937320, 7966200, 28880
193733, 7937330, 7966214, 28884
193734, 7937340, 7966227, 28887
193735, 7937350, 7966241, 28891
193736, 7937360, 7966254, 28894
193737, 7937370, 7966267, 28897
193738, 7937380, 7966281, 28901
193740, 7937400, 7966294, 28894
193741, 7937410, 7966308, 28898
193742, 7937420, 7966321, 28901
193743, 7937430, 7966335, 28905
193744, 7937440, 7966348, 28908
193745, 7937450, 7966362, 28912
193746, 7937460, 7966375, 28915
193747, 7937470, 7966388, 28918
193748, 7937480, 7966402, 28922
193751, 7937510, 7966429, 28919
193752, 7937520, 7966442, 28922
193753, 7937530, 7966456, 28926
193754, 7937540, 7966469, 28929
193755, 7937550, 7966482, 28932
193756, 7937560, 7966496, 28936
193757, 7937570, 7966509, 28939
193758, 7937580, 7966523, 28943
193759, 7937590, 7966536, 28946
193761, 7937610, 7966550, 28940
193762, 7937620, 7966563, 28943
193763, 7937630, 7966577, 28947
193764, 7937640, 7966590, 28950
193765, 7937650, 7966603, 28953
193766, 7937660, 7966617, 28957
193767, 7937670, 7966630, 28960
193768, 7937680, 7966644, 28964
193769, 7937690, 7966657, 28967
193771, 7937710, 7966671, 28961
193772, 7937720, 7966684, 28964
193773, 7937730, 7966698, 28968
193774, 7937740, 7966711, 28971
193775, 7937750, 7966724, 28974
193776, 7937760, 7966738, 28978
193777, 7937770, 7966751, 28981
193778, 7937780, 7966765, 28985
193779, 7937790, 7966778, 28988
193780, 7937800, 7966792, 28992
193782, 7937820, 7966805, 28985
193783, 7937830, 7966818, 28988
193784, 7937840, 7966832, 28992
193785, 7937850, 7966845, 28995
193786, 7937860, 7966859, 28999
193787, 7937870, 7966872, 29002
193788, 7937880, 7966886, 29006
193789, 7937890, 7966899, 29009
193790, 7937900, 7966913, 29013
193791, 7937910, 7966926, 29016
193793, 7937930, 7966939, 29009
193794, 7937940, 7966953, 29013
193795, 7937950, 7966966, 29016
193796, 7937960, 7966980, 29020
193797, 7937970, 7966993, 29023
193798, 7937980, 7967007, 29027
193799, 7937990, 7967020, 29030
194202, 7942020, 7967047, 25027
194203, 7942030, 7967060, 25030
194204, 7942040, 7967074, 25034
194205, 7942050, 7967087, 25037
194206, 7942060, 7967101, 25041
194207, 7942070, 7967114, 25044
194208, 7942080, 7967128, 25048
194209, 7942090, 7967141, 25051
194210, 7942100, 7967154, 25054
194212, 7942120, 7967168, 25048
194213, 7942130, 7967181, 25051
194214, 7942140, 7967195, 25055
194215, 7942150, 7967208, 25058
194216, 7942160, 7967222, 25062
194217, 7942170, 7967235, 25065
194218, 7942180, 7967249, 25069
194219, 7942190, 7967262, 25072
194220, 7942200, 7967275, 25075
194221, 7942210, 7967289, 25079
194223, 7942230, 7967302, 25072
194224, 7942240, 7967316, 25076
194225, 7942250, 7967329, 25079
194226, 7942260, 7967343, 25083
194227, 7942270, 7967356, 25086
194228, 7942280, 7967370, 25090
194229, 7942290, 7967383, 25093
194230, 7942300, 7967396, 25096
194231, 7942310, 7967410, 25100
194233, 7942330, 7967423, 25093
194234, 7942340, 7967437, 25097
194235, 7942350, 7967450, 25100
194236, 7942360, 7967464, 25104
194237, 7942370, 7967477, 25107
194238, 7942380, 7967490, 25110
194239, 7942390, 7967504, 25114
194240, 7942400, 7967517, 25117
194241, 7942410, 7967531, 25121
194242, 7942420, 7967544, 25124
194244, 7942440, 7967558, 25118
194245, 7942450, 7967571, 25121
194246, 7942460, 7967585, 25125
194247, 7942470, 7967598, 25128
194248, 7942480, 7967611, 25131
194249, 7942490, 7967625, 25135
194251, 7942510, 7967652, 25142
194252, 7942520, 7967665, 25145
194253, 7942530, 7967679, 25149
194255, 7942550, 7967692, 25142
194256, 7942560, 7967706, 25146
194257, 7942570, 7967719, 25149
194258, 7942580, 7967732, 25152
194259, 7942590, 7967746, 25156
194260, 7942600, 7967759, 25159
194261, 7942610, 7967773, 25163
194262, 7942620, 7967786, 25166
194263, 7942630, 7967800, 25170
194265, 7942650, 7967813, 25163
194266, 7942660, 7967826, 25166
194267, 7942670, 7967840, 25170
194268, 7942680, 7967853, 25173
194269, 7942690, 7967867, 25177
194270, 7942700, 7967880, 25180
194271, 7942710, 7967894, 25184
194272, 7942720, 7967907, 25187
194273, 7942730, 7967921, 25191
194274, 7942740, 7967934, 25194
194276, 7942760, 7967947, 25187
194277, 7942770, 7967961, 25191
194278, 7942780, 7967974, 25194
194279, 7942790, 7967988, 25198
194280, 7942800, 7968001, 25201
194281, 7942810, 7968015, 25205
194282, 7942820, 7968028, 25208
194283, 7942830, 7968042, 25212
194284, 7942840, 7968055, 25215
194285, 7942850, 7968068, 25218
194287, 7942870, 7968082, 25212
194288, 7942880, 7968095, 25215
194289, 7942890, 7968109, 25219
194290, 7942900, 7968122, 25222
194291, 7942910, 7968136, 25226
194292, 7942920, 7968149, 25229
194293, 7942930, 7968162, 25232
194294, 7942940, 7968176, 25236
194295, 7942950, 7968189, 25239
194297, 7942970, 7968203, 25233
194298, 7942980, 7968216, 25236
194299, 7942990, 7968230, 25240
194301, 7943010, 7968257, 25247
194302, 7943020, 7968270, 25250
194303, 7943030, 7968283, 25253
194304, 7943040, 7968297, 25257
194305, 7943050, 7968310, 25260
194306, 7943060, 7968324, 25264
194308, 7943080, 7968337, 25257
194309, 7943090, 7968351, 25261
194310, 7943100, 7968364, 25264
194311, 7943110, 7968378, 25268
194312, 7943120, 7968391, 25271
194313, 7943130, 7968404, 25274
194314, 7943140, 7968418, 25278
194315, 7943150, 7968431, 25281
194316, 7943160, 7972012, 28852
194318, 7943180, 7972026, 28846
194319, 7943190, 7972039, 28849
194320, 7943200, 7972052, 28852
194321, 7943210, 7972066, 28856
194322, 7943220, 7972079, 28859
194323, 7943230, 7972093, 28863
194324, 7943240, 7972106, 28866
194325, 7943250, 7972120, 28870
194326, 7943260, 7972133, 28873
194327, 7943270, 7972146, 28876
194329, 7943290, 7972160, 28870
194330, 7943300, 7972173, 28873
194331, 7943310, 7972187, 28877
194332, 7943320, 7972200, 28880
194333, 7943330, 7972214, 28884
194334, 7943340, 7972227, 28887
194335, 7943350, 7972241, 28891
194336, 7943360, 7972254, 28894
194337, 7943370, 7972267, 28897
194338, 7943380, 7972281, 28901
194340, 7943400, 7972294, 28894
194341, 7943410, 7972308, 28898
194342, 7943420, 7972321, 28901
194343, 7943430, 7972335, 28905
194344, 7943440, 7972348, 28908
194345, 7943450, 7972362, 28912
194346, 7943460, 7972375, 28915
194347, 7943470, 7972388, 28918
194348, 7943480, 7972402, 28922
194351, 7943510, 7972429, 28919
194352, 7943520, 7972442, 28922
194353, 7943530, 7972456, 28926
194354, 7943540, 7972469, 28929
194355, 7943550, 7972482, 28932
194356, 7943560, 7972496, 28936
194357, 7943570, 7972509, 28939
194358, 7943580, 7972523, 28943
194359, 7943590, 7972536, 28946
194361, 7943610, 7972550, 28940
194362, 7943620, 7972563, 28943
194363, 7943630, 7972577, 28947
194364, 7943640, 7972590, 28950
194365, 7943650, 7972603, 28953
194366, 7943660, 7972617, 28957
194367, 7943670, 7972630, 28960
194368, 7943680, 7972644, 28964
194369, 7943690, 7972657, 28967
194371, 7943710, 7972671, 28961
194372, 7943720, 7972684, 28964
194373, 7943730, 7972698, 28968
194374, 7943740, 7972711, 28971
194375, 7943750, 7972724, 28974
194376, 7943760, 7972738, 28978
194377, 7943770, 7972751, 28981
194378, 7943780, 7972765, 28985
194379, 7943790, 7972778, 28988
194380, 7943800, 7972792, 28992
194382, 7943820, 7972805, 28985
194383, 7943830, 7972818, 28988
194384, 7943840, 7972832, 28992
194385, 7943850, 7972845, 28995
194386, 7943860, 7972859, 28999
194387, 7943870, 7972872, 29002
194388, 7943880, 7972886, 29006
194389, 7943890, 7972899, 29009
194390, 7943900, 7972913, 29013
194391, 7943910, 7972926, 29016
194393, 7943930, 7972939, 29009
194394, 7943940, 7972953, 29013
194395, 7943950, 7972966, 29016
194396, 7943960, 7972980, 29020
194397, 7943970, 7972993, 29023
194398, 7943980, 7973007, 29027
194399, 7943990, 7973020, 29030
194802, 7948020, 7973047, 25027
194803, 7948030, 7973060, 25030
194804, 7948040, 7973074, 25034
194805, 7948050, 7973087, 25037
194806, 7948060, 7973101, 25041
194807, 7948070, 7973114, 25044
194808, 7948080, 7973128, 25048
194809, 7948090, 7973141, 25051
194810, 7948100, 7973154, 25054
194812, 7948120, 7973168, 25048
194813, 7948130, 7973181, 25051
194814, 7948140, 7973195, 25055
194815, 7948150, 7973208, 25058
194816, 7948160, 7973222, 25062
194817, 7948170, 7973235, 25065
194818, 7948180, 7973249, 25069
194819, 7948190, 7973262, 25072
194820, 7948200, 7973275, 25075
194821, 7948210, 7973289, 25079
194823, 7948230, 7973302, 25072
194824, 7948240, 7973316, 25076
194825, 7948250, 7973329, 25079
194826, 7948260, 7973343, 25083
194827, 7948270, 7973356, 25086
194828, 7948280, 7973370, 25090
194829, 7948290, 7973383, 25093
194830, 7948300, 7973396, 25096
194831, 7948310, 7973410, 25100
194833, 7948330, 7973423, 25093
194834, 7948340, 7973437, 25097
194835, 7948350, 7973450, 25100
194836, 7948360, 7973464, 25104
194837, 7948370, 7973477, 25107
194838, 7948380, 7973490, 25110
194839, 7948390, 7973504, 25114
194840, 7948400, 7973517, 25117
194841, 7948410, 7973531, 25121
194842, 7948420, 7973544, 25124
194844, 7948440, 7973558, 25118
194845, 7948450, 7973571, 25121
194846, 7948460, 7973585, 25125
194847, 7948470, 7973598, 25128
194848, 7948480, 7973611, 25131
194849, 7948490, 7973625, 25135
194851, 7948510, 7973652, 25142
194852, 7948520, 7973665, 25145
194853, 7948530, 7973679, 25149
194855, 7948550, 7973692, 25142
194856, 7948560, 7973706, 25146
194857, 7948570, 7973719, 25149
194858, 7948580, 7973732, 25152
194859, 7948590, 7973746, 25156
194860, 7948600, 7973759, 25159
194861, 7948610, 7973773, 25163
194862, 7948620, 7973786, 25166
194863, 7948630, 7973800, 25170
194865, 7948650, 7973813, 25163
194866, 7948660, 7973826, 25166
194867, 7948670, 7973840, 25170
194868, 7948680, 7973853, 25173
194869, 7948690, 7973867, 25177
194870, 7948700, 7973880, 25180
194871, 7948710, 7973894, 25184
194872, 7948720, 7973907, 25187
194873, 7948730, 7973921, 25191
194874, 7948740, 7973934, 25194
194876, 7948760, 7973947, 25187
194877, 7948770, 7973961, 25191
194878, 7948780, 7973974, 25194
194879, 7948790, 7973988, 25198
194880, 7948800, 7974001, 25201
194881, 7948810, 7974015, 25205
194882, 7948820, 7974028, 25208
194883, 7948830, 7974042, 25212
194884, 7948840, 7974055, 25215
194885, 7948850, 7974068, 25218
194887, 7948870, 7974082, 25212
194888, 7948880, 7974095, 25215
194889, 7948890, 7974109, 25219
194890, 7948900, 7974122, 25222
194891, 7948910, 7974136, 25226
194892, 7948920, 7974149, 25229
194893, 7948930, 7974162, 25232
194894, 7948940, 7974176, 25236
194895, 7948950, 7974189, 25239
194897, 7948970, 7974203, 25233
194898, 7948980, 7974216, 25236
194899, 7948990, 7974230, 25240
194901, 7949010, 7974257, 25247
194902, 7949020, 7974270, 25250
194903, 7949030, 7974283, 25253
194904, 7949040, 7974297, 25257
194905, 7949050, 7974310, 25260
194906, 7949060, 7974324, 25264
194908, 7949080, 7974337, 25257
194909, 7949090, 7974351, 25261
194910, 7949100, 7974364, 25264
194911, 7949110, 7974378, 25268
194912, 7949120, 7974391, 25271
194913, 7949130, 7974404, 25274
194914, 7949140, 7974418, 25278
194915, 7949150, 7974431, 25281
194916, 7949160, 7978012, 28852
194918, 7949180, 7978026, 28846
194919, 7949190, 7978039, 28849
194920, 7949200, 7978052, 28852
194921, 7949210, 7978066, 28856
194922, 7949220, 7978079, 28859
194923, 7949230, 7978093, 28863
194924, 7949240, 7978106, 28866
194925, 7949250, 7978120, 28870
194926, 7949260, 7978133, 28873
194927, 7949270, 7978146, 28876
194929, 7949290, 7978160, 28870
194930, 7949300, 7978173, 28873
194931, 7949310, 7978187, 28877
194932, 7949320, 7978200, 28880
194933, 7949330, 7978214, 28884
194934, 7949340, 7978227, 28887
194935, 7949350, 7978241, 28891
194936, 7949360, 7978254, 28894
194937, 7949370, 7978267, 28897
194938, 7949380, 7978281, 28901
194940, 7949400, 7978294, 28894
194941, 7949410, 7978308, 28898
194942, 7949420, 7978321, 28901
194943, 7949430, 7978335, 28905
194944, 7949440, 7978348, 28908
194945, 7949450, 7978362, 28912
194946, 7949460, 7978375, 28915
194947, 7949470, 7978388, 28918
194948, 7949480, 7978402, 28922
194951, 7949510, 7978429, 28919
194952, 7949520, 7978442, 28922
194953, 7949530, 7978456, 28926
194954, 7949540, 7978469, 28929
194955, 7949550, 7978482, 28932
194956, 7949560, 7978496, 28936
194957, 7949570, 7978509, 28939
194958, 7949580, 7978523, 28943
194959, 7949590, 7978536, 28946
194961, 7949610, 7978550, 28940
194962, 7949620, 7978563, 28943
194963, 7949630, 7978577, 28947
194964, 7949640, 7978590, 28950
194965, 7949650, 7978603, 28953
194966, 7949660, 7978617, 28957
194967, 7949670, 7978630, 28960
194968, 7949680, 7978644, 28964
194969, 7949690, 7978657, 28967
194971, 7949710, 7978671, 28961
194972, 7949720, 7978684, 28964
194973, 7949730, 7978698, 28968
194974, 7949740, 7978711, 28971
194975, 7949750, 7978724, 28974
194976, 7949760, 7978738, 28978
194977, 7949770, 7978751, 28981
194978, 7949780, 7978765, 28985
194979, 7949790, 7978778, 28988
194980, 7949800, 7978792, 28992
194982, 7949820, 7978805, 28985
194983, 7949830, 7978818, 28988
194984, 7949840, 7978832, 28992
194985, 7949850, 7978845, 28995
194986, 7949860, 7978859, 28999
194987, 7949870, 7978872, 29002
194988, 7949880, 7978886, 29006
194989, 7949890, 7978899, 29009
194990, 7949900, 7978913, 29013
194991, 7949910, 7978926, 29016
194993, 7949930, 7978939, 29009
194994, 7949940, 7978953, 29013
194995, 7949950, 7978966, 29016
194996, 7949960, 7978980, 29020
194997, 7949970, 7978993, 29023
194998, 7949980, 7979007, 29027
194999, 7949990, 7979020, 29030
195402, 7954020, 7979047, 25027
195403, 7954030, 7979060, 25030
195404, 7954040, 7979074, 25034
195405, 7954050, 7979087, 25037
195406, 7954060, 7979101, 25041
195407, 7954070, 7979114, 25044
195408, 7954080, 7979128, 25048
195409, 7954090, 7979141, 25051
195410, 7954100, 7979154, 25054
195412, 7954120, 7979168, 25048
195413, 7954130, 7979181, 25051
195414, 7954140, 7979195, 25055
195415, 7954150, 7979208, 25058
195416, 7954160, 7979222, 25062
195417, 7954170, 7979235, 25065
195418, 7954180, 7979249, 25069
195419, 7954190, 7979262, 25072
195420, 7954200, 7979275, 25075
195421, 7954210, 7979289, 25079
195423, 7954230, 7979302, 25072
195424, 7954240, 7979316, 25076
195425, 7954250, 7979329, 25079
195426, 7954260, 7979343, 25083
195427, 7954270, 7979356, 25086
195428, 7954280, 7979370, 25090
195429, 7954290, 7979383, 25093
195430, 7954300, 7979396, 25096
195431, 7954310, 7979410, 25100
195433, 7954330, 7979423, 25093
195434, 7954340, 7979437, 25097
195435, 7954350, 7979450, 25100
195436, 7954360, 7979464, 25104
195437, 7954370, 7979477, 25107
195438, 7954380, 7979490, 25110
195439, 7954390, 7979504, 25114
195440, 7954400, 7979517, 25117
195441, 7954410, 7979531, 25121
195442, 7954420, 7979544, 25124
195444, 7954440, 7979558, 25118
195445, 7954450, 7979571, 25121
195446, 7954460, 7979585, 25125
195447, 7954470, 7979598, 25128
195448, 7954480, 7979611, 25131
195449, 7954490, 7979625, 25135
195451, 7954510, 7979652, 25142
195452, 7954520, 7979665, 25145
195453, 7954530, 7979679, 25149
195455, 7954550, 7979692, 25142
195456, 7954560, 7979706, 25146
195457, 7954570, 7979719, 25149
195458, 7954580, 7979732, 25152
195459, 7954590, 7979746, 25156
195460, 7954600, 7979759, 25159
195461, 7954610, 7979773, 25163
195462, 7954620, 7979786, 25166
195463, 7954630, 7979800, 25170
195465, 7954650, 7979813, 25163
195466, 7954660, 7979826, 25166
195467, 7954670, 7979840, 25170
195468, 7954680, 7979853, 25173
195469, 7954690, 7979867, 25177
195470, 7954700, 7979880, 25180
195471, 7954710, 7979894, 25184
195472, 7954720, 7979907, 25187
195473, 7954730, 7979921, 25191
195474, 7954740, 7979934, 25194
195476, 7954760, 7979947, 25187
195477, 7954770, 7979961, 25191
195478, 7954780, 7979974, 25194
195479, 7954790, 7979988, 25198
195480, 7954800, 7980001, 25201
195481, 7954810, 7980015, 25205
195482, 7954820, 7980028, 25208
195483, 7954830, 7980042, 25212
195484, 7954840, 7980055, 25215
195485, 7954850, 7980068, 25218
195487, 7954870, 7980082, 25212
195488, 7954880, 7980095, 25215
195489, 7954890, 7980109, 25219
195490, 7954900, 7980122, 25222
195491, 7954910, 7980136, 25226
195492, 7954920, 7980149, 25229
195493, 7954930, 7980162, 25232
195494, 7954940, 7980176, 25236
195495, 7954950, 7980189, 25239
195497, 7954970, 7980203, 25233
195498, 7954980, 7980216, 25236
195499, 7954990, 7980230, 25240
195501, 7955010, 7980257, 25247
195502, 7955020, 7980270, 25250
195503, 7955030, 7980283, 25253
195504, 7955040, 7980297, 25257
195505, 7955050, 7980310, 25260
195506, 7955060, 7980324, 25264
195508, 7955080, 7980337, 25257
195509, 7955090, 7980351, 25261
195510, 7955100, 7980364, 25264
195511, 7955110, 7980378, 25268
195512, 7955120, 7980391, 25271
195513, 7955130, 7980404, 25274
195514, 7955140, 7980418, 25278
195515, 7955150, 7980431, 25281
195516, 7955160, 7984012, 28852
195517, 7955170, 7984026, 28856
195519, 7955190, 7984039, 28849
195520, 7955200, 7984052, 28852
195521, 7955210, 7984066, 28856
195522, 7955220, 7984079, 28859
195523, 7955230, 7984093, 28863
195524, 7955240, 7984106, 28866
195525, 7955250, 7984120, 28870
195526, 7955260, 7984133, 28873
195527, 7955270, 7984146, 28876
195529, 7955290, 7984160, 28870
195530, 7955300, 7984173, 28873
195531, 7955310, 7984187, 28877
195532, 7955320, 7984200, 28880
195533, 7955330, 7984214, 28884
195534, 7955340, 7984227, 28887
195535, 7955350, 7984241, 28891
195536, 7955360, 7984254, 28894
195537, 7955370, 7984267, 28897
195538, 7955380, 7984281, 28901
195540, 7955400, 7984294, 28894
195541, 7955410, 7984308, 28898
195542, 7955420, 7984321, 28901
195543, 7955430, 7984335, 28905
195544, 7955440, 7984348, 28908
195545, 7955450, 7984362, 28912
195546, 7955460, 7984375, 28915
195547, 7955470, 7984388, 28918
195548, 7955480, 7984402, 28922
195551, 7955510, 7984429, 28919
195552, 7955520, 7984442, 28922
195553, 7955530, 7984456, 28926
195554, 7955540, 7984469, 28929
195555, 7955550, 7984482, 28932
195556, 7955560, 7984496, 28936
195557, 7955570, 7984509, 28939
195558, 7955580, 7984523, 28943
195559, 7955590, 7984536, 28946
195561, 7955610, 7984550, 28940
195562, 7955620, 7984563, 28943
195563, 7955630, 7984577, 28947
195564, 7955640, 7984590, 28950
195565, 7955650, 7984603, 28953
195566, 7955660, 7984617, 28957
195567, 7955670, 7984630, 28960
195568, 7955680, 7984644, 28964
195569, 7955690, 7984657, 28967
195570, 7955700, 7984671, 28971
195572, 7955720, 7984684, 28964
195573, 7955730, 7984698, 28968
195574, 7955740, 7984711, 28971
195575, 7955750, 7984724, 28974
195576, 7955760, 7984738, 28978
195577, 7955770, 7984751, 28981
195578, 7955780, 7984765, 28985
195579, 7955790, 7984778, 28988
195580, 7955800, 7984792, 28992
195582, 7955820, 7984805, 28985
195583, 7955830, 7984818, 28988
195584, 7955840, 7984832, 28992
195585, 7955850, 7984845, 28995
195586, 7955860, 7984859, 28999
195587, 7955870, 7984872, 29002
195588, 7955880, 7984886, 29006
195589, 7955890, 7984899, 29009
195590, 7955900, 7984913, 29013
195591, 7955910, 7984926, 29016
195593, 7955930, 7984939, 29009
195594, 7955940, 7984953, 29013
195595, 7955950, 7984966, 29016
195596, 7955960, 7984980, 29020
195597, 7955970, 7984993, 29023
195598, 7955980, 7985007, 29027
195599, 7955990, 7985020, 29030
196002, 7960020, 7985047, 25027
196003, 7960030, 7985060, 25030
196004, 7960040, 7985074, 25034
196005, 7960050, 7985087, 25037
196006, 7960060, 7985101, 25041
196007, 7960070, 7985114, 25044
196008, 7960080, 7985127, 25047
196009, 7960090, 7985141, 25051
196010, 7960100, 7985154, 25054
196012, 7960120, 7985168, 25048
196013, 7960130, 7985181, 25051
196014, 7960140, 7985195, 25055
196015, 7960150, 7985208, 25058
196016, 7960160, 7985222, 25062
196017, 7960170, 7985235, 25065
196018, 7960180, 7985248, 25068
196019, 7960190, 7985262, 25072
196020, 7960200, 7985275, 25075
196021, 7960210, 7985289, 25079
196023, 7960230, 7985302, 25072
196024, 7960240, 7985316, 25076
196025, 7960250, 7985329, 25079
196026, 7960260, 7985342, 25082
196027, 7960270, 7985356, 25086
196028, 7960280, 7985369, 25089
196029, 7960290, 7985383, 25093
196030, 7960300, 7985396, 25096
196031, 7960310, 7985410, 25100
196033, 7960330, 7985423, 25093
196034, 7960340, 7985437, 25097
196035, 7960350, 7985450, 25100
196036, 7960360, 7985463, 25103
196037, 7960370, 7985477, 25107
196038, 7960380, 7985490, 25110
196039, 7960390, 7985504, 25114
196040, 7960400, 7985517, 25117
196041, 7960410, 7985531, 25121
196042, 7960420, 7985544, 25124
196044, 7960440, 7985558, 25118
196045, 7960450, 7985571, 25121
196046, 7960460, 7985584, 25124
196047, 7960470, 7985598, 25128
196048, 7960480, 7985611, 25131
196049, 7960490, 7985625, 25135
196051, 7960510, 7985652, 25142
196052, 7960520, 7985665, 25145
196053, 7960530, 7985678, 25148
196055, 7960550, 7985692, 25142
196056, 7960560, 7985705, 25145
196057, 7960570, 7985719, 25149
196058, 7960580, 7985732, 25152
196059, 7960590, 7985746, 25156
196060, 7960600, 7985759, 25159
196061, 7960610, 7985773, 25163
196062, 7960620, 7985786, 25166
196063, 7960630, 7985799, 25169
196065, 7960650, 7985813, 25163
196066, 7960660, 7985826, 25166
196067, 7960670, 7985840, 25170
196068, 7960680, 7985853, 25173
196069, 7960690, 7985867, 25177
196070, 7960700, 7985880, 25180
196071, 7960710, 7985894, 25184
196072, 7960720, 7985907, 25187
196073, 7960730, 7985920, 25190
196074, 7960740, 7985934, 25194
196076, 7960760, 7985947, 25187
196077, 7960770, 7985961, 25191
196078, 7960780, 7985974, 25194
196079, 7960790, 7985988, 25198
196080, 7960800, 7986001, 25201
196081, 7960810, 7986014, 25204
196082, 7960820, 7986028, 25208
196083, 7960830, 7986041, 25211
196084, 7960840, 7986055, 25215
196085, 7960850, 7986068, 25218
196087, 7960870, 7986082, 25212
196088, 7960880, 7986095, 25215
196089, 7960890, 7986109, 25219
196090, 7960900, 7986122, 25222
196091, 7960910, 7986135, 25225
196092, 7960920, 7986149, 25229
196093, 7960930, 7986162, 25232
196094, 7960940, 7986176, 25236
196095, 7960950, 7986189, 25239
196097, 7960970, 7986203, 25233
196098, 7960980, 7986216, 25236
196099, 7960990, 7986230, 25240
196101, 7961010, 7986256, 25246
196102, 7961020, 7986270, 25250
196103, 7961030, 7986283, 25253
196104, 7961040, 7986297, 25257
196105, 7961050, 7986310, 25260
196106, 7961060, 7986324, 25264
196108, 7961080, 7986337, 25257
196109, 7961090, 7986350, 25260
196110, 7961100, 7986364, 25264
196111, 7961110, 7986377, 25267
196112, 7961120, 7986391, 25271
196113, 7961130, 7986404, 25274
196114, 7961140, 7986418, 25278
196115, 7961150, 7986431, 25281
196116, 7961160, 7990012, 28852
196118, 7961180, 7990026, 28846
196119, 7961190, 7990039, 28849
196120, 7961200, 7990052, 28852
196121, 7961210, 7990066, 28856
196122, 7961220, 7990079, 28859
196123, 7961230, 7990093, 28863
196124, 7961240, 7990106, 28866
196125, 7961250, 7990120, 28870
196126, 7961260, 7990133, 28873
196127, 7961270, 7990146, 28876
196129, 7961290, 7990160, 28870
196130, 7961300, 7990173, 28873
196131, 7961310, 7990187, 28877
196132, 7961320, 7990200, 28880
196133, 7961330, 7990214, 28884
196134, 7961340, 7990227, 28887
196135, 7961350, 7990241, 28891
196136, 7961360, 7990254, 28894
196137, 7961370, 7990267, 28897
196138, 7961380, 7990281, 28901
196140, 7961400, 7990294, 28894
196141, 7961410, 7990308, 28898
196142, 7961420, 7990321, 28901
196143, 7961430, 7990335, 28905
196144, 7961440, 7990348, 28908
196145, 7961450, 7990362, 28912
196146, 7961460, 7990375, 28915
196147, 7961470, 7990388, 28918
196148, 7961480, 7990402, 28922
196151, 7961510, 7990429, 28919
196152, 7961520, 7990442, 28922
196153, 7961530, 7990456, 28926
196154, 7961540, 7990469, 28929
196155, 7961550, 7990482, 28932
196156, 7961560, 7990496, 28936
196157, 7961570, 7990509, 28939
196158, 7961580, 7990523, 28943
196159, 7961590, 7990536, 28946
196161, 7961610, 7990550, 28940
196162, 7961620, 7990563, 28943
196163, 7961630, 7990577, 28947
196164, 7961640, 7990590, 28950
196165, 7961650, 7990603, 28953
196166, 7961660, 7990617, 28957
196167, 7961670, 7990630, 28960
196168, 7961680, 7990644, 28964
196169, 7961690, 7990657, 28967
196171, 7961710, 7990671, 28961
196172, 7961720, 7990684, 28964
196173, 7961730, 7990698, 28968
196174, 7961740, 7990711, 28971
196175, 7961750, 7990724, 28974
196176, 7961760, 7990738, 28978
196177, 7961770, 7990751, 28981
196178, 7961780, 7990765, 28985
196179, 7961790, 7990778, 28988
196180, 7961800, 7990792, 28992
196182, 7961820, 7990805, 28985
196183, 7961830, 7990818, 28988
196184, 7961840, 7990832, 28992
196185, 7961850, 7990845, 28995
196186, 7961860, 7990859, 28999
196187, 7961870, 7990872, 29002
196188, 7961880, 7990886, 29006
196189, 7961890, 7990899, 29009
196190, 7961900, 7990913, 29013
196191, 7961910, 7990926, 29016
196193, 7961930, 7990939, 29009
196194, 7961940, 7990953, 29013
196195, 7961950, 7990966, 29016
196196, 7961960, 7990980, 29020
196197, 7961970, 7990993, 29023
196198, 7961980, 7991007, 29027
196199, 7961990, 7991020, 29030
196602, 7966020, 7991047, 25027
196603, 7966030, 7991060, 25030
196604, 7966040, 7991074, 25034
196605, 7966050, 7991087, 25037
196606, 7966060, 7991101, 25041
196607, 7966070, 7991114, 25044
196608, 7966080, 7991128, 25048
196609, 7966090, 7991141, 25051
196610, 7966100, 7991154, 25054
196612, 7966120, 7991168, 25048
196613, 7966130, 7991181, 25051
196614, 7966140, 7991195, 25055
196615, 7966150, 7991208, 25058
196616, 7966160, 7991222, 25062
196617, 7966170, 7991235, 25065
196618, 7966180, 7991249, 25069
196619, 7966190, 7991262, 25072
196620, 7966200, 7991275, 25075
196621, 7966210, 7991289, 25079
196623, 7966230, 7991302, 25072
196624, 7966240, 7991316, 25076
196625, 7966250, 7991329, 25079
196626, 7966260, 7991343, 25083
196627, 7966270, 7991356, 25086
196628, 7966280, 7991370, 25090
196629, 7966290, 7991383, 25093
196630, 7966300, 7991396, 25096
196631, 7966310, 7991410, 25100
196633, 7966330, 7991423, 25093
196634, 7966340, 7991437, 25097
196635, 7966350, 7991450, 25100
196636, 7966360, 7991464, 25104
196637, 7966370, 7991477, 25107
196638, 7966380, 7991490, 25110
196639, 7966390, 7991504, 25114
196640, 7966400, 7991517, 25117
196641, 7966410, 7991531, 25121
196642, 7966420, 7991544, 25124
196644, 7966440, 7991558, 25118
196645, 7966450, 7991571, 25121
196646, 7966460, 7991585, 25125
196647, 7966470, 7991598, 25128
196648, 7966480, 7991611, 25131
196649, 7966490, 7991625, 25135
196651, 7966510, 7991652, 25142
196652, 7966520, 7991665, 25145
196653, 7966530, 7991679, 25149
196655, 7966550, 7991692, 25142
196656, 7966560, 7991706, 25146
196657, 7966570, 7991719, 25149
196658, 7966580, 7991732, 25152
196659, 7966590, 7991746, 25156
196660, 7966600, 7991759, 25159
196661, 7966610, 7991773, 25163
196662, 7966620, 7991786, 25166
196663, 7966630, 7991800, 25170
196665, 7966650, 7991813, 25163
196666, 7966660, 7991826, 25166
196667, 7966670, 7991840, 25170
196668, 7966680, 7991853, 25173
196669, 7966690, 7991867, 25177
196670, 7966700, 7991880, 25180
196671, 7966710, 7991894, 25184
196672, 7966720, 7991907, 25187
196673, 7966730, 7991921, 25191
196674, 7966740, 7991934, 25194
196676, 7966760, 7991947, 25187
196677, 7966770, 7991961, 25191
196678, 7966780, 7991974, 25194
196679, 7966790, 7991988, 25198
196680, 7966800, 7992001, 25201
196681, 7966810, 7992015, 25205
196682, 7966820, 7992028, 25208
196683, 7966830, 7992042, 25212
196684, 7966840, 7992055, 25215
196685, 7966850, 7992068, 25218
196687, 7966870, 7992082, 25212
196688, 7966880, 7992095, 25215
196689, 7966890, 7992109, 25219
196690, 7966900, 7992122, 25222
196691, 7966910, 7992136, 25226
196692, 7966920, 7992149, 25229
196693, 7966930, 7992162, 25232
196694, 7966940, 7992176, 25236
196695, 7966950, 7992189, 25239
196697, 7966970, 7992203, 25233
196698, 7966980, 7992216, 25236
196699, 7966990, 7992230, 25240
196701, 7967010, 7992257, 25247
196702, 7967020, 7992270, 25250
196703, 7967030, 7992283, 25253
196704, 7967040, 7992297, 25257
196705, 7967050, 7992310, 25260
196706, 7967060, 7992324, 25264
196708, 7967080, 7992337, 25257
196709, 7967090, 7992351, 25261
196710, 7967100, 7992364, 25264
196711, 7967110, 7992378, 25268
196712, 7967120, 7992391, 25271
196713, 7967130, 7992404, 25274
196714, 7967140, 7992418, 25278
196715, 7967150, 7992431, 25281
196716, 7967160, 7996012, 28852
196718, 7967180, 7996026, 28846
196719, 7967190, 7996039, 28849
196720, 7967200, 7996052, 28852
196721, 7967210, 7996066, 28856
196722, 7967220, 7996079, 28859
196723, 7967230, 7996093, 28863
196724, 7967240, 7996106, 28866
196725, 7967250, 7996120, 28870
196726, 7967260, 7996133, 28873
196727, 7967270, 7996146, 28876
196729, 7967290, 7996160, 28870
196730, 7967300, 7996173, 28873
196731, 7967310, 7996187, 28877
196732, 7967320, 7996200, 28880
196733, 7967330, 7996214, 28884
196734, 7967340, 7996227, 28887
196735, 7967350, 7996241, 28891
196736, 7967360, 7996254, 28894
196737, 7967370, 7996267, 28897
196738, 7967380, 7996281, 28901
196740, 7967400, 7996294, 28894
196741, 7967410, 7996308, 28898
196742, 7967420, 7996321, 28901
196743, 7967430, 7996335, 28905
196744, 7967440, 7996348, 28908
196745, 7967450, 7996362, 28912
196746, 7967460, 7996375, 28915
196747, 7967470, 7996388, 28918
196748, 7967480, 7996402, 28922
196751, 7967510, 7996429, 28919
196752, 7967520, 7996442, 28922
196753, 7967530, 7996456, 28926
196754, 7967540, 7996469, 28929
196755, 7967550, 7996482, 28932
196756, 7967560, 7996496, 28936
196757, 7967570, 7996509, 28939
196758, 7967580, 7996523, 28943
196759, 7967590, 7996536, 28946
196761, 7967610, 7996550, 28940
196762, 7967620, 7996563, 28943
196763, 7967630, 7996577, 28947
196764, 7967640, 7996590, 28950
196765, 7967650, 7996603, 28953
196766, 7967660, 7996617, 28957
196767, 7967670, 7996630, 28960
196768, 7967680, 7996644, 28964
196769, 7967690, 7996657, 28967
196771, 7967710, 7996671, 28961
196772, 7967720, 7996684, 28964
196773, 7967730, 7996698, 28968
196774, 7967740, 7996711, 28971
196775, 7967750, 7996724, 28974
196776, 7967760, 7996738, 28978
196777, 7967770, 7996751, 28981
196778, 7967780, 7996765, 28985
196779, 7967790, 7996778, 28988
196780, 7967800, 7996792, 28992
196782, 7967820, 7996805, 28985
196783, 7967830, 7996818, 28988
196784, 7967840, 7996832, 28992
196785, 7967850, 7996845, 28995
196786, 7967860, 7996859, 28999
196787, 7967870, 7996872, 29002
196788, 7967880, 7996886, 29006
196789, 7967890, 7996899, 29009
196790, 7967900, 7996913, 29013
196791, 7967910, 7996926, 29016
196793, 7967930, 7996939, 29009
196794, 7967940, 7996953, 29013
196795, 7967950, 7996966, 29016
196796, 7967960, 7996980, 29020
196797, 7967970, 7996993, 29023
196798, 7967980, 7997007, 29027
196799, 7967990, 7997020, 29030
197202, 7972020, 7997047, 25027
197203, 7972030, 7997060, 25030
197204, 7972040, 7997074, 25034
197205, 7972050, 7997087, 25037
197206, 7972060, 7997101, 25041
197207, 7972070, 7997114, 25044
197208, 7972080, 7997128, 25048
197209, 7972090, 7997141, 25051
197210, 7972100, 7997154, 25054
197212, 7972120, 7997168, 25048
197213, 7972130, 7997181, 25051
197214, 7972140, 7997195, 25055
197215, 7972150, 7997208, 25058
197216, 7972160, 7997222, 25062
197217, 7972170, 7997235, 25065
197218, 7972180, 7997249, 25069
197219, 7972190, 7997262, 25072
197220, 7972200, 7997275, 25075
197221, 7972210, 7997289, 25079
197223, 7972230, 7997302, 25072
197224, 7972240, 7997316, 25076
197225, 7972250, 7997329, 25079
197226, 7972260, 7997343, 25083
197227, 7972270, 7997356, 25086
197228, 7972280, 7997370, 25090
197229, 7972290, 7997383, 25093
197230, 7972300, 7997396, 25096
197231, 7972310, 7997410, 25100
197233, 7972330, 7997423, 25093
197234, 7972340, 7997437, 25097
197235, 7972350, 7997450, 25100
197236, 7972360, 7997464, 25104
197237, 7972370, 7997477, 25107
197238, 7972380, 7997490, 25110
197239, 7972390, 7997504, 25114
197240, 7972400, 7997517, 25117
197241, 7972410, 7997531, 25121
197242, 7972420, 7997544, 25124
197244, 7972440, 7997558, 25118
197245, 7972450, 7997571, 25121
197246, 7972460, 7997585, 25125
197247, 7972470, 7997598, 25128
197248, 7972480, 7997611, 25131
197249, 7972490, 7997625, 25135
197251, 7972510, 7997652, 25142
197252, 7972520, 7997665, 25145
197253, 7972530, 7997679, 25149
197255, 7972550, 7997692, 25142
197256, 7972560, 7997706, 25146
197257, 7972570, 7997719, 25149
197258, 7972580, 7997732, 25152
197259, 7972590, 7997746, 25156
197260, 7972600, 7997759, 25159
197261, 7972610, 7997773, 25163
197262, 7972620, 7997786, 25166
197263, 7972630, 7997800, 25170
197265, 7972650, 7997813, 25163
197266, 7972660, 7997826, 25166
197267, 7972670, 7997840, 25170
197268, 7972680, 7997853, 25173
197269, 7972690, 7997867, 25177
197270, 7972700, 7997880, 25180
197271, 7972710, 7997894, 25184
197272, 7972720, 7997907, 25187
197273, 7972730, 7997921, 25191
197274, 7972740, 7997934, 25194
197276, 7972760, 7997947, 25187
197277, 7972770, 7997961, 25191
197278, 7972780, 7997974, 25194
197279, 7972790, 7997988, 25198
197280, 7972800, 7998001, 25201
197281, 7972810, 7998015, 25205
197282, 7972820, 7998028, 25208
197283, 7972830, 7998042, 25212
197284, 7972840, 7998055, 25215
197285, 7972850, 7998068, 25218
197287, 7972870, 7998082, 25212
197288, 7972880, 7998095, 25215
197289, 7972890, 7998109, 25219
197290, 7972900, 7998122, 25222
197291, 7972910, 7998136, 25226
197292, 7972920, 7998149, 25229
197293, 7972930, 7998162, 25232
197294, 7972940, 7998176, 25236
197295, 7972950, 7998189, 25239
197297, 7972970, 7998203, 25233
197298, 7972980, 7998216, 25236
197299, 7972990, 7998230, 25240
197301, 7973010, 7998257, 25247
197302, 7973020, 7998270, 25250
197303, 7973030, 7998283, 25253
197304, 7973040, 7998297, 25257
197305, 7973050, 7998310, 25260
197306, 7973060, 7998324, 25264
197308, 7973080, 7998337, 25257
197309, 7973090, 7998351, 25261
197310, 7973100, 7998364, 25264
197311, 7973110, 7998378, 25268
197312, 7973120, 7998391, 25271
197313, 7973130, 7998404, 25274
197314, 7973140, 7998418, 25278
197315, 7973150, 7998431, 25281
197316, 7973160, 8002012, 28852
197318, 7973180, 8002026, 28846
197319, 7973190, 8002039, 28849
197320, 7973200, 8002052, 28852
197321, 7973210, 8002066, 28856
197322, 7973220, 8002079, 28859
197323, 7973230, 8002093, 28863
197324, 7973240, 8002106, 28866
197325, 7973250, 8002120, 28870
197326, 7973260, 8002133, 28873
197327, 7973270, 8002146, 28876
197329, 7973290, 8002160, 28870
197330, 7973300, 8002173, 28873
197331, 7973310, 8002187, 28877
197332, 7973320, 8002200, 28880
197333, 7973330, 8002214, 28884
197334, 7973340, 8002227, 28887
197335, 7973350, 8002241, 28891
197336, 7973360, 8002254, 28894
197337, 7973370, 8002267, 28897
197338, 7973380, 8002281, 28901
197340, 7973400, 8002294, 28894
197341, 7973410, 8002308, 28898
197342, 7973420, 8002321, 28901
197343, 7973430, 8002335, 28905
197344, 7973440, 8002348, 28908
197345, 7973450, 8002362, 28912
197346, 7973460, 8002375, 28915
197347, 7973470, 8002388, 28918
197348, 7973480, 8002402, 28922
197351, 7973510, 8002429, 28919
197352, 7973520, 8002442, 28922
197353, 7973530, 8002456, 28926
197354, 7973540, 8002469, 28929
197355, 7973550, 8002482, 28932
197356, 7973560, 8002496, 28936
197357, 7973570, 8002509, 28939
197358, 7973580, 8002523, 28943
197359, 7973590, 8002536, 28946
197361, 7973610, 8002550, 28940
197362, 7973620, 8002563, 28943
197363, 7973630, 8002577, 28947
197364, 7973640, 8002590, 28950
197365, 7973650, 8002603, 28953
197366, 7973660, 8002617, 28957
197367, 7973670, 8002630, 28960
197368, 7973680, 8002644, 28964
197369, 7973690, 8002657, 28967
197371, 7973710, 8002671, 28961
197372, 7973720, 8002684, 28964
197373, 7973730, 8002698, 28968
197374, 7973740, 8002711, 28971
197375, 7973750, 8002724, 28974
197376, 7973760, 8002738, 28978
197377, 7973770, 8002751, 28981
197378, 7973780, 8002765, 28985
197379, 7973790, 8002778, 28988
197380, 7973800, 8002792, 28992
197382, 7973820, 8002805, 28985
197383, 7973830, 8002818, 28988
197384, 7973840, 8002832, 28992
197385, 7973850, 8002845, 28995
197386, 7973860, 8002859, 28999
197387, 7973870, 8002872, 29002
197388, 7973880, 8002886, 29006
197389, 7973890, 8002899, 29009
197390, 7973900, 8002913, 29013
197391, 7973910, 8002926, 29016
197393, 7973930, 8002939, 29009
197394, 7973940, 8002953, 29013
197395, 7973950, 8002966, 29016
197396, 7973960, 8002980, 29020
197397, 7973970, 8002993, 29023
197398, 7973980, 8003007, 29027
197399, 7973990, 8003020, 29030
197802, 7978020, 8003047, 25027
197803, 7978030, 8003060, 25030
197804, 7978040, 8003074, 25034
197805, 7978050, 8003087, 25037
197806, 7978060, 8003101, 25041
197807, 7978070, 8003114, 25044
197808, 7978080, 8003128, 25048
197809, 7978090, 8003141, 25051
197810, 7978100, 8003154, 25054
197812, 7978120, 8003168, 25048
197813, 7978130, 8003181, 25051
197814, 7978140, 8003195, 25055
197815, 7978150, 8003208, 25058
197816, 7978160, 8003222, 25062
197817, 7978170, 8003235, 25065
197818, 7978180, 8003249, 25069
197819, 7978190, 8003262, 25072
197820, 7978200, 8003275, 25075
197821, 7978210, 8003289, 25079
197823, 7978230, 8003302, 25072
197824, 7978240, 8003316, 25076
197825, 7978250, 8003329, 25079
197826, 7978260, 8003343, 25083
197827, 7978270, 8003356, 25086
197828, 7978280, 8003370, 25090
197829, 7978290, 8003383, 25093
197830, 7978300, 8003396, 25096
197831, 7978310, 8003410, 25100
197833, 7978330, 8003423, 25093
197834, 7978340, 8003437, 25097
197835, 7978350, 8003450, 25100
197836, 7978360, 8003464, 25104
197837, 7978370, 8003477, 25107
197838, 7978380, 8003490, 25110
197839, 7978390, 8003504, 25114
197840, 7978400, 8003517, 25117
197841, 7978410, 8003531, 25121
197842, 7978420, 8003544, 25124
197844, 7978440, 8003558, 25118
197845, 7978450, 8003571, 25121
197846, 7978460, 8003585, 25125
197847, 7978470, 8003598, 25128
197848, 7978480, 8003611, 25131
197849, 7978490, 8003625, 25135
197851, 7978510, 8003652, 25142
197852, 7978520, 8003665, 25145
197853, 7978530, 8003679, 25149
197855, 7978550, 8003692, 25142
197856, 7978560, 8003706, 25146
197857, 7978570, 8003719, 25149
197858, 7978580, 8003732, 25152
197859, 7978590, 8003746, 25156
197860, 7978600, 8003759, 25159
197861, 7978610, 8003773, 25163
197862, 7978620, 8003786, 25166
197863, 7978630, 8003800, 25170
197865, 7978650, 8003813, 25163
197866, 7978660, 8003826, 25166
197867, 7978670, 8003840, 25170
197868, 7978680, 8003853, 25173
197869, 7978690, 8003867, 25177
197870, 7978700, 8003880, 25180
197871, 7978710, 8003894, 25184
197872, 7978720, 8003907, 25187
197873, 7978730, 8003921, 25191
197874, 7978740, 8003934, 25194
197876, 7978760, 8003947, 25187
197877, 7978770, 8003961, 25191
197878, 7978780, 8003974, 25194
197879, 7978790, 8003988, 25198
197880, 7978800, 8004001, 25201
197881, 7978810, 8004015, 25205
197882, 7978820, 8004028, 25208
197883, 7978830, 8004042, 25212
197884, 7978840, 8004055, 25215
197885, 7978850, 8004068, 25218
197887, 7978870, 8004082, 25212
197888, 7978880, 8004095, 25215
197889, 7978890, 8004109, 25219
197890, 7978900, 8004122, 25222
197891, 7978910, 8004136, 25226
197892, 7978920, 8004149, 25229
197893, 7978930, 8004162, 25232
197894, 7978940, 8004176, 25236
197895, 7978950, 8004189, 25239
197897, 7978970, 8004203, 25233
197898, 7978980, 8004216, 25236
197899, 7978990, 8004230, 25240
197901, 7979010, 8004257, 25247
197902, 7979020, 8004270, 25250
197903, 7979030, 8004283, 25253
197904, 7979040, 8004297, 25257
197905, 7979050, 8004310, 25260
197906, 7979060, 8004324, 25264
197908, 7979080, 8004337, 25257
197909, 7979090, 8004351, 25261
197910, 7979100, 8004364, 25264
197911, 7979110, 8004378, 25268
197912, 7979120, 8004391, 25271
197913, 7979130, 8004404, 25274
197914, 7979140, 8004418, 25278
197915, 7979150, 8004431, 25281
197916, 7979160, 8008012, 28852
197918, 7979180, 8008026, 28846
197919, 7979190, 8008039, 28849
197920, 7979200, 8008052, 28852
197921, 7979210, 8008066, 28856
197922, 7979220, 8008079, 28859
197923, 7979230, 8008093, 28863
197924, 7979240, 8008106, 28866
197925, 7979250, 8008120, 28870
197926, 7979260, 8008133, 28873
197927, 7979270, 8008146, 28876
197929, 7979290, 8008160, 28870
197930, 7979300, 8008173, 28873
197931, 7979310, 8008187, 28877
197932, 7979320, 8008200, 28880
197933, 7979330, 8008214, 28884
197934, 7979340, 8008227, 28887
197935, 7979350, 8008241, 28891
197936, 7979360, 8008254, 28894
197937, 7979370, 8008267, 28897
197938, 7979380, 8008281, 28901
197940, 7979400, 8008294, 28894
197941, 7979410, 8008308, 28898
197942, 7979420, 8008321, 28901
197943, 7979430, 8008335, 28905
197944, 7979440, 8008348, 28908
197945, 7979450, 8008362, 28912
197946, 7979460, 8008375, 28915
197947, 7979470, 8008388, 28918
197948, 7979480, 8008402, 28922
197951, 7979510, 8008429, 28919
197952, 7979520, 8008442, 28922
197953, 7979530, 8008456, 28926
197954, 7979540, 8008469, 28929
197955, 7979550, 8008482, 28932
197956, 7979560, 8008496, 28936
197957, 7979570, 8008509, 28939
197958, 7979580, 8008523, 28943
197959, 7979590, 8008536, 28946
197961, 7979610, 8008550, 28940
197962, 7979620, 8008563, 28943
197963, 7979630, 8008577, 28947
197964, 7979640, 8008590, 28950
197965, 7979650, 8008603, 28953
197966, 7979660, 8008617, 28957
197967, 7979670, 8008630, 28960
197968, 7979680, 8008644, 28964
197969, 7979690, 8008657, 28967
197971, 7979710, 8008671, 28961
197972, 7979720, 8008684, 28964
197973, 7979730, 8008698, 28968
197974, 7979740, 8008711, 28971
197975, 7979750, 8008724, 28974
197976, 7979760, 8008738, 28978
197977, 7979770, 8008751, 28981
197978, 7979780, 8008765, 28985
197979, 7979790, 8008778, 28988
197980, 7979800, 8008792, 28992
197982, 7979820, 8008805, 28985
197983, 7979830, 8008818, 28988
197984, 7979840, 8008832, 28992
197985, 7979850, 8008845, 28995
197986, 7979860, 8008859, 28999
197987, 7979870, 8008872, 29002
197988, 7979880, 8008886, 29006
197989, 7979890, 8008899, 29009
197990, 7979900, 8008913, 29013
197991, 7979910, 8008926, 29016
197993, 7979930, 8008939, 29009
197994, 7979940, 8008953, 29013
197995, 7979950, 8008966, 29016
197996, 7979960, 8008980, 29020
197997, 7979970, 8008993, 29023
197998, 7979980, 8009007, 29027
197999, 7979990, 8009020, 29030
198402, 7984020, 8009047, 25027
198403, 7984030, 8009060, 25030
198404, 7984040, 8009074, 25034
198405, 7984050, 8009087, 25037
198406, 7984060, 8009101, 25041
198407, 7984070, 8009114, 25044
198408, 7984080, 8009128, 25048
198409, 7984090, 8009141, 25051
198410, 7984100, 8009154, 25054
198412, 7984120, 8009168, 25048
198413, 7984130, 8009181, 25051
198414, 7984140, 8009195, 25055
198415, 7984150, 8009208, 25058
198416, 7984160, 8009222, 25062
198417, 7984170, 8009235, 25065
198418, 7984180, 8009249, 25069
198419, 7984190, 8009262, 25072
198420, 7984200, 8009275, 25075
198421, 7984210, 8009289, 25079
198423, 7984230, 8009302, 25072
198424, 7984240, 8009316, 25076
198425, 7984250, 8009329, 25079
198426, 7984260, 8009343, 25083
198427, 7984270, 8009356, 25086
198428, 7984280, 8009370, 25090
198429, 7984290, 8009383, 25093
198430, 7984300, 8009396, 25096
198431, 7984310, 8009410, 25100
198433, 7984330, 8009423, 25093
198434, 7984340, 8009437, 25097
198435, 7984350, 8009450, 25100
198436, 7984360, 8009464, 25104
198437, 7984370, 8009477, 25107
198438, 7984380, 8009490, 25110
198439, 7984390, 8009504, 25114
198440, 7984400, 8009517, 25117
198441, 7984410, 8009531, 25121
198442, 7984420, 8009544, 25124
198444, 7984440, 8009558, 25118
198445, 7984450, 8009571, 25121
198446, 7984460, 8009585, 25125
198447, 7984470, 8009598, 25128
198448, 7984480, 8009611, 25131
198449, 7984490, 8009625, 25135
198451, 7984510, 8009652, 25142
198452, 7984520, 8009665, 25145
198453, 7984530, 8009679, 25149
198455, 7984550, 8009692, 25142
198456, 7984560, 8009706, 25146
198457, 7984570, 8009719, 25149
198458, 7984580, 8009732, 25152
198459, 7984590, 8009746, 25156
198460, 7984600, 8009759, 25159
198461, 7984610, 8009773, 25163
198462, 7984620, 8009786, 25166
198463, 7984630, 8009800, 25170
198465, 7984650, 8009813, 25163
198466, 7984660, 8009826, 25166
198467, 7984670, 8009840, 25170
198468, 7984680, 8009853, 25173
198469, 7984690, 8009867, 25177
198470, 7984700, 8009880, 25180
198471, 7984710, 8009894, 25184
198472, 7984720, 8009907, 25187
198473, 7984730, 8009921, 25191
198474, 7984740, 8009934, 25194
198476, 7984760, 8009947, 25187
198477, 7984770, 8009961, 25191
198478, 7984780, 8009974, 25194
198479, 7984790, 8009988, 25198
198480, 7984800, 8010001, 25201
198481, 7984810, 8010015, 25205
198482, 7984820, 8010028, 25208
198483, 7984830, 8010042, 25212
198484, 7984840, 8010055, 25215
198485, 7984850, 8010068, 25218
198487, 7984870, 8010082, 25212
198488, 7984880, 8010095, 25215
198489, 7984890, 8010109, 25219
198490, 7984900, 8010122, 25222
198491, 7984910, 8010136, 25226
198492, 7984920, 8010149, 25229
198493, 7984930, 8010162, 25232
198494, 7984940, 8010176, 25236
198495, 7984950, 8010189, 25239
198497, 7984970, 8010203, 25233
198498, 7984980, 8010216, 25236
198499, 7984990, 8010230, 25240
198501, 7985010, 8010257, 25247
198502, 7985020, 8010270, 25250
198503, 7985030, 8010283, 25253
198504, 7985040, 8010297, 25257
198505, 7985050, 8010310, 25260
198506, 7985060, 8010324, 25264
198508, 7985080, 8010337, 25257
198509, 7985090, 8010351, 25261
198510, 7985100, 8010364, 25264
198511, 7985110, 8010378, 25268
198512, 7985120, 8010391, 25271
198513, 7985130, 8010404, 25274
198514, 7985140, 8010418, 25278
198515, 7985150, 8010431, 25281
198516, 7985160, 8014012, 28852
198517, 7985170, 8014026, 28856
198519, 7985190, 8014039, 28849
198520, 7985200, 8014052, 28852
198521, 7985210, 8014066, 28856
198522, 7985220, 8014079, 28859
198523, 7985230, 8014093, 28863
198524, 7985240, 8014106, 28866
198525, 7985250, 8014120, 28870
198526, 7985260, 8014133, 28873
198527, 7985270, 8014146, 28876
198529, 7985290, 8014160, 28870
198530, 7985300, 8014173, 28873
198531, 7985310, 8014187, 28877
198532, 7985320, 8014200, 28880
198533, 7985330, 8014214, 28884
198534, 7985340, 8014227, 28887
198535, 7985350, 8014241, 28891
198536, 7985360, 8014254, 28894
198537, 7985370, 8014267, 28897
198538, 7985380, 8014281, 28901
198540, 7985400, 8014294, 28894
198541, 7985410, 8014308, 28898
198542, 7985420, 8014321, 28901
198543, 7985430, 8014335, 28905
198544, 7985440, 8014348, 28908
198545, 7985450, 8014362, 28912
198546, 7985460, 8014375, 28915
198547, 7985470, 8014388, 28918
198548, 7985480, 8014402, 28922
198551, 7985510, 8014429, 28919
198552, 7985520, 8014442, 28922
198553, 7985530, 8014456, 28926
198554, 7985540, 8014469, 28929
198555, 7985550, 8014482, 28932
198556, 7985560, 8014496, 28936
198557, 7985570, 8014509, 28939
198558, 7985580, 8014523, 28943
198559, 7985590, 8014536, 28946
198561, 7985610, 8014550, 28940
198562, 7985620, 8014563, 28943
198563, 7985630, 8014577, 28947
198564, 7985640, 8014590, 28950
198565, 7985650, 8014603, 28953
198566, 7985660, 8014617, 28957
198567, 7985670, 8014630, 28960
198568, 7985680, 8014644, 28964
198569, 7985690, 8014657, 28967
198570, 7985700, 8014671, 28971
198572, 7985720, 8014684, 28964
198573, 7985730, 8014698, 28968
198574, 7985740, 8014711, 28971
198575, 7985750, 8014724, 28974
198576, 7985760, 8014738, 28978
198577, 7985770, 8014751, 28981
198578, 7985780, 8014765, 28985
198579, 7985790, 8014778, 28988
198580, 7985800, 8014792, 28992
198582, 7985820, 8014805, 28985
198583, 7985830, 8014818, 28988
198584, 7985840, 8014832, 28992
198585, 7985850, 8014845, 28995
198586, 7985860, 8014859, 28999
198587, 7985870, 8014872, 29002
198588, 7985880, 8014886, 29006
198589, 7985890, 8014899, 29009
198590, 7985900, 8014913, 29013
198591, 7985910, 8014926, 29016
198593, 7985930, 8014939, 29009
198594, 7985940, 8014953, 29013
198595, 7985950, 8014966, 29016
198596, 7985960, 8014980, 29020
198597, 7985970, 8014993, 29023
198598, 7985980, 8015007, 29027
198599, 7985990, 8015020, 29030
199002, 7990020, 8015047, 25027
199003, 7990030, 8015060, 25030
199004, 7990040, 8015074, 25034
199005, 7990050, 8015087, 25037
199006, 7990060, 8015101, 25041
199007, 7990070, 8015114, 25044
199008, 7990080, 8015127, 25047
199009, 7990090, 8015141, 25051
199010, 7990100, 8015154, 25054
199012, 7990120, 8015168, 25048
199013, 7990130, 8015181, 25051
199014, 7990140, 8015195, 25055
199015, 7990150, 8015208, 25058
199016, 7990160, 8015222, 25062
199017, 7990170, 8015235, 25065
199018, 7990180, 8015248, 25068
199019, 7990190, 8015262, 25072
199020, 7990200, 8015275, 25075
199021, 7990210, 8015289, 25079
199023, 7990230, 8015302, 25072
199024, 7990240, 8015316, 25076
199025, 7990250, 8015329, 25079
199026, 7990260, 8015342, 25082
199027, 7990270, 8015356, 25086
199028, 7990280, 8015369, 25089
199029, 7990290, 8015383, 25093
199030, 7990300, 8015396, 25096
199031, 7990310, 8015410, 25100
199033, 7990330, 8015423, 25093
199034, 7990340, 8015437, 25097
199035, 7990350, 8015450, 25100
199036, 7990360, 8015463, 25103
199037, 7990370, 8015477, 25107
199038, 7990380, 8015490, 25110
199039, 7990390, 8015504, 25114
199040, 7990400, 8015517, 25117
199041, 7990410, 8015531, 25121
199042, 7990420, 8015544, 25124
199044, 7990440, 8015558, 25118
199045, 7990450, 8015571, 25121
199046, 7990460, 8015584, 25124
199047, 7990470, 8015598, 25128
199048, 7990480, 8015611, 25131
199049, 7990490, 8015625, 25135
199051, 7990510, 8015652, 25142
199052, 7990520, 8015665, 25145
199053, 7990530, 8015678, 25148
199055, 7990550, 8015692, 25142
199056, 7990560, 8015705, 25145
199057, 7990570, 8015719, 25149
199058, 7990580, 8015732, 25152
199059, 7990590, 8015746, 25156
199060, 7990600, 8015759, 25159
199061, 7990610, 8015773, 25163
199062, 7990620, 8015786, 25166
199063, 7990630, 8015799, 25169
199065, 7990650, 8015813, 25163
199066, 7990660, 8015826, 25166
199067, 7990670, 8015840, 25170
199068, 7990680, 8015853, 25173
199069, 7990690, 8015867, 25177
199070, 7990700, 8015880, 25180
199071, 7990710, 8015894, 25184
199072, 7990720, 8015907, 25187
199073, 7990730, 8015920, 25190
199074, 7990740, 8015934, 25194
199076, 7990760, 8015947, 25187
199077, 7990770, 8015961, 25191
199078, 7990780, 8015974, 25194
199079, 7990790, 8015988, 25198
199080, 7990800, 8016001, 25201
199081, 7990810, 8016014, 25204
199082, 7990820, 8016028, 25208
199083, 7990830, 8016041, 25211
199084, 7990840, 8016055, 25215
199085, 7990850, 8016068, 25218
199087, 7990870, 8016082, 25212
199088, 7990880, 8016095, 25215
199089, 7990890, 8016109, 25219
199090, 7990900, 8016122, 25222
199091, 7990910, 8016135, 25225
199092, 7990920, 8016149, 25229
199093, 7990930, 8016162, 25232
199094, 7990940, 8016176, 25236
199095, 7990950, 8016189, 25239
199097, 7990970, 8016203, 25233
199098, 7990980, 8016216, 25236
199099, 7990990, 8016230, 25240
199101, 7991010, 8016256, 25246
199102, 7991020, 8016270, 25250
199103, 7991030, 8016283, 25253
199104, 7991040, 8016297, 25257
199105, 7991050, 8016310, 25260
199106, 7991060, 8016324, 25264
199108, 7991080, 8016337, 25257
199109, 7991090, 8016350, 25260
199110, 7991100, 8016364, 25264
199111, 7991110, 8016377, 25267
199112, 7991120, 8016391, 25271
199113, 7991130, 8016404, 25274
199114, 7991140, 8016418, 25278
199115, 7991150, 8016431, 25281
199116, 7991160, 8020012, 28852
199118, 7991180, 8020026, 28846
199119, 7991190, 8020039, 28849
199120, 7991200, 8020052, 28852
199121, 7991210, 8020066, 28856
199122, 7991220, 8020079, 28859
199123, 7991230, 8020093, 28863
199124, 7991240, 8020106, 28866
199125, 7991250, 8020120, 28870
199126, 7991260, 8020133, 28873
199127, 7991270, 8020146, 28876
199129, 7991290, 8020160, 28870
199130, 7991300, 8020173, 28873
199131, 7991310, 8020187, 28877
199132, 7991320, 8020200, 28880
199133, 7991330, 8020214, 28884
199134, 7991340, 8020227, 28887
199135, 7991350, 8020241, 28891
199136, 7991360, 8020254, 28894
199137, 7991370, 8020267, 28897
199138, 7991380, 8020281, 28901
199140, 7991400, 8020294, 28894
199141, 7991410, 8020308, 28898
199142, 7991420, 8020321, 28901
199143, 7991430, 8020335, 28905
199144, 7991440, 8020348, 28908
199145, 7991450, 8020362, 28912
199146, 7991460, 8020375, 28915
199147, 7991470, 8020388, 28918
199148, 7991480, 8020402, 28922
199151, 7991510, 8020429, 28919
199152, 7991520, 8020442, 28922
199153, 7991530, 8020456, 28926
199154, 7991540, 8020469, 28929
199155, 7991550, 8020482, 28932
199156, 7991560, 8020496, 28936
199157, 7991570, 8020509, 28939
199158, 7991580, 8020523, 28943
199159, 7991590, 8020536, 28946
199161, 7991610, 8020550, 28940
199162, 7991620, 8020563, 28943
199163, 7991630, 8020577, 28947
199164, 7991640, 8020590, 28950
199165, 7991650, 8020603, 28953
199166, 7991660, 8020617, 28957
199167, 7991670, 8020630, 28960
199168, 7991680, 8020644, 28964
199169, 7991690, 8020657, 28967
199171, 7991710, 8020671, 28961
199172, 7991720, 8020684, 28964
199173, 7991730, 8020698, 28968
199174, 7991740, 8020711, 28971
199175, 7991750, 8020724, 28974
199176, 7991760, 8020738, 28978
199177, 7991770, 8020751, 28981
199178, 7991780, 8020765, 28985
199179, 7991790, 8020778, 28988
199180, 7991800, 8020792, 28992
199182, 7991820, 8020805, 28985
199183, 7991830, 8020818, 28988
199184, 7991840, 8020832, 28992
199185, 7991850, 8020845, 28995
199186, 7991860, 8020859, 28999
199187, 7991870, 8020872, 29002
199188, 7991880, 8020886, 29006
199189, 7991890, 8020899, 29009
199190, 7991900, 8020913, 29013
199191, 7991910, 8020926, 29016
199193, 7991930, 8020939, 29009
199194, 7991940, 8020953, 29013
199195, 7991950, 8020966, 29016
199196, 7991960, 8020980, 29020
199197, 7991970, 8020993, 29023
199198, 7991980, 8021007, 29027
199199, 7991990, 8021020, 29030
199602, 7996020, 8021047, 25027
199603, 7996030, 8021060, 25030
199604, 7996040, 8021074, 25034
199605, 7996050, 8021087, 25037
199606, 7996060, 8021101, 25041
199607, 7996070, 8021114, 25044
199608, 7996080, 8021128, 25048
199609, 7996090, 8021141, 25051
199610, 7996100, 8021154, 25054
199612, 7996120, 8021168, 25048
199613, 7996130, 8021181, 25051
199614, 7996140, 8021195, 25055
199615, 7996150, 8021208, 25058
199616, 7996160, 8021222, 25062
199617, 7996170, 8021235, 25065
199618, 7996180, 8021249, 25069
199619, 7996190, 8021262, 25072
199620, 7996200, 8021275, 25075
199621, 7996210, 8021289, 25079
199623, 7996230, 8021302, 25072
199624, 7996240, 8021316, 25076
199625, 7996250, 8021329, 25079
199626, 7996260, 8021343, 25083
199627, 7996270, 8021356, 25086
199628, 7996280, 8021370, 25090
199629, 7996290, 8021383, 25093
199630, 7996300, 8021396, 25096
199631, 7996310, 8021410, 25100
199633, 7996330, 8021423, 25093
199634, 7996340, 8021437, 25097
199635, 7996350, 8021450, 25100
199636, 7996360, 8021464, 25104
199637, 7996370, 8021477, 25107
199638, 7996380, 8021490, 25110
199639, 7996390, 8021504, 25114
199640, 7996400, 8021517, 25117
199641, 7996410, 8021531, 25121
199642, 7996420, 8021544, 25124
199644, 7996440, 8021558, 25118
199645, 7996450, 8021571, 25121
199646, 7996460, 8021585, 25125
199647, 7996470, 8021598, 25128
199648, 7996480, 8021611, 25131
199649, 7996490, 8021625, 25135
199651, 7996510, 8021652, 25142
199652, 7996520, 8021665, 25145
199653, 7996530, 8021679, 25149
199655, 7996550, 8021692, 25142
199656, 7996560, 8021706, 25146
199657, 7996570, 8021719, 25149
199658, 7996580, 8021732, 25152
199659, 7996590, 8021746, 25156
199660, 7996600, 8021759, 25159
199661, 7996610, 8021773, 25163
199662, 7996620, 8021786, 25166
199663, 7996630, 8021800, 25170
199665, 7996650, 8021813, 25163
199666, 7996660, 8021826, 25166
199667, 7996670, 8021840, 25170
199668, 7996680, 8021853, 25173
199669, 7996690, 8021867, 25177
199670, 7996700, 8021880, 25180
199671, 7996710, 8021894, 25184
199672, 7996720, 8021907, 25187
199673, 7996730, 8021921, 25191
199674, 7996740, 8021934, 25194
199676, 7996760, 8021947, 25187
199677, 7996770, 8021961, 25191
199678, 7996780, 8021974, 25194
199679, 7996790, 8021988, 25198
199680, 7996800, 8022001, 25201
199681, 7996810, 8022015, 25205
199682, 7996820, 8022028, 25208
199683, 7996830, 8022042, 25212
199684, 7996840, 8022055, 25215
199685, 7996850, 8022068, 25218
199687, 7996870, 8022082, 25212
199688, 7996880, 8022095, 25215
199689, 7996890, 8022109, 25219
199690, 7996900, 8022122, 25222
199691, 7996910, 8022136, 25226
199692, 7996920, 8022149, 25229
199693, 7996930, 8022162, 25232
199694, 7996940, 8022176, 25236
199695, 7996950, 8022189, 25239
199697, 7996970, 8022203, 25233
199698, 7996980, 8022216, 25236
199699, 7996990, 8022230, 25240
199701, 7997010, 8022257, 25247
199702, 7997020, 8022270, 25250
199703, 7997030, 8022283, 25253
199704, 7997040, 8022297, 25257
199705, 7997050, 8022310, 25260
199706, 7997060, 8022324, 25264
199708, 7997080, 8022337, 25257
199709, 7997090, 8022351, 25261
199710, 7997100, 8022364, 25264
199711, 7997110, 8022378, 25268
199712, 7997120, 8022391, 25271
199713, 7997130, 8022404, 25274
199714, 7997140, 8022418, 25278
199715, 7997150, 8022431, 25281
199716, 7997160, 8026012, 28852
199718, 7997180, 8026026, 28846
199719, 7997190, 8026039, 28849
199720, 7997200, 8026052, 28852
199721, 7997210, 8026066, 28856
199722, 7997220, 8026079, 28859
199723, 7997230, 8026093, 28863
199724, 7997240, 8026106, 28866
199725, 7997250, 8026120, 28870
199726, 7997260, 8026133, 28873
199727, 7997270, 8026146, 28876
199729, 7997290, 8026160, 28870
199730, 7997300, 8026173, 28873
199731, 7997310, 8026187, 28877
199732, 7997320, 8026200, 28880
199733, 7997330, 8026214, 28884
199734, 7997340, 8026227, 28887
199735, 7997350, 8026241, 28891
199736, 7997360, 8026254, 28894
199737, 7997370, 8026267, 28897
199738, 7997380, 8026281, 28901
199740, 7997400, 8026294, 28894
199741, 7997410, 8026308, 28898
199742, 7997420, 8026321, 28901
199743, 7997430, 8026335, 28905
199744, 7997440, 8026348, 28908
199745, 7997450, 8026362, 28912
199746, 7997460, 8026375, 28915
199747, 7997470, 8026388, 28918
199748, 7997480, 8026402, 28922
199751, 7997510, 8026429, 28919
199752, 7997520, 8026442, 28922
199753, 7997530, 8026456, 28926
199754, 7997540, 8026469, 28929
199755, 7997550, 8026482, 28932
199756, 7997560, 8026496, 28936
199757, 7997570, 8026509, 28939
199758, 7997580, 8026523, 28943
199759, 7997590, 8026536, 28946
199761, 7997610, 8026550, 28940
199762, 7997620, 8026563, 28943
199763, 7997630, 8026577, 28947
199764, 7997640, 8026590, 28950
199765, 7997650, 8026603, 28953
199766, 7997660, 8026617, 28957
199767, 7997670, 8026630, 28960
199768, 7997680, 8026644, 28964
199769, 7997690, 8026657, 28967
199771, 7997710, 8026671, 28961
199772, 7997720, 8026684, 28964
199773, 7997730, 8026698, 28968
199774, 7997740, 8026711, 28971
199775, 7997750, 8026724, 28974
199776, 7997760, 8026738, 28978
199777, 7997770, 8026751, 28981
199778, 7997780, 8026765, 28985
199779, 7997790, 8026778, 28988
199780, 7997800, 8026792, 28992
199782, 7997820, 8026805, 28985
199783, 7997830, 8026818, 28988
199784, 7997840, 8026832, 28992
199785, 7997850, 8026845, 28995
199786, 7997860, 8026859, 28999
199787, 7997870, 8026872, 29002
199788, 7997880, 8026886, 29006
199789, 7997890, 8026899, 29009
199790, 7997900, 8026913, 29013
199791, 7997910, 8026926, 29016
199793, 7997930, 8026939, 29009
199794, 7997940, 8026953, 29013
199795, 7997950, 8026966, 29016
199796, 7997960, 8026980, 29020
199797, 7997970, 8026993, 29023
199798, 7997980, 8027007, 29027
199799, 7997990, 8027020, 29030
200202, 8002020, 8027047, 25027
200203, 8002030, 8027060, 25030
200204, 8002040, 8027074, 25034
200205, 8002050, 8027087, 25037
200206, 8002060, 8027101, 25041
200207, 8002070, 8027114, 25044
200208, 8002080, 8027128, 25048
200209, 8002090, 8027141, 25051
200210, 8002100, 8027154, 25054
200212, 8002120, 8027168, 25048
200213, 8002130, 8027181, 25051
200214, 8002140, 8027195, 25055
200215, 8002150, 8027208, 25058
200216, 8002160, 8027222, 25062
200217, 8002170, 8027235, 25065
200218, 8002180, 8027249, 25069
200219, 8002190, 8027262, 25072
200220, 8002200, 8027275, 25075
200221, 8002210, 8027289, 25079
200223, 8002230, 8027302, 25072
200224, 8002240, 8027316, 25076
200225, 8002250, 8027329, 25079
200226, 8002260, 8027343, 25083
200227, 8002270, 8027356, 25086
200228, 8002280, 8027370, 25090
200229, 8002290, 8027383, 25093
200230, 8002300, 8027396, 25096
200231, 8002310, 8027410, 25100
200233, 8002330, 8027423, 25093
200234, 8002340, 8027437, 25097
200235, 8002350, 8027450, 25100
200236, 8002360, 8027464, 25104
200237, 8002370, 8027477, 25107
200238, 8002380, 8027490, 25110
200239, 8002390, 8027504, 25114
200240, 8002400, 8027517, 25117
200241, 8002410, 8027531, 25121
200242, 8002420, 8027544, 25124
200244, 8002440, 8027558, 25118
200245, 8002450, 8027571, 25121
200246, 8002460, 8027585, 25125
200247, 8002470, 8027598, 25128
200248, 8002480, 8027611, 25131
200249, 8002490, 8027625, 25135
200251, 8002510, 8027652, 25142
200252, 8002520, 8027665, 25145
200253, 8002530, 8027679, 25149
200255, 8002550, 8027692, 25142
200256, 8002560, 8027706, 25146
200257, 8002570, 8027719, 25149
200258, 8002580, 8027732, 25152
200259, 8002590, 8027746, 25156
200260, 8002600, 8027759, 25159
200261, 8002610, 8027773, 25163
200262, 8002620, 8027786, 25166
200263, 8002630, 8027800, 25170
200265, 8002650, 8027813, 25163
200266, 8002660, 8027826, 25166
200267, 8002670, 8027840, 25170
200268, 8002680, 8027853, 25173
200269, 8002690, 8027867, 25177
200270, 8002700, 8027880, 25180
200271, 8002710, 8027894, 25184
200272, 8002720, 8027907, 25187
200273, 8002730, 8027921, 25191
200274, 8002740, 8027934, 25194
200276, 8002760, 8027947, 25187
200277, 8002770, 8027961, 25191
200278, 8002780, 8027974, 25194
200279, 8002790, 8027988, 25198
200280, 8002800, 8028001, 25201
200281, 8002810, 8028015, 25205
200282, 8002820, 8028028, 25208
200283, 8002830, 8028042, 25212
200284, 8002840, 8028055, 25215
200285, 8002850, 8028068, 25218
200287, 8002870, 8028082, 25212
200288, 8002880, 8028095, 25215
200289, 8002890, 8028109, 25219
200290, 8002900, 8028122, 25222
200291, 8002910, 8028136, 25226
200292, 8002920, 8028149, 25229
200293, 8002930, 8028162, 25232
200294, 8002940, 8028176, 25236
200295, 8002950, 8028189, 25239
200297, 8002970, 8028203, 25233
200298, 8002980, 8028216, 25236
200299, 8002990, 8028230, 25240
200301, 8003010, 8028257, 25247
200302, 8003020, 8028270, 25250
200303, 8003030, 8028283, 25253
200304, 8003040, 8028297, 25257
200305, 8003050, 8028310, 25260
200306, 8003060, 8028324, 25264
200308, 8003080, 8028337, 25257
200309, 8003090, 8028351, 25261
200310, 8003100, 8028364, 25264
200311, 8003110, 8028378, 25268
200312, 8003120, 8028391, 25271
200313, 8003130, 8028404, 25274
200314, 8003140, 8028418, 25278
200315, 8003150, 8028431, 25281
200316, 8003160, 8032012, 28852
200318, 8003180, 8032026, 28846
200319, 8003190, 8032039, 28849
200320, 8003200, 8032052, 28852
200321, 8003210, 8032066, 28856
200322, 8003220, 8032079, 28859
200323, 8003230, 8032093, 28863
200324, 8003240, 8032106, 28866
200325, 8003250, 8032120, 28870
200326, 8003260, 8032133, 28873
200327, 8003270, 8032146, 28876
200329, 8003290, 8032160, 28870
200330, 8003300, 8032173, 28873
200331, 8003310, 8032187, 28877
200332, 8003320, 8032200, 28880
200333, 8003330, 8032214, 28884
200334, 8003340, 8032227, 28887
200335, 8003350, 8032241, 28891
200336, 8003360, 8032254, 28894
200337, 8003370, 8032267, 28897
200338, 8003380, 8032281, 28901
200340, 8003400, 8032294, 28894
200341, 8003410, 8032308, 28898
200342, 8003420, 8032321, 28901
200343, 8003430, 8032335, 28905
200344, 8003440, 8032348, 28908
200345, 8003450, 8032362, 28912
200346, 8003460, 8032375, 28915
200347, 8003470, 8032388, 28918
200348, 8003480, 8032402, 28922
200351, 8003510, 8032429, 28919
200352, 8003520, 8032442, 28922
200353, 8003530, 8032456, 28926
200354, 8003540, 8032469, 28929
200355, 8003550, 8032482, 28932
200356, 8003560, 8032496, 28936
200357, 8003570, 8032509, 28939
200358, 8003580, 8032523, 28943
200359, 8003590, 8032536, 28946
200361, 8003610, 8032550, 28940
200362, 8003620, 8032563, 28943
200363, 8003630, 8032577, 28947
200364, 8003640, 8032590, 28950
200365, 8003650, 8032603, 28953
200366, 8003660, 8032617, 28957
200367, 8003670, 8032630, 28960
200368, 8003680, 8032644, 28964
200369, 8003690, 8032657, 28967
200371, 8003710, 8032671, 28961
200372, 8003720, 8032684, 28964
200373, 8003730, 8032698, 28968
200374, 8003740, 8032711, 28971
200375, 8003750, 8032724, 28974
200376, 8003760, 8032738, 28978
200377, 8003770, 8032751, 28981
200378, 8003780, 8032765, 28985
200379, 8003790, 8032778, 28988
200380, 8003800, 8032792, 28992
200382, 8003820, 8032805, 28985
200383, 8003830, 8032818, 28988
200384, 8003840, 8032832, 28992
200385, 8003850, 8032845, 28995
200386, 8003860, 8032859, 28999
200387, 8003870, 8032872, 29002
200388, 8003880, 8032886, 29006
200389, 8003890, 8032899, 29009
200390, 8003900, 8032913, 29013
200391, 8003910, 8032926, 29016
200393, 8003930, 8032939, 29009
200394, 8003940, 8032953, 29013
200395, 8003950, 8032966, 29016
200396, 8003960, 8032980, 29020
200397, 8003970, 8032993, 29023
200398, 8003980, 8033007, 29027
200399, 8003990, 8033020, 29030
200802, 8008020, 8033047, 25027
200803, 8008030, 8033060, 25030
200804, 8008040, 8033074, 25034
200805, 8008050, 8033087, 25037
200806, 8008060, 8033101, 25041
200807, 8008070, 8033114, 25044
200808, 8008080, 8033128, 25048
200809, 8008090, 8033141, 25051
200810, 8008100, 8033154, 25054
200812, 8008120, 8033168, 25048
200813, 8008130, 8033181, 25051
200814, 8008140, 8033195, 25055
200815, 8008150, 8033208, 25058
200816, 8008160, 8033222, 25062
200817, 8008170, 8033235, 25065
200818, 8008180, 8033249, 25069
200819, 8008190, 8033262, 25072
200820, 8008200, 8033275, 25075
200821, 8008210, 8033289, 25079
200823, 8008230, 8033302, 25072
200824, 8008240, 8033316, 25076
200825, 8008250, 8033329, 25079
200826, 8008260, 8033343, 25083
200827, 8008270, 8033356, 25086
200828, 8008280, 8033370, 25090
200829, 8008290, 8033383, 25093
200830, 8008300, 8033396, 25096
200831, 8008310, 8033410, 25100
200833, 8008330, 8033423, 25093
200834, 8008340, 8033437, 25097
200835, 8008350, 8033450, 25100
200836, 8008360, 8033464, 25104
200837, 8008370, 8033477, 25107
200838, 8008380, 8033490, 25110
200839, 8008390, 8033504, 25114
200840, 8008400, 8033517, 25117
200841, 8008410, 8033531, 25121
200842, 8008420, 8033544, 25124
200844, 8008440, 8033558, 25118
200845, 8008450, 8033571, 25121
200846, 8008460, 8033585, 25125
200847, 8008470, 8033598, 25128
200848, 8008480, 8033611, 25131
200849, 8008490, 8033625, 25135
200851, 8008510, 8033652, 25142
200852, 8008520, 8033665, 25145
200853, 8008530, 8033679, 25149
200855, 8008550, 8033692, 25142
200856, 8008560, 8033706, 25146
200857, 8008570, 8033719, 25149
200858, 8008580, 8033732, 25152
200859, 8008590, 8033746, 25156
200860, 8008600, 8033759, 25159
200861, 8008610, 8033773, 25163
200862, 8008620, 8033786, 25166
200863, 8008630, 8033800, 25170
200865, 8008650, 8033813, 25163
200866, 8008660, 8033826, 25166
200867, 8008670, 8033840, 25170
200868, 8008680, 8033853, 25173
200869, 8008690, 8033867, 25177
200870, 8008700, 8033880, 25180
200871, 8008710, 8033894, 25184
200872, 8008720, 8033907, 25187
200873, 8008730, 8033921, 25191
200874, 8008740, 8033934, 25194
200876, 8008760, 8033947, 25187
200877, 8008770, 8033961, 25191
200878, 8008780, 8033974, 25194
200879, 8008790, 8033988, 25198
200880, 8008800, 8034001, 25201
200881, 8008810, 8034015, 25205
200882, 8008820, 8034028, 25208
200883, 8008830, 8034042, 25212
200884, 8008840, 8034055, 25215
200885, 8008850, 8034068, 25218
200887, 8008870, 8034082, 25212
200888, 8008880, 8034095, 25215
200889, 8008890, 8034109, 25219
200890, 8008900, 8034122, 25222
200891, 8008910, 8034136, 25226
200892, 8008920, 8034149, 25229
200893, 8008930, 8034162, 25232
200894, 8008940, 8034176, 25236
200895, 8008950, 8034189, 25239
200897, 8008970, 8034203, 25233
200898, 8008980, 8034216, 25236
200899, 8008990, 8034230, 25240
200901, 8009010, 8034257, 25247
200902, 8009020, 8034270, 25250
200903, 8009030, 8034283, 25253
200904, 8009040, 8034297, 25257
200905, 8009050, 8034310, 25260
200906, 8009060, 8034324, 25264
200908, 8009080, 8034337, 25257
200909, 8009090, 8034351, 25261
200910, 8009100, 8034364, 25264
200911, 8009110, 8034378, 25268
200912, 8009120, 8034391, 25271
200913, 8009130, 8034404, 25274
200914, 8009140, 8034418, 25278
200915, 8009150, 8034431, 25281
200916, 8009160, 8038012, 28852
200918, 8009180, 8038026, 28846
200919, 8009190, 8038039, 28849
200920, 8009200, 8038052, 28852
200921, 8009210, 8038066, 28856
200922, 8009220, 8038079, 28859
200923, 8009230, 8038093, 28863
200924, 8009240, 8038106, 28866
200925, 8009250, 8038120, 28870
200926, 8009260, 8038133, 28873
200927, 8009270, 8038146, 28876
200929, 8009290, 8038160, 28870
200930, 8009300, 8038173, 28873
200931, 8009310, 8038187, 28877
200932, 8009320, 8038200, 28880
200933, 8009330, 8038214, 28884
200934, 8009340, 8038227, 28887
200935, 8009350, 8038241, 28891
200936, 8009360, 8038254, 28894
200937, 8009370, 8038267, 28897
200938, 8009380, 8038281, 28901
200940, 8009400, 8038294, 28894
200941, 8009410, 8038308, 28898
200942, 8009420, 8038321, 28901
200943, 8009430, 8038335, 28905
200944, 8009440, 8038348, 28908
200945, 8009450, 8038362, 28912
200946, 8009460, 8038375, 28915
200947, 8009470, 8038388, 28918
200948, 8009480, 8038402, 28922
200951, 8009510, 8038429, 28919
200952, 8009520, 8038442, 28922
200953, 8009530, 8038456, 28926
200954, 8009540, 8038469, 28929
200955, 8009550, 8038482, 28932
200956, 8009560, 8038496, 28936
200957, 8009570, 8038509, 28939
200958, 8009580, 8038523, 28943
200959, 8009590, 8038536, 28946
200961, 8009610, 8038550, 28940
200962, 8009620, 8038563, 28943
200963, 8009630, 8038577, 28947
200964, 8009640, 8038590, 28950
200965, 8009650, 8038603, 28953
200966, 8009660, 8038617, 28957
200967, 8009670, 8038630, 28960
200968, 8009680, 8038644, 28964
200969, 8009690, 8038657, 28967
200971, 8009710, 8038671, 28961
200972, 8009720, 8038684, 28964
200973, 8009730, 8038698, 28968
200974, 8009740, 8038711, 28971
200975, 8009750, 8038724, 28974
200976, 8009760, 8038738, 28978
200977, 8009770, 8038751, 28981
200978, 8009780, 8038765, 28985
200979, 8009790, 8038778, 28988
200980, 8009800, 8038792, 28992
200982, 8009820, 8038805, 28985
200983, 8009830, 8038818, 28988
200984, 8009840, 8038832, 28992
200985, 8009850, 8038845, 28995
200986, 8009860, 8038859, 28999
200987, 8009870, 8038872, 29002
200988, 8009880, 8038886, 29006
200989, 8009890, 8038899, 29009
200990, 8009900, 8038913, 29013
200991, 8009910, 8038926, 29016
200993, 8009930, 8038939, 29009
200994, 8009940, 8038953, 29013
200995, 8009950, 8038966, 29016
200996, 8009960, 8038980, 29020
200997, 8009970, 8038993, 29023
200998, 8009980, 8039007, 29027
200999, 8009990, 8039020, 29030
201402, 8014020, 8039047, 25027
201403, 8014030, 8039060, 25030
201404, 8014040, 8039074, 25034
201405, 8014050, 8039087, 25037
201406, 8014060, 8039101, 25041
201407, 8014070, 8039114, 25044
201408, 8014080, 8039128, 25048
201409, 8014090, 8039141, 25051
201410, 8014100, 8039154, 25054
201412, 8014120, 8039168, 25048
201413, 8014130, 8039181, 25051
201414, 8014140, 8039195, 25055
201415, 8014150, 8039208, 25058
201416, 8014160, 8039222, 25062
201417, 8014170, 8039235, 25065
201418, 8014180, 8039249, 25069
201419, 8014190, 8039262, 25072
201420, 8014200, 8039275, 25075
201421, 8014210, 8039289, 25079
201423, 8014230, 8039302, 25072
201424, 8014240, 8039316, 25076
201425, 8014250, 8039329, 25079
201426, 8014260, 8039343, 25083
201427, 8014270, 8039356, 25086
201428, 8014280, 8039370, 25090
201429, 8014290, 8039383, 25093
201430, 8014300, 8039396, 25096
201431, 8014310, 8039410, 25100
201433, 8014330, 8039423, 25093
201434, 8014340, 8039437, 25097
201435, 8014350, 8039450, 25100
201436, 8014360, 8039464, 25104
201437, 8014370, 8039477, 25107
201438, 8014380, 8039490, 25110
201439, 8014390, 8039504, 25114
201440, 8014400, 8039517, 25117
201441, 8014410, 8039531, 25121
201442, 8014420, 8039544, 25124
201444, 8014440, 8039558, 25118
201445, 8014450, 8039571, 25121
201446, 8014460, 8039585, 25125
201447, 8014470, 8039598, 25128
201448, 8014480, 8039611, 25131
201449, 8014490, 8039625, 25135
201451, 8014510, 8039652, 25142
201452, 8014520, 8039665, 25145
201453, 8014530, 8039679, 25149
201455, 8014550, 8039692, 25142
201456, 8014560, 8039706, 25146
201457, 8014570, 8039719, 25149
201458, 8014580, 8039732, 25152
201459, 8014590, 8039746, 25156
201460, 8014600, 8039759, 25159
201461, 8014610, 8039773, 25163
201462, 8014620, 8039786, 25166
201463, 8014630, 8039800, 25170
201465, 8014650, 8039813, 25163
201466, 8014660, 8039826, 25166
201467, 8014670, 8039840, 25170
201468, 8014680, 8039853, 25173
201469, 8014690, 8039867, 25177
201470, 8014700, 8039880, 25180
201471, 8014710, 8039894, 25184
201472, 8014720, 8039907, 25187
201473, 8014730, 8039921, 25191
201474, 8014740, 8039934, 25194
201476, 8014760, 8039947, 25187
201477, 8014770, 8039961, 25191
201478, 8014780, 8039974, 25194
201479, 8014790, 8039988, 25198
201480, 8014800, 8040001, 25201
201481, 8014810, 8040015, 25205
201482, 8014820, 8040028, 25208
201483, 8014830, 8040042, 25212
201484, 8014840, 8040055, 25215
201485, 8014850, 8040068, 25218
201487, 8014870, 8040082, 25212
201488, 8014880, 8040095, 25215
201489, 8014890, 8040109, 25219
201490, 8014900, 8040122, 25222
201491, 8014910, 8040136, 25226
201492, 8014920, 8040149, 25229
201493, 8014930, 8040162, 25232
201494, 8014940, 8040176, 25236
201495, 8014950, 8040189, 25239
201497, 8014970, 8040203, 25233
201498, 8014980, 8040216, 25236
201499, 8014990, 8040230, 25240
201501, 8015010, 8040257, 25247
201502, 8015020, 8040270, 25250
201503, 8015030, 8040283, 25253
201504, 8015040, 8040297, 25257
201505, 8015050, 8040310, 25260
201506, 8015060, 8040324, 25264
201508, 8015080, 8040337, 25257
201509, 8015090, 8040351, 25261
201510, 8015100, 8040364, 25264
201511, 8015110, 8040378, 25268
201512, 8015120, 8040391, 25271
201513, 8015130, 8040404, 25274
201514, 8015140, 8040418, 25278
201515, 8015150, 8040431, 25281
201516, 8015160, 8044012, 28852
201517, 8015170, 8044026, 28856
201519, 8015190, 8044039, 28849
201520, 8015200, 8044052, 28852
201521, 8015210, 8044066, 28856
201522, 8015220, 8044079, 28859
201523, 8015230, 8044093, 28863
201524, 8015240, 8044106, 28866
201525, 8015250, 8044120, 28870
201526, 8015260, 8044133, 28873
201527, 8015270, 8044146, 28876
201529, 8015290, 8044160, 28870
201530, 8015300, 8044173, 28873
201531, 8015310, 8044187, 28877
201532, 8015320, 8044200, 28880
201533, 8015330, 8044214, 28884
201534, 8015340, 8044227, 28887
201535, 8015350, 8044241, 28891
201536, 8015360, 8044254, 28894
201537, 8015370, 8044267, 28897
201538, 8015380, 8044281, 28901
201540, 8015400, 8044294, 28894
201541, 8015410, 8044308, 28898
201542, 8015420, 8044321, 28901
201543, 8015430, 8044335, 28905
201544, 8015440, 8044348, 28908
201545, 8015450, 8044362, 28912
201546, 8015460, 8044375, 28915
201547, 8015470, 8044388, 28918
201548, 8015480, 8044402, 28922
201551, 8015510, 8044429, 28919
201552, 8015520, 8044442, 28922
201553, 8015530, 8044456, 28926
201554, 8015540, 8044469, 28929
201555, 8015550, 8044482, 28932
201556, 8015560, 8044496, 28936
201557, 8015570, 8044509, 28939
201558, 8015580, 8044523, 28943
201559, 8015590, 8044536, 28946
201561, 8015610, 8044550, 28940
201562, 8015620, 8044563, 28943
201563, 8015630, 8044577, 28947
201564, 8015640, 8044590, 28950
201565, 8015650, 8044603, 28953
201566, 8015660, 8044617, 28957
201567, 8015670, 8044630, 28960
201568, 8015680, 8044644, 28964
201569, 8015690, 8044657, 28967
201570, 8015700, 8044671, 28971
201572, 8015720, 8044684, 28964
201573, 8015730, 8044698, 28968
201574, 8015740, 8044711, 28971
201575, 8015750, 8044724, 28974
201576, 8015760, 8044738, 28978
201577, 8015770, 8044751, 28981
201578, 8015780, 8044765, 28985
201579, 8015790, 8044778, 28988
201580, 8015800, 8044792, 28992
201582, 8015820, 8044805, 28985
201583, 8015830, 8044818, 28988
201584, 8015840, 8044832, 28992
201585, 8015850, 8044845, 28995
201586, 8015860, 8044859, 28999
201587, 8015870, 8044872, 29002
201588, 8015880, 8044886, 29006
201589, 8015890, 8044899, 29009
201590, 8015900, 8044913, 29013
201591, 8015910, 8044926, 29016
201593, 8015930, 8044939, 29009
201594, 8015940, 8044953, 29013
201595, 8015950, 8044966, 29016
201596, 8015960, 8044980, 29020
201597, 8015970, 8044993, 29023
201598, 8015980, 8045007, 29027
201599, 8015990, 8045020, 29030
202002, 8020020, 8045047, 25027
202003, 8020030, 8045060, 25030
202004, 8020040, 8045074, 25034
202005, 8020050, 8045087, 25037
202006, 8020060, 8045101, 25041
202007, 8020070, 8045114, 25044
202008, 8020080, 8045127, 25047
202009, 8020090, 8045141, 25051
202010, 8020100, 8045154, 25054
202012, 8020120, 8045168, 25048
202013, 8020130, 8045181, 25051
202014, 8020140, 8045195, 25055
202015, 8020150, 8045208, 25058
202016, 8020160, 8045222, 25062
202017, 8020170, 8045235, 25065
202018, 8020180, 8045248, 25068
202019, 8020190, 8045262, 25072
202020, 8020200, 8045275, 25075
202021, 8020210, 8045289, 25079
202023, 8020230, 8045302, 25072
202024, 8020240, 8045316, 25076
202025, 8020250, 8045329, 25079
202026, 8020260, 8045342, 25082
202027, 8020270, 8045356, 25086
202028, 8020280, 8045369, 25089
202029, 8020290, 8045383, 25093
202030, 8020300, 8045396, 25096
202031, 8020310, 8045410, 25100
202033, 8020330, 8045423, 25093
202034, 8020340, 8045437, 25097
202035, 8020350, 8045450, 25100
202036, 8020360, 8045463, 25103
202037, 8020370, 8045477, 25107
202038, 8020380, 8045490, 25110
202039, 8020390, 8045504, 25114
202040, 8020400, 8045517, 25117
202041, 8020410, 8045531, 25121
202042, 8020420, 8045544, 25124
202044, 8020440, 8045558, 25118
202045, 8020450, 8045571, 25121
202046, 8020460, 8045584, 25124
202047, 8020470, 8045598, 25128
202048, 8020480, 8045611, 25131
202049, 8020490, 8045625, 25135
202051, 8020510, 8045652, 25142
202052, 8020520, 8045665, 25145
202053, 8020530, 8045678, 25148
202055, 8020550, 8045692, 25142
202056, 8020560, 8045705, 25145
202057, 8020570, 8045719, 25149
202058, 8020580, 8045732, 25152
202059, 8020590, 8045746, 25156
202060, 8020600, 8045759, 25159
202061, 8020610, 8045773, 25163
202062, 8020620, 8045786, 25166
202063, 8020630, 8045799, 25169
202065, 8020650, 8045813, 25163
202066, 8020660, 8045826, 25166
202067, 8020670, 8045840, 25170
202068, 8020680, 8045853, 25173
202069, 8020690, 8045867, 25177
202070, 8020700, 8045880, 25180
202071, 8020710, 8045894, 25184
202072, 8020720, 8045907, 25187
202073, 8020730, 8045920, 25190
202074, 8020740, 8045934, 25194
202076, 8020760, 8045947, 25187
202077, 8020770, 8045961, 25191
202078, 8020780, 8045974, 25194
202079, 8020790, 8045988, 25198
202080, 8020800, 8046001, 25201
202081, 8020810, 8046014, 25204
202082, 8020820, 8046028, 25208
202083, 8020830, 8046041, 25211
202084, 8020840, 8046055, 25215
202085, 8020850, 8046068, 25218
202087, 8020870, 8046082, 25212
202088, 8020880, 8046095, 25215
202089, 8020890, 8046109, 25219
202090, 8020900, 8046122, 25222
202091, 8020910, 8046135, 25225
202092, 8020920, 8046149, 25229
202093, 8020930, 8046162, 25232
202094, 8020940, 8046176, 25236
202095, 8020950, 8046189, 25239
202097, 8020970, 8046203, 25233
202098, 8020980, 8046216, 25236
202099, 8020990, 8046230, 25240
202101, 8021010, 8046256, 25246
202102, 8021020, 8046270, 25250
202103, 8021030, 8046283, 25253
202104, 8021040, 8046297, 25257
202105, 8021050, 8046310, 25260
202106, 8021060, 8046324, 25264
202108, 8021080, 8046337, 25257
202109, 8021090, 8046350, 25260
202110, 8021100, 8046364, 25264
202111, 8021110, 8046377, 25267
202112, 8021120, 8046391, 25271
202113, 8021130, 8046404, 25274
202114, 8021140, 8046418, 25278
202115, 8021150, 8046431, 25281
202116, 8021160, 8050012, 28852
202118, 8021180, 8050026, 28846
202119, 8021190, 8050039, 28849
202120, 8021200, 8050052, 28852
202121, 8021210, 8050066, 28856
202122, 8021220, 8050079, 28859
202123, 8021230, 8050093, 28863
202124, 8021240, 8050106, 28866
202125, 8021250, 8050120, 28870
202126, 8021260, 8050133, 28873
202127, 8021270, 8050146, 28876
202129, 8021290, 8050160, 28870
202130, 8021300, 8050173, 28873
202131, 8021310, 8050187, 28877
202132, 8021320, 8050200, 28880
202133, 8021330, 8050214, 28884
202134, 8021340, 8050227, 28887
202135, 8021350, 8050241, 28891
202136, 8021360, 8050254, 28894
202137, 8021370, 8050267, 28897
202138, 8021380, 8050281, 28901
202140, 8021400, 8050294, 28894
202141, 8021410, 8050308, 28898
202142, 8021420, 8050321, 28901
202143, 8021430, 8050335, 28905
202144, 8021440, 8050348, 28908
202145, 8021450, 8050362, 28912
202146, 8021460, 8050375, 28915
202147, 8021470, 8050388, 28918
202148, 8021480, 8050402, 28922
202151, 8021510, 8050429, 28919
202152, 8021520, 8050442, 28922
202153, 8021530, 8050456, 28926
202154, 8021540, 8050469, 28929
202155, 8021550, 8050482, 28932
202156, 8021560, 8050496, 28936
202157, 8021570, 8050509, 28939
202158, 8021580, 8050523, 28943
202159, 8021590, 8050536, 28946
202161, 8021610, 8050550, 28940
202162, 8021620, 8050563, 28943
202163, 8021630, 8050577, 28947
202164, 8021640, 8050590, 28950
202165, 8021650, 8050603, 28953
202166, 8021660, 8050617, 28957
202167, 8021670, 8050630, 28960
202168, 8021680, 8050644, 28964
202169, 8021690, 8050657, 28967
202171, 8021710, 8050671, 28961
202172, 8021720, 8050684, 28964
202173, 8021730, 8050698, 28968
202174, 8021740, 8050711, 28971
202175, 8021750, 8050724, 28974
202176, 8021760, 8050738, 28978
202177, 8021770, 8050751, 28981
202178, 8021780, 8050765, 28985
202179, 8021790, 8050778, 28988
202180, 8021800, 8050792, 28992
202182, 8021820, 8050805, 28985
202183, 8021830, 8050818, 28988
202184, 8021840, 8050832, 28992
202185, 8021850, 8050845, 28995
202186, 8021860, 8050859, 28999
202187, 8021870, 8050872, 29002
202188, 8021880, 8050886, 29006
202189, 8021890, 8050899, 29009
202190, 8021900, 8050913, 29013
202191, 8021910, 8050926, 29016
202193, 8021930, 8050939, 29009
202194, 8021940, 8050953, 29013
202195, 8021950, 8050966, 29016
202196, 8021960, 8050980, 29020
202197, 8021970, 8050993, 29023
202198, 8021980, 8051007, 29027
202199, 8021990, 8051020, 29030
202602, 8026020, 8051047, 25027
202603, 8026030, 8051060, 25030
202604, 8026040, 8051074, 25034
202605, 8026050, 8051087, 25037
202606, 8026060, 8051101, 25041
202607, 8026070, 8051114, 25044
202608, 8026080, 8051128, 25048
202609, 8026090, 8051141, 25051
202610, 8026100, 8051154, 25054
202612, 8026120, 8051168, 25048
202613, 8026130, 8051181, 25051
202614, 8026140, 8051195, 25055
202615, 8026150, 8051208, 25058
202616, 8026160, 8051222, 25062
202617, 8026170, 8051235, 25065
202618, 8026180, 8051249, 25069
202619, 8026190, 8051262, 25072
202620, 8026200, 8051275, 25075
202621, 8026210, 8051289, 25079
202623, 8026230, 8051302, 25072
202624, 8026240, 8051316, 25076
202625, 8026250, 8051329, 25079
202626, 8026260, 8051343, 25083
202627, 8026270, 8051356, 25086
202628, 8026280, 8051370, 25090
202629, 8026290, 8051383, 25093
202630, 8026300, 8051396, 25096
202631, 8026310, 8051410, 25100
202633, 8026330, 8051423, 25093
202634, 8026340, 8051437, 25097
202635, 8026350, 8051450, 25100
202636, 8026360, 8051464, 25104
202637, 8026370, 8051477, 25107
202638, 8026380, 8051490, 25110
202639, 8026390, 8051504, 25114
202640, 8026400, 8051517, 25117
202641, 8026410, 8051531, 25121
202642, 8026420, 8051544, 25124
202644, 8026440, 8051558, 25118
202645, 8026450, 8051571, 25121
202646, 8026460, 8051585, 25125
202647, 8026470, 8051598, 25128
202648, 8026480, 8051611, 25131
202649, 8026490, 8051625, 25135
202651, 8026510, 8051652, 25142
202652, 8026520, 8051665, 25145
202653, 8026530, 8051679, 25149
202655, 8026550, 8051692, 25142
202656, 8026560, 8051706, 25146
202657, 8026570, 8051719, 25149
202658, 8026580, 8051732, 25152
202659, 8026590, 8051746, 25156
202660, 8026600, 8051759, 25159
202661, 8026610, 8051773, 25163
202662, 8026620, 8051786, 25166
202663, 8026630, 8051800, 25170
202665, 8026650, 8051813, 25163
202666, 8026660, 8051826, 25166
202667, 8026670, 8051840, 25170
202668, 8026680, 8051853, 25173
202669, 8026690, 8051867, 25177
202670, 8026700, 8051880, 25180
202671, 8026710, 8051894, 25184
202672, 8026720, 8051907, 25187
202673, 8026730, 8051921, 25191
202674, 8026740, 8051934, 25194
202676, 8026760, 8051947, 25187
202677, 8026770, 8051961, 25191
202678, 8026780, 8051974, 25194
202679, 8026790, 8051988, 25198
202680, 8026800, 8052001, 25201
202681, 8026810, 8052015, 25205
202682, 8026820, 8052028, 25208
202683, 8026830, 8052042, 25212
202684, 8026840, 8052055, 25215
202685, 8026850, 8052068, 25218
202687, 8026870, 8052082, 25212
202688, 8026880, 8052095, 25215
202689, 8026890, 8052109, 25219
202690, 8026900, 8052122, 25222
202691, 8026910, 8052136, 25226
202692, 8026920, 8052149, 25229
202693, 8026930, 8052162, 25232
202694, 8026940, 8052176, 25236
202695, 8026950, 8052189, 25239
202697, 8026970, 8052203, 25233
202698, 8026980, 8052216, 25236
202699, 8026990, 8052230, 25240
202701, 8027010, 8052257, 25247
202702, 8027020, 8052270, 25250
202703, 8027030, 8052283, 25253
202704, 8027040, 8052297, 25257
202705, 8027050, 8052310, 25260
202706, 8027060, 8052324, 25264
202708, 8027080, 8052337, 25257
202709, 8027090, 8052351, 25261
202710, 8027100, 8052364, 25264
202711, 8027110, 8052378, 25268
202712, 8027120, 8052391, 25271
202713, 8027130, 8052404, 25274
202714, 8027140, 8052418, 25278
202715, 8027150, 8052431, 25281
202716, 8027160, 8056012, 28852
202718, 8027180, 8056026, 28846
202719, 8027190, 8056039, 28849
202720, 8027200, 8056052, 28852
202721, 8027210, 8056066, 28856
202722, 8027220, 8056079, 28859
202723, 8027230, 8056093, 28863
202724, 8027240, 8056106, 28866
202725, 8027250, 8056120, 28870
202726, 8027260, 8056133, 28873
202727, 8027270, 8056146, 28876
202729, 8027290, 8056160, 28870
202730, 8027300, 8056173, 28873
202731, 8027310, 8056187, 28877
202732, 8027320, 8056200, 28880
202733, 8027330, 8056214, 28884
202734, 8027340, 8056227, 28887
202735, 8027350, 8056241, 28891
202736, 8027360, 8056254, 28894
202737, 8027370, 8056267, 28897
202738, 8027380, 8056281, 28901
202740, 8027400, 8056294, 28894
202741, 8027410, 8056308, 28898
202742, 8027420, 8056321, 28901
202743, 8027430, 8056335, 28905
202744, 8027440, 8056348, 28908
202745, 8027450, 8056362, 28912
202746, 8027460, 8056375, 28915
202747, 8027470, 8056388, 28918
202748, 8027480, 8056402, 28922
202751, 8027510, 8056429, 28919
202752, 8027520, 8056442, 28922
202753, 8027530, 8056456, 28926
202754, 8027540, 8056469, 28929
202755, 8027550, 8056482, 28932
202756, 8027560, 8056496, 28936
202757, 8027570, 8056509, 28939
202758, 8027580, 8056523, 28943
202759, 8027590, 8056536, 28946
202761, 8027610, 8056550, 28940
202762, 8027620, 8056563, 28943
202763, 8027630, 8056577, 28947
202764, 8027640, 8056590, 28950
202765, 8027650, 8056603, 28953
202766, 8027660, 8056617, 28957
202767, 8027670, 8056630, 28960
202768, 8027680, 8056644, 28964
202769, 8027690, 8056657, 28967
202771, 8027710, 8056671, 28961
202772, 8027720, 8056684, 28964
202773, 8027730, 8056698, 28968
202774, 8027740, 8056711, 28971
202775, 8027750, 8056724, 28974
202776, 8027760, 8056738, 28978
202777, 8027770, 8056751, 28981
202778, 8027780, 8056765, 28985
202779, 8027790, 8056778, 28988
202780, 8027800, 8056792, 28992
202782, 8027820, 8056805, 28985
202783, 8027830, 8056818, 28988
202784, 8027840, 8056832, 28992
202785, 8027850, 8056845, 28995
202786, 8027860, 8056859, 28999
202787, 8027870, 8056872, 29002
202788, 8027880, 8056886, 29006
202789, 8027890, 8056899, 29009
202790, 8027900, 8056913, 29013
202791, 8027910, 8056926, 29016
202793, 8027930, 8056939, 29009
202794, 8027940, 8056953, 29013
202795, 8027950, 8056966, 29016
202796, 8027960, 8056980, 29020
202797, 8027970, 8056993, 29023
202798, 8027980, 8057007, 29027
202799, 8027990, 8057020, 29030
203202, 8032020, 8057047, 25027
203203, 8032030, 8057060, 25030
203204, 8032040, 8057074, 25034
203205, 8032050, 8057087, 25037
203206, 8032060, 8057101, 25041
203207, 8032070, 8057114, 25044
203208, 8032080, 8057128, 25048
203209, 8032090, 8057141, 25051
203210, 8032100, 8057154, 25054
203212, 8032120, 8057168, 25048
203213, 8032130, 8057181, 25051
203214, 8032140, 8057195, 25055
203215, 8032150, 8057208, 25058
203216, 8032160, 8057222, 25062
203217, 8032170, 8057235, 25065
203218, 8032180, 8057249, 25069
203219, 8032190, 8057262, 25072
203220, 8032200, 8057275, 25075
203221, 8032210, 8057289, 25079
203223, 8032230, 8057302, 25072
203224, 8032240, 8057316, 25076
203225, 8032250, 8057329, 25079
203226, 8032260, 8057343, 25083
203227, 8032270, 8057356, 25086
203228, 8032280, 8057370, 25090
203229, 8032290, 8057383, 25093
203230, 8032300, 8057396, 25096
203231, 8032310, 8057410, 25100
203233, 8032330, 8057423, 25093
203234, 8032340, 8057437, 25097
203235, 8032350, 8057450, 25100
203236, 8032360, 8057464, 25104
203237, 8032370, 8057477, 25107
203238, 8032380, 8057490, 25110
203239, 8032390, 8057504, 25114
203240, 8032400, 8057517, 25117
203241, 8032410, 8057531, 25121
203242, 8032420, 8057544, 25124
203244, 8032440, 8057558, 25118
203245, 8032450, 8057571, 25121
203246, 8032460, 8057585, 25125
203247, 8032470, 8057598, 25128
203248, 8032480, 8057611, 25131
203249, 8032490, 8057625, 25135
203251, 8032510, 8057652, 25142
203252, 8032520, 8057665, 25145
203253, 8032530, 8057679, 25149
203255, 8032550, 8057692, 25142
203256, 8032560, 8057706, 25146
203257, 8032570, 8057719, 25149
203258, 8032580, 8057732, 25152
203259, 8032590, 8057746, 25156
203260, 8032600, 8057759, 25159
203261, 8032610, 8057773, 25163
203262, 8032620, 8057786, 25166
203263, 8032630, 8057800, 25170
203265, 8032650, 8057813, 25163
203266, 8032660, 8057826, 25166
203267, 8032670, 8057840, 25170
203268, 8032680, 8057853, 25173
203269, 8032690, 8057867, 25177
203270, 8032700, 8057880, 25180
203271, 8032710, 8057894, 25184
203272, 8032720, 8057907, 25187
203273, 8032730, 8057921, 25191
203274, 8032740, 8057934, 25194
203276, 8032760, 8057947, 25187
203277, 8032770, 8057961, 25191
203278, 8032780, 8057974, 25194
203279, 8032790, 8057988, 25198
203280, 8032800, 8058001, 25201
203281, 8032810, 8058015, 25205
203282, 8032820, 8058028, 25208
203283, 8032830, 8058042, 25212
203284, 8032840, 8058055, 25215
203285, 8032850, 8058068, 25218
203287, 8032870, 8058082, 25212
203288, 8032880, 8058095, 25215
203289, 8032890, 8058109, 25219
203290, 8032900, 8058122, 25222
203291, 8032910, 8058136, 25226
203292, 8032920, 8058149, 25229
203293, 8032930, 8058162, 25232
203294, 8032940, 8058176, 25236
203295, 8032950, 8058189, 25239
203297, 8032970, 8058203, 25233
203298, 8032980, 8058216, 25236
203299, 8032990, 8058230, 25240
203301, 8033010, 8058257, 25247
203302, 8033020, 8058270, 25250
203303, 8033030, 8058283, 25253
203304, 8033040, 8058297, 25257
203305, 8033050, 8058310, 25260
203306, 8033060, 8058324, 25264
203308, 8033080, 8058337, 25257
203309, 8033090, 8058351, 25261
203310, 8033100, 8058364, 25264
203311, 8033110, 8058378, 25268
203312, 8033120, 8058391, 25271
203313, 8033130, 8058404, 25274
203314, 8033140, 8058418, 25278
203315, 8033150, 8058431, 25281
203316, 8033160, 8062012, 28852
203318, 8033180, 8062026, 28846
203319, 8033190, 8062039, 28849
203320, 8033200, 8062052, 28852
203321, 8033210, 8062066, 28856
203322, 8033220, 8062079, 28859
203323, 8033230, 8062093, 28863
203324, 8033240, 8062106, 28866
203325, 8033250, 8062120, 28870
203326, 8033260, 8062133, 28873
203327, 8033270, 8062146, 28876
203329, 8033290, 8062160, 28870
203330, 8033300, 8062173, 28873
203331, 8033310, 8062187, 28877
203332, 8033320, 8062200, 28880
203333, 8033330, 8062214, 28884
203334, 8033340, 8062227, 28887
203335, 8033350, 8062241, 28891
203336, 8033360, 8062254, 28894
203337, 8033370, 8062267, 28897
203338, 8033380, 8062281, 28901
203340, 8033400, 8062294, 28894
203341, 8033410, 8062308, 28898
203342, 8033420, 8062321, 28901
203343, 8033430, 8062335, 28905
203344, 8033440, 8062348, 28908
203345, 8033450, 8062362, 28912
203346, 8033460, 8062375, 28915
203347, 8033470, 8062388, 28918
203348, 8033480, 8062402, 28922
203351, 8033510, 8062429, 28919
203352, 8033520, 8062442, 28922
203353, 8033530, 8062456, 28926
203354, 8033540, 8062469, 28929
203355, 8033550, 8062482, 28932
203356, 8033560, 8062496, 28936
203357, 8033570, 8062509, 28939
203358, 8033580, 8062523, 28943
203359, 8033590, 8062536, 28946
203361, 8033610, 8062550, 28940
203362, 8033620, 8062563, 28943
203363, 8033630, 8062577, 28947
203364, 8033640, 8062590, 28950
203365, 8033650, 8062603, 28953
203366, 8033660, 8062617, 28957
203367, 8033670, 8062630, 28960
203368, 8033680, 8062644, 28964
203369, 8033690, 8062657, 28967
203371, 8033710, 8062671, 28961
203372, 8033720, 8062684, 28964
203373, 8033730, 8062698, 28968
203374, 8033740, 8062711, 28971
203375, 8033750, 8062724, 28974
203376, 8033760, 8062738, 28978
203377, 8033770, 8062751, 28981
203378, 8033780, 8062765, 28985
203379, 8033790, 8062778, 28988
203380, 8033800, 8062792, 28992
203382, 8033820, 8062805, 28985
203383, 8033830, 8062818, 28988
203384, 8033840, 8062832, 28992
203385, 8033850, 8062845, 28995
203386, 8033860, 8062859, 28999
203387, 8033870, 8062872, 29002
203388, 8033880, 8062886, 29006
203389, 8033890, 8062899, 29009
203390, 8033900, 8062913, 29013
203391, 8033910, 8062926, 29016
203393, 8033930, 8062939, 29009
203394, 8033940, 8062953, 29013
203395, 8033950, 8062966, 29016
203396, 8033960, 8062980, 29020
203397, 8033970, 8062993, 29023
203398, 8033980, 8063007, 29027
203399, 8033990, 8063020, 29030
203802, 8038020, 8063047, 25027
203803, 8038030, 8063060, 25030
203804, 8038040, 8063074, 25034
203805, 8038050, 8063087, 25037
203806, 8038060, 8063101, 25041
203807, 8038070, 8063114, 25044
203808, 8038080, 8063128, 25048
203809, 8038090, 8063141, 25051
203810, 8038100, 8063154, 25054
203812, 8038120, 8063168, 25048
203813, 8038130, 8063181, 25051
203814, 8038140, 8063195, 25055
203815, 8038150, 8063208, 25058
203816, 8038160, 8063222, 25062
203817, 8038170, 8063235, 25065
203818, 8038180, 8063249, 25069
203819, 8038190, 8063262, 25072
203820, 8038200, 8063275, 25075
203821, 8038210, 8063289, 25079
203823, 8038230, 8063302, 25072
203824, 8038240, 8063316, 25076
203825, 8038250, 8063329, 25079
203826, 8038260, 8063343, 25083
203827, 8038270, 8063356, 25086
203828, 8038280, 8063370, 25090
203829, 8038290, 8063383, 25093
203830, 8038300, 8063396, 25096
203831, 8038310, 8063410, 25100
203833, 8038330, 8063423, 25093
203834, 8038340, 8063437, 25097
203835, 8038350, 8063450, 25100
203836, 8038360, 8063464, 25104
203837, 8038370, 8063477, 25107
203838, 8038380, 8063490, 25110
203839, 8038390, 8063504, 25114
203840, 8038400, 8063517, 25117
203841, 8038410, 8063531, 25121
203842, 8038420, 8063544, 25124
203844, 8038440, 8063558, 25118
203845, 8038450, 8063571, 25121
203846, 8038460, 8063585, 25125
203847, 8038470, 8063598, 25128
203848, 8038480, 8063611, 25131
203849, 8038490, 8063625, 25135
203851, 8038510, 8063652, 25142
203852, 8038520, 8063665, 25145
203853, 8038530, 8063679, 25149
203855, 8038550, 8063692, 25142
203856, 8038560, 8063706, 25146
203857, 8038570, 8063719, 25149
203858, 8038580, 8063732, 25152
203859, 8038590, 8063746, 25156
203860, 8038600, 8063759, 25159
203861, 8038610, 8063773, 25163
203862, 8038620, 8063786, 25166
203863, 8038630, 8063800, 25170
203865, 8038650, 8063813, 25163
203866, 8038660, 8063826, 25166
203867, 8038670, 8063840, 25170
203868, 8038680, 8063853, 25173
203869, 8038690, 8063867, 25177
203870, 8038700, 8063880, 25180
203871, 8038710, 8063894, 25184
203872, 8038720, 8063907, 25187
203873, 8038730, 8063921, 25191
203874, 8038740, 8063934, 25194
203876, 8038760, 8063947, 25187
203877, 8038770, 8063961, 25191
203878, 8038780, 8063974, 25194
203879, 8038790, 8063988, 25198
203880, 8038800, 8064001, 25201
203881, 8038810, 8064015, 25205
203882, 8038820, 8064028, 25208
203883, 8038830, 8064042, 25212
203884, 8038840, 8064055, 25215
203885, 8038850, 8064068, 25218
203887, 8038870, 8064082, 25212
203888, 8038880, 8064095, 25215
203889, 8038890, 8064109, 25219
203890, 8038900, 8064122, 25222
203891, 8038910, 8064136, 25226
203892, 8038920, 8064149, 25229
203893, 8038930, 8064162, 25232
203894, 8038940, 8064176, 25236
203895, 8038950, 8064189, 25239
203897, 8038970, 8064203, 25233
203898, 8038980, 8064216, 25236
203899, 8038990, 8064230, 25240
203901, 8039010, 8064257, 25247
203902, 8039020, 8064270, 25250
203903, 8039030, 8064283, 25253
203904, 8039040, 8064297, 25257
203905, 8039050, 8064310, 25260
203906, 8039060, 8064324, 25264
203908, 8039080, 8064337, 25257
203909, 8039090, 8064351, 25261
203910, 8039100, 8064364, 25264
203911, 8039110, 8064378, 25268
203912, 8039120, 8064391, 25271
203913, 8039130, 8064404, 25274
203914, 8039140, 8064418, 25278
203915, 8039150, 8064431, 25281
203916, 8039160, 8068012, 28852
203918, 8039180, 8068026, 28846
203919, 8039190, 8068039, 28849
203920, 8039200, 8068052, 28852
203921, 8039210, 8068066, 28856
203922, 8039220, 8068079, 28859
203923, 8039230, 8068093, 28863
203924, 8039240, 8068106, 28866
203925, 8039250, 8068120, 28870
203926, 8039260, 8068133, 28873
203927, 8039270, 8068146, 28876
203929, 8039290, 8068160, 28870
203930, 8039300, 8068173, 28873
203931, 8039310, 8068187, 28877
203932, 8039320, 8068200, 28880
203933, 8039330, 8068214, 28884
203934, 8039340, 8068227, 28887
203935, 8039350, 8068241, 28891
203936, 8039360, 8068254, 28894
203937, 8039370, 8068267, 28897
203938, 8039380, 8068281, 28901
203940, 8039400, 8068294, 28894
203941, 8039410, 8068308, 28898
203942, 8039420, 8068321, 28901
203943, 8039430, 8068335, 28905
203944, 8039440, 8068348, 28908
203945, 8039450, 8068362, 28912
203946, 8039460, 8068375, 28915
203947, 8039470, 8068388, 28918
203948, 8039480, 8068402, 28922
203951, 8039510, 8068429, 28919
203952, 8039520, 8068442, 28922
203953, 8039530, 8068456, 28926
203954, 8039540, 8068469, 28929
203955, 8039550, 8068482, 28932
203956, 8039560, 8068496, 28936
203957, 8039570, 8068509, 28939
203958, 8039580, 8068523, 28943
203959, 8039590, 8068536, 28946
203961, 8039610, 8068550, 28940
203962, 8039620, 8068563, 28943
203963, 8039630, 8068577, 28947
203964, 8039640, 8068590, 28950
203965, 8039650, 8068603, 28953
203966, 8039660, 8068617, 28957
203967, 8039670, 8068630, 28960
203968, 8039680, 8068644, 28964
203969, 8039690, 8068657, 28967
203971, 8039710, 8068671, 28961
203972, 8039720, 8068684, 28964
203973, 8039730, 8068698, 28968
203974, 8039740, 8068711, 28971
203975, 8039750, 8068724, 28974
203976, 8039760, 8068738, 28978
203977, 8039770, 8068751, 28981
203978, 8039780, 8068765, 28985
203979, 8039790, 8068778, 28988
203980, 8039800, 8068792, 28992
203982, 8039820, 8068805, 28985
203983, 8039830, 8068818, 28988
203984, 8039840, 8068832, 28992
203985, 8039850, 8068845, 28995
203986, 8039860, 8068859, 28999
203987, 8039870, 8068872, 29002
203988, 8039880, 8068886, 29006
203989, 8039890, 8068899, 29009
203990, 8039900, 8068913, 29013
203991, 8039910, 8068926, 29016
203993, 8039930, 8068939, 29009
203994, 8039940, 8068953, 29013
203995, 8039950, 8068966, 29016
203996, 8039960, 8068980, 29020
203997, 8039970, 8068993, 29023
203998, 8039980, 8069007, 29027
203999, 8039990, 8069020, 29030
204402, 8044020, 8069047, 25027
204403, 8044030, 8069060, 25030
204404, 8044040, 8069074, 25034
204405, 8044050, 8069087, 25037
204406, 8044060, 8069101, 25041
204407, 8044070, 8069114, 25044
204408, 8044080, 8069128, 25048
204409, 8044090, 8069141, 25051
204410, 8044100, 8069154, 25054
204412, 8044120, 8069168, 25048
204413, 8044130, 8069181, 25051
204414, 8044140, 8069195, 25055
204415, 8044150, 8069208, 25058
204416, 8044160, 8069222, 25062
204417, 8044170, 8069235, 25065
204418, 8044180, 8069249, 25069
204419, 8044190, 8069262, 25072
204420, 8044200, 8069275, 25075
204421, 8044210, 8069289, 25079
204423, 8044230, 8069302, 25072
204424, 8044240, 8069316, 25076
204425, 8044250, 8069329, 25079
204426, 8044260, 8069343, 25083
204427, 8044270, 8069356, 25086
204428, 8044280, 8069370, 25090
204429, 8044290, 8069383, 25093
204430, 8044300, 8069396, 25096
204431, 8044310, 8069410, 25100
204433, 8044330, 8069423, 25093
204434, 8044340, 8069437, 25097
204435, 8044350, 8069450, 25100
204436, 8044360, 8069464, 25104
204437, 8044370, 8069477, 25107
204438, 8044380, 8069490, 25110
204439, 8044390, 8069504, 25114
204440, 8044400, 8069517, 25117
204441, 8044410, 8069531, 25121
204442, 8044420, 8069544, 25124
204444, 8044440, 8069558, 25118
204445, 8044450, 8069571, 25121
204446, 8044460, 8069585, 25125
204447, 8044470, 8069598, 25128
204448, 8044480, 8069611, 25131
204449, 8044490, 8069625, 25135
204451, 8044510, 8069652, 25142
204452, 8044520, 8069665, 25145
204453, 8044530, 8069679, 25149
204455, 8044550, 8069692, 25142
204456, 8044560, 8069706, 25146
204457, 8044570, 8069719, 25149
204458, 8044580, 8069732, 25152
204459, 8044590, 8069746, 25156
204460, 8044600, 8069759, 25159
204461, 8044610, 8069773, 25163
204462, 8044620, 8069786, 25166
204463, 8044630, 8069800, 25170
204465, 8044650, 8069813, 25163
204466, 8044660, 8069826, 25166
204467, 8044670, 8069840, 25170
204468, 8044680, 8069853, 25173
204469, 8044690, 8069867, 25177
204470, 8044700, 8069880, 25180
204471, 8044710, 8069894, 25184
204472, 8044720, 8069907, 25187
204473, 8044730, 8069921, 25191
204474, 8044740, 8069934, 25194
204476, 8044760, 8069947, 25187
204477, 8044770, 8069961, 25191
204478, 8044780, 8069974, 25194
204479, 8044790, 8069988, 25198
204480, 8044800, 8070001, 25201
204481, 8044810, 8070015, 25205
204482, 8044820, 8070028, 25208
204483, 8044830, 8070042, 25212
204484, 8044840, 8070055, 25215
204485, 8044850, 8070068, 25218
204487, 8044870, 8070082, 25212
204488, 8044880, 8070095, 25215
204489, 8044890, 8070109, 25219
204490, 8044900, 8070122, 25222
204491, 8044910, 8070136, 25226
204492, 8044920, 8070149, 25229
204493, 8044930, 8070162, 25232
204494, 8044940, 8070176, 25236
204495, 8044950, 8070189, 25239
204497, 8044970, 8070203, 25233
204498, 8044980, 8070216, 25236
204499, 8044990, 8070230, 25240
204501, 8045010, 8070257, 25247
204502, 8045020, 8070270, 25250
204503, 8045030, 8070283, 25253
204504, 8045040, 8070297, 25257
204505, 8045050, 8070310, 25260
204506, 8045060, 8070324, 25264
204508, 8045080, 8070337, 25257
204509, 8045090, 8070351, 25261
204510, 8045100, 8070364, 25264
204511, 8045110, 8070378, 25268
204512, 8045120, 8070391, 25271
204513, 8045130, 8070404, 25274
204514, 8045140, 8070418, 25278
204515, 8045150, 8070431, 25281
204516, 8045160, 8074012, 28852
204517, 8045170, 8074026, 28856
204519, 8045190, 8074039, 28849
204520, 8045200, 8074052, 28852
204521, 8045210, 8074066, 28856
204522, 8045220, 8074079, 28859
204523, 8045230, 8074093, 28863
204524, 8045240, 8074106, 28866
204525, 8045250, 8074120, 28870
204526, 8045260, 8074133, 28873
204527, 8045270, 8074146, 28876
204529, 8045290, 8074160, 28870
204530, 8045300, 8074173, 28873
204531, 8045310, 8074187, 28877
204532, 8045320, 8074200, 28880
204533, 8045330, 8074214, 28884
204534, 8045340, 8074227, 28887
204535, 8045350, 8074241, 28891
204536, 8045360, 8074254, 28894
204537, 8045370, 8074267, 28897
204538, 8045380, 8074281, 28901
204540, 8045400, 8074294, 28894
204541, 8045410, 8074308, 28898
204542, 8045420, 8074321, 28901
204543, 8045430, 8074335, 28905
204544, 8045440, 8074348, 28908
204545, 8045450, 8074362, 28912
204546, 8045460, 8074375, 28915
204547, 8045470, 8074388, 28918
204548, 8045480, 8074402, 28922
204551, 8045510, 8074429, 28919
204552, 8045520, 8074442, 28922
204553, 8045530, 8074456, 28926
204554, 8045540, 8074469, 28929
204555, 8045550, 8074482, 28932
204556, 8045560, 8074496, 28936
204557, 8045570, 8074509, 28939
204558, 8045580, 8074523, 28943
204559, 8045590, 8074536, 28946
204561, 8045610, 8074550, 28940
204562, 8045620, 8074563, 28943
204563, 8045630, 8074577, 28947
204564, 8045640, 8074590, 28950
204565, 8045650, 8074603, 28953
204566, 8045660, 8074617, 28957
204567, 8045670, 8074630, 28960
204568, 8045680, 8074644, 28964
204569, 8045690, 8074657, 28967
204570, 8045700, 8074671, 28971
204572, 8045720, 8074684, 28964
204573, 8045730, 8074698, 28968
204574, 8045740, 8074711, 28971
204575, 8045750, 8074724, 28974
204576, 8045760, 8074738, 28978
204577, 8045770, 8074751, 28981
204578, 8045780, 8074765, 28985
204579, 8045790, 8074778, 28988
204580, 8045800, 8074792, 28992
204582, 8045820, 8074805, 28985
204583, 8045830, 8074818, 28988
204584, 8045840, 8074832, 28992
204585, 8045850, 8074845, 28995
204586, 8045860, 8074859, 28999
204587, 8045870, 8074872, 29002
204588, 8045880, 8074886, 29006
204589, 8045890, 8074899, 29009
204590, 8045900, 8074913, 29013
204591, 8045910, 8074926, 29016
204593, 8045930, 8074939, 29009
204594, 8045940, 8074953, 29013
204595, 8045950, 8074966, 29016
204596, 8045960, 8074980, 29020
204597, 8045970, 8074993, 29023
204598, 8045980, 8075007, 29027
204599, 8045990, 8075020, 29030
205002, 8050020, 8075047, 25027
205003, 8050030, 8075060, 25030
205004, 8050040, 8075074, 25034
205005, 8050050, 8075087, 25037
205006, 8050060, 8075101, 25041
205007, 8050070, 8075114, 25044
205008, 8050080, 8075127, 25047
205009, 8050090, 8075141, 25051
205010, 8050100, 8075154, 25054
205012, 8050120, 8075168, 25048
205013, 8050130, 8075181, 25051
205014, 8050140, 8075195, 25055
205015, 8050150, 8075208, 25058
205016, 8050160, 8075222, 25062
205017, 8050170, 8075235, 25065
205018, 8050180, 8075248, 25068
205019, 8050190, 8075262, 25072
205020, 8050200, 8075275, 25075
205021, 8050210, 8075289, 25079
205023, 8050230, 8075302, 25072
205024, 8050240, 8075316, 25076
205025, 8050250, 8075329, 25079
205026, 8050260, 8075342, 25082
205027, 8050270, 8075356, 25086
205028, 8050280, 8075369, 25089
205029, 8050290, 8075383, 25093
205030, 8050300, 8075396, 25096
205031, 8050310, 8075410, 25100
205033, 8050330, 8075423, 25093
205034, 8050340, 8075437, 25097
205035, 8050350, 8075450, 25100
205036, 8050360, 8075463, 25103
205037, 8050370, 8075477, 25107
205038, 8050380, 8075490, 25110
205039, 8050390, 8075504, 25114
205040, 8050400, 8075517, 25117
205041, 8050410, 8075531, 25121
205042, 8050420, 8075544, 25124
205044, 8050440, 8075558, 25118
205045, 8050450, 8075571, 25121
205046, 8050460, 8075584, 25124
205047, 8050470, 8075598, 25128
205048, 8050480, 8075611, 25131
205049, 8050490, 8075625, 25135
205051, 8050510, 8075652, 25142
205052, 8050520, 8075665, 25145
205053, 8050530, 8075678, 25148
205055, 8050550, 8075692, 25142
205056, 8050560, 8075705, 25145
205057, 8050570, 8075719, 25149
205058, 8050580, 8075732, 25152
205059, 8050590, 8075746, 25156
205060, 8050600, 8075759, 25159
205061, 8050610, 8075773, 25163
205062, 8050620, 8075786, 25166
205063, 8050630, 8075799, 25169
205065, 8050650, 8075813, 25163
205066, 8050660, 8075826, 25166
205067, 8050670, 8075840, 25170
205068, 8050680, 8075853, 25173
205069, 8050690, 8075867, 25177
205070, 8050700, 8075880, 25180
205071, 8050710, 8075894, 25184
205072, 8050720, 8075907, 25187
205073, 8050730, 8075920, 25190
205074, 8050740, 8075934, 25194
205076, 8050760, 8075947, 25187
205077, 8050770, 8075961, 25191
205078, 8050780, 8075974, 25194
205079, 8050790, 8075988, 25198
205080, 8050800, 8076001, 25201
205081, 8050810, 8076014, 25204
205082, 8050820, 8076028, 25208
205083, 8050830, 8076041, 25211
205084, 8050840, 8076055, 25215
205085, 8050850, 8076068, 25218
205087, 8050870, 8076082, 25212
205088, 8050880, 8076095, 25215
205089, 8050890, 8076109, 25219
205090, 8050900, 8076122, 25222
205091, 8050910, 8076135, 25225
205092, 8050920, 8076149, 25229
205093, 8050930, 8076162, 25232
205094, 8050940, 8076176, 25236
205095, 8050950, 8076189, 25239
205097, 8050970, 8076203, 25233
205098, 8050980, 8076216, 25236
205099, 8050990, 8076230, 25240
205101, 8051010, 8076256, 25246
205102, 8051020, 8076270, 25250
205103, 8051030, 8076283, 25253
205104, 8051040, 8076297, 25257
205105, 8051050, 8076310, 25260
205106, 8051060, 8076324, 25264
205108, 8051080, 8076337, 25257
205109, 8051090, 8076350, 25260
205110, 8051100, 8076364, 25264
205111, 8051110, 8076377, 25267
205112, 8051120, 8076391, 25271
205113, 8051130, 8076404, 25274
205114, 8051140, 8076418, 25278
205115, 8051150, 8076431, 25281
205116, 8051160, 8080012, 28852
205118, 8051180, 8080026, 28846
205119, 8051190, 8080039, 28849
205120, 8051200, 8080052, 28852
205121, 8051210, 8080066, 28856
205122, 8051220, 8080079, 28859
205123, 8051230, 8080093, 28863
205124, 8051240, 8080106, 28866
205125, 8051250, 8080120, 28870
205126, 8051260, 8080133, 28873
205127, 8051270, 8080146, 28876
205129, 8051290, 8080160, 28870
205130, 8051300, 8080173, 28873
205131, 8051310, 8080187, 28877
205132, 8051320, 8080200, 28880
205133, 8051330, 8080214, 28884
205134, 8051340, 8080227, 28887
205135, 8051350, 8080241, 28891
205136, 8051360, 8080254, 28894
205137, 8051370, 8080267, 28897
205138, 8051380, 8080281, 28901
205140, 8051400, 8080294, 28894
205141, 8051410, 8080308, 28898
205142, 8051420, 8080321, 28901
205143, 8051430, 8080335, 28905
205144, 8051440, 8080348, 28908
205145, 8051450, 8080362, 28912
205146, 8051460, 8080375, 28915
205147, 8051470, 8080388, 28918
205148, 8051480, 8080402, 28922
205151, 8051510, 8080429, 28919
205152, 8051520, 8080442, 28922
205153, 8051530, 8080456, 28926
205154, 8051540, 8080469, 28929
205155, 8051550, 8080482, 28932
205156, 8051560, 8080496, 28936
205157, 8051570, 8080509, 28939
205158, 8051580, 8080523, 28943
205159, 8051590, 8080536, 28946
205161, 8051610, 8080550, 28940
205162, 8051620, 8080563, 28943
205163, 8051630, 8080577, 28947
205164, 8051640, 8080590, 28950
205165, 8051650, 8080603, 28953
205166, 8051660, 8080617, 28957
205167, 8051670, 8080630, 28960
205168, 8051680, 8080644, 28964
205169, 8051690, 8080657, 28967
205171, 8051710, 8080671, 28961
205172, 8051720, 8080684, 28964
205173, 8051730, 8080698, 28968
205174, 8051740, 8080711, 28971
205175, 8051750, 8080724, 28974
205176, 8051760, 8080738, 28978
205177, 8051770, 8080751, 28981
205178, 8051780, 8080765, 28985
205179, 8051790, 8080778, 28988
205180, 8051800, 8080792, 28992
205182, 8051820, 8080805, 28985
205183, 8051830, 8080818, 28988
205184, 8051840, 8080832, 28992
205185, 8051850, 8080845, 28995
205186, 8051860, 8080859, 28999
205187, 8051870, 8080872, 29002
205188, 8051880, 8080886, 29006
205189, 8051890, 8080899, 29009
205190, 8051900, 8080913, 29013
205191, 8051910, 8080926, 29016
205193, 8051930, 8080939, 29009
205194, 8051940, 8080953, 29013
205195, 8051950, 8080966, 29016
205196, 8051960, 8080980, 29020
205197, 8051970, 8080993, 29023
205198, 8051980, 8081007, 29027
205199, 8051990, 8081020, 29030
205602, 8056020, 8081047, 25027
205603, 8056030, 8081060, 25030
205604, 8056040, 8081074, 25034
205605, 8056050, 8081087, 25037
205606, 8056060, 8081101, 25041
205607, 8056070, 8081114, 25044
205608, 8056080, 8081128, 25048
205609, 8056090, 8081141, 25051
205610, 8056100, 8081154, 25054
205612, 8056120, 8081168, 25048
205613, 8056130, 8081181, 25051
205614, 8056140, 8081195, 25055
205615, 8056150, 8081208, 25058
205616, 8056160, 8081222, 25062
205617, 8056170, 8081235, 25065
205618, 8056180, 8081249, 25069
205619, 8056190, 8081262, 25072
205620, 8056200, 8081275, 25075
205621, 8056210, 8081289, 25079
205623, 8056230, 8081302, 25072
205624, 8056240, 8081316, 25076
205625, 8056250, 8081329, 25079
205626, 8056260, 8081343, 25083
205627, 8056270, 8081356, 25086
205628, 8056280, 8081370, 25090
205629, 8056290, 8081383, 25093
205630, 8056300, 8081396, 25096
205631, 8056310, 8081410, 25100
205633, 8056330, 8081423, 25093
205634, 8056340, 8081437, 25097
205635, 8056350, 8081450, 25100
205636, 8056360, 8081464, 25104
205637, 8056370, 8081477, 25107
205638, 8056380, 8081490, 25110
205639, 8056390, 8081504, 25114
205640, 8056400, 8081517, 25117
205641, 8056410, 8081531, 25121
205642, 8056420, 8081544, 25124
205644, 8056440, 8081558, 25118
205645, 8056450, 8081571, 25121
205646, 8056460, 8081585, 25125
205647, 8056470, 8081598, 25128
205648, 8056480, 8081611, 25131
205649, 8056490, 8081625, 25135
205651, 8056510, 8081652, 25142
205652, 8056520, 8081665, 25145
205653, 8056530, 8081679, 25149
205655, 8056550, 8081692, 25142
205656, 8056560, 8081706, 25146
205657, 8056570, 8081719, 25149
205658, 8056580, 8081732, 25152
205659, 8056590, 8081746, 25156
205660, 8056600, 8081759, 25159
205661, 8056610, 8081773, 25163
205662, 8056620, 8081786, 25166
205663, 8056630, 8081800, 25170
205665, 8056650, 8081813, 25163
205666, 8056660, 8081826, 25166
205667, 8056670, 8081840, 25170
205668, 8056680, 8081853, 25173
205669, 8056690, 8081867, 25177
205670, 8056700, 8081880, 25180
205671, 8056710, 8081894, 25184
205672, 8056720, 8081907, 25187
205673, 8056730, 8081921, 25191
205674, 8056740, 8081934, 25194
205676, 8056760, 8081947, 25187
205677, 8056770, 8081961, 25191
205678, 8056780, 8081974, 25194
205679, 8056790, 8081988, 25198
205680, 8056800, 8082001, 25201
205681, 8056810, 8082015, 25205
205682, 8056820, 8082028, 25208
205683, 8056830, 8082042, 25212
205684, 8056840, 8082055, 25215
205685, 8056850, 8082068, 25218
205687, 8056870, 8082082, 25212
205688, 8056880, 8082095, 25215
205689, 8056890, 8082109, 25219
205690, 8056900, 8082122, 25222
205691, 8056910, 8082136, 25226
205692, 8056920, 8082149, 25229
205693, 8056930, 8082162, 25232
205694, 8056940, 8082176, 25236
205695, 8056950, 8082189, 25239
205697, 8056970, 8082203, 25233
205698, 8056980, 8082216, 25236
205699, 8056990, 8082230, 25240
205701, 8057010, 8082257, 25247
205702, 8057020, 8082270, 25250
205703, 8057030, 8082283, 25253
205704, 8057040, 8082297, 25257
205705, 8057050, 8082310, 25260
205706, 8057060, 8082324, 25264
205708, 8057080, 8082337, 25257
205709, 8057090, 8082351, 25261
205710, 8057100, 8082364, 25264
205711, 8057110, 8082378, 25268
205712, 8057120, 8082391, 25271
205713, 8057130, 8082404, 25274
205714, 8057140, 8082418, 25278
205715, 8057150, 8082431, 25281
205716, 8057160, 8086012, 28852
205718, 8057180, 8086026, 28846
205719, 8057190, 8086039, 28849
205720, 8057200, 8086052, 28852
205721, 8057210, 8086066, 28856
205722, 8057220, 8086079, 28859
205723, 8057230, 8086093, 28863
205724, 8057240, 8086106, 28866
205725, 8057250, 8086120, 28870
205726, 8057260, 8086133, 28873
205727, 8057270, 8086146, 28876
205729, 8057290, 8086160, 28870
205730, 8057300, 8086173, 28873
205731, 8057310, 8086187, 28877
205732, 8057320, 8086200, 28880
205733, 8057330, 8086214, 28884
205734, 8057340, 8086227, 28887
205735, 8057350, 8086241, 28891
205736, 8057360, 8086254, 28894
205737, 8057370, 8086267, 28897
205738, 8057380, 8086281, 28901
205740, 8057400, 8086294, 28894
205741, 8057410, 8086308, 28898
205742, 8057420, 8086321, 28901
205743, 8057430, 8086335, 28905
205744, 8057440, 8086348, 28908
205745, 8057450, 8086362, 28912
205746, 8057460, 8086375, 28915
205747, 8057470, 8086388, 28918
205748, 8057480, 8086402, 28922
205751, 8057510, 8086429, 28919
205752, 8057520, 8086442, 28922
205753, 8057530, 8086456, 28926
205754, 8057540, 8086469, 28929
205755, 8057550, 8086482, 28932
205756, 8057560, 8086496, 28936
205757, 8057570, 8086509, 28939
205758, 8057580, 8086523, 28943
205759, 8057590, 8086536, 28946
205761, 8057610, 8086550, 28940
205762, 8057620, 8086563, 28943
205763, 8057630, 8086577, 28947
205764, 8057640, 8086590, 28950
205765, 8057650, 8086603, 28953
205766, 8057660, 8086617, 28957
205767, 8057670, 8086630, 28960
205768, 8057680, 8086644, 28964
205769, 8057690, 8086657, 28967
205771, 8057710, 8086671, 28961
205772, 8057720, 8086684, 28964
205773, 8057730, 8086698, 28968
205774, 8057740, 8086711, 28971
205775, 8057750, 8086724, 28974
205776, 8057760, 8086738, 28978
205777, 8057770, 8086751, 28981
205778, 8057780, 8086765, 28985
205779, 8057790, 8086778, 28988
205780, 8057800, 8086792, 28992
205782, 8057820, 8086805, 28985
205783, 8057830, 8086818, 28988
205784, 8057840, 8086832, 28992
205785, 8057850, 8086845, 28995
205786, 8057860, 8086859, 28999
205787, 8057870, 8086872, 29002
205788, 8057880, 8086886, 29006
205789, 8057890, 8086899, 29009
205790, 8057900, 8086913, 29013
205791, 8057910, 8086926, 29016
205793, 8057930, 8086939, 29009
205794, 8057940, 8086953, 29013
205795, 8057950, 8086966, 29016
205796, 8057960, 8086980, 29020
205797, 8057970, 8086993, 29023
205798, 8057980, 8087007, 29027
205799, 8057990, 8087020, 29030
206202, 8062020, 8087047, 25027
206203, 8062030, 8087060, 25030
206204, 8062040, 8087074, 25034
206205, 8062050, 8087087, 25037
206206, 8062060, 8087101, 25041
206207, 8062070, 8087114, 25044
206208, 8062080, 8087128, 25048
206209, 8062090, 8087141, 25051
206210, 8062100, 8087154, 25054
206212, 8062120, 8087168, 25048
206213, 8062130, 8087181, 25051
206214, 8062140, 8087195, 25055
206215, 8062150, 8087208, 25058
206216, 8062160, 8087222, 25062
206217, 8062170, 8087235, 25065
206218, 8062180, 8087249, 25069
206219, 8062190, 8087262, 25072
206220, 8062200, 8087275, 25075
206221, 8062210, 8087289, 25079
206223, 8062230, 8087302, 25072
206224, 8062240, 8087316, 25076
206225, 8062250, 8087329, 25079
206226, 8062260, 8087343, 25083
206227, 8062270, 8087356, 25086
206228, 8062280, 8087370, 25090
206229, 8062290, 8087383, 25093
206230, 8062300, 8087396, 25096
206231, 8062310, 8087410, 25100
206233, 8062330, 8087423, 25093
206234, 8062340, 8087437, 25097
206235, 8062350, 8087450, 25100
206236, 8062360, 8087464, 25104
206237, 8062370, 8087477, 25107
206238, 8062380, 8087490, 25110
206239, 8062390, 8087504, 25114
206240, 8062400, 8087517, 25117
206241, 8062410, 8087531, 25121
206242, 8062420, 8087544, 25124
206244, 8062440, 8087558, 25118
206245, 8062450, 8087571, 25121
206246, 8062460, 8087585, 25125
206247, 8062470, 8087598, 25128
206248, 8062480, 8087611, 25131
206249, 8062490, 8087625, 25135
206251, 8062510, 8087652, 25142
206252, 8062520, 8087665, 25145
206253, 8062530, 8087679, 25149
206255, 8062550, 8087692, 25142
206256, 8062560, 8087706, 25146
206257, 8062570, 8087719, 25149
206258, 8062580, 8087732, 25152
206259, 8062590, 8087746, 25156
206260, 8062600, 8087759, 25159
206261, 8062610, 8087773, 25163
206262, 8062620, 8087786, 25166
206263, 8062630, 8087800, 25170
206265, 8062650, 8087813, 25163
206266, 8062660, 8087826, 25166
206267, 8062670, 8087840, 25170
206268, 8062680, 8087853, 25173
206269, 8062690, 8087867, 25177
206270, 8062700, 8087880, 25180
206271, 8062710, 8087894, 25184
206272, 8062720, 8087907, 25187
206273, 8062730, 8087921, 25191
206274, 8062740, 8087934, 25194
206276, 8062760, 8087947, 25187
206277, 8062770, 8087961, 25191
206278, 8062780, 8087974, 25194
206279, 8062790, 8087988, 25198
206280, 8062800, 8088001, 25201
206281, 8062810, 8088015, 25205
206282, 8062820, 8088028, 25208
206283, 8062830, 8088042, 25212
206284, 8062840, 8088055, 25215
206285, 8062850, 8088068, 25218
206287, 8062870, 8088082, 25212
206288, 8062880, 8088095, 25215
206289, 8062890, 8088109, 25219
206290, 8062900, 8088122, 25222
206291, 8062910, 8088136, 25226
206292, 8062920, 8088149, 25229
206293, 8062930, 8088162, 25232
206294, 8062940, 8088176, 25236
206295, 8062950, 8088189, 25239
206297, 8062970, 8088203, 25233
206298, 8062980, 8088216, 25236
206299, 8062990, 8088230, 25240
206301, 8063010, 8088257, 25247
206302, 8063020, 8088270, 25250
206303, 8063030, 8088283, 25253
206304, 8063040, 8088297, 25257
206305, 8063050, 8088310, 25260
206306, 8063060, 8088324, 25264
206308, 8063080, 8088337, 25257
206309, 8063090, 8088351, 25261
206310, 8063100, 8088364, 25264
206311, 8063110, 8088378, 25268
206312, 8063120, 8088391, 25271
206313, 8063130, 8088404, 25274
206314, 8063140, 8088418, 25278
206315, 8063150, 8088431, 25281
206316, 8063160, 8092012, 28852
206318, 8063180, 8092026, 28846
206319, 8063190, 8092039, 28849
206320, 8063200, 8092052, 28852
206321, 8063210, 8092066, 28856
206322, 8063220, 8092079, 28859
206323, 8063230, 8092093, 28863
206324, 8063240, 8092106, 28866
206325, 8063250, 8092120, 28870
206326, 8063260, 8092133, 28873
206327, 8063270, 8092146, 28876
206329, 8063290, 8092160, 28870
206330, 8063300, 8092173, 28873
206331, 8063310, 8092187, 28877
206332, 8063320, 8092200, 28880
206333, 8063330, 8092214, 28884
206334, 8063340, 8092227, 28887
206335, 8063350, 8092241, 28891
206336, 8063360, 8092254, 28894
206337, 8063370, 8092267, 28897
206338, 8063380, 8092281, 28901
206340, 8063400, 8092294, 28894
206341, 8063410, 8092308, 28898
206342, 8063420, 8092321, 28901
206343, 8063430, 8092335, 28905
206344, 8063440, 8092348, 28908
206345, 8063450, 8092362, 28912
206346, 8063460, 8092375, 28915
206347, 8063470, 8092388, 28918
206348, 8063480, 8092402, 28922
206351, 8063510, 8092429, 28919
206352, 8063520, 8092442, 28922
206353, 8063530, 8092456, 28926
206354, 8063540, 8092469, 28929
206355, 8063550, 8092482, 28932
206356, 8063560, 8092496, 28936
206357, 8063570, 8092509, 28939
206358, 8063580, 8092523, 28943
206359, 8063590, 8092536, 28946
206361, 8063610, 8092550, 28940
206362, 8063620, 8092563, 28943
206363, 8063630, 8092577, 28947
206364, 8063640, 8092590, 28950
206365, 8063650, 8092603, 28953
206366, 8063660, 8092617, 28957
206367, 8063670, 8092630, 28960
206368, 8063680, 8092644, 28964
206369, 8063690, 8092657, 28967
206371, 8063710, 8092671, 28961
206372, 8063720, 8092684, 28964
206373, 8063730, 8092698, 28968
206374, 8063740, 8092711, 28971
206375, 8063750, 8092724, 28974
206376, 8063760, 8092738, 28978
206377, 8063770, 8092751, 28981
206378, 8063780, 8092765, 28985
206379, 8063790, 8092778, 28988
206380, 8063800, 8092792, 28992
206382, 8063820, 8092805, 28985
206383, 8063830, 8092818, 28988
206384, 8063840, 8092832, 28992
206385, 8063850, 8092845, 28995
206386, 8063860, 8092859, 28999
206387, 8063870, 8092872, 29002
206388, 8063880, 8092886, 29006
206389, 8063890, 8092899, 29009
206390, 8063900, 8092913, 29013
206391, 8063910, 8092926, 29016
206393, 8063930, 8092939, 29009
206394, 8063940, 8092953, 29013
206395, 8063950, 8092966, 29016
206396, 8063960, 8092980, 29020
206397, 8063970, 8092993, 29023
206398, 8063980, 8093007, 29027
206399, 8063990, 8093020, 29030
206802, 8068020, 8093047, 25027
206803, 8068030, 8093060, 25030
206804, 8068040, 8093074, 25034
206805, 8068050, 8093087, 25037
206806, 8068060, 8093101, 25041
206807, 8068070, 8093114, 25044
206808, 8068080, 8093128, 25048
206809, 8068090, 8093141, 25051
206810, 8068100, 8093154, 25054
206812, 8068120, 8093168, 25048
206813, 8068130, 8093181, 25051
206814, 8068140, 8093195, 25055
206815, 8068150, 8093208, 25058
206816, 8068160, 8093222, 25062
206817, 8068170, 8093235, 25065
206818, 8068180, 8093249, 25069
206819, 8068190, 8093262, 25072
206820, 8068200, 8093275, 25075
206821, 8068210, 8093289, 25079
206823, 8068230, 8093302, 25072
206824, 8068240, 8093316, 25076
206825, 8068250, 8093329, 25079
206826, 8068260, 8093343, 25083
206827, 8068270, 8093356, 25086
206828, 8068280, 8093370, 25090
206829, 8068290, 8093383, 25093
206830, 8068300, 8093396, 25096
206831, 8068310, 8093410, 25100
206833, 8068330, 8093423, 25093
206834, 8068340, 8093437, 25097
206835, 8068350, 8093450, 25100
206836, 8068360, 8093464, 25104
206837, 8068370, 8093477, 25107
206838, 8068380, 8093490, 25110
206839, 8068390, 8093504, 25114
206840, 8068400, 8093517, 25117
206841, 8068410, 8093531, 25121
206842, 8068420, 8093544, 25124
206844, 8068440, 8093558, 25118
206845, 8068450, 8093571, 25121
206846, 8068460, 8093585, 25125
206847, 8068470, 8093598, 25128
206848, 8068480, 8093611, 25131
206849, 8068490, 8093625, 25135
206851, 8068510, 8093652, 25142
206852, 8068520, 8093665, 25145
206853, 8068530, 8093679, 25149
206855, 8068550, 8093692, 25142
206856, 8068560, 8093706, 25146
206857, 8068570, 8093719, 25149
206858, 8068580, 8093732, 25152
206859, 8068590, 8093746, 25156
206860, 8068600, 8093759, 25159
206861, 8068610, 8093773, 25163
206862, 8068620, 8093786, 25166
206863, 8068630, 8093800, 25170
206865, 8068650, 8093813, 25163
206866, 8068660, 8093826, 25166
206867, 8068670, 8093840, 25170
206868, 8068680, 8093853, 25173
206869, 8068690, 8093867, 25177
206870, 8068700, 8093880, 25180
206871, 8068710, 8093894, 25184
206872, 8068720, 8093907, 25187
206873, 8068730, 8093921, 25191
206874, 8068740, 8093934, 25194
206876, 8068760, 8093947, 25187
206877, 8068770, 8093961, 25191
206878, 8068780, 8093974, 25194
206879, 8068790, 8093988, 25198
206880, 8068800, 8094001, 25201
206881, 8068810, 8094015, 25205
206882, 8068820, 8094028, 25208
206883, 8068830, 8094042, 25212
206884, 8068840, 8094055, 25215
206885, 8068850, 8094068, 25218
206887, 8068870, 8094082, 25212
206888, 8068880, 8094095, 25215
206889, 8068890, 8094109, 25219
206890, 8068900, 8094122, 25222
206891, 8068910, 8094136, 25226
206892, 8068920, 8094149, 25229
206893, 8068930, 8094162, 25232
206894, 8068940, 8094176, 25236
206895, 8068950, 8094189, 25239
206897, 8068970, 8094203, 25233
206898, 8068980, 8094216, 25236
206899, 8068990, 8094230, 25240
206901, 8069010, 8094257, 25247
206902, 8069020, 8094270, 25250
206903, 8069030, 8094283, 25253
206904, 8069040, 8094297, 25257
206905, 8069050, 8094310, 25260
206906, 8069060, 8094324, 25264
206908, 8069080, 8094337, 25257
206909, 8069090, 8094351, 25261
206910, 8069100, 8094364, 25264
206911, 8069110, 8094378, 25268
206912, 8069120, 8094391, 25271
206913, 8069130, 8094404, 25274
206914, 8069140, 8094418, 25278
206915, 8069150, 8094431, 25281
206916, 8069160, 8098012, 28852
206918, 8069180, 8098026, 28846
206919, 8069190, 8098039, 28849
206920, 8069200, 8098052, 28852
206921, 8069210, 8098066, 28856
206922, 8069220, 8098079, 28859
206923, 8069230, 8098093, 28863
206924, 8069240, 8098106, 28866
206925, 8069250, 8098120, 28870
206926, 8069260, 8098133, 28873
206927, 8069270, 8098146, 28876
206929, 8069290, 8098160, 28870
206930, 8069300, 8098173, 28873
206931, 8069310, 8098187, 28877
206932, 8069320, 8098200, 28880
206933, 8069330, 8098214, 28884
206934, 8069340, 8098227, 28887
206935, 8069350, 8098241, 28891
206936, 8069360, 8098254, 28894
206937, 8069370, 8098267, 28897
206938, 8069380, 8098281, 28901
206940, 8069400, 8098294, 28894
206941, 8069410, 8098308, 28898
206942, 8069420, 8098321, 28901
206943, 8069430, 8098335, 28905
206944, 8069440, 8098348, 28908
206945, 8069450, 8098362, 28912
206946, 8069460, 8098375, 28915
206947, 8069470, 8098388, 28918
206948, 8069480, 8098402, 28922
206951, 8069510, 8098429, 28919
206952, 8069520, 8098442, 28922
206953, 8069530, 8098456, 28926
206954, 8069540, 8098469, 28929
206955, 8069550, 8098482, 28932
206956, 8069560, 8098496, 28936
206957, 8069570, 8098509, 28939
206958, 8069580, 8098523, 28943
206959, 8069590, 8098536, 28946
206961, 8069610, 8098550, 28940
206962, 8069620, 8098563, 28943
206963, 8069630, 8098577, 28947
206964, 8069640, 8098590, 28950
206965, 8069650, 8098603, 28953
206966, 8069660, 8098617, 28957
206967, 8069670, 8098630, 28960
206968, 8069680, 8098644, 28964
206969, 8069690, 8098657, 28967
206971, 8069710, 8098671, 28961
206972, 8069720, 8098684, 28964
206973, 8069730, 8098698, 28968
206974, 8069740, 8098711, 28971
206975, 8069750, 8098724, 28974
206976, 8069760, 8098738, 28978
206977, 8069770, 8098751, 28981
206978, 8069780, 8098765, 28985
206979, 8069790, 8098778, 28988
206980, 8069800, 8098792, 28992
206982, 8069820, 8098805, 28985
206983, 8069830, 8098818, 28988
206984, 8069840, 8098832, 28992
206985, 8069850, 8098845, 28995
206986, 8069860, 8098859, 28999
206987, 8069870, 8098872, 29002
206988, 8069880, 8098886, 29006
206989, 8069890, 8098899, 29009
206990, 8069900, 8098913, 29013
206991, 8069910, 8098926, 29016
206993, 8069930, 8098939, 29009
206994, 8069940, 8098953, 29013
206995, 8069950, 8098966, 29016
206996, 8069960, 8098980, 29020
206997, 8069970, 8098993, 29023
206998, 8069980, 8099007, 29027
206999, 8069990, 8099020, 29030
207402, 8074020, 8099047, 25027
207403, 8074030, 8099060, 25030
207404, 8074040, 8099074, 25034
207405, 8074050, 8099087, 25037
207406, 8074060, 8099101, 25041
207407, 8074070, 8099114, 25044
207408, 8074080, 8099128, 25048
207409, 8074090, 8099141, 25051
207410, 8074100, 8099154, 25054
207412, 8074120, 8099168, 25048
207413, 8074130, 8099181, 25051
207414, 8074140, 8099195, 25055
207415, 8074150, 8099208, 25058
207416, 8074160, 8099222, 25062
207417, 8074170, 8099235, 25065
207418, 8074180, 8099249, 25069
207419, 8074190, 8099262, 25072
207420, 8074200, 8099275, 25075
207421, 8074210, 8099289, 25079
207423, 8074230, 8099302, 25072
207424, 8074240, 8099316, 25076
207425, 8074250, 8099329, 25079
207426, 8074260, 8099343, 25083
207427, 8074270, 8099356, 25086
207428, 8074280, 8099370, 25090
207429, 8074290, 8099383, 25093
207430, 8074300, 8099396, 25096
207431, 8074310, 8099410, 25100
207433, 8074330, 8099423, 25093
207434, 8074340, 8099437, 25097
207435, 8074350, 8099450, 25100
207436, 8074360, 8099464, 25104
207437, 8074370, 8099477, 25107
207438, 8074380, 8099490, 25110
207439, 8074390, 8099504, 25114
207440, 8074400, 8099517, 25117
207441, 8074410, 8099531, 25121
207442, 8074420, 8099544, 25124
207444, 8074440, 8099558, 25118
207445, 8074450, 8099571, 25121
207446, 8074460, 8099585, 25125
207447, 8074470, 8099598, 25128
207448, 8074480, 8099611, 25131
207449, 8074490, 8099625, 25135
207451, 8074510, 8099652, 25142
207452, 8074520, 8099665, 25145
207453, 8074530, 8099679, 25149
207455, 8074550, 8099692, 25142
207456, 8074560, 8099706, 25146
207457, 8074570, 8099719, 25149
207458, 8074580, 8099732, 25152
207459, 8074590, 8099746, 25156
207460, 8074600, 8099759, 25159
207461, 8074610, 8099773, 25163
207462, 8074620, 8099786, 25166
207463, 8074630, 8099800, 25170
207465, 8074650, 8099813, 25163
207466, 8074660, 8099826, 25166
207467, 8074670, 8099840, 25170
207468, 8074680, 8099853, 25173
207469, 8074690, 8099867, 25177
207470, 8074700, 8099880, 25180
207471, 8074710, 8099894, 25184
207472, 8074720, 8099907, 25187
207473, 8074730, 8099921, 25191
207474, 8074740, 8099934, 25194
207476, 8074760, 8099947, 25187
207477, 8074770, 8099961, 25191
207478, 8074780, 8099974, 25194
207479, 8074790, 8099988, 25198
207480, 8074800, 8100001, 25201
207481, 8074810, 8100015, 25205
207482, 8074820, 8100028, 25208
207483, 8074830, 8100042, 25212
207484, 8074840, 8100055, 25215
207485, 8074850, 8100068, 25218
207487, 8074870, 8100082, 25212
207488, 8074880, 8100095, 25215
207489, 8074890, 8100109, 25219
207490, 8074900, 8100122, 25222
207491, 8074910, 8100136, 25226
207492, 8074920, 8100149, 25229
207493, 8074930, 8100162, 25232
207494, 8074940, 8100176, 25236
207495, 8074950, 8100189, 25239
207497, 8074970, 8100203, 25233
207498, 8074980, 8100216, 25236
207499, 8074990, 8100230, 25240
207501, 8075010, 8100257, 25247
207502, 8075020, 8100270, 25250
207503, 8075030, 8100283, 25253
207504, 8075040, 8100297, 25257
207505, 8075050, 8100310, 25260
207506, 8075060, 8100324, 25264
207508, 8075080, 8100337, 25257
207509, 8075090, 8100351, 25261
207510, 8075100, 8100364, 25264
207511, 8075110, 8100378, 25268
207512, 8075120, 8100391, 25271
207513, 8075130, 8100404, 25274
207514, 8075140, 8100418, 25278
207515, 8075150, 8100431, 25281
207516, 8075160, 8104012, 28852
207517, 8075170, 8104026, 28856
207519, 8075190, 8104039, 28849
207520, 8075200, 8104052, 28852
207521, 8075210, 8104066, 28856
207522, 8075220, 8104079, 28859
207523, 8075230, 8104093, 28863
207524, 8075240, 8104106, 28866
207525, 8075250, 8104120, 28870
207526, 8075260, 8104133, 28873
207527, 8075270, 8104146, 28876
207529, 8075290, 8104160, 28870
207530, 8075300, 8104173, 28873
207531, 8075310, 8104187, 28877
207532, 8075320, 8104200, 28880
207533, 8075330, 8104214, 28884
207534, 8075340, 8104227, 28887
207535, 8075350, 8104241, 28891
207536, 8075360, 8104254, 28894
207537, 8075370, 8104267, 28897
207538, 8075380, 8104281, 28901
207540, 8075400, 8104294, 28894
207541, 8075410, 8104308, 28898
207542, 8075420, 8104321, 28901
207543, 8075430, 8104335, 28905
207544, 8075440, 8104348, 28908
207545, 8075450, 8104362, 28912
207546, 8075460, 8104375, 28915
207547, 8075470, 8104388, 28918
207548, 8075480, 8104402, 28922
207551, 8075510, 8104429, 28919
207552, 8075520, 8104442, 28922
207553, 8075530, 8104456, 28926
207554, 8075540, 8104469, 28929
207555, 8075550, 8104482, 28932
207556, 8075560, 8104496, 28936
207557, 8075570, 8104509, 28939
207558, 8075580, 8104523, 28943
207559, 8075590, 8104536, 28946
207561, 8075610, 8104550, 28940
207562, 8075620, 8104563, 28943
207563, 8075630, 8104577, 28947
207564, 8075640, 8104590, 28950
207565, 8075650, 8104603, 28953
207566, 8075660, 8104617, 28957
207567, 8075670, 8104630, 28960
207568, 8075680, 8104644, 28964
207569, 8075690, 8104657, 28967
207570, 8075700, 8104671, 28971
207572, 8075720, 8104684, 28964
207573, 8075730, 8104698, 28968
207574, 8075740, 8104711, 28971
207575, 8075750, 8104724, 28974
207576, 8075760, 8104738, 28978
207577, 8075770, 8104751, 28981
207578, 8075780, 8104765, 28985
207579, 8075790, 8104778, 28988
207580, 8075800, 8104792, 28992
207582, 8075820, 8104805, 28985
207583, 8075830, 8104818, 28988
207584, 8075840, 8104832, 28992
207585, 8075850, 8104845, 28995
207586, 8075860, 8104859, 28999
207587, 8075870, 8104872, 29002
207588, 8075880, 8104886, 29006
207589, 8075890, 8104899, 29009
207590, 8075900, 8104913, 29013
207591, 8075910, 8104926, 29016
207593, 8075930, 8104939, 29009
207594, 8075940, 8104953, 29013
207595, 8075950, 8104966, 29016
207596, 8075960, 8104980, 29020
207597, 8075970, 8104993, 29023
207598, 8075980, 8105007, 29027
207599, 8075990, 8105020, 29030
208002, 8080020, 8105047, 25027
208003, 8080030, 8105060, 25030
208004, 8080040, 8105074, 25034
208005, 8080050, 8105087, 25037
208006, 8080060, 8105101, 25041
208007, 8080070, 8105114, 25044
208008, 8080080, 8105127, 25047
208009, 8080090, 8105141, 25051
208010, 8080100, 8105154, 25054
208012, 8080120, 8105168, 25048
208013, 8080130, 8105181, 25051
208014, 8080140, 8105195, 25055
208015, 8080150, 8105208, 25058
208016, 8080160, 8105222, 25062
208017, 8080170, 8105235, 25065
208018, 8080180, 8105248, 25068
208019, 8080190, 8105262, 25072
208020, 8080200, 8105275, 25075
208021, 8080210, 8105289, 25079
208023, 8080230, 8105302, 25072
208024, 8080240, 8105316, 25076
208025, 8080250, 8105329, 25079
208026, 8080260, 8105342, 25082
208027, 8080270, 8105356, 25086
208028, 8080280, 8105369, 25089
208029, 8080290, 8105383, 25093
208030, 8080300, 8105396, 25096
208031, 8080310, 8105410, 25100
208033, 8080330, 8105423, 25093
208034, 8080340, 8105437, 25097
208035, 8080350, 8105450, 25100
208036, 8080360, 8105463, 25103
208037, 8080370, 8105477, 25107
208038, 8080380, 8105490, 25110
208039, 8080390, 8105504, 25114
208040, 8080400, 8105517, 25117
208041, 8080410, 8105531, 25121
208042, 8080420, 8105544, 25124
208044, 8080440, 8105558, 25118
208045, 8080450, 8105571, 25121
208046, 8080460, 8105584, 25124
208047, 8080470, 8105598, 25128
208048, 8080480, 8105611, 25131
208049, 8080490, 8105625, 25135
208051, 8080510, 8105652, 25142
208052, 8080520, 8105665, 25145
208053, 8080530, 8105678, 25148
208055, 8080550, 8105692, 25142
208056, 8080560, 8105705, 25145
208057, 8080570, 8105719, 25149
208058, 8080580, 8105732, 25152
208059, 8080590, 8105746, 25156
208060, 8080600, 8105759, 25159
208061, 8080610, 8105773, 25163
208062, 8080620, 8105786, 25166
208063, 8080630, 8105799, 25169
208065, 8080650, 8105813, 25163
208066, 8080660, 8105826, 25166
208067, 8080670, 8105840, 25170
208068, 8080680, 8105853, 25173
208069, 8080690, 8105867, 25177
208070, 8080700, 8105880, 25180
208071, 8080710, 8105894, 25184
208072, 8080720, 8105907, 25187
208073, 8080730, 8105920, 25190
208074, 8080740, 8105934, 25194
208076, 8080760, 8105947, 25187
208077, 8080770, 8105961, 25191
208078, 8080780, 8105974, 25194
208079, 8080790, 8105988, 25198
208080, 8080800, 8106001, 25201
208081, 8080810, 8106014, 25204
208082, 8080820, 8106028, 25208
208083, 8080830, 8106041, 25211
208084, 8080840, 8106055, 25215
208085, 8080850, 8106068, 25218
208087, 8080870, 8106082, 25212
208088, 8080880, 8106095, 25215
208089, 8080890, 8106109, 25219
208090, 8080900, 8106122, 25222
208091, 8080910, 8106135, 25225
208092, 8080920, 8106149, 25229
208093, 8080930, 8106162, 25232
208094, 8080940, 8106176, 25236
208095, 8080950, 8106189, 25239
208097, 8080970, 8106203, 25233
208098, 8080980, 8106216, 25236
208099, 8080990, 8106230, 25240
208101, 8081010, 8106256, 25246
208102, 8081020, 8106270, 25250
208103, 8081030, 8106283, 25253
208104, 8081040, 8106297, 25257
208105, 8081050, 8106310, 25260
208106, 8081060, 8106324, 25264
208108, 8081080, 8106337, 25257
208109, 8081090, 8106350, 25260
208110, 8081100, 8106364, 25264
208111, 8081110, 8106377, 25267
208112, 8081120, 8106391, 25271
208113, 8081130, 8106404, 25274
208114, 8081140, 8106418, 25278
208115, 8081150, 8106431, 25281
208116, 8081160, 8110012, 28852
208118, 8081180, 8110026, 28846
208119, 8081190, 8110039, 28849
208120, 8081200, 8110052, 28852
208121, 8081210, 8110066, 28856
208122, 8081220, 8110079, 28859
208123, 8081230, 8110093, 28863
208124, 8081240, 8110106, 28866
208125, 8081250, 8110120, 28870
208126, 8081260, 8110133, 28873
208127, 8081270, 8110146, 28876
208129, 8081290, 8110160, 28870
208130, 8081300, 8110173, 28873
208131, 8081310, 8110187, 28877
208132, 8081320, 8110200, 28880
208133, 8081330, 8110214, 28884
208134, 8081340, 8110227, 28887
208135, 8081350, 8110241, 28891
208136, 8081360, 8110254, 28894
208137, 8081370, 8110267, 28897
208138, 8081380, 8110281, 28901
208140, 8081400, 8110294, 28894
208141, 8081410, 8110308, 28898
208142, 8081420, 8110321, 28901
208143, 8081430, 8110335, 28905
208144, 8081440, 8110348, 28908
208145, 8081450, 8110362, 28912
208146, 8081460, 8110375, 28915
208147, 8081470, 8110388, 28918
208148, 8081480, 8110402, 28922
208151, 8081510, 8110429, 28919
208152, 8081520, 8110442, 28922
208153, 8081530, 8110456, 28926
208154, 8081540, 8110469, 28929
208155, 8081550, 8110482, 28932
208156, 8081560, 8110496, 28936
208157, 8081570, 8110509, 28939
208158, 8081580, 8110523, 28943
208159, 8081590, 8110536, 28946
208161, 8081610, 8110550, 28940
208162, 8081620, 8110563, 28943
208163, 8081630, 8110577, 28947
208164, 8081640, 8110590, 28950
208165, 8081650, 8110603, 28953
208166, 8081660, 8110617, 28957
208167, 8081670, 8110630, 28960
208168, 8081680, 8110644, 28964
208169, 8081690, 8110657, 28967
208171, 8081710, 8110671, 28961
208172, 8081720, 8110684, 28964
208173, 8081730, 8110698, 28968
208174, 8081740, 8110711, 28971
208175, 8081750, 8110724, 28974
208176, 8081760, 8110738, 28978
208177, 8081770, 8110751, 28981
208178, 8081780, 8110765, 28985
208179, 8081790, 8110778, 28988
208180, 8081800, 8110792, 28992
208182, 8081820, 8110805, 28985
208183, 8081830, 8110818, 28988
208184, 8081840, 8110832, 28992
208185, 8081850, 8110845, 28995
208186, 8081860, 8110859, 28999
208187, 8081870, 8110872, 29002
208188, 8081880, 8110886, 29006
208189, 8081890, 8110899, 29009
208190, 8081900, 8110913, 29013
208191, 8081910, 8110926, 29016
208193, 8081930, 8110939, 29009
208194, 8081940, 8110953, 29013
208195, 8081950, 8110966, 29016
208196, 8081960, 8110980, 29020
208197, 8081970, 8110993, 29023
208198, 8081980, 8111007, 29027
208199, 8081990, 8111020, 29030
208602, 8086020, 8111047, 25027
208603, 8086030, 8111060, 25030
208604, 8086040, 8111074, 25034
208605, 8086050, 8111087, 25037
208606, 8086060, 8111101, 25041
208607, 8086070, 8111114, 25044
208608, 8086080, 8111128, 25048
208609, 8086090, 8111141, 25051
208610, 8086100, 8111154, 25054
208612, 8086120, 8111168, 25048
208613, 8086130, 8111181, 25051
208614, 8086140, 8111195, 25055
208615, 8086150, 8111208, 25058
208616, 8086160, 8111222, 25062
208617, 8086170, 8111235, 25065
208618, 8086180, 8111249, 25069
208619, 8086190, 8111262, 25072
208620, 8086200, 8111275, 25075
208621, 8086210, 8111289, 25079
208623, 8086230, 8111302, 25072
208624, 8086240, 8111316, 25076
208625, 8086250, 8111329, 25079
208626, 8086260, 8111343, 25083
208627, 8086270, 8111356, 25086
208628, 8086280, 8111370, 25090
208629, 8086290, 8111383, 25093
208630, 8086300, 8111396, 25096
208631, 8086310, 8111410, 25100
208633, 8086330, 8111423, 25093
208634, 8086340, 8111437, 25097
208635, 8086350, 8111450, 25100
208636, 8086360, 8111464, 25104
208637, 8086370, 8111477, 25107
208638, 8086380, 8111490, 25110
208639, 8086390, 8111504, 25114
208640, 8086400, 8111517, 25117
208641, 8086410, 8111531, 25121
208642, 8086420, 8111544, 25124
208644, 8086440, 8111558, 25118
208645, 8086450, 8111571, 25121
208646, 8086460, 8111585, 25125
208647, 8086470, 8111598, 25128
208648, 8086480, 8111611, 25131
208649, 8086490, 8111625, 25135
208651, 8086510, 8111652, 25142
208652, 8086520, 8111665, 25145
208653, 8086530, 8111679, 25149
208655, 8086550, 8111692, 25142
208656, 8086560, 8111706, 25146
208657, 8086570, 8111719, 25149
208658, 8086580, 8111732, 25152
208659, 8086590, 8111746, 25156
208660, 8086600, 8111759, 25159
208661, 8086610, 8111773, 25163
208662, 8086620, 8111786, 25166
208663, 8086630, 8111800, 25170
208665, 8086650, 8111813, 25163
208666, 8086660, 8111826, 25166
208667, 8086670, 8111840, 25170
208668, 8086680, 8111853, 25173
208669, 8086690, 8111867, 25177
208670, 8086700, 8111880, 25180
208671, 8086710, 8111894, 25184
208672, 8086720, 8111907, 25187
208673, 8086730, 8111921, 25191
208674, 8086740, 8111934, 25194
208676, 8086760, 8111947, 25187
208677, 8086770, 8111961, 25191
208678, 8086780, 8111974, 25194
208679, 8086790, 8111988, 25198
208680, 8086800, 8112001, 25201
208681, 8086810, 8112015, 25205
208682, 8086820, 8112028, 25208
208683, 8086830, 8112042, 25212
208684, 8086840, 8112055, 25215
208685, 8086850, 8112068, 25218
208687, 8086870, 8112082, 25212
208688, 8086880, 8112095, 25215
208689, 8086890, 8112109, 25219
208690, 8086900, 8112122, 25222
208691, 8086910, 8112136, 25226
208692, 8086920, 8112149, 25229
208693, 8086930, 8112162, 25232
208694, 8086940, 8112176, 25236
208695, 8086950, 8112189, 25239
208697, 8086970, 8112203, 25233
208698, 8086980, 8112216, 25236
208699, 8086990, 8112230, 25240
208701, 8087010, 8112257, 25247
208702, 8087020, 8112270, 25250
208703, 8087030, 8112283, 25253
208704, 8087040, 8112297, 25257
208705, 8087050, 8112310, 25260
208706, 8087060, 8112324, 25264
208708, 8087080, 8112337, 25257
208709, 8087090, 8112351, 25261
208710, 8087100, 8112364, 25264
208711, 8087110, 8112378, 25268
208712, 8087120, 8112391, 25271
208713, 8087130, 8112404, 25274
208714, 8087140, 8112418, 25278
208715, 8087150, 8112431, 25281
208716, 8087160, 8116012, 28852
208718, 8087180, 8116026, 28846
208719, 8087190, 8116039, 28849
208720, 8087200, 8116052, 28852
208721, 8087210, 8116066, 28856
208722, 8087220, 8116079, 28859
208723, 8087230, 8116093, 28863
208724, 8087240, 8116106, 28866
208725, 8087250, 8116120, 28870
208726, 8087260, 8116133, 28873
208727, 8087270, 8116146, 28876
208729, 8087290, 8116160, 28870
208730, 8087300, 8116173, 28873
208731, 8087310, 8116187, 28877
208732, 8087320, 8116200, 28880
208733, 8087330, 8116214, 28884
208734, 8087340, 8116227, 28887
208735, 8087350, 8116241, 28891
208736, 8087360, 8116254, 28894
208737, 8087370, 8116267, 28897
208738, 8087380, 8116281, 28901
208740, 8087400, 8116294, 28894
208741, 8087410, 8116308, 28898
208742, 8087420, 8116321, 28901
208743, 8087430, 8116335, 28905
208744, 8087440, 8116348, 28908
208745, 8087450, 8116362, 28912
208746, 8087460, 8116375, 28915
208747, 8087470, 8116388, 28918
208748, 8087480, 8116402, 28922
208751, 8087510, 8116429, 28919
208752, 8087520, 8116442, 28922
208753, 8087530, 8116456, 28926
208754, 8087540, 8116469, 28929
208755, 8087550, 8116482, 28932
208756, 8087560, 8116496, 28936
208757, 8087570, 8116509, 28939
208758, 8087580, 8116523, 28943
208759, 8087590, 8116536, 28946
208761, 8087610, 8116550, 28940
208762, 8087620, 8116563, 28943
208763, 8087630, 8116577, 28947
208764, 8087640, 8116590, 28950
208765, 8087650, 8116603, 28953
208766, 8087660, 8116617, 28957
208767, 8087670, 8116630, 28960
208768, 8087680, 8116644, 28964
208769, 8087690, 8116657, 28967
208771, 8087710, 8116671, 28961
208772, 8087720, 8116684, 28964
208773, 8087730, 8116698, 28968
208774, 8087740, 8116711, 28971
208775, 8087750, 8116724, 28974
208776, 8087760, 8116738, 28978
208777, 8087770, 8116751, 28981
208778, 8087780, 8116765, 28985
208779, 8087790, 8116778, 28988
208780, 8087800, 8116792, 28992
208782, 8087820, 8116805, 28985
208783, 8087830, 8116818, 28988
208784, 8087840, 8116832, 28992
208785, 8087850, 8116845, 28995
208786, 8087860, 8116859, 28999
208787, 8087870, 8116872, 29002
208788, 8087880, 8116886, 29006
208789, 8087890, 8116899, 29009
208790, 8087900, 8116913, 29013
208791, 8087910, 8116926, 29016
208793, 8087930, 8116939, 29009
208794, 8087940, 8116953, 29013
208795, 8087950, 8116966, 29016
208796, 8087960, 8116980, 29020
208797, 8087970, 8116993, 29023
208798, 8087980, 8117007, 29027
208799, 8087990, 8117020, 29030
209202, 8092020, 8117047, 25027
209203, 8092030, 8117060, 25030
209204, 8092040, 8117074, 25034
209205, 8092050, 8117087, 25037
209206, 8092060, 8117101, 25041
209207, 8092070, 8117114, 25044
209208, 8092080, 8117128, 25048
209209, 8092090, 8117141, 25051
209210, 8092100, 8117154, 25054
209212, 8092120, 8117168, 25048
209213, 8092130, 8117181, 25051
209214, 8092140, 8117195, 25055
209215, 8092150, 8117208, 25058
209216, 8092160, 8117222, 25062
209217, 8092170, 8117235, 25065
209218, 8092180, 8117249, 25069
209219, 8092190, 8117262, 25072
209220, 8092200, 8117275, 25075
209221, 8092210, 8117289, 25079
209223, 8092230, 8117302, 25072
209224, 8092240, 8117316, 25076
209225, 8092250, 8117329, 25079
209226, 8092260, 8117343, 25083
209227, 8092270, 8117356, 25086
209228, 8092280, 8117370, 25090
209229, 8092290, 8117383, 25093
209230, 8092300, 8117396, 25096
209231, 8092310, 8117410, 25100
209233, 8092330, 8117423, 25093
209234, 8092340, 8117437, 25097
209235, 8092350, 8117450, 25100
209236, 8092360, 8117464, 25104
209237, 8092370, 8117477, 25107
209238, 8092380, 8117490, 25110
209239, 8092390, 8117504, 25114
209240, 8092400, 8117517, 25117
209241, 8092410, 8117531, 25121
209242, 8092420, 8117544, 25124
209244, 8092440, 8117558, 25118
209245, 8092450, 8117571, 25121
209246, 8092460, 8117585, 25125
209247, 8092470, 8117598, 25128
209248, 8092480, 8117611, 25131
209249, 8092490, 8117625, 25135
209251, 8092510, 8117652, 25142
209252, 8092520, 8117665, 25145
209253, 8092530, 8117679, 25149
209255, 8092550, 8117692, 25142
209256, 8092560, 8117706, 25146
209257, 8092570, 8117719, 25149
209258, 8092580, 8117732, 25152
209259, 8092590, 8117746, 25156
209260, 8092600, 8117759, 25159
209261, 8092610, 8117773, 25163
209262, 8092620, 8117786, 25166
209263, 8092630, 8117800, 25170
209265, 8092650, 8117813, 25163
209266, 8092660, 8117826, 25166
209267, 8092670, 8117840, 25170
209268, 8092680, 8117853, 25173
209269, 8092690, 8117867, 25177
209270, 8092700, 8117880, 25180
209271, 8092710, 8117894, 25184
209272, 8092720, 8117907, 25187
209273, 8092730, 8117921, 25191
209274, 8092740, 8117934, 25194
209276, 8092760, 8117947, 25187
209277, 8092770, 8117961, 25191
209278, 8092780, 8117974, 25194
209279, 8092790, 8117988, 25198
209280, 8092800, 8118001, 25201
209281, 8092810, 8118015, 25205
209282, 8092820, 8118028, 25208
209283, 8092830, 8118042, 25212
209284, 8092840, 8118055, 25215
209285, 8092850, 8118068, 25218
209287, 8092870, 8118082, 25212
209288, 8092880, 8118095, 25215
209289, 8092890, 8118109, 25219
209290, 8092900, 8118122, 25222
209291, 8092910, 8118136, 25226
209292, 8092920, 8118149, 25229
209293, 8092930, 8118162, 25232
209294, 8092940, 8118176, 25236
209295, 8092950, 8118189, 25239
209297, 8092970, 8118203, 25233
209298, 8092980, 8118216, 25236
209299, 8092990, 8118230, 25240
209301, 8093010, 8118257, 25247
209302, 8093020, 8118270, 25250
209303, 8093030, 8118283, 25253
209304, 8093040, 8118297, 25257
209305, 8093050, 8118310, 25260
209306, 8093060, 8118324, 25264
209308, 8093080, 8118337, 25257
209309, 8093090, 8118351, 25261
209310, 8093100, 8118364, 25264
209311, 8093110, 8118378, 25268
209312, 8093120, 8118391, 25271
209313, 8093130, 8118404, 25274
209314, 8093140, 8118418, 25278
209315, 8093150, 8118431, 25281
209316, 8093160, 8122012, 28852
209318, 8093180, 8122026, 28846
209319, 8093190, 8122039, 28849
209320, 8093200, 8122052, 28852
209321, 8093210, 8122066, 28856
209322, 8093220, 8122079, 28859
209323, 8093230, 8122093, 28863
209324, 8093240, 8122106, 28866
209325, 8093250, 8122120, 28870
209326, 8093260, 8122133, 28873
209327, 8093270, 8122146, 28876
209329, 8093290, 8122160, 28870
209330, 8093300, 8122173, 28873
209331, 8093310, 8122187, 28877
209332, 8093320, 8122200, 28880
209333, 8093330, 8122214, 28884
209334, 8093340, 8122227, 28887
209335, 8093350, 8122241, 28891
209336, 8093360, 8122254, 28894
209337, 8093370, 8122267, 28897
209338, 8093380, 8122281, 28901
209340, 8093400, 8122294, 28894
209341, 8093410, 8122308, 28898
209342, 8093420, 8122321, 28901
209343, 8093430, 8122335, 28905
209344, 8093440, 8122348, 28908
209345, 8093450, 8122362, 28912
209346, 8093460, 8122375, 28915
209347, 8093470, 8122388, 28918
209348, 8093480, 8122402, 28922
209351, 8093510, 8122429, 28919
209352, 8093520, 8122442, 28922
209353, 8093530, 8122456, 28926
209354, 8093540, 8122469, 28929
209355, 8093550, 8122482, 28932
209356, 8093560, 8122496, 28936
209357, 8093570, 8122509, 28939
209358, 8093580, 8122523, 28943
209359, 8093590, 8122536, 28946
209361, 8093610, 8122550, 28940
209362, 8093620, 8122563, 28943
209363, 8093630, 8122577, 28947
209364, 8093640, 8122590, 28950
209365, 8093650, 8122603, 28953
209366, 8093660, 8122617, 28957
209367, 8093670, 8122630, 28960
209368, 8093680, 8122644, 28964
209369, 8093690, 8122657, 28967
209371, 8093710, 8122671, 28961
209372, 8093720, 8122684, 28964
209373, 8093730, 8122698, 28968
209374, 8093740, 8122711, 28971
209375, 8093750, 8122724, 28974
209376, 8093760, 8122738, 28978
209377, 8093770, 8122751, 28981
209378, 8093780, 8122765, 28985
209379, 8093790, 8122778, 28988
209380, 8093800, 8122792, 28992
209382, 8093820, 8122805, 28985
209383, 8093830, 8122818, 28988
209384, 8093840, 8122832, 28992
209385, 8093850, 8122845, 28995
209386, 8093860, 8122859, 28999
209387, 8093870, 8122872, 29002
209388, 8093880, 8122886, 29006
209389, 8093890, 8122899, 29009
209390, 8093900, 8122913, 29013
209391, 8093910, 8122926, 29016
209393, 8093930, 8122939, 29009
209394, 8093940, 8122953, 29013
209395, 8093950, 8122966, 29016
209396, 8093960, 8122980, 29020
209397, 8093970, 8122993, 29023
209398, 8093980, 8123007, 29027
209399, 8093990, 8123020, 29030
209802, 8098020, 8123047, 25027
209803, 8098030, 8123060, 25030
209804, 8098040, 8123074, 25034
209805, 8098050, 8123087, 25037
209806, 8098060, 8123101, 25041
209807, 8098070, 8123114, 25044
209808, 8098080, 8123128, 25048
209809, 8098090, 8123141, 25051
209810, 8098100, 8123154, 25054
209812, 8098120, 8123168, 25048
209813, 8098130, 8123181, 25051
209814, 8098140, 8123195, 25055
209815, 8098150, 8123208, 25058
209816, 8098160, 8123222, 25062
209817, 8098170, 8123235, 25065
209818, 8098180, 8123249, 25069
209819, 8098190, 8123262, 25072
209820, 8098200, 8123275, 25075
209821, 8098210, 8123289, 25079
209823, 8098230, 8123302, 25072
209824, 8098240, 8123316, 25076
209825, 8098250, 8123329, 25079
209826, 8098260, 8123343, 25083
209827, 8098270, 8123356, 25086
209828, 8098280, 8123370, 25090
209829, 8098290, 8123383, 25093
209830, 8098300, 8123396, 25096
209831, 8098310, 8123410, 25100
209833, 8098330, 8123423, 25093
209834, 8098340, 8123437, 25097
209835, 8098350, 8123450, 25100
209836, 8098360, 8123464, 25104
209837, 8098370, 8123477, 25107
209838, 8098380, 8123490, 25110
209839, 8098390, 8123504, 25114
209840, 8098400, 8123517, 25117
209841, 8098410, 8123531, 25121
209842, 8098420, 8123544, 25124
209844, 8098440, 8123558, 25118
209845, 8098450, 8123571, 25121
209846, 8098460, 8123585, 25125
209847, 8098470, 8123598, 25128
209848, 8098480, 8123611, 25131
209849, 8098490, 8123625, 25135
209851, 8098510, 8123652, 25142
209852, 8098520, 8123665, 25145
209853, 8098530, 8123679, 25149
209855, 8098550, 8123692, 25142
209856, 8098560, 8123706, 25146
209857, 8098570, 8123719, 25149
209858, 8098580, 8123732, 25152
209859, 8098590, 8123746, 25156
209860, 8098600, 8123759, 25159
209861, 8098610, 8123773, 25163
209862, 8098620, 8123786, 25166
209863, 8098630, 8123800, 25170
209865, 8098650, 8123813, 25163
209866, 8098660, 8123826, 25166
209867, 8098670, 8123840, 25170
209868, 8098680, 8123853, 25173
209869, 8098690, 8123867, 25177
209870, 8098700, 8123880, 25180
209871, 8098710, 8123894, 25184
209872, 8098720, 8123907, 25187
209873, 8098730, 8123921, 25191
209874, 8098740, 8123934, 25194
209876, 8098760, 8123947, 25187
209877, 8098770, 8123961, 25191
209878, 8098780, 8123974, 25194
209879, 8098790, 8123988, 25198
209880, 8098800, 8124001, 25201
209881, 8098810, 8124015, 25205
209882, 8098820, 8124028, 25208
209883, 8098830, 8124042, 25212
209884, 8098840, 8124055, 25215
209885, 8098850, 8124068, 25218
209887, 8098870, 8124082, 25212
209888, 8098880, 8124095, 25215
209889, 8098890, 8124109, 25219
209890, 8098900, 8124122, 25222
209891, 8098910, 8124136, 25226
209892, 8098920, 8124149, 25229
209893, 8098930, 8124162, 25232
209894, 8098940, 8124176, 25236
209895, 8098950, 8124189, 25239
209897, 8098970, 8124203, 25233
209898, 8098980, 8124216, 25236
209899, 8098990, 8124230, 25240
209901, 8099010, 8124257, 25247
209902, 8099020, 8124270, 25250
209903, 8099030, 8124283, 25253
209904, 8099040, 8124297, 25257
209905, 8099050, 8124310, 25260
209906, 8099060, 8124324, 25264
209908, 8099080, 8124337, 25257
209909, 8099090, 8124351, 25261
209910, 8099100, 8124364, 25264
209911, 8099110, 8124378, 25268
209912, 8099120, 8124391, 25271
209913, 8099130, 8124404, 25274
209914, 8099140, 8124418, 25278
209915, 8099150, 8124431, 25281
209916, 8099160, 8128012, 28852
209918, 8099180, 8128026, 28846
209919, 8099190, 8128039, 28849
209920, 8099200, 8128052, 28852
209921, 8099210, 8128066, 28856
209922, 8099220, 8128079, 28859
209923, 8099230, 8128093, 28863
209924, 8099240, 8128106, 28866
209925, 8099250, 8128120, 28870
209926, 8099260, 8128133, 28873
209927, 8099270, 8128146, 28876
209929, 8099290, 8128160, 28870
209930, 8099300, 8128173, 28873
209931, 8099310, 8128187, 28877
209932, 8099320, 8128200, 28880
209933, 8099330, 8128214, 28884
209934, 8099340, 8128227, 28887
209935, 8099350, 8128241, 28891
209936, 8099360, 8128254, 28894
209937, 8099370, 8128267, 28897
209938, 8099380, 8128281, 28901
209940, 8099400, 8128294, 28894
209941, 8099410, 8128308, 28898
209942, 8099420, 8128321, 28901
209943, 8099430, 8128335, 28905
209944, 8099440, 8128348, 28908
209945, 8099450, 8128362, 28912
209946, 8099460, 8128375, 28915
209947, 8099470, 8128388, 28918
209948, 8099480, 8128402, 28922
209951, 8099510, 8128429, 28919
209952, 8099520, 8128442, 28922
209953, 8099530, 8128456, 28926
209954, 8099540, 8128469, 28929
209955, 8099550, 8128482, 28932
209956, 8099560, 8128496, 28936
209957, 8099570, 8128509, 28939
209958, 8099580, 8128523, 28943
209959, 8099590, 8128536, 28946
209961, 8099610, 8128550, 28940
209962, 8099620, 8128563, 28943
209963, 8099630, 8128577, 28947
209964, 8099640, 8128590, 28950
209965, 8099650, 8128603, 28953
209966, 8099660, 8128617, 28957
209967, 8099670, 8128630, 28960
209968, 8099680, 8128644, 28964
209969, 8099690, 8128657, 28967
209971, 8099710, 8128671, 28961
209972, 8099720, 8128684, 28964
209973, 8099730, 8128698, 28968
209974, 8099740, 8128711, 28971
209975, 8099750, 8128724, 28974
209976, 8099760, 8128738, 28978
209977, 8099770, 8128751, 28981
209978, 8099780, 8128765, 28985
209979, 8099790, 8128778, 28988
209980, 8099800, 8128792, 28992
209982, 8099820, 8128805, 28985
209983, 8099830, 8128818, 28988
209984, 8099840, 8128832, 28992
209985, 8099850, 8128845, 28995
209986, 8099860, 8128859, 28999
209987, 8099870, 8128872, 29002
209988, 8099880, 8128886, 29006
209989, 8099890, 8128899, 29009
209990, 8099900, 8128913, 29013
209991, 8099910, 8128926, 29016
209993, 8099930, 8128939, 29009
209994, 8099940, 8128953, 29013
209995, 8099950, 8128966, 29016
209996, 8099960, 8128980, 29020
209997, 8099970, 8128993, 29023
209998, 8099980, 8129007, 29027
209999, 8099990, 8129020, 29030
210402, 8104020, 8129047, 25027
210403, 8104030, 8129060, 25030
210404, 8104040, 8129074, 25034
210405, 8104050, 8129087, 25037
210406, 8104060, 8129101, 25041
210407, 8104070, 8129114, 25044
210408, 8104080, 8129128, 25048
210409, 8104090, 8129141, 25051
210410, 8104100, 8129154, 25054
210412, 8104120, 8129168, 25048
210413, 8104130, 8129181, 25051
210414, 8104140, 8129195, 25055
210415, 8104150, 8129208, 25058
210416, 8104160, 8129222, 25062
210417, 8104170, 8129235, 25065
210418, 8104180, 8129249, 25069
210419, 8104190, 8129262, 25072
210420, 8104200, 8129275, 25075
210421, 8104210, 8129289, 25079
210423, 8104230, 8129302, 25072
210424, 8104240, 8129316, 25076
210425, 8104250, 8129329, 25079
210426, 8104260, 8129343, 25083
210427, 8104270, 8129356, 25086
210428, 8104280, 8129370, 25090
210429, 8104290, 8129383, 25093
210430, 8104300, 8129396, 25096
210431, 8104310, 8129410, 25100
210433, 8104330, 8129423, 25093
210434, 8104340, 8129437, 25097
210435, 8104350, 8129450, 25100
210436, 8104360, 8129464, 25104
210437, 8104370, 8129477, 25107
210438, 8104380, 8129490, 25110
210439, 8104390, 8129504, 25114
210440, 8104400, 8129517, 25117
210441, 8104410, 8129531, 25121
210442, 8104420, 8129544, 25124
210444, 8104440, 8129558, 25118
210445, 8104450, 8129571, 25121
210446, 8104460, 8129585, 25125
210447, 8104470, 8129598, 25128
210448, 8104480, 8129611, 25131
210449, 8104490, 8129625, 25135
210451, 8104510, 8129652, 25142
210452, 8104520, 8129665, 25145
210453, 8104530, 8129679, 25149
210455, 8104550, 8129692, 25142
210456, 8104560, 8129706, 25146
210457, 8104570, 8129719, 25149
210458, 8104580, 8129732, 25152
210459, 8104590, 8129746, 25156
210460, 8104600, 8129759, 25159
210461, 8104610, 8129773, 25163
210462, 8104620, 8129786, 25166
210463, 8104630, 8129800, 25170
210465, 8104650, 8129813, 25163
210466, 8104660, 8129826, 25166
210467, 8104670, 8129840, 25170
210468, 8104680, 8129853, 25173
210469, 8104690, 8129867, 25177
210470, 8104700, 8129880, 25180
210471, 8104710, 8129894, 25184
210472, 8104720, 8129907, 25187
210473, 8104730, 8129921, 25191
210474, 8104740, 8129934, 25194
210476, 8104760, 8129947, 25187
210477, 8104770, 8129961, 25191
210478, 8104780, 8129974, 25194
210479, 8104790, 8129988, 25198
210480, 8104800, 8130001, 25201
210481, 8104810, 8130015, 25205
210482, 8104820, 8130028, 25208
210483, 8104830, 8130042, 25212
210484, 8104840, 8130055, 25215
210485, 8104850, 8130068, 25218
210487, 8104870, 8130082, 25212
210488, 8104880, 8130095, 25215
210489, 8104890, 8130109, 25219
210490, 8104900, 8130122, 25222
210491, 8104910, 8130136, 25226
210492, 8104920, 8130149, 25229
210493, 8104930, 8130162, 25232
210494, 8104940, 8130176, 25236
210495, 8104950, 8130189, 25239
210497, 8104970, 8130203, 25233
210498, 8104980, 8130216, 25236
210499, 8104990, 8130230, 25240
210501, 8105010, 8130257, 25247
210502, 8105020, 8130270, 25250
210503, 8105030, 8130283, 25253
210504, 8105040, 8130297, 25257
210505, 8105050, 8130310, 25260
210506, 8105060, 8130324, 25264
210508, 8105080, 8130337, 25257
210509, 8105090, 8130351, 25261
210510, 8105100, 8130364, 25264
210511, 8105110, 8130378, 25268
210512, 8105120, 8130391, 25271
210513, 8105130, 8130404, 25274
210514, 8105140, 8130418, 25278
210515, 8105150, 8130431, 25281
210516, 8105160, 8134012, 28852
210517, 8105170, 8134026, 28856
210519, 8105190, 8134039, 28849
210520, 8105200, 8134052, 28852
210521, 8105210, 8134066, 28856
210522, 8105220, 8134079, 28859
210523, 8105230, 8134093, 28863
210524, 8105240, 8134106, 28866
210525, 8105250, 8134120, 28870
210526, 8105260, 8134133, 28873
210527, 8105270, 8134146, 28876
210529, 8105290, 8134160, 28870
210530, 8105300, 8134173, 28873
210531, 8105310, 8134187, 28877
210532, 8105320, 8134200, 28880
210533, 8105330, 8134214, 28884
210534, 8105340, 8134227, 28887
210535, 8105350, 8134241, 28891
210536, 8105360, 8134254, 28894
210537, 8105370, 8134267, 28897
210538, 8105380, 8134281, 28901
210540, 8105400, 8134294, 28894
210541, 8105410, 8134308, 28898
210542, 8105420, 8134321, 28901
210543, 8105430, 8134335, 28905
210544, 8105440, 8134348, 28908
210545, 8105450, 8134362, 28912
210546, 8105460, 8134375, 28915
210547, 8105470, 8134388, 28918
210548, 8105480, 8134402, 28922
210551, 8105510, 8134429, 28919
210552, 8105520, 8134442, 28922
210553, 8105530, 8134456, 28926
210554, 8105540, 8134469, 28929
210555, 8105550, 8134482, 28932
210556, 8105560, 8134496, 28936
210557, 8105570, 8134509, 28939
210558, 8105580, 8134523, 28943
210559, 8105590, 8134536, 28946
210561, 8105610, 8134550, 28940
210562, 8105620, 8134563, 28943
210563, 8105630, 8134577, 28947
210564, 8105640, 8134590, 28950
210565, 8105650, 8134603, 28953
210566, 8105660, 8134617, 28957
210567, 8105670, 8134630, 28960
210568, 8105680, 8134644, 28964
210569, 8105690, 8134657, 28967
210570, 8105700, 8134671, 28971
210572, 8105720, 8134684, 28964
210573, 8105730, 8134698, 28968
210574, 8105740, 8134711, 28971
210575, 8105750, 8134724, 28974
210576, 8105760, 8134738, 28978
210577, 8105770, 8134751, 28981
210578, 8105780, 8134765, 28985
210579, 8105790, 8134778, 28988
210580, 8105800, 8134792, 28992
210582, 8105820, 8134805, 28985
210583, 8105830, 8134818, 28988
210584, 8105840, 8134832, 28992
210585, 8105850, 8134845, 28995
210586, 8105860, 8134859, 28999
210587, 8105870, 8134872, 29002
210588, 8105880, 8134886, 29006
210589, 8105890, 8134899, 29009
210590, 8105900, 8134913, 29013
210591, 8105910, 8134926, 29016
210593, 8105930, 8134939, 29009
210594, 8105940, 8134953, 29013
210595, 8105950, 8134966, 29016
210596, 8105960, 8134980, 29020
210597, 8105970, 8134993, 29023
210598, 8105980, 8135007, 29027
210599, 8105990, 8135020, 29030
211002, 8110020, 8135047, 25027
211003, 8110030, 8135060, 25030
211004, 8110040, 8135074, 25034
211005, 8110050, 8135087, 25037
211006, 8110060, 8135101, 25041
211007, 8110070, 8135114, 25044
211008, 8110080, 8135127, 25047
211009, 8110090, 8135141, 25051
211010, 8110100, 8135154, 25054
211012, 8110120, 8135168, 25048
211013, 8110130, 8135181, 25051
211014, 8110140, 8135195, 25055
211015, 8110150, 8135208, 25058
211016, 8110160, 8135222, 25062
211017, 8110170, 8135235, 25065
211018, 8110180, 8135248, 25068
211019, 8110190, 8135262, 25072
211020, 8110200, 8135275, 25075
211021, 8110210, 8135289, 25079
211023, 8110230, 8135302, 25072
211024, 8110240, 8135316, 25076
211025, 8110250, 8135329, 25079
211026, 8110260, 8135342, 25082
211027, 8110270, 8135356, 25086
211028, 8110280, 8135369, 25089
211029, 8110290, 8135383, 25093
211030, 8110300, 8135396, 25096
211031, 8110310, 8135410, 25100
211033, 8110330, 8135423, 25093
211034, 8110340, 8135437, 25097
211035, 8110350, 8135450, 25100
211036, 8110360, 8135463, 25103
211037, 8110370, 8135477, 25107
211038, 8110380, 8135490, 25110
211039, 8110390, 8135504, 25114
211040, 8110400, 8135517, 25117
211041, 8110410, 8135531, 25121
211042, 8110420, 8135544, 25124
211044, 8110440, 8135558, 25118
211045, 8110450, 8135571, 25121
211046, 8110460, 8135584, 25124
211047, 8110470, 8135598, 25128
211048, 8110480, 8135611, 25131
211049, 8110490, 8135625, 25135
211051, 8110510, 8135652, 25142
211052, 8110520, 8135665, 25145
211053, 8110530, 8135678, 25148
211055, 8110550, 8135692, 25142
211056, 8110560, 8135705, 25145
211057, 8110570, 8135719, 25149
211058, 8110580, 8135732, 25152
211059, 8110590, 8135746, 25156
211060, 8110600, 8135759, 25159
211061, 8110610, 8135773, 25163
211062, 8110620, 8135786, 25166
211063, 8110630, 8135799, 25169
211065, 8110650, 8135813, 25163
211066, 8110660, 8135826, 25166
211067, 8110670, 8135840, 25170
211068, 8110680, 8135853, 25173
211069, 8110690, 8135867, 25177
211070, 8110700, 8135880, 25180
211071, 8110710, 8135894, 25184
211072, 8110720, 8135907, 25187
211073, 8110730, 8135920, 25190
211074, 8110740, 8135934, 25194
211076, 8110760, 8135947, 25187
211077, 8110770, 8135961, 25191
211078, 8110780, 8135974, 25194
211079, 8110790, 8135988, 25198
211080, 8110800, 8136001, 25201
211081, 8110810, 8136014, 25204
211082, 8110820, 8136028, 25208
211083, 8110830, 8136041, 25211
211084, 8110840, 8136055, 25215
211085, 8110850, 8136068, 25218
211087, 8110870, 8136082, 25212
211088, 8110880, 8136095, 25215
211089, 8110890, 8136109, 25219
211090, 8110900, 8136122, 25222
211091, 8110910, 8136135, 25225
211092, 8110920, 8136149, 25229
211093, 8110930, 8136162, 25232
211094, 8110940, 8136176, 25236
211095, 8110950, 8136189, 25239
211097, 8110970, 8136203, 25233
211098, 8110980, 8136216, 25236
211099, 8110990, 8136230, 25240
211101, 8111010, 8136256, 25246
211102, 8111020, 8136270, 25250
211103, 8111030, 8136283, 25253
211104, 8111040, 8136297, 25257
211105, 8111050, 8136310, 25260
211106, 8111060, 8136324, 25264
211108, 8111080, 8136337, 25257
211109, 8111090, 8136350, 25260
211110, 8111100, 8136364, 25264
211111, 8111110, 8136377, 25267
211112, 8111120, 8136391, 25271
211113, 8111130, 8136404, 25274
211114, 8111140, 8136418, 25278
211115, 8111150, 8136431, 25281
211116, 8111160, 8140012, 28852
211118, 8111180, 8140026, 28846
211119, 8111190, 8140039, 28849
211120, 8111200, 8140052, 28852
211121, 8111210, 8140066, 28856
211122, 8111220, 8140079, 28859
211123, 8111230, 8140093, 28863
211124, 8111240, 8140106, 28866
211125, 8111250, 8140120, 28870
211126, 8111260, 8140133, 28873
211127, 8111270, 8140146, 28876
211129, 8111290, 8140160, 28870
211130, 8111300, 8140173, 28873
211131, 8111310, 8140187, 28877
211132, 8111320, 8140200, 28880
211133, 8111330, 8140214, 28884
211134, 8111340, 8140227, 28887
211135, 8111350, 8140241, 28891
211136, 8111360, 8140254, 28894
211137, 8111370, 8140267, 28897
211138, 8111380, 8140281, 28901
211140, 8111400, 8140294, 28894
211141, 8111410, 8140308, 28898
211142, 8111420, 8140321, 28901
211143, 8111430, 8140335, 28905
211144, 8111440, 8140348, 28908
211145, 8111450, 8140362, 28912
211146, 8111460, 8140375, 28915
211147, 8111470, 8140388, 28918
211148, 8111480, 8140402, 28922
211151, 8111510, 8140429, 28919
211152, 8111520, 8140442, 28922
211153, 8111530, 8140456, 28926
211154, 8111540, 8140469, 28929
211155, 8111550, 8140482, 28932
211156, 8111560, 8140496, 28936
211157, 8111570, 8140509, 28939
211158, 8111580, 8140523, 28943
211159, 8111590, 8140536, 28946
211161, 8111610, 8140550, 28940
211162, 8111620, 8140563, 28943
211163, 8111630, 8140577, 28947
211164, 8111640, 8140590, 28950
211165, 8111650, 8140603, 28953
211166, 8111660, 8140617, 28957
211167, 8111670, 8140630, 28960
211168, 8111680, 8140644, 28964
211169, 8111690, 8140657, 28967
211171, 8111710, 8140671, 28961
211172, 8111720, 8140684, 28964
211173, 8111730, 8140698, 28968
211174, 8111740, 8140711, 28971
211175, 8111750, 8140724, 28974
211176, 8111760, 8140738, 28978
211177, 8111770, 8140751, 28981
211178, 8111780, 8140765, 28985
211179, 8111790, 8140778, 28988
211180, 8111800, 8140792, 28992
211182, 8111820, 8140805, 28985
211183, 8111830, 8140818, 28988
211184, 8111840, 8140832, 28992
211185, 8111850, 8140845, 28995
211186, 8111860, 8140859, 28999
211187, 8111870, 8140872, 29002
211188, 8111880, 8140886, 29006
211189, 8111890, 8140899, 29009
211190, 8111900, 8140913, 29013
211191, 8111910, 8140926, 29016
211193, 8111930, 8140939, 29009
211194, 8111940, 8140953, 29013
211195, 8111950, 8140966, 29016
211196, 8111960, 8140980, 29020
211197, 8111970, 8140993, 29023
211198, 8111980, 8141007, 29027
211199, 8111990, 8141020, 29030
211602, 8116020, 8141047, 25027
211603, 8116030, 8141060, 25030
211604, 8116040, 8141074, 25034
211605, 8116050, 8141087, 25037
211606, 8116060, 8141101, 25041
211607, 8116070, 8141114, 25044
211608, 8116080, 8141128, 25048
211609, 8116090, 8141141, 25051
211610, 8116100, 8141154, 25054
211612, 8116120, 8141168, 25048
211613, 8116130, 8141181, 25051
211614, 8116140, 8141195, 25055
211615, 8116150, 8141208, 25058
211616, 8116160, 8141222, 25062
211617, 8116170, 8141235, 25065
211618, 8116180, 8141249, 25069
211619, 8116190, 8141262, 25072
211620, 8116200, 8141275, 25075
211621, 8116210, 8141289, 25079
211623, 8116230, 8141302, 25072
211624, 8116240, 8141316, 25076
211625, 8116250, 8141329, 25079
211626, 8116260, 8141343, 25083
211627, 8116270, 8141356, 25086
211628, 8116280, 8141370, 25090
211629, 8116290, 8141383, 25093
211630, 8116300, 8141396, 25096
211631, 8116310, 8141410, 25100
211633, 8116330, 8141423, 25093
211634, 8116340, 8141437, 25097
211635, 8116350, 8141450, 25100
211636, 8116360, 8141464, 25104
211637, 8116370, 8141477, 25107
211638, 8116380, 8141490, 25110
211639, 8116390, 8141504, 25114
211640, 8116400, 8141517, 25117
211641, 8116410, 8141531, 25121
211642, 8116420, 8141544, 25124
211644, 8116440, 8141558, 25118
211645, 8116450, 8141571, 25121
211646, 8116460, 8141585, 25125
211647, 8116470, 8141598, 25128
211648, 8116480, 8141611, 25131
211649, 8116490, 8141625, 25135
211651, 8116510, 8141652, 25142
211652, 8116520, 8141665, 25145
211653, 8116530, 8141679, 25149
211655, 8116550, 8141692, 25142
211656, 8116560, 8141706, 25146
211657, 8116570, 8141719, 25149
211658, 8116580, 8141732, 25152
211659, 8116590, 8141746, 25156
211660, 8116600, 8141759, 25159
211661, 8116610, 8141773, 25163
211662, 8116620, 8141786, 25166
211663, 8116630, 8141800, 25170
211665, 8116650, 8141813, 25163
211666, 8116660, 8141826, 25166
211667, 8116670, 8141840, 25170
211668, 8116680, 8141853, 25173
211669, 8116690, 8141867, 25177
211670, 8116700, 8141880, 25180
211671, 8116710, 8141894, 25184
211672, 8116720, 8141907, 25187
211673, 8116730, 8141921, 25191
211674, 8116740, 8141934, 25194
211676, 8116760, 8141947, 25187
211677, 8116770, 8141961, 25191
211678, 8116780, 8141974, 25194
211679, 8116790, 8141988, 25198
211680, 8116800, 8142001, 25201
211681, 8116810, 8142015, 25205
211682, 8116820, 8142028, 25208
211683, 8116830, 8142042, 25212
211684, 8116840, 8142055, 25215
211685, 8116850, 8142068, 25218
211687, 8116870, 8142082, 25212
211688, 8116880, 8142095, 25215
211689, 8116890, 8142109, 25219
211690, 8116900, 8142122, 25222
211691, 8116910, 8142136, 25226
211692, 8116920, 8142149, 25229
211693, 8116930, 8142162, 25232
211694, 8116940, 8142176, 25236
211695, 8116950, 8142189, 25239
211697, 8116970, 8142203, 25233
211698, 8116980, 8142216, 25236
211699, 8116990, 8142230, 25240
211701, 8117010, 8142257, 25247
211702, 8117020, 8142270, 25250
211703, 8117030, 8142283, 25253
211704, 8117040, 8142297, 25257
211705, 8117050, 8142310, 25260
211706, 8117060, 8142324, 25264
211708, 8117080, 8142337, 25257
211709, 8117090, 8142351, 25261
211710, 8117100, 8142364, 25264
211711, 8117110, 8142378, 25268
211712, 8117120, 8142391, 25271
211713, 8117130, 8142404, 25274
211714, 8117140, 8142418, 25278
211715, 8117150, 8142431, 25281
211716, 8117160, 8146012, 28852
211718, 8117180, 8146026, 28846
211719, 8117190, 8146039, 28849
211720, 8117200, 8146052, 28852
211721, 8117210, 8146066, 28856
211722, 8117220, 8146079, 28859
211723, 8117230, 8146093, 28863
211724, 8117240, 8146106, 28866
211725, 8117250, 8146120, 28870
211726, 8117260, 8146133, 28873
211727, 8117270, 8146146, 28876
211729, 8117290, 8146160, 28870
211730, 8117300, 8146173, 28873
211731, 8117310, 8146187, 28877
211732, 8117320, 8146200, 28880
211733, 8117330, 8146214, 28884
211734, 8117340, 8146227, 28887
211735, 8117350, 8146241, 28891
211736, 8117360, 8146254, 28894
211737, 8117370, 8146267, 28897
211738, 8117380, 8146281, 28901
211740, 8117400, 8146294, 28894
211741, 8117410, 8146308, 28898
211742, 8117420, 8146321, 28901
211743, 8117430, 8146335, 28905
211744, 8117440, 8146348, 28908
211745, 8117450, 8146362, 28912
211746, 8117460, 8146375, 28915
211747, 8117470, 8146388, 28918
211748, 8117480, 8146402, 28922
211751, 8117510, 8146429, 28919
211752, 8117520, 8146442, 28922
211753, 8117530, 8146456, 28926
211754, 8117540, 8146469, 28929
211755, 8117550, 8146482, 28932
211756, 8117560, 8146496, 28936
211757, 8117570, 8146509, 28939
211758, 8117580, 8146523, 28943
211759, 8117590, 8146536, 28946
211761, 8117610, 8146550, 28940
211762, 8117620, 8146563, 28943
211763, 8117630, 8146577, 28947
211764, 8117640, 8146590, 28950
211765, 8117650, 8146603, 28953
211766, 8117660, 8146617, 28957
211767, 8117670, 8146630, 28960
211768, 8117680, 8146644, 28964
211769, 8117690, 8146657, 28967
211771, 8117710, 8146671, 28961
211772, 8117720, 8146684, 28964
211773, 8117730, 8146698, 28968
211774, 8117740, 8146711, 28971
211775, 8117750, 8146724, 28974
211776, 8117760, 8146738, 28978
211777, 8117770, 8146751, 28981
211778, 8117780, 8146765, 28985
211779, 8117790, 8146778, 28988
211780, 8117800, 8146792, 28992
211782, 8117820, 8146805, 28985
211783, 8117830, 8146818, 28988
211784, 8117840, 8146832, 28992
211785, 8117850, 8146845, 28995
211786, 8117860, 8146859, 28999
211787, 8117870, 8146872, 29002
211788, 8117880, 8146886, 29006
211789, 8117890, 8146899, 29009
211790, 8117900, 8146913, 29013
211791, 8117910, 8146926, 29016
211793, 8117930, 8146939, 29009
211794, 8117940, 8146953, 29013
211795, 8117950, 8146966, 29016
211796, 8117960, 8146980, 29020
211797, 8117970, 8146993, 29023
211798, 8117980, 8147007, 29027
211799, 8117990, 8147020, 29030
212202, 8122020, 8147047, 25027
212203, 8122030, 8147060, 25030
212204, 8122040, 8147074, 25034
212205, 8122050, 8147087, 25037
212206, 8122060, 8147101, 25041
212207, 8122070, 8147114, 25044
212208, 8122080, 8147128, 25048
212209, 8122090, 8147141, 25051
212210, 8122100, 8147154, 25054
212212, 8122120, 8147168, 25048
212213, 8122130, 8147181, 25051
212214, 8122140, 8147195, 25055
212215, 8122150, 8147208, 25058
212216, 8122160, 8147222, 25062
212217, 8122170, 8147235, 25065
212218, 8122180, 8147249, 25069
212219, 8122190, 8147262, 25072
212220, 8122200, 8147275, 25075
212221, 8122210, 8147289, 25079
212223, 8122230, 8147302, 25072
212224, 8122240, 8147316, 25076
212225, 8122250, 8147329, 25079
212226, 8122260, 8147343, 25083
212227, 8122270, 8147356, 25086
212228, 8122280, 8147370, 25090
212229, 8122290, 8147383, 25093
212230, 8122300, 8147396, 25096
212231, 8122310, 8147410, 25100
212233, 8122330, 8147423, 25093
212234, 8122340, 8147437, 25097
212235, 8122350, 8147450, 25100
212236, 8122360, 8147464, 25104
212237, 8122370, 8147477, 25107
212238, 8122380, 8147490, 25110
212239, 8122390, 8147504, 25114
212240, 8122400, 8147517, 25117
212241, 8122410, 8147531, 25121
212242, 8122420, 8147544, 25124
212244, 8122440, 8147558, 25118
212245, 8122450, 8147571, 25121
212246, 8122460, 8147585, 25125
212247, 8122470, 8147598, 25128
212248, 8122480, 8147611, 25131
212249, 8122490, 8147625, 25135
212251, 8122510, 8147652, 25142
212252, 8122520, 8147665, 25145
212253, 8122530, 8147679, 25149
212255, 8122550, 8147692, 25142
212256, 8122560, 8147706, 25146
212257, 8122570, 8147719, 25149
212258, 8122580, 8147732, 25152
212259, 8122590, 8147746, 25156
212260, 8122600, 8147759, 25159
212261, 8122610, 8147773, 25163
212262, 8122620, 8147786, 25166
212263, 8122630, 8147800, 25170
212265, 8122650, 8147813, 25163
212266, 8122660, 8147826, 25166
212267, 8122670, 8147840, 25170
212268, 8122680, 8147853, 25173
212269, 8122690, 8147867, 25177
212270, 8122700, 8147880, 25180
212271, 8122710, 8147894, 25184
212272, 8122720, 8147907, 25187
212273, 8122730, 8147921, 25191
212274, 8122740, 8147934, 25194
212276, 8122760, 8147947, 25187
212277, 8122770, 8147961, 25191
212278, 8122780, 8147974, 25194
212279, 8122790, 8147988, 25198
212280, 8122800, 8148001, 25201
212281, 8122810, 8148015, 25205
212282, 8122820, 8148028, 25208
212283, 8122830, 8148042, 25212
212284, 8122840, 8148055, 25215
212285, 8122850, 8148068, 25218
212287, 8122870, 8148082, 25212
212288, 8122880, 8148095, 25215
212289, 8122890, 8148109, 25219
212290, 8122900, 8148122, 25222
212291, 8122910, 8148136, 25226
212292, 8122920, 8148149, 25229
212293, 8122930, 8148162, 25232
212294, 8122940, 8148176, 25236
212295, 8122950, 8148189, 25239
212297, 8122970, 8148203, 25233
212298, 8122980, 8148216, 25236
212299, 8122990, 8148230, 25240
212301, 8123010, 8148257, 25247
212302, 8123020, 8148270, 25250
212303, 8123030, 8148283, 25253
212304, 8123040, 8148297, 25257
212305, 8123050, 8148310, 25260
212306, 8123060, 8148324, 25264
212308, 8123080, 8148337, 25257
212309, 8123090, 8148351, 25261
212310, 8123100, 8148364, 25264
212311, 8123110, 8148378, 25268
212312, 8123120, 8148391, 25271
212313, 8123130, 8148404, 25274
212314, 8123140, 8148418, 25278
212315, 8123150, 8148431, 25281
212316, 8123160, 8152012, 28852
212318, 8123180, 8152026, 28846
212319, 8123190, 8152039, 28849
212320, 8123200, 8152052, 28852
212321, 8123210, 8152066, 28856
212322, 8123220, 8152079, 28859
212323, 8123230, 8152093, 28863
212324, 8123240, 8152106, 28866
212325, 8123250, 8152120, 28870
212326, 8123260, 8152133, 28873
212327, 8123270, 8152146, 28876
212329, 8123290, 8152160, 28870
212330, 8123300, 8152173, 28873
212331, 8123310, 8152187, 28877
212332, 8123320, 8152200, 28880
212333, 8123330, 8152214, 28884
212334, 8123340, 8152227, 28887
212335, 8123350, 8152241, 28891
212336, 8123360, 8152254, 28894
212337, 8123370, 8152267, 28897
212338, 8123380, 8152281, 28901
212340, 8123400, 8152294, 28894
212341, 8123410, 8152308, 28898
212342, 8123420, 8152321, 28901
212343, 8123430, 8152335, 28905
212344, 8123440, 8152348, 28908
212345, 8123450, 8152362, 28912
212346, 8123460, 8152375, 28915
212347, 8123470, 8152388, 28918
212348, 8123480, 8152402, 28922
212351, 8123510, 8152429, 28919
212352, 8123520, 8152442, 28922
212353, 8123530, 8152456, 28926
212354, 8123540, 8152469, 28929
212355, 8123550, 8152482, 28932
212356, 8123560, 8152496, 28936
212357, 8123570, 8152509, 28939
212358, 8123580, 8152523, 28943
212359, 8123590, 8152536, 28946
212361, 8123610, 8152550, 28940
212362, 8123620, 8152563, 28943
212363, 8123630, 8152577, 28947
212364, 8123640, 8152590, 28950
212365, 8123650, 8152603, 28953
212366, 8123660, 8152617, 28957
212367, 8123670, 8152630, 28960
212368, 8123680, 8152644, 28964
212369, 8123690, 8152657, 28967
212371, 8123710, 8152671, 28961
212372, 8123720, 8152684, 28964
212373, 8123730, 8152698, 28968
212374, 8123740, 8152711, 28971
212375, 8123750, 8152724, 28974
212376, 8123760, 8152738, 28978
212377, 8123770, 8152751, 28981
212378, 8123780, 8152765, 28985
212379, 8123790, 8152778, 28988
212380, 8123800, 8152792, 28992
212382, 8123820, 8152805, 28985
212383, 8123830, 8152818, 28988
212384, 8123840, 8152832, 28992
212385, 8123850, 8152845, 28995
212386, 8123860, 8152859, 28999
212387, 8123870, 8152872, 29002
212388, 8123880, 8152886, 29006
212389, 8123890, 8152899, 29009
212390, 8123900, 8152913, 29013
212391, 8123910, 8152926, 29016
212393, 8123930, 8152939, 29009
212394, 8123940, 8152953, 29013
212395, 8123950, 8152966, 29016
212396, 8123960, 8152980, 29020
212397, 8123970, 8152993, 29023
212398, 8123980, 8153007, 29027
212399, 8123990, 8153020, 29030
212802, 8128020, 8153047, 25027
212803, 8128030, 8153060, 25030
212804, 8128040, 8153074, 25034
212805, 8128050, 8153087, 25037
212806, 8128060, 8153101, 25041
212807, 8128070, 8153114, 25044
212808, 8128080, 8153128, 25048
212809, 8128090, 8153141, 25051
212810, 8128100, 8153154, 25054
212812, 8128120, 8153168, 25048
212813, 8128130, 8153181, 25051
212814, 8128140, 8153195, 25055
212815, 8128150, 8153208, 25058
212816, 8128160, 8153222, 25062
212817, 8128170, 8153235, 25065
212818, 8128180, 8153249, 25069
212819, 8128190, 8153262, 25072
212820, 8128200, 8153275, 25075
212821, 8128210, 8153289, 25079
212823, 8128230, 8153302, 25072
212824, 8128240, 8153316, 25076
212825, 8128250, 8153329, 25079
212826, 8128260, 8153343, 25083
212827, 8128270, 8153356, 25086
212828, 8128280, 8153370, 25090
212829, 8128290, 8153383, 25093
212830, 8128300, 8153396, 25096
212831, 8128310, 8153410, 25100
212833, 8128330, 8153423, 25093
212834, 8128340, 8153437, 25097
212835, 8128350, 8153450, 25100
212836, 8128360, 8153464, 25104
212837, 8128370, 8153477, 25107
212838, 8128380, 8153490, 25110
212839, 8128390, 8153504, 25114
212840, 8128400, 8153517, 25117
212841, 8128410, 8153531, 25121
212842, 8128420, 8153544, 25124
212844, 8128440, 8153558, 25118
212845, 8128450, 8153571, 25121
212846, 8128460, 8153585, 25125
212847, 8128470, 8153598, 25128
212848, 8128480, 8153611, 25131
212849, 8128490, 8153625, 25135
212851, 8128510, 8153652, 25142
212852, 8128520, 8153665, 25145
212853, 8128530, 8153679, 25149
212855, 8128550, 8153692, 25142
212856, 8128560, 8153706, 25146
212857, 8128570, 8153719, 25149
212858, 8128580, 8153732, 25152
212859, 8128590, 8153746, 25156
212860, 8128600, 8153759, 25159
212861, 8128610, 8153773, 25163
212862, 8128620, 8153786, 25166
212863, 8128630, 8153800, 25170
212865, 8128650, 8153813, 25163
212866, 8128660, 8153826, 25166
212867, 8128670, 8153840, 25170
212868, 8128680, 8153853, 25173
212869, 8128690, 8153867, 25177
212870, 8128700, 8153880, 25180
212871, 8128710, 8153894, 25184
212872, 8128720, 8153907, 25187
212873, 8128730, 8153921, 25191
212874, 8128740, 8153934, 25194
212876, 8128760, 8153947, 25187
212877, 8128770, 8153961, 25191
212878, 8128780, 8153974, 25194
212879, 8128790, 8153988, 25198
212880, 8128800, 8154001, 25201
212881, 8128810, 8154015, 25205
212882, 8128820, 8154028, 25208
212883, 8128830, 8154042, 25212
212884, 8128840, 8154055, 25215
212885, 8128850, 8154068, 25218
212887, 8128870, 8154082, 25212
212888, 8128880, 8154095, 25215
212889, 8128890, 8154109, 25219
212890, 8128900, 8154122, 25222
212891, 8128910, 8154136, 25226
212892, 8128920, 8154149, 25229
212893, 8128930, 8154162, 25232
212894, 8128940, 8154176, 25236
212895, 8128950, 8154189, 25239
212897, 8128970, 8154203, 25233
212898, 8128980, 8154216, 25236
212899, 8128990, 8154230, 25240
212901, 8129010, 8154257, 25247
212902, 8129020, 8154270, 25250
212903, 8129030, 8154283, 25253
212904, 8129040, 8154297, 25257
212905, 8129050, 8154310, 25260
212906, 8129060, 8154324, 25264
212908, 8129080, 8154337, 25257
212909, 8129090, 8154351, 25261
212910, 8129100, 8154364, 25264
212911, 8129110, 8154378, 25268
212912, 8129120, 8154391, 25271
212913, 8129130, 8154404, 25274
212914, 8129140, 8154418, 25278
212915, 8129150, 8154431, 25281
212916, 8129160, 8158012, 28852
212918, 8129180, 8158026, 28846
212919, 8129190, 8158039, 28849
212920, 8129200, 8158052, 28852
212921, 8129210, 8158066, 28856
212922, 8129220, 8158079, 28859
212923, 8129230, 8158093, 28863
212924, 8129240, 8158106, 28866
212925, 8129250, 8158120, 28870
212926, 8129260, 8158133, 28873
212927, 8129270, 8158146, 28876
212929, 8129290, 8158160, 28870
212930, 8129300, 8158173, 28873
212931, 8129310, 8158187, 28877
212932, 8129320, 8158200, 28880
212933, 8129330, 8158214, 28884
212934, 8129340, 8158227, 28887
212935, 8129350, 8158241, 28891
212936, 8129360, 8158254, 28894
212937, 8129370, 8158267, 28897
212938, 8129380, 8158281, 28901
212940, 8129400, 8158294, 28894
212941, 8129410, 8158308, 28898
212942, 8129420, 8158321, 28901
212943, 8129430, 8158335, 28905
212944, 8129440, 8158348, 28908
212945, 8129450, 8158362, 28912
212946, 8129460, 8158375, 28915
212947, 8129470, 8158388, 28918
212948, 8129480, 8158402, 28922
212951, 8129510, 8158429, 28919
212952, 8129520, 8158442, 28922
212953, 8129530, 8158456, 28926
212954, 8129540, 8158469, 28929
212955, 8129550, 8158482, 28932
212956, 8129560, 8158496, 28936
212957, 8129570, 8158509, 28939
212958, 8129580, 8158523, 28943
212959, 8129590, 8158536, 28946
212961, 8129610, 8158550, 28940
212962, 8129620, 8158563, 28943
212963, 8129630, 8158577, 28947
212964, 8129640, 8158590, 28950
212965, 8129650, 8158603, 28953
212966, 8129660, 8158617, 28957
212967, 8129670, 8158630, 28960
212968, 8129680, 8158644, 28964
212969, 8129690, 8158657, 28967
212971, 8129710, 8158671, 28961
212972, 8129720, 8158684, 28964
212973, 8129730, 8158698, 28968
212974, 8129740, 8158711, 28971
212975, 8129750, 8158724, 28974
212976, 8129760, 8158738, 28978
212977, 8129770, 8158751, 28981
212978, 8129780, 8158765, 28985
212979, 8129790, 8158778, 28988
212980, 8129800, 8158792, 28992
212982, 8129820, 8158805, 28985
212983, 8129830, 8158818, 28988
212984, 8129840, 8158832, 28992
212985, 8129850, 8158845, 28995
212986, 8129860, 8158859, 28999
212987, 8129870, 8158872, 29002
212988, 8129880, 8158886, 29006
212989, 8129890, 8158899, 29009
212990, 8129900, 8158913, 29013
212991, 8129910, 8158926, 29016
212993, 8129930, 8158939, 29009
212994, 8129940, 8158953, 29013
212995, 8129950, 8158966, 29016
212996, 8129960, 8158980, 29020
212997, 8129970, 8158993, 29023
212998, 8129980, 8159007, 29027
212999, 8129990, 8159020, 29030
213402, 8134020, 8159047, 25027
213403, 8134030, 8159060, 25030
213404, 8134040, 8159074, 25034
213405, 8134050, 8159087, 25037
213406, 8134060, 8159101, 25041
213407, 8134070, 8159114, 25044
213408, 8134080, 8159128, 25048
213409, 8134090, 8159141, 25051
213410, 8134100, 8159154, 25054
213412, 8134120, 8159168, 25048
213413, 8134130, 8159181, 25051
213414, 8134140, 8159195, 25055
213415, 8134150, 8159208, 25058
213416, 8134160, 8159222, 25062
213417, 8134170, 8159235, 25065
213418, 8134180, 8159249, 25069
213419, 8134190, 8159262, 25072
213420, 8134200, 8159275, 25075
213421, 8134210, 8159289, 25079
213423, 8134230, 8159302, 25072
213424, 8134240, 8159316, 25076
213425, 8134250, 8159329, 25079
213426, 8134260, 8159343, 25083
213427, 8134270, 8159356, 25086
213428, 8134280, 8159370, 25090
213429, 8134290, 8159383, 25093
213430, 8134300, 8159396, 25096
213431, 8134310, 8159410, 25100
213433, 8134330, 8159423, 25093
213434, 8134340, 8159437, 25097
213435, 8134350, 8159450, 25100
213436, 8134360, 8159464, 25104
213437, 8134370, 8159477, 25107
213438, 8134380, 8159490, 25110
213439, 8134390, 8159504, 25114
213440, 8134400, 8159517, 25117
213441, 8134410, 8159531, 25121
213442, 8134420, 8159544, 25124
213444, 8134440, 8159558, 25118
213445, 8134450, 8159571, 25121
213446, 8134460, 8159585, 25125
213447, 8134470, 8159598, 25128
213448, 8134480, 8159611, 25131
213449, 8134490, 8159625, 25135
213451, 8134510, 8159652, 25142
213452, 8134520, 8159665, 25145
213453, 8134530, 8159679, 25149
213455, 8134550, 8159692, 25142
213456, 8134560, 8159706, 25146
213457, 8134570, 8159719, 25149
213458, 8134580, 8159732, 25152
213459, 8134590, 8159746, 25156
213460, 8134600, 8159759, 25159
213461, 8134610, 8159773, 25163
213462, 8134620, 8159786, 25166
213463, 8134630, 8159800, 25170
213465, 8134650, 8159813, 25163
213466, 8134660, 8159826, 25166
213467, 8134670, 8159840, 25170
213468, 8134680, 8159853, 25173
213469, 8134690, 8159867, 25177
213470, 8134700, 8159880, 25180
213471, 8134710, 8159894, 25184
213472, 8134720, 8159907, 25187
213473, 8134730, 8159921, 25191
213474, 8134740, 8159934, 25194
213476, 8134760, 8159947, 25187
213477, 8134770, 8159961, 25191
213478, 8134780, 8159974, 25194
213479, 8134790, 8159988, 25198
213480, 8134800, 8160001, 25201
213481, 8134810, 8160015, 25205
213482, 8134820, 8160028, 25208
213483, 8134830, 8160042, 25212
213484, 8134840, 8160055, 25215
213485, 8134850, 8160068, 25218
213487, 8134870, 8160082, 25212
213488, 8134880, 8160095, 25215
213489, 8134890, 8160109, 25219
213490, 8134900, 8160122, 25222
213491, 8134910, 8160136, 25226
213492, 8134920, 8160149, 25229
213493, 8134930, 8160162, 25232
213494, 8134940, 8160176, 25236
213495, 8134950, 8160189, 25239
213497, 8134970, 8160203, 25233
213498, 8134980, 8160216, 25236
213499, 8134990, 8160230, 25240
213501, 8135010, 8160257, 25247
213502, 8135020, 8160270, 25250
213503, 8135030, 8160283, 25253
213504, 8135040, 8160297, 25257
213505, 8135050, 8160310, 25260
213506, 8135060, 8160324, 25264
213508, 8135080, 8160337, 25257
213509, 8135090, 8160351, 25261
213510, 8135100, 8160364, 25264
213511, 8135110, 8160378, 25268
213512, 8135120, 8160391, 25271
213513, 8135130, 8160404, 25274
213514, 8135140, 8160418, 25278
213515, 8135150, 8160431, 25281
213516, 8135160, 8164012, 28852
213517, 8135170, 8164026, 28856
213519, 8135190, 8164039, 28849
213520, 8135200, 8164052, 28852
213521, 8135210, 8164066, 28856
213522, 8135220, 8164079, 28859
213523, 8135230, 8164093, 28863
213524, 8135240, 8164106, 28866
213525, 8135250, 8164120, 28870
213526, 8135260, 8164133, 28873
213527, 8135270, 8164146, 28876
213529, 8135290, 8164160, 28870
213530, 8135300, 8164173, 28873
213531, 8135310, 8164187, 28877
213532, 8135320, 8164200, 28880
213533, 8135330, 8164214, 28884
213534, 8135340, 8164227, 28887
213535, 8135350, 8164241, 28891
213536, 8135360, 8164254, 28894
213537, 8135370, 8164267, 28897
213538, 8135380, 8164281, 28901
213540, 8135400, 8164294, 28894
213541, 8135410, 8164308, 28898
213542, 8135420, 8164321, 28901
213543, 8135430, 8164335, 28905
213544, 8135440, 8164348, 28908
213545, 8135450, 8164362, 28912
213546, 8135460, 8164375, 28915
213547, 8135470, 8164388, 28918
213548, 8135480, 8164402, 28922
213551, 8135510, 8164429, 28919
213552, 8135520, 8164442, 28922
213553, 8135530, 8164456, 28926
213554, 8135540, 8164469, 28929
213555, 8135550, 8164482, 28932
213556, 8135560, 8164496, 28936
213557, 8135570, 8164509, 28939
213558, 8135580, 8164523, 28943
213559, 8135590, 8164536, 28946
213561, 8135610, 8164550, 28940
213562, 8135620, 8164563, 28943
213563, 8135630, 8164577, 28947
213564, 8135640, 8164590, 28950
213565, 8135650, 8164603, 28953
213566, 8135660, 8164617, 28957
213567, 8135670, 8164630, 28960
213568, 8135680, 8164644, 28964
213569, 8135690, 8164657, 28967
213570, 8135700, 8164671, 28971
213572, 8135720, 8164684, 28964
213573, 8135730, 8164698, 28968
213574, 8135740, 8164711, 28971
213575, 8135750, 8164724, 28974
213576, 8135760, 8164738, 28978
213577, 8135770, 8164751, 28981
213578, 8135780, 8164765, 28985
213579, 8135790, 8164778, 28988
213580, 8135800, 8164792, 28992
213582, 8135820, 8164805, 28985
213583, 8135830, 8164818, 28988
213584, 8135840, 8164832, 28992
213585, 8135850, 8164845, 28995
213586, 8135860, 8164859, 28999
213587, 8135870, 8164872, 29002
213588, 8135880, 8164886, 29006
213589, 8135890, 8164899, 29009
213590, 8135900, 8164913, 29013
213591, 8135910, 8164926, 29016
213593, 8135930, 8164939, 29009
213594, 8135940, 8164953, 29013
213595, 8135950, 8164966, 29016
213596, 8135960, 8164980, 29020
213597, 8135970, 8164993, 29023
213598, 8135980, 8165007, 29027
213599, 8135990, 8165020, 29030
214002, 8140020, 8165047, 25027
214003, 8140030, 8165060, 25030
214004, 8140040, 8165074, 25034
214005, 8140050, 8165087, 25037
214006, 8140060, 8165101, 25041
214007, 8140070, 8165114, 25044
214008, 8140080, 8165127, 25047
214009, 8140090, 8165141, 25051
214010, 8140100, 8165154, 25054
214012, 8140120, 8165168, 25048
214013, 8140130, 8165181, 25051
214014, 8140140, 8165195, 25055
214015, 8140150, 8165208, 25058
214016, 8140160, 8165222, 25062
214017, 8140170, 8165235, 25065
214018, 8140180, 8165248, 25068
214019, 8140190, 8165262, 25072
214020, 8140200, 8165275, 25075
214021, 8140210, 8165289, 25079
214023, 8140230, 8165302, 25072
214024, 8140240, 8165316, 25076
214025, 8140250, 8165329, 25079
214026, 8140260, 8165342, 25082
214027, 8140270, 8165356, 25086
214028, 8140280, 8165369, 25089
214029, 8140290, 8165383, 25093
214030, 8140300, 8165396, 25096
214031, 8140310, 8165410, 25100
214033, 8140330, 8165423, 25093
214034, 8140340, 8165437, 25097
214035, 8140350, 8165450, 25100
214036, 8140360, 8165463, 25103
214037, 8140370, 8165477, 25107
214038, 8140380, 8165490, 25110
214039, 8140390, 8165504, 25114
214040, 8140400, 8165517, 25117
214041, 8140410, 8165531, 25121
214042, 8140420, 8165544, 25124
214044, 8140440, 8165558, 25118
214045, 8140450, 8165571, 25121
214046, 8140460, 8165584, 25124
214047, 8140470, 8165598, 25128
214048, 8140480, 8165611, 25131
214049, 8140490, 8165625, 25135
214051, 8140510, 8165652, 25142
214052, 8140520, 8165665, 25145
214053, 8140530, 8165678, 25148
214055, 8140550, 8165692, 25142
214056, 8140560, 8165705, 25145
214057, 8140570, 8165719, 25149
214058, 8140580, 8165732, 25152
214059, 8140590, 8165746, 25156
214060, 8140600, 8165759, 25159
214061, 8140610, 8165773, 25163
214062, 8140620, 8165786, 25166
214063, 8140630, 8165799, 25169
214065, 8140650, 8165813, 25163
214066, 8140660, 8165826, 25166
214067, 8140670, 8165840, 25170
214068, 8140680, 8165853, 25173
214069, 8140690, 8165867, 25177
214070, 8140700, 8165880, 25180
214071, 8140710, 8165894, 25184
214072, 8140720, 8165907, 25187
214073, 8140730, 8165920, 25190
214074, 8140740, 8165934, 25194
214076, 8140760, 8165947, 25187
214077, 8140770, 8165961, 25191
214078, 8140780, 8165974, 25194
214079, 8140790, 8165988, 25198
214080, 8140800, 8166001, 25201
214081, 8140810, 8166014, 25204
214082, 8140820, 8166028, 25208
214083, 8140830, 8166041, 25211
214084, 8140840, 8166055, 25215
214085, 8140850, 8166068, 25218
214087, 8140870, 8166082, 25212
214088, 8140880, 8166095, 25215
214089, 8140890, 8166109, 25219
214090, 8140900, 8166122, 25222
214091, 8140910, 8166135, 25225
214092, 8140920, 8166149, 25229
214093, 8140930, 8166162, 25232
214094, 8140940, 8166176, 25236
214095, 8140950, 8166189, 25239
214097, 8140970, 8166203, 25233
214098, 8140980, 8166216, 25236
214099, 8140990, 8166230, 25240
214101, 8141010, 8166256, 25246
214102, 8141020, 8166270, 25250
214103, 8141030, 8166283, 25253
214104, 8141040, 8166297, 25257
214105, 8141050, 8166310, 25260
214106, 8141060, 8166324, 25264
214108, 8141080, 8166337, 25257
214109, 8141090, 8166350, 25260
214110, 8141100, 8166364, 25264
214111, 8141110, 8166377, 25267
214112, 8141120, 8166391, 25271
214113, 8141130, 8166404, 25274
214114, 8141140, 8166418, 25278
214115, 8141150, 8166431, 25281
214116, 8141160, 8170012, 28852
214118, 8141180, 8170026, 28846
214119, 8141190, 8170039, 28849
214120, 8141200, 8170052, 28852
214121, 8141210, 8170066, 28856
214122, 8141220, 8170079, 28859
214123, 8141230, 8170093, 28863
214124, 8141240, 8170106, 28866
214125, 8141250, 8170120, 28870
214126, 8141260, 8170133, 28873
214127, 8141270, 8170146, 28876
214129, 8141290, 8170160, 28870
214130, 8141300, 8170173, 28873
214131, 8141310, 8170187, 28877
214132, 8141320, 8170200, 28880
214133, 8141330, 8170214, 28884
214134, 8141340, 8170227, 28887
214135, 8141350, 8170241, 28891
214136, 8141360, 8170254, 28894
214137, 8141370, 8170267, 28897
214138, 8141380, 8170281, 28901
214140, 8141400, 8170294, 28894
214141, 8141410, 8170308, 28898
214142, 8141420, 8170321, 28901
214143, 8141430, 8170335, 28905
214144, 8141440, 8170348, 28908
214145, 8141450, 8170362, 28912
214146, 8141460, 8170375, 28915
214147, 8141470, 8170388, 28918
214148, 8141480, 8170402, 28922
214151, 8141510, 8170429, 28919
214152, 8141520, 8170442, 28922
214153, 8141530, 8170456, 28926
214154, 8141540, 8170469, 28929
214155, 8141550, 8170482, 28932
214156, 8141560, 8170496, 28936
214157, 8141570, 8170509, 28939
214158, 8141580, 8170523, 28943
214159, 8141590, 8170536, 28946
214161, 8141610, 8170550, 28940
214162, 8141620, 8170563, 28943
214163, 8141630, 8170577, 28947
214164, 8141640, 8170590, 28950
214165, 8141650, 8170603, 28953
214166, 8141660, 8170617, 28957
214167, 8141670, 8170630, 28960
214168, 8141680, 8170644, 28964
214169, 8141690, 8170657, 28967
214171, 8141710, 8170671, 28961
214172, 8141720, 8170684, 28964
214173, 8141730, 8170698, 28968
214174, 8141740, 8170711, 28971
214175, 8141750, 8170724, 28974
214176, 8141760, 8170738, 28978
214177, 8141770, 8170751, 28981
214178, 8141780, 8170765, 28985
214179, 8141790, 8170778, 28988
214180, 8141800, 8170792, 28992
214182, 8141820, 8170805, 28985
214183, 8141830, 8170818, 28988
214184, 8141840, 8170832, 28992
214185, 8141850, 8170845, 28995
214186, 8141860, 8170859, 28999
214187, 8141870, 8170872, 29002
214188, 8141880, 8170886, 29006
214189, 8141890, 8170899, 29009
214190, 8141900, 8170913, 29013
214191, 8141910, 8170926, 29016
214193, 8141930, 8170939, 29009
214194, 8141940, 8170953, 29013
214195, 8141950, 8170966, 29016
214196, 8141960, 8170980, 29020
214197, 8141970, 8170993, 29023
214198, 8141980, 8171007, 29027
214199, 8141990, 8171020, 29030
214602, 8146020, 8171047, 25027
214603, 8146030, 8171060, 25030
214604, 8146040, 8171074, 25034
214605, 8146050, 8171087, 25037
214606, 8146060, 8171101, 25041
214607, 8146070, 8171114, 25044
214608, 8146080, 8171128, 25048
214609, 8146090, 8171141, 25051
214610, 8146100, 8171154, 25054
214612, 8146120, 8171168, 25048
214613, 8146130, 8171181, 25051
214614, 8146140, 8171195, 25055
214615, 8146150, 8171208, 25058
214616, 8146160, 8171222, 25062
214617, 8146170, 8171235, 25065
214618, 8146180, 8171249, 25069
214619, 8146190, 8171262, 25072
214620, 8146200, 8171275, 25075
214621, 8146210, 8171289, 25079
214623, 8146230, 8171302, 25072
214624, 8146240, 8171316, 25076
214625, 8146250, 8171329, 25079
214626, 8146260, 8171343, 25083
214627, 8146270, 8171356, 25086
214628, 8146280, 8171370, 25090
214629, 8146290, 8171383, 25093
214630, 8146300, 8171396, 25096
214631, 8146310, 8171410, 25100
214633, 8146330, 8171423, 25093
214634, 8146340, 8171437, 25097
214635, 8146350, 8171450, 25100
214636, 8146360, 8171464, 25104
214637, 8146370, 8171477, 25107
214638, 8146380, 8171490, 25110
214639, 8146390, 8171504, 25114
214640, 8146400, 8171517, 25117
214641, 8146410, 8171531, 25121
214642, 8146420, 8171544, 25124
214644, 8146440, 8171558, 25118
214645, 8146450, 8171571, 25121
214646, 8146460, 8171585, 25125
214647, 8146470, 8171598, 25128
214648, 8146480, 8171611, 25131
214649, 8146490, 8171625, 25135
214651, 8146510, 8171652, 25142
214652, 8146520, 8171665, 25145
214653, 8146530, 8171679, 25149
214655, 8146550, 8171692, 25142
214656, 8146560, 8171706, 25146
214657, 8146570, 8171719, 25149
214658, 8146580, 8171732, 25152
214659, 8146590, 8171746, 25156
214660, 8146600, 8171759, 25159
214661, 8146610, 8171773, 25163
214662, 8146620, 8171786, 25166
214663, 8146630, 8171800, 25170
214665, 8146650, 8171813, 25163
214666, 8146660, 8171826, 25166
214667, 8146670, 8171840, 25170
214668, 8146680, 8171853, 25173
214669, 8146690, 8171867, 25177
214670, 8146700, 8171880, 25180
214671, 8146710, 8171894, 25184
214672, 8146720, 8171907, 25187
214673, 8146730, 8171921, 25191
214674, 8146740, 8171934, 25194
214676, 8146760, 8171947, 25187
214677, 8146770, 8171961, 25191
214678, 8146780, 8171974, 25194
214679, 8146790, 8171988, 25198
214680, 8146800, 8172001, 25201
214681, 8146810, 8172015, 25205
214682, 8146820, 8172028, 25208
214683, 8146830, 8172042, 25212
214684, 8146840, 8172055, 25215
214685, 8146850, 8172068, 25218
214687, 8146870, 8172082, 25212
214688, 8146880, 8172095, 25215
214689, 8146890, 8172109, 25219
214690, 8146900, 8172122, 25222
214691, 8146910, 8172136, 25226
214692, 8146920, 8172149, 25229
214693, 8146930, 8172162, 25232
214694, 8146940, 8172176, 25236
214695, 8146950, 8172189, 25239
214697, 8146970, 8172203, 25233
214698, 8146980, 8172216, 25236
214699, 8146990, 8172230, 25240
214701, 8147010, 8172257, 25247
214702, 8147020, 8172270, 25250
214703, 8147030, 8172283, 25253
214704, 8147040, 8172297, 25257
214705, 8147050, 8172310, 25260
214706, 8147060, 8172324, 25264
214708, 8147080, 8172337, 25257
214709, 8147090, 8172351, 25261
214710, 8147100, 8172364, 25264
214711, 8147110, 8172378, 25268
214712, 8147120, 8172391, 25271
214713, 8147130, 8172404, 25274
214714, 8147140, 8172418, 25278
214715, 8147150, 8172431, 25281
214716, 8147160, 8176012, 28852
214718, 8147180, 8176026, 28846
214719, 8147190, 8176039, 28849
214720, 8147200, 8176052, 28852
214721, 8147210, 8176066, 28856
214722, 8147220, 8176079, 28859
214723, 8147230, 8176093, 28863
214724, 8147240, 8176106, 28866
214725, 8147250, 8176120, 28870
214726, 8147260, 8176133, 28873
214727, 8147270, 8176146, 28876
214729, 8147290, 8176160, 28870
214730, 8147300, 8176173, 28873
214731, 8147310, 8176187, 28877
214732, 8147320, 8176200, 28880
214733, 8147330, 8176214, 28884
214734, 8147340, 8176227, 28887
214735, 8147350, 8176241, 28891
214736, 8147360, 8176254, 28894
214737, 8147370, 8176267, 28897
214738, 8147380, 8176281, 28901
214740, 8147400, 8176294, 28894
214741, 8147410, 8176308, 28898
214742, 8147420, 8176321, 28901
214743, 8147430, 8176335, 28905
214744, 8147440, 8176348, 28908
214745, 8147450, 8176362, 28912
214746, 8147460, 8176375, 28915
214747, 8147470, 8176388, 28918
214748, 8147480, 8176402, 28922
214751, 8147510, 8176429, 28919
214752, 8147520, 8176442, 28922
214753, 8147530, 8176456, 28926
214754, 8147540, 8176469, 28929
214755, 8147550, 8176482, 28932
214756, 8147560, 8176496, 28936
214757, 8147570, 8176509, 28939
214758, 8147580, 8176523, 28943
214759, 8147590, 8176536, 28946
214761, 8147610, 8176550, 28940
214762, 8147620, 8176563, 28943
214763, 8147630, 8176577, 28947
214764, 8147640, 8176590, 28950
214765, 8147650, 8176603, 28953
214766, 8147660, 8176617, 28957
214767, 8147670, 8176630, 28960
214768, 8147680, 8176644, 28964
214769, 8147690, 8176657, 28967
214771, 8147710, 8176671, 28961
214772, 8147720, 8176684, 28964
214773, 8147730, 8176698, 28968
214774, 8147740, 8176711, 28971
214775, 8147750, 8176724, 28974
214776, 8147760, 8176738, 28978
214777, 8147770, 8176751, 28981
214778, 8147780, 8176765, 28985
214779, 8147790, 8176778, 28988
214780, 8147800, 8176792, 28992
214782, 8147820, 8176805, 28985
214783, 8147830, 8176818, 28988
214784, 8147840, 8176832, 28992
214785, 8147850, 8176845, 28995
214786, 8147860, 8176859, 28999
214787, 8147870, 8176872, 29002
214788, 8147880, 8176886, 29006
214789, 8147890, 8176899, 29009
214790, 8147900, 8176913, 29013
214791, 8147910, 8176926, 29016
214793, 8147930, 8176939, 29009
214794, 8147940, 8176953, 29013
214795, 8147950, 8176966, 29016
214796, 8147960, 8176980, 29020
214797, 8147970, 8176993, 29023
214798, 8147980, 8177007, 29027
214799, 8147990, 8177020, 29030
215202, 8152020, 8177047, 25027
215203, 8152030, 8177060, 25030
215204, 8152040, 8177074, 25034
215205, 8152050, 8177087, 25037
215206, 8152060, 8177101, 25041
215207, 8152070, 8177114, 25044
215208, 8152080, 8177128, 25048
215209, 8152090, 8177141, 25051
215210, 8152100, 8177154, 25054
215212, 8152120, 8177168, 25048
215213, 8152130, 8177181, 25051
215214, 8152140, 8177195, 25055
215215, 8152150, 8177208, 25058
215216, 8152160, 8177222, 25062
215217, 8152170, 8177235, 25065
215218, 8152180, 8177249, 25069
215219, 8152190, 8177262, 25072
215220, 8152200, 8177275, 25075
215221, 8152210, 8177289, 25079
215223, 8152230, 8177302, 25072
215224, 8152240, 8177316, 25076
215225, 8152250, 8177329, 25079
215226, 8152260, 8177343, 25083
215227, 8152270, 8177356, 25086
215228, 8152280, 8177370, 25090
215229, 8152290, 8177383, 25093
215230, 8152300, 8177396, 25096
215231, 8152310, 8177410, 25100
215233, 8152330, 8177423, 25093
215234, 8152340, 8177437, 25097
215235, 8152350, 8177450, 25100
215236, 8152360, 8177464, 25104
215237, 8152370, 8177477, 25107
215238, 8152380, 8177490, 25110
215239, 8152390, 8177504, 25114
215240, 8152400, 8177517, 25117
215241, 8152410, 8177531, 25121
215242, 8152420, 8177544, 25124
215244, 8152440, 8177558, 25118
215245, 8152450, 8177571, 25121
215246, 8152460, 8177585, 25125
215247, 8152470, 8177598, 25128
215248, 8152480, 8177611, 25131
215249, 8152490, 8177625, 25135
215251, 8152510, 8177652, 25142
215252, 8152520, 8177665, 25145
215253, 8152530, 8177679, 25149
215255, 8152550, 8177692, 25142
215256, 8152560, 8177706, 25146
215257, 8152570, 8177719, 25149
215258, 8152580, 8177732, 25152
215259, 8152590, 8177746, 25156
215260, 8152600, 8177759, 25159
215261, 8152610, 8177773, 25163
215262, 8152620, 8177786, 25166
215263, 8152630, 8177800, 25170
215265, 8152650, 8177813, 25163
215266, 8152660, 8177826, 25166
215267, 8152670, 8177840, 25170
215268, 8152680, 8177853, 25173
215269, 8152690, 8177867, 25177
215270, 8152700, 8177880, 25180
215271, 8152710, 8177894, 25184
215272, 8152720, 8177907, 25187
215273, 8152730, 8177921, 25191
215274, 8152740, 8177934, 25194
215276, 8152760, 8177947, 25187
215277, 8152770, 8177961, 25191
215278, 8152780, 8177974, 25194
215279, 8152790, 8177988, 25198
215280, 8152800, 8178001, 25201
215281, 8152810, 8178015, 25205
215282, 8152820, 8178028, 25208
215283, 8152830, 8178042, 25212
215284, 8152840, 8178055, 25215
215285, 8152850, 8178068, 25218
215287, 8152870, 8178082, 25212
215288, 8152880, 8178095, 25215
215289, 8152890, 8178109, 25219
215290, 8152900, 8178122, 25222
215291, 8152910, 8178136, 25226
215292, 8152920, 8178149, 25229
215293, 8152930, 8178162, 25232
215294, 8152940, 8178176, 25236
215295, 8152950, 8178189, 25239
215297, 8152970, 8178203, 25233
215298, 8152980, 8178216, 25236
215299, 8152990, 8178230, 25240
215301, 8153010, 8178257, 25247
215302, 8153020, 8178270, 25250
215303, 8153030, 8178283, 25253
215304, 8153040, 8178297, 25257
215305, 8153050, 8178310, 25260
215306, 8153060, 8178324, 25264
215308, 8153080, 8178337, 25257
215309, 8153090, 8178351, 25261
215310, 8153100, 8178364, 25264
215311, 8153110, 8178378, 25268
215312, 8153120, 8178391, 25271
215313, 8153130, 8178404, 25274
215314, 8153140, 8178418, 25278
215315, 8153150, 8178431, 25281
215316, 8153160, 8182012, 28852
215318, 8153180, 8182026, 28846
215319, 8153190, 8182039, 28849
215320, 8153200, 8182052, 28852
215321, 8153210, 8182066, 28856
215322, 8153220, 8182079, 28859
215323, 8153230, 8182093, 28863
215324, 8153240, 8182106, 28866
215325, 8153250, 8182120, 28870
215326, 8153260, 8182133, 28873
215327, 8153270, 8182146, 28876
215329, 8153290, 8182160, 28870
215330, 8153300, 8182173, 28873
215331, 8153310, 8182187, 28877
215332, 8153320, 8182200, 28880
215333, 8153330, 8182214, 28884
215334, 8153340, 8182227, 28887
215335, 8153350, 8182241, 28891
215336, 8153360, 8182254, 28894
215337, 8153370, 8182267, 28897
215338, 8153380, 8182281, 28901
215340, 8153400, 8182294, 28894
215341, 8153410, 8182308, 28898
215342, 8153420, 8182321, 28901
215343, 8153430, 8182335, 28905
215344, 8153440, 8182348, 28908
215345, 8153450, 8182362, 28912
215346, 8153460, 8182375, 28915
215347, 8153470, 8182388, 28918
215348, 8153480, 8182402, 28922
215351, 8153510, 8182429, 28919
215352, 8153520, 8182442, 28922
215353, 8153530, 8182456, 28926
215354, 8153540, 8182469, 28929
215355, 8153550, 8182482, 28932
215356, 8153560, 8182496, 28936
215357, 8153570, 8182509, 28939
215358, 8153580, 8182523, 28943
215359, 8153590, 8182536, 28946
215361, 8153610, 8182550, 28940
215362, 8153620, 8182563, 28943
215363, 8153630, 8182577, 28947
215364, 8153640, 8182590, 28950
215365, 8153650, 8182603, 28953
215366, 8153660, 8182617, 28957
215367, 8153670, 8182630, 28960
215368, 8153680, 8182644, 28964
215369, 8153690, 8182657, 28967
215371, 8153710, 8182671, 28961
215372, 8153720, 8182684, 28964
215373, 8153730, 8182698, 28968
215374, 8153740, 8182711, 28971
215375, 8153750, 8182724, 28974
215376, 8153760, 8182738, 28978
215377, 8153770, 8182751, 28981
215378, 8153780, 8182765, 28985
215379, 8153790, 8182778, 28988
215380, 8153800, 8182792, 28992
215382, 8153820, 8182805, 28985
215383, 8153830, 8182818, 28988
215384, 8153840, 8182832, 28992
215385, 8153850, 8182845, 28995
215386, 8153860, 8182859, 28999
215387, 8153870, 8182872, 29002
215388, 8153880, 8182886, 29006
215389, 8153890, 8182899, 29009
215390, 8153900, 8182913, 29013
215391, 8153910, 8182926, 29016
215393, 8153930, 8182939, 29009
215394, 8153940, 8182953, 29013
215395, 8153950, 8182966, 29016
215396, 8153960, 8182980, 29020
215397, 8153970, 8182993, 29023
215398, 8153980, 8183007, 29027
215399, 8153990, 8183020, 29030
215802, 8158020, 8183047, 25027
215803, 8158030, 8183060, 25030
215804, 8158040, 8183074, 25034
215805, 8158050, 8183087, 25037
215806, 8158060, 8183101, 25041
215807, 8158070, 8183114, 25044
215808, 8158080, 8183128, 25048
215809, 8158090, 8183141, 25051
215810, 8158100, 8183154, 25054
215812, 8158120, 8183168, 25048
215813, 8158130, 8183181, 25051
215814, 8158140, 8183195, 25055
215815, 8158150, 8183208, 25058
215816, 8158160, 8183222, 25062
215817, 8158170, 8183235, 25065
215818, 8158180, 8183249, 25069
215819, 8158190, 8183262, 25072
215820, 8158200, 8183275, 25075
215821, 8158210, 8183289, 25079
215823, 8158230, 8183302, 25072
215824, 8158240, 8183316, 25076
215825, 8158250, 8183329, 25079
215826, 8158260, 8183343, 25083
215827, 8158270, 8183356, 25086
215828, 8158280, 8183370, 25090
215829, 8158290, 8183383, 25093
215830, 8158300, 8183396, 25096
215831, 8158310, 8183410, 25100
215833, 8158330, 8183423, 25093
215834, 8158340, 8183437, 25097
215835, 8158350, 8183450, 25100
215836, 8158360, 8183464, 25104
215837, 8158370, 8183477, 25107
215838, 8158380, 8183490, 25110
215839, 8158390, 8183504, 25114
215840, 8158400, 8183517, 25117
215841, 8158410, 8183531, 25121
215842, 8158420, 8183544, 25124
215844, 8158440, 8183558, 25118
215845, 8158450, 8183571, 25121
215846, 8158460, 8183585, 25125
215847, 8158470, 8183598, 25128
215848, 8158480, 8183611, 25131
215849, 8158490, 8183625, 25135
215851, 8158510, 8183652, 25142
215852, 8158520, 8183665, 25145
215853, 8158530, 8183679, 25149
215855, 8158550, 8183692, 25142
215856, 8158560, 8183706, 25146
215857, 8158570, 8183719, 25149
215858, 8158580, 8183732, 25152
215859, 8158590, 8183746, 25156
215860, 8158600, 8183759, 25159
215861, 8158610, 8183773, 25163
215862, 8158620, 8183786, 25166
215863, 8158630, 8183800, 25170
215865, 8158650, 8183813, 25163
215866, 8158660, 8183826, 25166
215867, 8158670, 8183840, 25170
215868, 8158680, 8183853, 25173
215869, 8158690, 8183867, 25177
215870, 8158700, 8183880, 25180
215871, 8158710, 8183894, 25184
215872, 8158720, 8183907, 25187
215873, 8158730, 8183921, 25191
215874, 8158740, 8183934, 25194
215876, 8158760, 8183947, 25187
215877, 8158770, 8183961, 25191
215878, 8158780, 8183974, 25194
215879, 8158790, 8183988, 25198
215880, 8158800, 8184001, 25201
215881, 8158810, 8184015, 25205
215882, 8158820, 8184028, 25208
215883, 8158830, 8184042, 25212
215884, 8158840, 8184055, 25215
215885, 8158850, 8184068, 25218
215887, 8158870, 8184082, 25212
215888, 8158880, 8184095, 25215
215889, 8158890, 8184109, 25219
215890, 8158900, 8184122, 25222
215891, 8158910, 8184136, 25226
215892, 8158920, 8184149, 25229
215893, 8158930, 8184162, 25232
215894, 8158940, 8184176, 25236
215895, 8158950, 8184189, 25239
215897, 8158970, 8184203, 25233
215898, 8158980, 8184216, 25236
215899, 8158990, 8184230, 25240
215901, 8159010, 8184257, 25247
215902, 8159020, 8184270, 25250
215903, 8159030, 8184283, 25253
215904, 8159040, 8184297, 25257
215905, 8159050, 8184310, 25260
215906, 8159060, 8184324, 25264
215908, 8159080, 8184337, 25257
215909, 8159090, 8184351, 25261
215910, 8159100, 8184364, 25264
215911, 8159110, 8184378, 25268
215912, 8159120, 8184391, 25271
215913, 8159130, 8184404, 25274
215914, 8159140, 8184418, 25278
215915, 8159150, 8184431, 25281
215916, 8159160, 8188012, 28852
215918, 8159180, 8188026, 28846
215919, 8159190, 8188039, 28849
215920, 8159200, 8188052, 28852
215921, 8159210, 8188066, 28856
215922, 8159220, 8188079, 28859
215923, 8159230, 8188093, 28863
215924, 8159240, 8188106, 28866
215925, 8159250, 8188120, 28870
215926, 8159260, 8188133, 28873
215927, 8159270, 8188146, 28876
215929, 8159290, 8188160, 28870
215930, 8159300, 8188173, 28873
215931, 8159310, 8188187, 28877
215932, 8159320, 8188200, 28880
215933, 8159330, 8188214, 28884
215934, 8159340, 8188227, 28887
215935, 8159350, 8188241, 28891
215936, 8159360, 8188254, 28894
215937, 8159370, 8188267, 28897
215938, 8159380, 8188281, 28901
215940, 8159400, 8188294, 28894
215941, 8159410, 8188308, 28898
215942, 8159420, 8188321, 28901
215943, 8159430, 8188335, 28905
215944, 8159440, 8188348, 28908
215945, 8159450, 8188362, 28912
215946, 8159460, 8188375, 28915
215947, 8159470, 8188388, 28918
215948, 8159480, 8188402, 28922
215951, 8159510, 8188429, 28919
215952, 8159520, 8188442, 28922
215953, 8159530, 8188456, 28926
215954, 8159540, 8188469, 28929
215955, 8159550, 8188482, 28932
215956, 8159560, 8188496, 28936
215957, 8159570, 8188509, 28939
215958, 8159580, 8188523, 28943
215959, 8159590, 8188536, 28946
215961, 8159610, 8188550, 28940
215962, 8159620, 8188563, 28943
215963, 8159630, 8188577, 28947
215964, 8159640, 8188590, 28950
215965, 8159650, 8188603, 28953
215966, 8159660, 8188617, 28957
215967, 8159670, 8188630, 28960
215968, 8159680, 8188644, 28964
215969, 8159690, 8188657, 28967
215971, 8159710, 8188671, 28961
215972, 8159720, 8188684, 28964
215973, 8159730, 8188698, 28968
215974, 8159740, 8188711, 28971
215975, 8159750, 8188724, 28974
215976, 8159760, 8188738, 28978
215977, 8159770, 8188751, 28981
215978, 8159780, 8188765, 28985
215979, 8159790, 8188778, 28988
215980, 8159800, 8188792, 28992
215982, 8159820, 8188805, 28985
215983, 8159830, 8188818, 28988
215984, 8159840, 8188832, 28992
215985, 8159850, 8188845, 28995
215986, 8159860, 8188859, 28999
215987, 8159870, 8188872, 29002
215988, 8159880, 8188886, 29006
215989, 8159890, 8188899, 29009
215990, 8159900, 8188913, 29013
215991, 8159910, 8188926, 29016
215993, 8159930, 8188939, 29009
215994, 8159940, 8188953, 29013
215995, 8159950, 8188966, 29016
215996, 8159960, 8188980, 29020
215997, 8159970, 8188993, 29023
215998, 8159980, 8189007, 29027
215999, 8159990, 8189020, 29030
216402, 8164020, 8189047, 25027
216403, 8164030, 8189060, 25030
216404, 8164040, 8189074, 25034
216405, 8164050, 8189087, 25037
216406, 8164060, 8189101, 25041
216407, 8164070, 8189114, 25044
216408, 8164080, 8189128, 25048
216409, 8164090, 8189141, 25051
216410, 8164100, 8189154, 25054
216412, 8164120, 8189168, 25048
216413, 8164130, 8189181, 25051
216414, 8164140, 8189195, 25055
216415, 8164150, 8189208, 25058
216416, 8164160, 8189222, 25062
216417, 8164170, 8189235, 25065
216418, 8164180, 8189249, 25069
216419, 8164190, 8189262, 25072
216420, 8164200, 8189275, 25075
216421, 8164210, 8189289, 25079
216423, 8164230, 8189302, 25072
216424, 8164240, 8189316, 25076
216425, 8164250, 8189329, 25079
216426, 8164260, 8189343, 25083
216427, 8164270, 8189356, 25086
216428, 8164280, 8189370, 25090
216429, 8164290, 8189383, 25093
216430, 8164300, 8189396, 25096
216431, 8164310, 8189410, 25100
216433, 8164330, 8189423, 25093
216434, 8164340, 8189437, 25097
216435, 8164350, 8189450, 25100
216436, 8164360, 8189464, 25104
216437, 8164370, 8189477, 25107
216438, 8164380, 8189490, 25110
216439, 8164390, 8189504, 25114
216440, 8164400, 8189517, 25117
216441, 8164410, 8189531, 25121
216442, 8164420, 8189544, 25124
216444, 8164440, 8189558, 25118
216445, 8164450, 8189571, 25121
216446, 8164460, 8189585, 25125
216447, 8164470, 8189598, 25128
216448, 8164480, 8189611, 25131
216449, 8164490, 8189625, 25135
216451, 8164510, 8189652, 25142
216452, 8164520, 8189665, 25145
216453, 8164530, 8189679, 25149
216455, 8164550, 8189692, 25142
216456, 8164560, 8189706, 25146
216457, 8164570, 8189719, 25149
216458, 8164580, 8189732, 25152
216459, 8164590, 8189746, 25156
216460, 8164600, 8189759, 25159
216461, 8164610, 8189773, 25163
216462, 8164620, 8189786, 25166
216463, 8164630, 8189800, 25170
216465, 8164650, 8189813, 25163
216466, 8164660, 8189826, 25166
216467, 8164670, 8189840, 25170
216468, 8164680, 8189853, 25173
216469, 8164690, 8189867, 25177
216470, 8164700, 8189880, 25180
216471, 8164710, 8189894, 25184
216472, 8164720, 8189907, 25187
216473, 8164730, 8189921, 25191
216474, 8164740, 8189934, 25194
216476, 8164760, 8189947, 25187
216477, 8164770, 8189961, 25191
216478, 8164780, 8189974, 25194
216479, 8164790, 8189988, 25198
216480, 8164800, 8190001, 25201
216481, 8164810, 8190015, 25205
216482, 8164820, 8190028, 25208
216483, 8164830, 8190042, 25212
216484, 8164840, 8190055, 25215
216485, 8164850, 8190068, 25218
216487, 8164870, 8190082, 25212
216488, 8164880, 8190095, 25215
216489, 8164890, 8190109, 25219
216490, 8164900, 8190122, 25222
216491, 8164910, 8190136, 25226
216492, 8164920, 8190149, 25229
216493, 8164930, 8190162, 25232
216494, 8164940, 8190176, 25236
216495, 8164950, 8190189, 25239
216497, 8164970, 8190203, 25233
216498, 8164980, 8190216, 25236
216499, 8164990, 8190230, 25240
216501, 8165010, 8190257, 25247
216502, 8165020, 8190270, 25250
216503, 8165030, 8190283, 25253
216504, 8165040, 8190297, 25257
216505, 8165050, 8190310, 25260
216506, 8165060, 8190324, 25264
216508, 8165080, 8190337, 25257
216509, 8165090, 8190351, 25261
216510, 8165100, 8190364, 25264
216511, 8165110, 8190378, 25268
216512, 8165120, 8190391, 25271
216513, 8165130, 8190404, 25274
216514, 8165140, 8190418, 25278
216515, 8165150, 8190431, 25281
216516, 8165160, 8194012, 28852
216517, 8165170, 8194026, 28856
216519, 8165190, 8194039, 28849
216520, 8165200, 8194052, 28852
216521, 8165210, 8194066, 28856
216522, 8165220, 8194079, 28859
216523, 8165230, 8194093, 28863
216524, 8165240, 8194106, 28866
216525, 8165250, 8194120, 28870
216526, 8165260, 8194133, 28873
216527, 8165270, 8194146, 28876
216529, 8165290, 8194160, 28870
216530, 8165300, 8194173, 28873
216531, 8165310, 8194187, 28877
216532, 8165320, 8194200, 28880
216533, 8165330, 8194214, 28884
216534, 8165340, 8194227, 28887
216535, 8165350, 8194241, 28891
216536, 8165360, 8194254, 28894
216537, 8165370, 8194267, 28897
216538, 8165380, 8194281, 28901
216540, 8165400, 8194294, 28894
216541, 8165410, 8194308, 28898
216542, 8165420, 8194321, 28901
216543, 8165430, 8194335, 28905
216544, 8165440, 8194348, 28908
216545, 8165450, 8194362, 28912
216546, 8165460, 8194375, 28915
216547, 8165470, 8194388, 28918
216548, 8165480, 8194402, 28922
216551, 8165510, 8194429, 28919
216552, 8165520, 8194442, 28922
216553, 8165530, 8194456, 28926
216554, 8165540, 8194469, 28929
216555, 8165550, 8194482, 28932
216556, 8165560, 8194496, 28936
216557, 8165570, 8194509, 28939
216558, 8165580, 8194523, 28943
216559, 8165590, 8194536, 28946
216561, 8165610, 8194550, 28940
216562, 8165620, 8194563, 28943
216563, 8165630, 8194577, 28947
216564, 8165640, 8194590, 28950
216565, 8165650, 8194603, 28953
216566, 8165660, 8194617, 28957
216567, 8165670, 8194630, 28960
216568, 8165680, 8194644, 28964
216569, 8165690, 8194657, 28967
216570, 8165700, 8194671, 28971
216572, 8165720, 8194684, 28964
216573, 8165730, 8194698, 28968
216574, 8165740, 8194711, 28971
216575, 8165750, 8194724, 28974
216576, 8165760, 8194738, 28978
216577, 8165770, 8194751, 28981
216578, 8165780, 8194765, 28985
216579, 8165790, 8194778, 28988
216580, 8165800, 8194792, 28992
216582, 8165820, 8194805, 28985
216583, 8165830, 8194818, 28988
216584, 8165840, 8194832, 28992
216585, 8165850, 8194845, 28995
216586, 8165860, 8194859, 28999
216587, 8165870, 8194872, 29002
216588, 8165880, 8194886, 29006
216589, 8165890, 8194899, 29009
216590, 8165900, 8194913, 29013
216591, 8165910, 8194926, 29016
216593, 8165930, 8194939, 29009
216594, 8165940, 8194953, 29013
216595, 8165950, 8194966, 29016
216596, 8165960, 8194980, 29020
216597, 8165970, 8194993, 29023
216598, 8165980, 8195007, 29027
216599, 8165990, 8195020, 29030
217002, 8170020, 8195047, 25027
217003, 8170030, 8195060, 25030
217004, 8170040, 8195074, 25034
217005, 8170050, 8195087, 25037
217006, 8170060, 8195101, 25041
217007, 8170070, 8195114, 25044
217008, 8170080, 8195127, 25047
217009, 8170090, 8195141, 25051
217010, 8170100, 8195154, 25054
217012, 8170120, 8195168, 25048
217013, 8170130, 8195181, 25051
217014, 8170140, 8195195, 25055
217015, 8170150, 8195208, 25058
217016, 8170160, 8195222, 25062
217017, 8170170, 8195235, 25065
217018, 8170180, 8195248, 25068
217019, 8170190, 8195262, 25072
217020, 8170200, 8195275, 25075
217021, 8170210, 8195289, 25079
217023, 8170230, 8195302, 25072
217024, 8170240, 8195316, 25076
217025, 8170250, 8195329, 25079
217026, 8170260, 8195342, 25082
217027, 8170270, 8195356, 25086
217028, 8170280, 8195369, 25089
217029, 8170290, 8195383, 25093
217030, 8170300, 8195396, 25096
217031, 8170310, 8195410, 25100
217033, 8170330, 8195423, 25093
217034, 8170340, 8195437, 25097
217035, 8170350, 8195450, 25100
217036, 8170360, 8195463, 25103
217037, 8170370, 8195477, 25107
217038, 8170380, 8195490, 25110
217039, 8170390, 8195504, 25114
217040, 8170400, 8195517, 25117
217041, 8170410, 8195531, 25121
217042, 8170420, 8195544, 25124
217044, 8170440, 8195558, 25118
217045, 8170450, 8195571, 25121
217046, 8170460, 8195584, 25124
217047, 8170470, 8195598, 25128
217048, 8170480, 8195611, 25131
217049, 8170490, 8195625, 25135
217051, 8170510, 8195652, 25142
217052, 8170520, 8195665, 25145
217053, 8170530, 8195678, 25148
217055, 8170550, 8195692, 25142
217056, 8170560, 8195705, 25145
217057, 8170570, 8195719, 25149
217058, 8170580, 8195732, 25152
217059, 8170590, 8195746, 25156
217060, 8170600, 8195759, 25159
217061, 8170610, 8195773, 25163
217062, 8170620, 8195786, 25166
217063, 8170630, 8195799, 25169
217065, 8170650, 8195813, 25163
217066, 8170660, 8195826, 25166
217067, 8170670, 8195840, 25170
217068, 8170680, 8195853, 25173
217069, 8170690, 8195867, 25177
217070, 8170700, 8195880, 25180
217071, 8170710, 8195894, 25184
217072, 8170720, 8195907, 25187
217073, 8170730, 8195920, 25190
217074, 8170740, 8195934, 25194
217076, 8170760, 8195947, 25187
217077, 8170770, 8195961, 25191
217078, 8170780, 8195974, 25194
217079, 8170790, 8195988, 25198
217080, 8170800, 8196001, 25201
217081, 8170810, 8196014, 25204
217082, 8170820, 8196028, 25208
217083, 8170830, 8196041, 25211
217084, 8170840, 8196055, 25215
217085, 8170850, 8196068, 25218
217087, 8170870, 8196082, 25212
217088, 8170880, 8196095, 25215
217089, 8170890, 8196109, 25219
217090, 8170900, 8196122, 25222
217091, 8170910, 8196135, 25225
217092, 8170920, 8196149, 25229
217093, 8170930, 8196162, 25232
217094, 8170940, 8196176, 25236
217095, 8170950, 8196189, 25239
217097, 8170970, 8196203, 25233
217098, 8170980, 8196216, 25236
217099, 8170990, 8196230, 25240
217101, 8171010, 8196256, 25246
217102, 8171020, 8196270, 25250
217103, 8171030, 8196283, 25253
217104, 8171040, 8196297, 25257
217105, 8171050, 8196310, 25260
217106, 8171060, 8196324, 25264
217108, 8171080, 8196337, 25257
217109, 8171090, 8196350, 25260
217110, 8171100, 8196364, 25264
217111, 8171110, 8196377, 25267
217112, 8171120, 8196391, 25271
217113, 8171130, 8196404, 25274
217114, 8171140, 8196418, 25278
217115, 8171150, 8196431, 25281
217116, 8171160, 8200012, 28852
217118, 8171180, 8200026, 28846
217119, 8171190, 8200039, 28849
217120, 8171200, 8200052, 28852
217121, 8171210, 8200066, 28856
217122, 8171220, 8200079, 28859
217123, 8171230, 8200093, 28863
217124, 8171240, 8200106, 28866
217125, 8171250, 8200120, 28870
217126, 8171260, 8200133, 28873
217127, 8171270, 8200146, 28876
217129, 8171290, 8200160, 28870
217130, 8171300, 8200173, 28873
217131, 8171310, 8200187, 28877
217132, 8171320, 8200200, 28880
217133, 8171330, 8200214, 28884
217134, 8171340, 8200227, 28887
217135, 8171350, 8200241, 28891
217136, 8171360, 8200254, 28894
217137, 8171370, 8200267, 28897
217138, 8171380, 8200281, 28901
217140, 8171400, 8200294, 28894
217141, 8171410, 8200308, 28898
217142, 8171420, 8200321, 28901
217143, 8171430, 8200335, 28905
217144, 8171440, 8200348, 28908
217145, 8171450, 8200362, 28912
217146, 8171460, 8200375, 28915
217147, 8171470, 8200388, 28918
217148, 8171480, 8200402, 28922
217151, 8171510, 8200429, 28919
217152, 8171520, 8200442, 28922
217153, 8171530, 8200456, 28926
217154, 8171540, 8200469, 28929
217155, 8171550, 8200482, 28932
217156, 8171560, 8200496, 28936
217157, 8171570, 8200509, 28939
217158, 8171580, 8200523, 28943
217159, 8171590, 8200536, 28946
217161, 8171610, 8200550, 28940
217162, 8171620, 8200563, 28943
217163, 8171630, 8200577, 28947
217164, 8171640, 8200590, 28950
217165, 8171650, 8200603, 28953
217166, 8171660, 8200617, 28957
217167, 8171670, 8200630, 28960
217168, 8171680, 8200644, 28964
217169, 8171690, 8200657, 28967
217171, 8171710, 8200671, 28961
217172, 8171720, 8200684, 28964
217173, 8171730, 8200698, 28968
217174, 8171740, 8200711, 28971
217175, 8171750, 8200724, 28974
217176, 8171760, 8200738, 28978
217177, 8171770, 8200751, 28981
217178, 8171780, 8200765, 28985
217179, 8171790, 8200778, 28988
217180, 8171800, 8200792, 28992
217182, 8171820, 8200805, 28985
217183, 8171830, 8200818, 28988
217184, 8171840, 8200832, 28992
217185, 8171850, 8200845, 28995
217186, 8171860, 8200859, 28999
217187, 8171870, 8200872, 29002
217188, 8171880, 8200886, 29006
217189, 8171890, 8200899, 29009
217190, 8171900, 8200913, 29013
217191, 8171910, 8200926, 29016
217193, 8171930, 8200939, 29009
217194, 8171940, 8200953, 29013
217195, 8171950, 8200966, 29016
217196, 8171960, 8200980, 29020
217197, 8171970, 8200993, 29023
217198, 8171980, 8201007, 29027
217199, 8171990, 8201020, 29030
217602, 8176020, 8201047, 25027
217603, 8176030, 8201060, 25030
217604, 8176040, 8201074, 25034
217605, 8176050, 8201087, 25037
217606, 8176060, 8201101, 25041
217607, 8176070, 8201114, 25044
217608, 8176080, 8201128, 25048
217609, 8176090, 8201141, 25051
217610, 8176100, 8201154, 25054
217612, 8176120, 8201168, 25048
217613, 8176130, 8201181, 25051
217614, 8176140, 8201195, 25055
217615, 8176150, 8201208, 25058
217616, 8176160, 8201222, 25062
217617, 8176170, 8201235, 25065
217618, 8176180, 8201249, 25069
217619, 8176190, 8201262, 25072
217620, 8176200, 8201275, 25075
217621, 8176210, 8201289, 25079
217623, 8176230, 8201302, 25072
217624, 8176240, 8201316, 25076
217625, 8176250, 8201329, 25079
217626, 8176260, 8201343, 25083
217627, 8176270, 8201356, 25086
217628, 8176280, 8201370, 25090
217629, 8176290, 8201383, 25093
217630, 8176300, 8201396, 25096
217631, 8176310, 8201410, 25100
217633, 8176330, 8201423, 25093
217634, 8176340, 8201437, 25097
217635, 8176350, 8201450, 25100
217636, 8176360, 8201464, 25104
217637, 8176370, 8201477, 25107
217638, 8176380, 8201490, 25110
217639, 8176390, 8201504, 25114
217640, 8176400, 8201517, 25117
217641, 8176410, 8201531, 25121
217642, 8176420, 8201544, 25124
217644, 8176440, 8201558, 25118
217645, 8176450, 8201571, 25121
217646, 8176460, 8201585, 25125
217647, 8176470, 8201598, 25128
217648, 8176480, 8201611, 25131
217649, 8176490, 8201625, 25135
217651, 8176510, 8201652, 25142
217652, 8176520, 8201665, 25145
217653, 8176530, 8201679, 25149
217655, 8176550, 8201692, 25142
217656, 8176560, 8201706, 25146
217657, 8176570, 8201719, 25149
217658, 8176580, 8201732, 25152
217659, 8176590, 8201746, 25156
217660, 8176600, 8201759, 25159
217661, 8176610, 8201773, 25163
217662, 8176620, 8201786, 25166
217663, 8176630, 8201800, 25170
217665, 8176650, 8201813, 25163
217666, 8176660, 8201826, 25166
217667, 8176670, 8201840, 25170
217668, 8176680, 8201853, 25173
217669, 8176690, 8201867, 25177
217670, 8176700, 8201880, 25180
217671, 8176710, 8201894, 25184
217672, 8176720, 8201907, 25187
217673, 8176730, 8201921, 25191
217674, 8176740, 8201934, 25194
217676, 8176760, 8201947, 25187
217677, 8176770, 8201961, 25191
217678, 8176780, 8201974, 25194
217679, 8176790, 8201988, 25198
217680, 8176800, 8202001, 25201
217681, 8176810, 8202015, 25205
217682, 8176820, 8202028, 25208
217683, 8176830, 8202042, 25212
217684, 8176840, 8202055, 25215
217685, 8176850, 8202068, 25218
217687, 8176870, 8202082, 25212
217688, 8176880, 8202095, 25215
217689, 8176890, 8202109, 25219
217690, 8176900, 8202122, 25222
217691, 8176910, 8202136, 25226
217692, 8176920, 8202149, 25229
217693, 8176930, 8202162, 25232
217694, 8176940, 8202176, 25236
217695, 8176950, 8202189, 25239
217697, 8176970, 8202203, 25233
217698, 8176980, 8202216, 25236
217699, 8176990, 8202230, 25240
217701, 8177010, 8202257, 25247
217702, 8177020, 8202270, 25250
217703, 8177030, 8202283, 25253
217704, 8177040, 8202297, 25257
217705, 8177050, 8202310, 25260
217706, 8177060, 8202324, 25264
217708, 8177080, 8202337, 25257
217709, 8177090, 8202351, 25261
217710, 8177100, 8202364, 25264
217711, 8177110, 8202378, 25268
217712, 8177120, 8202391, 25271
217713, 8177130, 8202404, 25274
217714, 8177140, 8202418, 25278
217715, 8177150, 8202431, 25281
217716, 8177160, 8206012, 28852
217718, 8177180, 8206026, 28846
217719, 8177190, 8206039, 28849
217720, 8177200, 8206052, 28852
217721, 8177210, 8206066, 28856
217722, 8177220, 8206079, 28859
217723, 8177230, 8206093, 28863
217724, 8177240, 8206106, 28866
217725, 8177250, 8206120, 28870
217726, 8177260, 8206133, 28873
217727, 8177270, 8206146, 28876
217729, 8177290, 8206160, 28870
217730, 8177300, 8206173, 28873
217731, 8177310, 8206187, 28877
217732, 8177320, 8206200, 28880
217733, 8177330, 8206214, 28884
217734, 8177340, 8206227, 28887
217735, 8177350, 8206241, 28891
217736, 8177360, 8206254, 28894
217737, 8177370, 8206267, 28897
217738, 8177380, 8206281, 28901
217740, 8177400, 8206294, 28894
217741, 8177410, 8206308, 28898
217742, 8177420, 8206321, 28901
217743, 8177430, 8206335, 28905
217744, 8177440, 8206348, 28908
217745, 8177450, 8206362, 28912
217746, 8177460, 8206375, 28915
217747, 8177470, 8206388, 28918
217748, 8177480, 8206402, 28922
217751, 8177510, 8206429, 28919
217752, 8177520, 8206442, 28922
217753, 8177530, 8206456, 28926
217754, 8177540, 8206469, 28929
217755, 8177550, 8206482, 28932
217756, 8177560, 8206496, 28936
217757, 8177570, 8206509, 28939
217758, 8177580, 8206523, 28943
217759, 8177590, 8206536, 28946
217761, 8177610, 8206550, 28940
217762, 8177620, 8206563, 28943
217763, 8177630, 8206577, 28947
217764, 8177640, 8206590, 28950
217765, 8177650, 8206603, 28953
217766, 8177660, 8206617, 28957
217767, 8177670, 8206630, 28960
217768, 8177680, 8206644, 28964
217769, 8177690, 8206657, 28967
217771, 8177710, 8206671, 28961
217772, 8177720, 8206684, 28964
217773, 8177730, 8206698, 28968
217774, 8177740, 8206711, 28971
217775, 8177750, 8206724, 28974
217776, 8177760, 8206738, 28978
217777, 8177770, 8206751, 28981
217778, 8177780, 8206765, 28985
217779, 8177790, 8206778, 28988
217780, 8177800, 8206792, 28992
217782, 8177820, 8206805, 28985
217783, 8177830, 8206818, 28988
217784, 8177840, 8206832, 28992
217785, 8177850, 8206845, 28995
217786, 8177860, 8206859, 28999
217787, 8177870, 8206872, 29002
217788, 8177880, 8206886, 29006
217789, 8177890, 8206899, 29009
217790, 8177900, 8206913, 29013
217791, 8177910, 8206926, 29016
217793, 8177930, 8206939, 29009
217794, 8177940, 8206953, 29013
217795, 8177950, 8206966, 29016
217796, 8177960, 8206980, 29020
217797, 8177970, 8206993, 29023
217798, 8177980, 8207007, 29027
217799, 8177990, 8207020, 29030
218202, 8182020, 8207047, 25027
218203, 8182030, 8207060, 25030
218204, 8182040, 8207074, 25034
218205, 8182050, 8207087, 25037
218206, 8182060, 8207101, 25041
218207, 8182070, 8207114, 25044
218208, 8182080, 8207128, 25048
218209, 8182090, 8207141, 25051
218210, 8182100, 8207154, 25054
218212, 8182120, 8207168, 25048
218213, 8182130, 8207181, 25051
218214, 8182140, 8207195, 25055
218215, 8182150, 8207208, 25058
218216, 8182160, 8207222, 25062
218217, 8182170, 8207235, 25065
218218, 8182180, 8207249, 25069
218219, 8182190, 8207262, 25072
218220, 8182200, 8207275, 25075
218221, 8182210, 8207289, 25079
218223, 8182230, 8207302, 25072
218224, 8182240, 8207316, 25076
218225, 8182250, 8207329, 25079
218226, 8182260, 8207343, 25083
218227, 8182270, 8207356, 25086
218228, 8182280, 8207370, 25090
218229, 8182290, 8207383, 25093
218230, 8182300, 8207396, 25096
218231, 8182310, 8207410, 25100
218233, 8182330, 8207423, 25093
218234, 8182340, 8207437, 25097
218235, 8182350, 8207450, 25100
218236, 8182360, 8207464, 25104
218237, 8182370, 8207477, 25107
218238, 8182380, 8207490, 25110
218239, 8182390, 8207504, 25114
218240, 8182400, 8207517, 25117
218241, 8182410, 8207531, 25121
218242, 8182420, 8207544, 25124
218244, 8182440, 8207558, 25118
218245, 8182450, 8207571, 25121
218246, 8182460, 8207585, 25125
218247, 8182470, 8207598, 25128
218248, 8182480, 8207611, 25131
218249, 8182490, 8207625, 25135
218251, 8182510, 8207652, 25142
218252, 8182520, 8207665, 25145
218253, 8182530, 8207679, 25149
218255, 8182550, 8207692, 25142
218256, 8182560, 8207706, 25146
218257, 8182570, 8207719, 25149
218258, 8182580, 8207732, 25152
218259, 8182590, 8207746, 25156
218260, 8182600, 8207759, 25159
218261, 8182610, 8207773, 25163
218262, 8182620, 8207786, 25166
218263, 8182630, 8207800, 25170
218265, 8182650, 8207813, 25163
218266, 8182660, 8207826, 25166
218267, 8182670, 8207840, 25170
218268, 8182680, 8207853, 25173
218269, 8182690, 8207867, 25177
218270, 8182700, 8207880, 25180
218271, 8182710, 8207894, 25184
218272, 8182720, 8207907, 25187
218273, 8182730, 8207921, 25191
218274, 8182740, 8207934, 25194
218276, 8182760, 8207947, 25187
218277, 8182770, 8207961, 25191
218278, 8182780, 8207974, 25194
218279, 8182790, 8207988, 25198
218280, 8182800, 8208001, 25201
218281, 8182810, 8208015, 25205
218282, 8182820, 8208028, 25208
218283, 8182830, 8208042, 25212
218284, 8182840, 8208055, 25215
218285, 8182850, 8208068, 25218
218287, 8182870, 8208082, 25212
218288, 8182880, 8208095, 25215
218289, 8182890, 8208109, 25219
218290, 8182900, 8208122, 25222
218291, 8182910, 8208136, 25226
218292, 8182920, 8208149, 25229
218293, 8182930, 8208162, 25232
218294, 8182940, 8208176, 25236
218295, 8182950, 8208189, 25239
218297, 8182970, 8208203, 25233
218298, 8182980, 8208216, 25236
218299, 8182990, 8208230, 25240
218301, 8183010, 8208257, 25247
218302, 8183020, 8208270, 25250
218303, 8183030, 8208283, 25253
218304, 8183040, 8208297, 25257
218305, 8183050, 8208310, 25260
218306, 8183060, 8208324, 25264
218308, 8183080, 8208337, 25257
218309, 8183090, 8208351, 25261
218310, 8183100, 8208364, 25264
218311, 8183110, 8208378, 25268
218312, 8183120, 8208391, 25271
218313, 8183130, 8208404, 25274
218314, 8183140, 8208418, 25278
218315, 8183150, 8208431, 25281
218316, 8183160, 8212012, 28852
218318, 8183180, 8212026, 28846
218319, 8183190, 8212039, 28849
218320, 8183200, 8212052, 28852
218321, 8183210, 8212066, 28856
218322, 8183220, 8212079, 28859
218323, 8183230, 8212093, 28863
218324, 8183240, 8212106, 28866
218325, 8183250, 8212120, 28870
218326, 8183260, 8212133, 28873
218327, 8183270, 8212146, 28876
218329, 8183290, 8212160, 28870
218330, 8183300, 8212173, 28873
218331, 8183310, 8212187, 28877
218332, 8183320, 8212200, 28880
218333, 8183330, 8212214, 28884
218334, 8183340, 8212227, 28887
218335, 8183350, 8212241, 28891
218336, 8183360, 8212254, 28894
218337, 8183370, 8212267, 28897
218338, 8183380, 8212281, 28901
218340, 8183400, 8212294, 28894
218341, 8183410, 8212308, 28898
218342, 8183420, 8212321, 28901
218343, 8183430, 8212335, 28905
218344, 8183440, 8212348, 28908
218345, 8183450, 8212362, 28912
218346, 8183460, 8212375, 28915
218347, 8183470, 8212388, 28918
218348, 8183480, 8212402, 28922
218351, 8183510, 8212429, 28919
218352, 8183520, 8212442, 28922
218353, 8183530, 8212456, 28926
218354, 8183540, 8212469, 28929
218355, 8183550, 8212482, 28932
218356, 8183560, 8212496, 28936
218357, 8183570, 8212509, 28939
218358, 8183580, 8212523, 28943
218359, 8183590, 8212536, 28946
218361, 8183610, 8212550, 28940
218362, 8183620, 8212563, 28943
218363, 8183630, 8212577, 28947
218364, 8183640, 8212590, 28950
218365, 8183650, 8212603, 28953
218366, 8183660, 8212617, 28957
218367, 8183670, 8212630, 28960
218368, 8183680, 8212644, 28964
218369, 8183690, 8212657, 28967
218371, 8183710, 8212671, 28961
218372, 8183720, 8212684, 28964
218373, 8183730, 8212698, 28968
218374, 8183740, 8212711, 28971
218375, 8183750, 8212724, 28974
218376, 8183760, 8212738, 28978
218377, 8183770, 8212751, 28981
218378, 8183780, 8212765, 28985
218379, 8183790, 8212778, 28988
218380, 8183800, 8212792, 28992
218382, 8183820, 8212805, 28985
218383, 8183830, 8212818, 28988
218384, 8183840, 8212832, 28992
218385, 8183850, 8212845, 28995
218386, 8183860, 8212859, 28999
218387, 8183870, 8212872, 29002
218388, 8183880, 8212886, 29006
218389, 8183890, 8212899, 29009
218390, 8183900, 8212913, 29013
218391, 8183910, 8212926, 29016
218393, 8183930, 8212939, 29009
218394, 8183940, 8212953, 29013
218395, 8183950, 8212966, 29016
218396, 8183960, 8212980, 29020
218397, 8183970, 8212993, 29023
218398, 8183980, 8213007, 29027
218399, 8183990, 8213020, 29030
218802, 8188020, 8213047, 25027
218803, 8188030, 8213060, 25030
218804, 8188040, 8213074, 25034
218805, 8188050, 8213087, 25037
218806, 8188060, 8213101, 25041
218807, 8188070, 8213114, 25044
218808, 8188080, 8213128, 25048
218809, 8188090, 8213141, 25051
218810, 8188100, 8213154, 25054
218812, 8188120, 8213168, 25048
218813, 8188130, 8213181, 25051
218814, 8188140, 8213195, 25055
218815, 8188150, 8213208, 25058
218816, 8188160, 8213222, 25062
218817, 8188170, 8213235, 25065
218818, 8188180, 8213249, 25069
218819, 8188190, 8213262, 25072
218820, 8188200, 8213275, 25075
218821, 8188210, 8213289, 25079
218823, 8188230, 8213302, 25072
218824, 8188240, 8213316, 25076
218825, 8188250, 8213329, 25079
218826, 8188260, 8213343, 25083
218827, 8188270, 8213356, 25086
218828, 8188280, 8213370, 25090
218829, 8188290, 8213383, 25093
218830, 8188300, 8213396, 25096
218831, 8188310, 8213410, 25100
218833, 8188330, 8213423, 25093
218834, 8188340, 8213437, 25097
218835, 8188350, 8213450, 25100
218836, 8188360, 8213464, 25104
218837, 8188370, 8213477, 25107
218838, 8188380, 8213490, 25110
218839, 8188390, 8213504, 25114
218840, 8188400, 8213517, 25117
218841, 8188410, 8213531, 25121
218842, 8188420, 8213544, 25124
218844, 8188440, 8213558, 25118
218845, 8188450, 8213571, 25121
218846, 8188460, 8213585, 25125
218847, 8188470, 8213598, 25128
218848, 8188480, 8213611, 25131
218849, 8188490, 8213625, 25135
218851, 8188510, 8213652, 25142
218852, 8188520, 8213665, 25145
218853, 8188530, 8213679, 25149
218855, 8188550, 8213692, 25142
218856, 8188560, 8213706, 25146
218857, 8188570, 8213719, 25149
218858, 8188580, 8213732, 25152
218859, 8188590, 8213746, 25156
218860, 8188600, 8213759, 25159
218861, 8188610, 8213773, 25163
218862, 8188620, 8213786, 25166
218863, 8188630, 8213800, 25170
218865, 8188650, 8213813, 25163
218866, 8188660, 8213826, 25166
218867, 8188670, 8213840, 25170
218868, 8188680, 8213853, 25173
218869, 8188690, 8213867, 25177
218870, 8188700, 8213880, 25180
218871, 8188710, 8213894, 25184
218872, 8188720, 8213907, 25187
218873, 8188730, 8213921, 25191
218874, 8188740, 8213934, 25194
218876, 8188760, 8213947, 25187
218877, 8188770, 8213961, 25191
218878, 8188780, 8213974, 25194
218879, 8188790, 8213988, 25198
218880, 8188800, 8214001, 25201
218881, 8188810, 8214015, 25205
218882, 8188820, 8214028, 25208
218883, 8188830, 8214042, 25212
218884, 8188840, 8214055, 25215
218885, 8188850, 8214068, 25218
218887, 8188870, 8214082, 25212
218888, 8188880, 8214095, 25215
218889, 8188890, 8214109, 25219
218890, 8188900, 8214122, 25222
218891, 8188910, 8214136, 25226
218892, 8188920, 8214149, 25229
218893, 8188930, 8214162, 25232
218894, 8188940, 8214176, 25236
218895, 8188950, 8214189, 25239
218897, 8188970, 8214203, 25233
218898, 8188980, 8214216, 25236
218899, 8188990, 8214230, 25240
218901, 8189010, 8214257, 25247
218902, 8189020, 8214270, 25250
218903, 8189030, 8214283, 25253
218904, 8189040, 8214297, 25257
218905, 8189050, 8214310, 25260
218906, 8189060, 8214324, 25264
218908, 8189080, 8214337, 25257
218909, 8189090, 8214351, 25261
218910, 8189100, 8214364, 25264
218911, 8189110, 8214378, 25268
218912, 8189120, 8214391, 25271
218913, 8189130, 8214404, 25274
218914, 8189140, 8214418, 25278
218915, 8189150, 8214431, 25281
218916, 8189160, 8218012, 28852
218918, 8189180, 8218026, 28846
218919, 8189190, 8218039, 28849
218920, 8189200, 8218052, 28852
218921, 8189210, 8218066, 28856
218922, 8189220, 8218079, 28859
218923, 8189230, 8218093, 28863
218924, 8189240, 8218106, 28866
218925, 8189250, 8218120, 28870
218926, 8189260, 8218133, 28873
218927, 8189270, 8218146, 28876
218929, 8189290, 8218160, 28870
218930, 8189300, 8218173, 28873
218931, 8189310, 8218187, 28877
218932, 8189320, 8218200, 28880
218933, 8189330, 8218214, 28884
218934, 8189340, 8218227, 28887
218935, 8189350, 8218241, 28891
218936, 8189360, 8218254, 28894
218937, 8189370, 8218267, 28897
218938, 8189380, 8218281, 28901
218940, 8189400, 8218294, 28894
218941, 8189410, 8218308, 28898
218942, 8189420, 8218321, 28901
218943, 8189430, 8218335, 28905
218944, 8189440, 8218348, 28908
218945, 8189450, 8218362, 28912
218946, 8189460, 8218375, 28915
218947, 8189470, 8218388, 28918
218948, 8189480, 8218402, 28922
218951, 8189510, 8218429, 28919
218952, 8189520, 8218442, 28922
218953, 8189530, 8218456, 28926
218954, 8189540, 8218469, 28929
218955, 8189550, 8218482, 28932
218956, 8189560, 8218496, 28936
218957, 8189570, 8218509, 28939
218958, 8189580, 8218523, 28943
218959, 8189590, 8218536, 28946
218961, 8189610, 8218550, 28940
218962, 8189620, 8218563, 28943
218963, 8189630, 8218577, 28947
218964, 8189640, 8218590, 28950
218965, 8189650, 8218603, 28953
218966, 8189660, 8218617, 28957
218967, 8189670, 8218630, 28960
218968, 8189680, 8218644, 28964
218969, 8189690, 8218657, 28967
218971, 8189710, 8218671, 28961
218972, 8189720, 8218684, 28964
218973, 8189730, 8218698, 28968
218974, 8189740, 8218711, 28971
218975, 8189750, 8218724, 28974
218976, 8189760, 8218738, 28978
218977, 8189770, 8218751, 28981
218978, 8189780, 8218765, 28985
218979, 8189790, 8218778, 28988
218980, 8189800, 8218792, 28992
218982, 8189820, 8218805, 28985
218983, 8189830, 8218818, 28988
218984, 8189840, 8218832, 28992
218985, 8189850, 8218845, 28995
218986, 8189860, 8218859, 28999
218987, 8189870, 8218872, 29002
218988, 8189880, 8218886, 29006
218989, 8189890, 8218899, 29009
218990, 8189900, 8218913, 29013
218991, 8189910, 8218926, 29016
218993, 8189930, 8218939, 29009
218994, 8189940, 8218953, 29013
218995, 8189950, 8218966, 29016
218996, 8189960, 8218980, 29020
218997, 8189970, 8218993, 29023
218998, 8189980, 8219007, 29027
218999, 8189990, 8219020, 29030
219402, 8194020, 8219047, 25027
219403, 8194030, 8219060, 25030
219404, 8194040, 8219074, 25034
219405, 8194050, 8219087, 25037
219406, 8194060, 8219101, 25041
219407, 8194070, 8219114, 25044
219408, 8194080, 8219128, 25048
219409, 8194090, 8219141, 25051
219410, 8194100, 8219154, 25054
219412, 8194120, 8219168, 25048
219413, 8194130, 8219181, 25051
219414, 8194140, 8219195, 25055
219415, 8194150, 8219208, 25058
219416, 8194160, 8219222, 25062
219417, 8194170, 8219235, 25065
219418, 8194180, 8219249, 25069
219419, 8194190, 8219262, 25072
219420, 8194200, 8219275, 25075
219421, 8194210, 8219289, 25079
219423, 8194230, 8219302, 25072
219424, 8194240, 8219316, 25076
219425, 8194250, 8219329, 25079
219426, 8194260, 8219343, 25083
219427, 8194270, 8219356, 25086
219428, 8194280, 8219370, 25090
219429, 8194290, 8219383, 25093
219430, 8194300, 8219396, 25096
219431, 8194310, 8219410, 25100
219433, 8194330, 8219423, 25093
219434, 8194340, 8219437, 25097
219435, 8194350, 8219450, 25100
219436, 8194360, 8219464, 25104
219437, 8194370, 8219477, 25107
219438, 8194380, 8219490, 25110
219439, 8194390, 8219504, 25114
219440, 8194400, 8219517, 25117
219441, 8194410, 8219531, 25121
219442, 8194420, 8219544, 25124
219444, 8194440, 8219558, 25118
219445, 8194450, 8219571, 25121
219446, 8194460, 8219585, 25125
219447, 8194470, 8219598, 25128
219448, 8194480, 8219611, 25131
219449, 8194490, 8219625, 25135
219451, 8194510, 8219652, 25142
219452, 8194520, 8219665, 25145
219453, 8194530, 8219679, 25149
219455, 8194550, 8219692, 25142
219456, 8194560, 8219706, 25146
219457, 8194570, 8219719, 25149
219458, 8194580, 8219732, 25152
219459, 8194590, 8219746, 25156
219460, 8194600, 8219759, 25159
219461, 8194610, 8219773, 25163
219462, 8194620, 8219786, 25166
219463, 8194630, 8219800, 25170
219465, 8194650, 8219813, 25163
219466, 8194660, 8219826, 25166
219467, 8194670, 8219840, 25170
219468, 8194680, 8219853, 25173
219469, 8194690, 8219867, 25177
219470, 8194700, 8219880, 25180
219471, 8194710, 8219894, 25184
219472, 8194720, 8219907, 25187
219473, 8194730, 8219921, 25191
219474, 8194740, 8219934, 25194
219476, 8194760, 8219947, 25187
219477, 8194770, 8219961, 25191
219478, 8194780, 8219974, 25194
219479, 8194790, 8219988, 25198
219480, 8194800, 8220001, 25201
219481, 8194810, 8220015, 25205
219482, 8194820, 8220028, 25208
219483, 8194830, 8220042, 25212
219484, 8194840, 8220055, 25215
219485, 8194850, 8220068, 25218
219487, 8194870, 8220082, 25212
219488, 8194880, 8220095, 25215
219489, 8194890, 8220109, 25219
219490, 8194900, 8220122, 25222
219491, 8194910, 8220136, 25226
219492, 8194920, 8220149, 25229
219493, 8194930, 8220162, 25232
219494, 8194940, 8220176, 25236
219495, 8194950, 8220189, 25239
219497, 8194970, 8220203, 25233
219498, 8194980, 8220216, 25236
219499, 8194990, 8220230, 25240
219501, 8195010, 8220257, 25247
219502, 8195020, 8220270, 25250
219503, 8195030, 8220283, 25253
219504, 8195040, 8220297, 25257
219505, 8195050, 8220310, 25260
219506, 8195060, 8220324, 25264
219508, 8195080, 8220337, 25257
219509, 8195090, 8220351, 25261
219510, 8195100, 8220364, 25264
219511, 8195110, 8220378, 25268
219512, 8195120, 8220391, 25271
219513, 8195130, 8220404, 25274
219514, 8195140, 8220418, 25278
219515, 8195150, 8220431, 25281
219516, 8195160, 8224012, 28852
219517, 8195170, 8224026, 28856
219519, 8195190, 8224039, 28849
219520, 8195200, 8224052, 28852
219521, 8195210, 8224066, 28856
219522, 8195220, 8224079, 28859
219523, 8195230, 8224093, 28863
219524, 8195240, 8224106, 28866
219525, 8195250, 8224120, 28870
219526, 8195260, 8224133, 28873
219527, 8195270, 8224146, 28876
219529, 8195290, 8224160, 28870
219530, 8195300, 8224173, 28873
219531, 8195310, 8224187, 28877
219532, 8195320, 8224200, 28880
219533, 8195330, 8224214, 28884
219534, 8195340, 8224227, 28887
219535, 8195350, 8224241, 28891
219536, 8195360, 8224254, 28894
219537, 8195370, 8224267, 28897
219538, 8195380, 8224281, 28901
219540, 8195400, 8224294, 28894
219541, 8195410, 8224308, 28898
219542, 8195420, 8224321, 28901
219543, 8195430, 8224335, 28905
219544, 8195440, 8224348, 28908
219545, 8195450, 8224362, 28912
219546, 8195460, 8224375, 28915
219547, 8195470, 8224388, 28918
219548, 8195480, 8224402, 28922
219551, 8195510, 8224429, 28919
219552, 8195520, 8224442, 28922
219553, 8195530, 8224456, 28926
219554, 8195540, 8224469, 28929
219555, 8195550, 8224482, 28932
219556, 8195560, 8224496, 28936
219557, 8195570, 8224509, 28939
219558, 8195580, 8224523, 28943
219559, 8195590, 8224536, 28946
219561, 8195610, 8224550, 28940
219562, 8195620, 8224563, 28943
219563, 8195630, 8224577, 28947
219564, 8195640, 8224590, 28950
219565, 8195650, 8224603, 28953
219566, 8195660, 8224617, 28957
219567, 8195670, 8224630, 28960
219568, 8195680, 8224644, 28964
219569, 8195690, 8224657, 28967
219570, 8195700, 8224671, 28971
219572, 8195720, 8224684, 28964
219573, 8195730, 8224698, 28968
219574, 8195740, 8224711, 28971
219575, 8195750, 8224724, 28974
219576, 8195760, 8224738, 28978
219577, 8195770, 8224751, 28981
219578, 8195780, 8224765, 28985
219579, 8195790, 8224778, 28988
219580, 8195800, 8224792, 28992
219582, 8195820, 8224805, 28985
219583, 8195830, 8224818, 28988
219584, 8195840, 8224832, 28992
219585, 8195850, 8224845, 28995
219586, 8195860, 8224859, 28999
219587, 8195870, 8224872, 29002
219588, 8195880, 8224886, 29006
219589, 8195890, 8224899, 29009
219590, 8195900, 8224913, 29013
219591, 8195910, 8224926, 29016
219593, 8195930, 8224939, 29009
219594, 8195940, 8224953, 29013
219595, 8195950, 8224966, 29016
219596, 8195960, 8224980, 29020
219597, 8195970, 8224993, 29023
219598, 8195980, 8225007, 29027
219599, 8195990, 8225020, 29030
220002, 8200020, 8225047, 25027
220003, 8200030, 8225060, 25030
220004, 8200040, 8225074, 25034
220005, 8200050, 8225087, 25037
220006, 8200060, 8225101, 25041
220007, 8200070, 8225114, 25044
220008, 8200080, 8225127, 25047
220009, 8200090, 8225141, 25051
220010, 8200100, 8225154, 25054
220012, 8200120, 8225168, 25048
220013, 8200130, 8225181, 25051
220014, 8200140, 8225195, 25055
220015, 8200150, 8225208, 25058
220016, 8200160, 8225222, 25062
220017, 8200170, 8225235, 25065
220018, 8200180, 8225248, 25068
220019, 8200190, 8225262, 25072
220020, 8200200, 8225275, 25075
220021, 8200210, 8225289, 25079
220023, 8200230, 8225302, 25072
220024, 8200240, 8225316, 25076
220025, 8200250, 8225329, 25079
220026, 8200260, 8225342, 25082
220027, 8200270, 8225356, 25086
220028, 8200280, 8225369, 25089
220029, 8200290, 8225383, 25093
220030, 8200300, 8225396, 25096
220031, 8200310, 8225410, 25100
220033, 8200330, 8225423, 25093
220034, 8200340, 8225437, 25097
220035, 8200350, 8225450, 25100
220036, 8200360, 8225463, 25103
220037, 8200370, 8225477, 25107
220038, 8200380, 8225490, 25110
220039, 8200390, 8225504, 25114
220040, 8200400, 8225517, 25117
220041, 8200410, 8225531, 25121
220042, 8200420, 8225544, 25124
220044, 8200440, 8225558, 25118
220045, 8200450, 8225571, 25121
220046, 8200460, 8225584, 25124
220047, 8200470, 8225598, 25128
220048, 8200480, 8225611, 25131
220049, 8200490, 8225625, 25135
220051, 8200510, 8225652, 25142
220052, 8200520, 8225665, 25145
220053, 8200530, 8225678, 25148
220055, 8200550, 8225692, 25142
220056, 8200560, 8225705, 25145
220057, 8200570, 8225719, 25149
220058, 8200580, 8225732, 25152
220059, 8200590, 8225746, 25156
220060, 8200600, 8225759, 25159
220061, 8200610, 8225773, 25163
220062, 8200620, 8225786, 25166
220063, 8200630, 8225799, 25169
220065, 8200650, 8225813, 25163
220066, 8200660, 8225826, 25166
220067, 8200670, 8225840, 25170
220068, 8200680, 8225853, 25173
220069, 8200690, 8225867, 25177
220070, 8200700, 8225880, 25180
220071, 8200710, 8225894, 25184
220072, 8200720, 8225907, 25187
220073, 8200730, 8225920, 25190
220074, 8200740, 8225934, 25194
220076, 8200760, 8225947, 25187
220077, 8200770, 8225961, 25191
220078, 8200780, 8225974, 25194
220079, 8200790, 8225988, 25198
220080, 8200800, 8226001, 25201
220081, 8200810, 8226014, 25204
220082, 8200820, 8226028, 25208
220083, 8200830, 8226041, 25211
220084, 8200840, 8226055, 25215
220085, 8200850, 8226068, 25218
220087, 8200870, 8226082, 25212
220088, 8200880, 8226095, 25215
220089, 8200890, 8226109, 25219
220090, 8200900, 8226122, 25222
220091, 8200910, 8226135, 25225
220092, 8200920, 8226149, 25229
220093, 8200930, 8226162, 25232
220094, 8200940, 8226176, 25236
220095, 8200950, 8226189, 25239
220097, 8200970, 8226203, 25233
220098, 8200980, 8226216, 25236
220099, 8200990, 8226230, 25240
220101, 8201010, 8226256, 25246
220102, 8201020, 8226270, 25250
220103, 8201030, 8226283, 25253
220104, 8201040, 8226297, 25257
220105, 8201050, 8226310, 25260
220106, 8201060, 8226324, 25264
220108, 8201080, 8226337, 25257
220109, 8201090, 8226350, 25260
220110, 8201100, 8226364, 25264
220111, 8201110, 8226377, 25267
220112, 8201120, 8226391, 25271
220113, 8201130, 8226404, 25274
220114, 8201140, 8226418, 25278
220115, 8201150, 8226431, 25281
220116, 8201160, 8230012, 28852
220118, 8201180, 8230026, 28846
220119, 8201190, 8230039, 28849
220120, 8201200, 8230052, 28852
220121, 8201210, 8230066, 28856
220122, 8201220, 8230079, 28859
220123, 8201230, 8230093, 28863
220124, 8201240, 8230106, 28866
220125, 8201250, 8230120, 28870
220126, 8201260, 8230133, 28873
220127, 8201270, 8230146, 28876
220129, 8201290, 8230160, 28870
220130, 8201300, 8230173, 28873
220131, 8201310, 8230187, 28877
220132, 8201320, 8230200, 28880
220133, 8201330, 8230214, 28884
220134, 8201340, 8230227, 28887
220135, 8201350, 8230241, 28891
220136, 8201360, 8230254, 28894
220137, 8201370, 8230267, 28897
220138, 8201380, 8230281, 28901
220140, 8201400, 8230294, 28894
220141, 8201410, 8230308, 28898
220142, 8201420, 8230321, 28901
220143, 8201430, 8230335, 28905
220144, 8201440, 8230348, 28908
220145, 8201450, 8230362, 28912
220146, 8201460, 8230375, 28915
220147, 8201470, 8230388, 28918
220148, 8201480, 8230402, 28922
220151, 8201510, 8230429, 28919
220152, 8201520, 8230442, 28922
220153, 8201530, 8230456, 28926
220154, 8201540, 8230469, 28929
220155, 8201550, 8230482, 28932
220156, 8201560, 8230496, 28936
220157, 8201570, 8230509, 28939
220158, 8201580, 8230523, 28943
220159, 8201590, 8230536, 28946
220161, 8201610, 8230550, 28940
220162, 8201620, 8230563, 28943
220163, 8201630, 8230577, 28947
220164, 8201640, 8230590, 28950
220165, 8201650, 8230603, 28953
220166, 8201660, 8230617, 28957
220167, 8201670, 8230630, 28960
220168, 8201680, 8230644, 28964
220169, 8201690, 8230657, 28967
220171, 8201710, 8230671, 28961
220172, 8201720, 8230684, 28964
220173, 8201730, 8230698, 28968
220174, 8201740, 8230711, 28971
220175, 8201750, 8230724, 28974
220176, 8201760, 8230738, 28978
220177, 8201770, 8230751, 28981
220178, 8201780, 8230765, 28985
220179, 8201790, 8230778, 28988
220180, 8201800, 8230792, 28992
220182, 8201820, 8230805, 28985
220183, 8201830, 8230818, 28988
220184, 8201840, 8230832, 28992
220185, 8201850, 8230845, 28995
220186, 8201860, 8230859, 28999
220187, 8201870, 8230872, 29002
220188, 8201880, 8230886, 29006
220189, 8201890, 8230899, 29009
220190, 8201900, 8230913, 29013
220191, 8201910, 8230926, 29016
220193, 8201930, 8230939, 29009
220194, 8201940, 8230953, 29013
220195, 8201950, 8230966, 29016
220196, 8201960, 8230980, 29020
220197, 8201970, 8230993, 29023
220198, 8201980, 8231007, 29027
220199, 8201990, 8231020, 29030
220602, 8206020, 8231047, 25027
220603, 8206030, 8231060, 25030
220604, 8206040, 8231074, 25034
220605, 8206050, 8231087, 25037
220606, 8206060, 8231101, 25041
220607, 8206070, 8231114, 25044
220608, 8206080, 8231128, 25048
220609, 8206090, 8231141, 25051
220610, 8206100, 8231154, 25054
220612, 8206120, 8231168, 25048
220613, 8206130, 8231181, 25051
220614, 8206140, 8231195, 25055
220615, 8206150, 8231208, 25058
220616, 8206160, 8231222, 25062
220617, 8206170, 8231235, 25065
220618, 8206180, 8231249, 25069
220619, 8206190, 8231262, 25072
220620, 8206200, 8231275, 25075
220621, 8206210, 8231289, 25079
220623, 8206230, 8231302, 25072
220624, 8206240, 8231316, 25076
220625, 8206250, 8231329, 25079
220626, 8206260, 8231343, 25083
220627, 8206270, 8231356, 25086
220628, 8206280, 8231370, 25090
220629, 8206290, 8231383, 25093
220630, 8206300, 8231396, 25096
220631, 8206310, 8231410, 25100
220633, 8206330, 8231423, 25093
220634, 8206340, 8231437, 25097
220635, 8206350, 8231450, 25100
220636, 8206360, 8231464, 25104
220637, 8206370, 8231477, 25107
220638, 8206380, 8231490, 25110
220639, 8206390, 8231504, 25114
220640, 8206400, 8231517, 25117
220641, 8206410, 8231531, 25121
220642, 8206420, 8231544, 25124
220644, 8206440, 8231558, 25118
220645, 8206450, 8231571, 25121
220646, 8206460, 8231585, 25125
220647, 8206470, 8231598, 25128
220648, 8206480, 8231611, 25131
220649, 8206490, 8231625, 25135
220651, 8206510, 8231652, 25142
220652, 8206520, 8231665, 25145
220653, 8206530, 8231679, 25149
220655, 8206550, 8231692, 25142
220656, 8206560, 8231706, 25146
220657, 8206570, 8231719, 25149
220658, 8206580, 8231732, 25152
220659, 8206590, 8231746, 25156
220660, 8206600, 8231759, 25159
220661, 8206610, 8231773, 25163
220662, 8206620, 8231786, 25166
220663, 8206630, 8231800, 25170
220665, 8206650, 8231813, 25163
220666, 8206660, 8231826, 25166
220667, 8206670, 8231840, 25170
220668, 8206680, 8231853, 25173
220669, 8206690, 8231867, 25177
220670, 8206700, 8231880, 25180
220671, 8206710, 8231894, 25184
220672, 8206720, 8231907, 25187
220673, 8206730, 8231921, 25191
220674, 8206740, 8231934, 25194
220676, 8206760, 8231947, 25187
220677, 8206770, 8231961, 25191
220678, 8206780, 8231974, 25194
220679, 8206790, 8231988, 25198
220680, 8206800, 8232001, 25201
220681, 8206810, 8232015, 25205
220682, 8206820, 8232028, 25208
220683, 8206830, 8232042, 25212
220684, 8206840, 8232055, 25215
220685, 8206850, 8232068, 25218
220687, 8206870, 8232082, 25212
220688, 8206880, 8232095, 25215
220689, 8206890, 8232109, 25219
220690, 8206900, 8232122, 25222
220691, 8206910, 8232136, 25226
220692, 8206920, 8232149, 25229
220693, 8206930, 8232162, 25232
220694, 8206940, 8232176, 25236
220695, 8206950, 8232189, 25239
220697, 8206970, 8232203, 25233
220698, 8206980, 8232216, 25236
220699, 8206990, 8232230, 25240
220701, 8207010, 8232257, 25247
220702, 8207020, 8232270, 25250
220703, 8207030, 8232283, 25253
220704, 8207040, 8232297, 25257
220705, 8207050, 8232310, 25260
220706, 8207060, 8232324, 25264
220708, 8207080, 8232337, 25257
220709, 8207090, 8232351, 25261
220710, 8207100, 8232364, 25264
220711, 8207110, 8232378, 25268
220712, 8207120, 8232391, 25271
220713, 8207130, 8232404, 25274
220714, 8207140, 8232418, 25278
220715, 8207150, 8232431, 25281
220716, 8207160, 8236012, 28852
220718, 8207180, 8236026, 28846
220719, 8207190, 8236039, 28849
220720, 8207200, 8236052, 28852
220721, 8207210, 8236066, 28856
220722, 8207220, 8236079, 28859
220723, 8207230, 8236093, 28863
220724, 8207240, 8236106, 28866
220725, 8207250, 8236120, 28870
220726, 8207260, 8236133, 28873
220727, 8207270, 8236146, 28876
220729, 8207290, 8236160, 28870
220730, 8207300, 8236173, 28873
220731, 8207310, 8236187, 28877
220732, 8207320, 8236200, 28880
220733, 8207330, 8236214, 28884
220734, 8207340, 8236227, 28887
220735, 8207350, 8236241, 28891
220736, 8207360, 8236254, 28894
220737, 8207370, 8236267, 28897
220738, 8207380, 8236281, 28901
220740, 8207400, 8236294, 28894
220741, 8207410, 8236308, 28898
220742, 8207420, 8236321, 28901
220743, 8207430, 8236335, 28905
220744, 8207440, 8236348, 28908
220745, 8207450, 8236362, 28912
220746, 8207460, 8236375, 28915
220747, 8207470, 8236388, 28918
220748, 8207480, 8236402, 28922
220751, 8207510, 8236429, 28919
220752, 8207520, 8236442, 28922
220753, 8207530, 8236456, 28926
220754, 8207540, 8236469, 28929
220755, 8207550, 8236482, 28932
220756, 8207560, 8236496, 28936
220757, 8207570, 8236509, 28939
220758, 8207580, 8236523, 28943
220759, 8207590, 8236536, 28946
220761, 8207610, 8236550, 28940
220762, 8207620, 8236563, 28943
220763, 8207630, 8236577, 28947
220764, 8207640, 8236590, 28950
220765, 8207650, 8236603, 28953
220766, 8207660, 8236617, 28957
220767, 8207670, 8236630, 28960
220768, 8207680, 8236644, 28964
220769, 8207690, 8236657, 28967
220771, 8207710, 8236671, 28961
220772, 8207720, 8236684, 28964
220773, 8207730, 8236698, 28968
220774, 8207740, 8236711, 28971
220775, 8207750, 8236724, 28974
220776, 8207760, 8236738, 28978
220777, 8207770, 8236751, 28981
220778, 8207780, 8236765, 28985
220779, 8207790, 8236778, 28988
220780, 8207800, 8236792, 28992
220782, 8207820, 8236805, 28985
220783, 8207830, 8236818, 28988
220784, 8207840, 8236832, 28992
220785, 8207850, 8236845, 28995
220786, 8207860, 8236859, 28999
220787, 8207870, 8236872, 29002
220788, 8207880, 8236886, 29006
220789, 8207890, 8236899, 29009
220790, 8207900, 8236913, 29013
220791, 8207910, 8236926, 29016
220793, 8207930, 8236939, 29009
220794, 8207940, 8236953, 29013
220795, 8207950, 8236966, 29016
220796, 8207960, 8236980, 29020
220797, 8207970, 8236993, 29023
220798, 8207980, 8237007, 29027
220799, 8207990, 8237020, 29030
221202, 8212020, 8237047, 25027
221203, 8212030, 8237060, 25030
221204, 8212040, 8237074, 25034
221205, 8212050, 8237087, 25037
221206, 8212060, 8237101, 25041
221207, 8212070, 8237114, 25044
221208, 8212080, 8237128, 25048
221209, 8212090, 8237141, 25051
221210, 8212100, 8237154, 25054
221212, 8212120, 8237168, 25048
221213, 8212130, 8237181, 25051
221214, 8212140, 8237195, 25055
221215, 8212150, 8237208, 25058
221216, 8212160, 8237222, 25062
221217, 8212170, 8237235, 25065
221218, 8212180, 8237249, 25069
221219, 8212190, 8237262, 25072
221220, 8212200, 8237275, 25075
221221, 8212210, 8237289, 25079
221223, 8212230, 8237302, 25072
221224, 8212240, 8237316, 25076
221225, 8212250, 8237329, 25079
221226, 8212260, 8237343, 25083
221227, 8212270, 8237356, 25086
221228, 8212280, 8237370, 25090
221229, 8212290, 8237383, 25093
221230, 8212300, 8237396, 25096
221231, 8212310, 8237410, 25100
221233, 8212330, 8237423, 25093
221234, 8212340, 8237437, 25097
221235, 8212350, 8237450, 25100
221236, 8212360, 8237464, 25104
221237, 8212370, 8237477, 25107
221238, 8212380, 8237490, 25110
221239, 8212390, 8237504, 25114
221240, 8212400, 8237517, 25117
221241, 8212410, 8237531, 25121
221242, 8212420, 8237544, 25124
221244, 8212440, 8237558, 25118
221245, 8212450, 8237571, 25121
221246, 8212460, 8237585, 25125
221247, 8212470, 8237598, 25128
221248, 8212480, 8237611, 25131
221249, 8212490, 8237625, 25135
221251, 8212510, 8237652, 25142
221252, 8212520, 8237665, 25145
221253, 8212530, 8237679, 25149
221255, 8212550, 8237692, 25142
221256, 8212560, 8237706, 25146
221257, 8212570, 8237719, 25149
221258, 8212580, 8237732, 25152
221259, 8212590, 8237746, 25156
221260, 8212600, 8237759, 25159
221261, 8212610, 8237773, 25163
221262, 8212620, 8237786, 25166
221263, 8212630, 8237800, 25170
221265, 8212650, 8237813, 25163
221266, 8212660, 8237826, 25166
221267, 8212670, 8237840, 25170
221268, 8212680, 8237853, 25173
221269, 8212690, 8237867, 25177
221270, 8212700, 8237880, 25180
221271, 8212710, 8237894, 25184
221272, 8212720, 8237907, 25187
221273, 8212730, 8237921, 25191
221274, 8212740, 8237934, 25194
221276, 8212760, 8237947, 25187
221277, 8212770, 8237961, 25191
221278, 8212780, 8237974, 25194
221279, 8212790, 8237988, 25198
221280, 8212800, 8238001, 25201
221281, 8212810, 8238015, 25205
221282, 8212820, 8238028, 25208
221283, 8212830, 8238042, 25212
221284, 8212840, 8238055, 25215
221285, 8212850, 8238068, 25218
221287, 8212870, 8238082, 25212
221288, 8212880, 8238095, 25215
221289, 8212890, 8238109, 25219
221290, 8212900, 8238122, 25222
221291, 8212910, 8238136, 25226
221292, 8212920, 8238149, 25229
221293, 8212930, 8238162, 25232
221294, 8212940, 8238176, 25236
221295, 8212950, 8238189, 25239
221297, 8212970, 8238203, 25233
221298, 8212980, 8238216, 25236
221299, 8212990, 8238230, 25240
221301, 8213010, 8238257, 25247
221302, 8213020, 8238270, 25250
221303, 8213030, 8238283, 25253
221304, 8213040, 8238297, 25257
221305, 8213050, 8238310, 25260
221306, 8213060, 8238324, 25264
221308, 8213080, 8238337, 25257
221309, 8213090, 8238351, 25261
221310, 8213100, 8238364, 25264
221311, 8213110, 8238378, 25268
221312, 8213120, 8238391, 25271
221313, 8213130, 8238404, 25274
221314, 8213140, 8238418, 25278
221315, 8213150, 8238431, 25281
221316, 8213160, 8242012, 28852
221318, 8213180, 8242026, 28846
221319, 8213190, 8242039, 28849
221320, 8213200, 8242052, 28852
221321, 8213210, 8242066, 28856
221322, 8213220, 8242079, 28859
221323, 8213230, 8242093, 28863
221324, 8213240, 8242106, 28866
221325, 8213250, 8242120, 28870
221326, 8213260, 8242133, 28873
221327, 8213270, 8242146, 28876
221329, 8213290, 8242160, 28870
221330, 8213300, 8242173, 28873
221331, 8213310, 8242187, 28877
221332, 8213320, 8242200, 28880
221333, 8213330, 8242214, 28884
221334, 8213340, 8242227, 28887
221335, 8213350, 8242241, 28891
221336, 8213360, 8242254, 28894
221337, 8213370, 8242267, 28897
221338, 8213380, 8242281, 28901
221340, 8213400, 8242294, 28894
221341, 8213410, 8242308, 28898
221342, 8213420, 8242321, 28901
221343, 8213430, 8242335, 28905
221344, 8213440, 8242348, 28908
221345, 8213450, 8242362, 28912
221346, 8213460, 8242375, 28915
221347, 8213470, 8242388, 28918
221348, 8213480, 8242402, 28922
221351, 8213510, 8242429, 28919
221352, 8213520, 8242442, 28922
221353, 8213530, 8242456, 28926
221354, 8213540, 8242469, 28929
221355, 8213550, 8242482, 28932
221356, 8213560, 8242496, 28936
221357, 8213570, 8242509, 28939
221358, 8213580, 8242523, 28943
221359, 8213590, 8242536, 28946
221361, 8213610, 8242550, 28940
221362, 8213620, 8242563, 28943
221363, 8213630, 8242577, 28947
221364, 8213640, 8242590, 28950
221365, 8213650, 8242603, 28953
221366, 8213660, 8242617, 28957
221367, 8213670, 8242630, 28960
221368, 8213680, 8242644, 28964
221369, 8213690, 8242657, 28967
221371, 8213710, 8242671, 28961
221372, 8213720, 8242684, 28964
221373, 8213730, 8242698, 28968
221374, 8213740, 8242711, 28971
221375, 8213750, 8242724, 28974
221376, 8213760, 8242738, 28978
221377, 8213770, 8242751, 28981
221378, 8213780, 8242765, 28985
221379, 8213790, 8242778, 28988
221380, 8213800, 8242792, 28992
221382, 8213820, 8242805, 28985
221383, 8213830, 8242818, 28988
221384, 8213840, 8242832, 28992
221385, 8213850, 8242845, 28995
221386, 8213860, 8242859, 28999
221387, 8213870, 8242872, 29002
221388, 8213880, 8242886, 29006
221389, 8213890, 8242899, 29009
221390, 8213900, 8242913, 29013
221391, 8213910, 8242926, 29016
221393, 8213930, 8242939, 29009
221394, 8213940, 8242953, 29013
221395, 8213950, 8242966, 29016
221396, 8213960, 8242980, 29020
221397, 8213970, 8242993, 29023
221398, 8213980, 8243007, 29027
221399, 8213990, 8243020, 29030
221802, 8218020, 8243047, 25027
221803, 8218030, 8243060, 25030
221804, 8218040, 8243074, 25034
221805, 8218050, 8243087, 25037
221806, 8218060, 8243101, 25041
221807, 8218070, 8243114, 25044
221808, 8218080, 8243128, 25048
221809, 8218090, 8243141, 25051
221810, 8218100, 8243154, 25054
221812, 8218120, 8243168, 25048
221813, 8218130, 8243181, 25051
221814, 8218140, 8243195, 25055
221815, 8218150, 8243208, 25058
221816, 8218160, 8243222, 25062
221817, 8218170, 8243235, 25065
221818, 8218180, 8243249, 25069
221819, 8218190, 8243262, 25072
221820, 8218200, 8243275, 25075
221821, 8218210, 8243289, 25079
221823, 8218230, 8243302, 25072
221824, 8218240, 8243316, 25076
221825, 8218250, 8243329, 25079
221826, 8218260, 8243343, 25083
221827, 8218270, 8243356, 25086
221828, 8218280, 8243370, 25090
221829, 8218290, 8243383, 25093
221830, 8218300, 8243396, 25096
221831, 8218310, 8243410, 25100
221833, 8218330, 8243423, 25093
221834, 8218340, 8243437, 25097
221835, 8218350, 8243450, 25100
221836, 8218360, 8243464, 25104
221837, 8218370, 8243477, 25107
221838, 8218380, 8243490, 25110
221839, 8218390, 8243504, 25114
221840, 8218400, 8243517, 25117
221841, 8218410, 8243531, 25121
221842, 8218420, 8243544, 25124
221844, 8218440, 8243558, 25118
221845, 8218450, 8243571, 25121
221846, 8218460, 8243585, 25125
221847, 8218470, 8243598, 25128
221848, 8218480, 8243611, 25131
221849, 8218490, 8243625, 25135
221851, 8218510, 8243652, 25142
221852, 8218520, 8243665, 25145
221853, 8218530, 8243679, 25149
221855, 8218550, 8243692, 25142
221856, 8218560, 8243706, 25146
221857, 8218570, 8243719, 25149
221858, 8218580, 8243732, 25152
221859, 8218590, 8243746, 25156
221860, 8218600, 8243759, 25159
221861, 8218610, 8243773, 25163
221862, 8218620, 8243786, 25166
221863, 8218630, 8243800, 25170
221865, 8218650, 8243813, 25163
221866, 8218660, 8243826, 25166
221867, 8218670, 8243840, 25170
221868, 8218680, 8243853, 25173
221869, 8218690, 8243867, 25177
221870, 8218700, 8243880, 25180
221871, 8218710, 8243894, 25184
221872, 8218720, 8243907, 25187
221873, 8218730, 8243921, 25191
221874, 8218740, 8243934, 25194
221876, 8218760, 8243947, 25187
221877, 8218770, 8243961, 25191
221878, 8218780, 8243974, 25194
221879, 8218790, 8243988, 25198
221880, 8218800, 8244001, 25201
221881, 8218810, 8244015, 25205
221882, 8218820, 8244028, 25208
221883, 8218830, 8244042, 25212
221884, 8218840, 8244055, 25215
221885, 8218850, 8244068, 25218
221887, 8218870, 8244082, 25212
221888, 8218880, 8244095, 25215
221889, 8218890, 8244109, 25219
221890, 8218900, 8244122, 25222
221891, 8218910, 8244136, 25226
221892, 8218920, 8244149, 25229
221893, 8218930, 8244162, 25232
221894, 8218940, 8244176, 25236
221895, 8218950, 8244189, 25239
221897, 8218970, 8244203, 25233
221898, 8218980, 8244216, 25236
221899, 8218990, 8244230, 25240
221901, 8219010, 8244257, 25247
221902, 8219020, 8244270, 25250
221903, 8219030, 8244283, 25253
221904, 8219040, 8244297, 25257
221905, 8219050, 8244310, 25260
221906, 8219060, 8244324, 25264
221908, 8219080, 8244337, 25257
221909, 8219090, 8244351, 25261
221910, 8219100, 8244364, 25264
221911, 8219110, 8244378, 25268
221912, 8219120, 8244391, 25271
221913, 8219130, 8244404, 25274
221914, 8219140, 8244418, 25278
221915, 8219150, 8244431, 25281
221916, 8219160, 8248012, 28852
221918, 8219180, 8248026, 28846
221919, 8219190, 8248039, 28849
221920, 8219200, 8248052, 28852
221921, 8219210, 8248066, 28856
221922, 8219220, 8248079, 28859
221923, 8219230, 8248093, 28863
221924, 8219240, 8248106, 28866
221925, 8219250, 8248120, 28870
221926, 8219260, 8248133, 28873
221927, 8219270, 8248146, 28876
221929, 8219290, 8248160, 28870
221930, 8219300, 8248173, 28873
221931, 8219310, 8248187, 28877
221932, 8219320, 8248200, 28880
221933, 8219330, 8248214, 28884
221934, 8219340, 8248227, 28887
221935, 8219350, 8248241, 28891
221936, 8219360, 8248254, 28894
221937, 8219370, 8248267, 28897
221938, 8219380, 8248281, 28901
221940, 8219400, 8248294, 28894
221941, 8219410, 8248308, 28898
221942, 8219420, 8248321, 28901
221943, 8219430, 8248335, 28905
221944, 8219440, 8248348, 28908
221945, 8219450, 8248362, 28912
221946, 8219460, 8248375, 28915
221947, 8219470, 8248388, 28918
221948, 8219480, 8248402, 28922
221951, 8219510, 8248429, 28919
221952, 8219520, 8248442, 28922
221953, 8219530, 8248456, 28926
221954, 8219540, 8248469, 28929
221955, 8219550, 8248482, 28932
221956, 8219560, 8248496, 28936
221957, 8219570, 8248509, 28939
221958, 8219580, 8248523, 28943
221959, 8219590, 8248536, 28946
221961, 8219610, 8248550, 28940
221962, 8219620, 8248563, 28943
221963, 8219630, 8248577, 28947
221964, 8219640, 8248590, 28950
221965, 8219650, 8248603, 28953
221966, 8219660, 8248617, 28957
221967, 8219670, 8248630, 28960
221968, 8219680, 8248644, 28964
221969, 8219690, 8248657, 28967
221971, 8219710, 8248671, 28961
221972, 8219720, 8248684, 28964
221973, 8219730, 8248698, 28968
221974, 8219740, 8248711, 28971
221975, 8219750, 8248724, 28974
221976, 8219760, 8248738, 28978
221977, 8219770, 8248751, 28981
221978, 8219780, 8248765, 28985
221979, 8219790, 8248778, 28988
221980, 8219800, 8248792, 28992
221982, 8219820, 8248805, 28985
221983, 8219830, 8248818, 28988
221984, 8219840, 8248832, 28992
221985, 8219850, 8248845, 28995
221986, 8219860, 8248859, 28999
221987, 8219870, 8248872, 29002
221988, 8219880, 8248886, 29006
221989, 8219890, 8248899, 29009
221990, 8219900, 8248913, 29013
221991, 8219910, 8248926, 29016
221993, 8219930, 8248939, 29009
221994, 8219940, 8248953, 29013
221995, 8219950, 8248966, 29016
221996, 8219960, 8248980, 29020
221997, 8219970, 8248993, 29023
221998, 8219980, 8249007, 29027
221999, 8219990, 8249020, 29030
222402, 8224020, 8249047, 25027
222403, 8224030, 8249060, 25030
222404, 8224040, 8249074, 25034
222405, 8224050, 8249087, 25037
222406, 8224060, 8249101, 25041
222407, 8224070, 8249114, 25044
222408, 8224080, 8249128, 25048
222409, 8224090, 8249141, 25051
222410, 8224100, 8249154, 25054
222412, 8224120, 8249168, 25048
222413, 8224130, 8249181, 25051
222414, 8224140, 8249195, 25055
222415, 8224150, 8249208, 25058
222416, 8224160, 8249222, 25062
222417, 8224170, 8249235, 25065
222418, 8224180, 8249249, 25069
222419, 8224190, 8249262, 25072
222420, 8224200, 8249275, 25075
222421, 8224210, 8249289, 25079
222423, 8224230, 8249302, 25072
222424, 8224240, 8249316, 25076
222425, 8224250, 8249329, 25079
222426, 8224260, 8249343, 25083
222427, 8224270, 8249356, 25086
222428, 8224280, 8249370, 25090
222429, 8224290, 8249383, 25093
222430, 8224300, 8249396, 25096
222431, 8224310, 8249410, 25100
222433, 8224330, 8249423, 25093
222434, 8224340, 8249437, 25097
222435, 8224350, 8249450, 25100
222436, 8224360, 8249464, 25104
222437, 8224370, 8249477, 25107
222438, 8224380, 8249490, 25110
222439, 8224390, 8249504, 25114
222440, 8224400, 8249517, 25117
222441, 8224410, 8249531, 25121
222442, 8224420, 8249544, 25124
222444, 8224440, 8249558, 25118
222445, 8224450, 8249571, 25121
222446, 8224460, 8249585, 25125
222447, 8224470, 8249598, 25128
222448, 8224480, 8249611, 25131
222449, 8224490, 8249625, 25135
222451, 8224510, 8249652, 25142
222452, 8224520, 8249665, 25145
222453, 8224530, 8249679, 25149
222455, 8224550, 8249692, 25142
222456, 8224560, 8249706, 25146
222457, 8224570, 8249719, 25149
222458, 8224580, 8249732, 25152
222459, 8224590, 8249746, 25156
222460, 8224600, 8249759, 25159
222461, 8224610, 8249773, 25163
222462, 8224620, 8249786, 25166
222463, 8224630, 8249800, 25170
222465, 8224650, 8249813, 25163
222466, 8224660, 8249826, 25166
222467, 8224670, 8249840, 25170
222468, 8224680, 8249853, 25173
222469, 8224690, 8249867, 25177
222470, 8224700, 8249880, 25180
222471, 8224710, 8249894, 25184
222472, 8224720, 8249907, 25187
222473, 8224730, 8249921, 25191
222474, 8224740, 8249934, 25194
222476, 8224760, 8249947, 25187
222477, 8224770, 8249961, 25191
222478, 8224780, 8249974, 25194
222479, 8224790, 8249988, 25198
222480, 8224800, 8250001, 25201
222481, 8224810, 8250015, 25205
222482, 8224820, 8250028, 25208
222483, 8224830, 8250042, 25212
222484, 8224840, 8250055, 25215
222485, 8224850, 8250068, 25218
222487, 8224870, 8250082, 25212
222488, 8224880, 8250095, 25215
222489, 8224890, 8250109, 25219
222490, 8224900, 8250122, 25222
222491, 8224910, 8250136, 25226
222492, 8224920, 8250149, 25229
222493, 8224930, 8250162, 25232
222494, 8224940, 8250176, 25236
222495, 8224950, 8250189, 25239
222497, 8224970, 8250203, 25233
222498, 8224980, 8250216, 25236
222499, 8224990, 8250230, 25240
222501, 8225010, 8250257, 25247
222502, 8225020, 8250270, 25250
222503, 8225030, 8250283, 25253
222504, 8225040, 8250297, 25257
222505, 8225050, 8250310, 25260
222506, 8225060, 8250324, 25264
222508, 8225080, 8250337, 25257
222509, 8225090, 8250351, 25261
222510, 8225100, 8250364, 25264
222511, 8225110, 8250378, 25268
222512, 8225120, 8250391, 25271
222513, 8225130, 8250404, 25274
222514, 8225140, 8250418, 25278
222515, 8225150, 8250431, 25281
222516, 8225160, 8254012, 28852
222517, 8225170, 8254026, 28856
222519, 8225190, 8254039, 28849
222520, 8225200, 8254052, 28852
222521, 8225210, 8254066, 28856
222522, 8225220, 8254079, 28859
222523, 8225230, 8254093, 28863
222524, 8225240, 8254106, 28866
222525, 8225250, 8254120, 28870
222526, 8225260, 8254133, 28873
222527, 8225270, 8254146, 28876
222529, 8225290, 8254160, 28870
222530, 8225300, 8254173, 28873
222531, 8225310, 8254187, 28877
222532, 8225320, 8254200, 28880
222533, 8225330, 8254214, 28884
222534, 8225340, 8254227, 28887
222535, 8225350, 8254241, 28891
222536, 8225360, 8254254, 28894
222537, 8225370, 8254267, 28897
222538, 8225380, 8254281, 28901
222540, 8225400, 8254294, 28894
222541, 8225410, 8254308, 28898
222542, 8225420, 8254321, 28901
222543, 8225430, 8254335, 28905
222544, 8225440, 8254348, 28908
222545, 8225450, 8254362, 28912
222546, 8225460, 8254375, 28915
222547, 8225470, 8254388, 28918
222548, 8225480, 8254402, 28922
222551, 8225510, 8254429, 28919
222552, 8225520, 8254442, 28922
222553, 8225530, 8254456, 28926
222554, 8225540, 8254469, 28929
222555, 8225550, 8254482, 28932
222556, 8225560, 8254496, 28936
222557, 8225570, 8254509, 28939
222558, 8225580, 8254523, 28943
222559, 8225590, 8254536, 28946
222561, 8225610, 8254550, 28940
222562, 8225620, 8254563, 28943
222563, 8225630, 8254577, 28947
222564, 8225640, 8254590, 28950
222565, 8225650, 8254603, 28953
222566, 8225660, 8254617, 28957
222567, 8225670, 8254630, 28960
222568, 8225680, 8254644, 28964
222569, 8225690, 8254657, 28967
222570, 8225700, 8254671, 28971
222572, 8225720, 8254684, 28964
222573, 8225730, 8254698, 28968
222574, 8225740, 8254711, 28971
222575, 8225750, 8254724, 28974
222576, 8225760, 8254738, 28978
222577, 8225770, 8254751, 28981
222578, 8225780, 8254765, 28985
222579, 8225790, 8254778, 28988
222580, 8225800, 8254792, 28992
222582, 8225820, 8254805, 28985
222583, 8225830, 8254818, 28988
222584, 8225840, 8254832, 28992
222585, 8225850, 8254845, 28995
222586, 8225860, 8254859, 28999
222587, 8225870, 8254872, 29002
222588, 8225880, 8254886, 29006
222589, 8225890, 8254899, 29009
222590, 8225900, 8254913, 29013
222591, 8225910, 8254926, 29016
222593, 8225930, 8254939, 29009
222594, 8225940, 8254953, 29013
222595, 8225950, 8254966, 29016
222596, 8225960, 8254980, 29020
222597, 8225970, 8254993, 29023
222598, 8225980, 8255007, 29027
222599, 8225990, 8255020, 29030
223002, 8230020, 8255047, 25027
223003, 8230030, 8255060, 25030
223004, 8230040, 8255074, 25034
223005, 8230050, 8255087, 25037
223006, 8230060, 8255101, 25041
223007, 8230070, 8255114, 25044
223008, 8230080, 8255127, 25047
223009, 8230090, 8255141, 25051
223010, 8230100, 8255154, 25054
223012, 8230120, 8255168, 25048
223013, 8230130, 8255181, 25051
223014, 8230140, 8255195, 25055
223015, 8230150, 8255208, 25058
223016, 8230160, 8255222, 25062
223017, 8230170, 8255235, 25065
223018, 8230180, 8255248, 25068
223019, 8230190, 8255262, 25072
223020, 8230200, 8255275, 25075
223021, 8230210, 8255289, 25079
223023, 8230230, 8255302, 25072
223024, 8230240, 8255316, 25076
223025, 8230250, 8255329, 25079
223026, 8230260, 8255342, 25082
223027, 8230270, 8255356, 25086
223028, 8230280, 8255369, 25089
223029, 8230290, 8255383, 25093
223030, 8230300, 8255396, 25096
223031, 8230310, 8255410, 25100
223033, 8230330, 8255423, 25093
223034, 8230340, 8255437, 25097
223035, 8230350, 8255450, 25100
223036, 8230360, 8255463, 25103
223037, 8230370, 8255477, 25107
223038, 8230380, 8255490, 25110
223039, 8230390, 8255504, 25114
223040, 8230400, 8255517, 25117
223041, 8230410, 8255531, 25121
223042, 8230420, 8255544, 25124
223044, 8230440, 8255558, 25118
223045, 8230450, 8255571, 25121
223046, 8230460, 8255584, 25124
223047, 8230470, 8255598, 25128
223048, 8230480, 8255611, 25131
223049, 8230490, 8255625, 25135
223051, 8230510, 8255652, 25142
223052, 8230520, 8255665, 25145
223053, 8230530, 8255678, 25148
223055, 8230550, 8255692, 25142
223056, 8230560, 8255705, 25145
223057, 8230570, 8255719, 25149
223058, 8230580, 8255732, 25152
223059, 8230590, 8255746, 25156
223060, 8230600, 8255759, 25159
223061, 8230610, 8255773, 25163
223062, 8230620, 8255786, 25166
223063, 8230630, 8255799, 25169
223065, 8230650, 8255813, 25163
223066, 8230660, 8255826, 25166
223067, 8230670, 8255840, 25170
223068, 8230680, 8255853, 25173
223069, 8230690, 8255867, 25177
223070, 8230700, 8255880, 25180
223071, 8230710, 8255894, 25184
223072, 8230720, 8255907, 25187
223073, 8230730, 8255920, 25190
223074, 8230740, 8255934, 25194
223076, 8230760, 8255947, 25187
223077, 8230770, 8255961, 25191
223078, 8230780, 8255974, 25194
223079, 8230790, 8255988, 25198
223080, 8230800, 8256001, 25201
223081, 8230810, 8256014, 25204
223082, 8230820, 8256028, 25208
223083, 8230830, 8256041, 25211
223084, 8230840, 8256055, 25215
223085, 8230850, 8256068, 25218
223087, 8230870, 8256082, 25212
223088, 8230880, 8256095, 25215
223089, 8230890, 8256109, 25219
223090, 8230900, 8256122, 25222
223091, 8230910, 8256135, 25225
223092, 8230920, 8256149, 25229
223093, 8230930, 8256162, 25232
223094, 8230940, 8256176, 25236
223095, 8230950, 8256189, 25239
223097, 8230970, 8256203, 25233
223098, 8230980, 8256216, 25236
223099, 8230990, 8256230, 25240
223101, 8231010, 8256256, 25246
223102, 8231020, 8256270, 25250
223103, 8231030, 8256283, 25253
223104, 8231040, 8256297, 25257
223105, 8231050, 8256310, 25260
223106, 8231060, 8256324, 25264
223108, 8231080, 8256337, 25257
223109, 8231090, 8256350, 25260
223110, 8231100, 8256364, 25264
223111, 8231110, 8256377, 25267
223112, 8231120, 8256391, 25271
223113, 8231130, 8256404, 25274
223114, 8231140, 8256418, 25278
223115, 8231150, 8256431, 25281
223116, 8231160, 8260012, 28852
223118, 8231180, 8260026, 28846
223119, 8231190, 8260039, 28849
223120, 8231200, 8260052, 28852
223121, 8231210, 8260066, 28856
223122, 8231220, 8260079, 28859
223123, 8231230, 8260093, 28863
223124, 8231240, 8260106, 28866
223125, 8231250, 8260120, 28870
223126, 8231260, 8260133, 28873
223127, 8231270, 8260146, 28876
223129, 8231290, 8260160, 28870
223130, 8231300, 8260173, 28873
223131, 8231310, 8260187, 28877
223132, 8231320, 8260200, 28880
223133, 8231330, 8260214, 28884
223134, 8231340, 8260227, 28887
223135, 8231350, 8260241, 28891
223136, 8231360, 8260254, 28894
223137, 8231370, 8260267, 28897
223138, 8231380, 8260281, 28901
223140, 8231400, 8260294, 28894
223141, 8231410, 8260308, 28898
223142, 8231420, 8260321, 28901
223143, 8231430, 8260335, 28905
223144, 8231440, 8260348, 28908
223145, 8231450, 8260362, 28912
223146, 8231460, 8260375, 28915
223147, 8231470, 8260388, 28918
223148, 8231480, 8260402, 28922
223151, 8231510, 8260429, 28919
223152, 8231520, 8260442, 28922
223153, 8231530, 8260456, 28926
223154, 8231540, 8260469, 28929
223155, 8231550, 8260482, 28932
223156, 8231560, 8260496, 28936
223157, 8231570, 8260509, 28939
223158, 8231580, 8260523, 28943
223159, 8231590, 8260536, 28946
223161, 8231610, 8260550, 28940
223162, 8231620, 8260563, 28943
223163, 8231630, 8260577, 28947
223164, 8231640, 8260590, 28950
223165, 8231650, 8260603, 28953
223166, 8231660, 8260617, 28957
223167, 8231670, 8260630, 28960
223168, 8231680, 8260644, 28964
223169, 8231690, 8260657, 28967
223171, 8231710, 8260671, 28961
223172, 8231720, 8260684, 28964
223173, 8231730, 8260698, 28968
223174, 8231740, 8260711, 28971
223175, 8231750, 8260724, 28974
223176, 8231760, 8260738, 28978
223177, 8231770, 8260751, 28981
223178, 8231780, 8260765, 28985
223179, 8231790, 8260778, 28988
223180, 8231800, 8260792, 28992
223182, 8231820, 8260805, 28985
223183, 8231830, 8260818, 28988
223184, 8231840, 8260832, 28992
223185, 8231850, 8260845, 28995
223186, 8231860, 8260859, 28999
223187, 8231870, 8260872, 29002
223188, 8231880, 8260886, 29006
223189, 8231890, 8260899, 29009
223190, 8231900, 8260913, 29013
223191, 8231910, 8260926, 29016
223193, 8231930, 8260939, 29009
223194, 8231940, 8260953, 29013
223195, 8231950, 8260966, 29016
223196, 8231960, 8260980, 29020
223197, 8231970, 8260993, 29023
223198, 8231980, 8261007, 29027
223199, 8231990, 8261020, 29030
223602, 8236020, 8261047, 25027
223603, 8236030, 8261060, 25030
223604, 8236040, 8261074, 25034
223605, 8236050, 8261087, 25037
223606, 8236060, 8261101, 25041
223607, 8236070, 8261114, 25044
223608, 8236080, 8261128, 25048
223609, 8236090, 8261141, 25051
223610, 8236100, 8261154, 25054
223612, 8236120, 8261168, 25048
223613, 8236130, 8261181, 25051
223614, 8236140, 8261195, 25055
223615, 8236150, 8261208, 25058
223616, 8236160, 8261222, 25062
223617, 8236170, 8261235, 25065
223618, 8236180, 8261249, 25069
223619, 8236190, 8261262, 25072
223620, 8236200, 8261275, 25075
223621, 8236210, 8261289, 25079
223623, 8236230, 8261302, 25072
223624, 8236240, 8261316, 25076
223625, 8236250, 8261329, 25079
223626, 8236260, 8261343, 25083
223627, 8236270, 8261356, 25086
223628, 8236280, 8261370, 25090
223629, 8236290, 8261383, 25093
223630, 8236300, 8261396, 25096
223631, 8236310, 8261410, 25100
223633, 8236330, 8261423, 25093
223634, 8236340, 8261437, 25097
223635, 8236350, 8261450, 25100
223636, 8236360, 8261464, 25104
223637, 8236370, 8261477, 25107
223638, 8236380, 8261490, 25110
223639, 8236390, 8261504, 25114
223640, 8236400, 8261517, 25117
223641, 8236410, 8261531, 25121
223642, 8236420, 8261544, 25124
223644, 8236440, 8261558, 25118
223645, 8236450, 8261571, 25121
223646, 8236460, 8261585, 25125
223647, 8236470, 8261598, 25128
223648, 8236480, 8261611, 25131
223649, 8236490, 8261625, 25135
223651, 8236510, 8261652, 25142
223652, 8236520, 8261665, 25145
223653, 8236530, 8261679, 25149
223655, 8236550, 8261692, 25142
223656, 8236560, 8261706, 25146
223657, 8236570, 8261719, 25149
223658, 8236580, 8261732, 25152
223659, 8236590, 8261746, 25156
223660, 8236600, 8261759, 25159
223661, 8236610, 8261773, 25163
223662, 8236620, 8261786, 25166
223663, 8236630, 8261800, 25170
223665, 8236650, 8261813, 25163
223666, 8236660, 8261826, 25166
223667, 8236670, 8261840, 25170
223668, 8236680, 8261853, 25173
223669, 8236690, 8261867, 25177
223670, 8236700, 8261880, 25180
223671, 8236710, 8261894, 25184
223672, 8236720, 8261907, 25187
223673, 8236730, 8261921, 25191
223674, 8236740, 8261934, 25194
223676, 8236760, 8261947, 25187
223677, 8236770, 8261961, 25191
223678, 8236780, 8261974, 25194
223679, 8236790, 8261988, 25198
223680, 8236800, 8262001, 25201
223681, 8236810, 8262015, 25205
223682, 8236820, 8262028, 25208
223683, 8236830, 8262042, 25212
223684, 8236840, 8262055, 25215
223685, 8236850, 8262068, 25218
223687, 8236870, 8262082, 25212
223688, 8236880, 8262095, 25215
223689, 8236890, 8262109, 25219
223690, 8236900, 8262122, 25222
223691, 8236910, 8262136, 25226
223692, 8236920, 8262149, 25229
223693, 8236930, 8262162, 25232
223694, 8236940, 8262176, 25236
223695, 8236950, 8262189, 25239
223697, 8236970, 8262203, 25233
223698, 8236980, 8262216, 25236
223699, 8236990, 8262230, 25240
223701, 8237010, 8262257, 25247
223702, 8237020, 8262270, 25250
223703, 8237030, 8262283, 25253
223704, 8237040, 8262297, 25257
223705, 8237050, 8262310, 25260
223706, 8237060, 8262324, 25264
223708, 8237080, 8262337, 25257
223709, 8237090, 8262351, 25261
223710, 8237100, 8262364, 25264
223711, 8237110, 8262378, 25268
223712, 8237120, 8262391, 25271
223713, 8237130, 8262404, 25274
223714, 8237140, 8262418, 25278
223715, 8237150, 8262431, 25281
223716, 8237160, 8266012, 28852
223718, 8237180, 8266026, 28846
223719, 8237190, 8266039, 28849
223720, 8237200, 8266052, 28852
223721, 8237210, 8266066, 28856
223722, 8237220, 8266079, 28859
223723, 8237230, 8266093, 28863
223724, 8237240, 8266106, 28866
223725, 8237250, 8266120, 28870
223726, 8237260, 8266133, 28873
223727, 8237270, 8266146, 28876
223729, 8237290, 8266160, 28870
223730, 8237300, 8266173, 28873
223731, 8237310, 8266187, 28877
223732, 8237320, 8266200, 28880
223733, 8237330, 8266214, 28884
223734, 8237340, 8266227, 28887
223735, 8237350, 8266241, 28891
223736, 8237360, 8266254, 28894
223737, 8237370, 8266267, 28897
223738, 8237380, 8266281, 28901
223740, 8237400, 8266294, 28894
223741, 8237410, 8266308, 28898
223742, 8237420, 8266321, 28901
223743, 8237430, 8266335, 28905
223744, 8237440, 8266348, 28908
223745, 8237450, 8266362, 28912
223746, 8237460, 8266375, 28915
223747, 8237470, 8266388, 28918
223748, 8237480, 8266402, 28922
223751, 8237510, 8266429, 28919
223752, 8237520, 8266442, 28922
223753, 8237530, 8266456, 28926
223754, 8237540, 8266469, 28929
223755, 8237550, 8266482, 28932
223756, 8237560, 8266496, 28936
223757, 8237570, 8266509, 28939
223758, 8237580, 8266523, 28943
223759, 8237590, 8266536, 28946
223761, 8237610, 8266550, 28940
223762, 8237620, 8266563, 28943
223763, 8237630, 8266577, 28947
223764, 8237640, 8266590, 28950
223765, 8237650, 8266603, 28953
223766, 8237660, 8266617, 28957
223767, 8237670, 8266630, 28960
223768, 8237680, 8266644, 28964
223769, 8237690, 8266657, 28967
223771, 8237710, 8266671, 28961
223772, 8237720, 8266684, 28964
223773, 8237730, 8266698, 28968
223774, 8237740, 8266711, 28971
223775, 8237750, 8266724, 28974
223776, 8237760, 8266738, 28978
223777, 8237770, 8266751, 28981
223778, 8237780, 8266765, 28985
223779, 8237790, 8266778, 28988
223780, 8237800, 8266792, 28992
223782, 8237820, 8266805, 28985
223783, 8237830, 8266818, 28988
223784, 8237840, 8266832, 28992
223785, 8237850, 8266845, 28995
223786, 8237860, 8266859, 28999
223787, 8237870, 8266872, 29002
223788, 8237880, 8266886, 29006
223789, 8237890, 8266899, 29009
223790, 8237900, 8266913, 29013
223791, 8237910, 8266926, 29016
223793, 8237930, 8266939, 29009
223794, 8237940, 8266953, 29013
223795, 8237950, 8266966, 29016
223796, 8237960, 8266980, 29020
223797, 8237970, 8266993, 29023
223798, 8237980, 8267007, 29027
223799, 8237990, 8267020, 29030
224202, 8242020, 8267047, 25027
224203, 8242030, 8267060, 25030
224204, 8242040, 8267074, 25034
224205, 8242050, 8267087, 25037
224206, 8242060, 8267101, 25041
224207, 8242070, 8267114, 25044
224208, 8242080, 8267128, 25048
224209, 8242090, 8267141, 25051
224210, 8242100, 8267154, 25054
224212, 8242120, 8267168, 25048
224213, 8242130, 8267181, 25051
224214, 8242140, 8267195, 25055
224215, 8242150, 8267208, 25058
224216, 8242160, 8267222, 25062
224217, 8242170, 8267235, 25065
224218, 8242180, 8267249, 25069
224219, 8242190, 8267262, 25072
224220, 8242200, 8267275, 25075
224221, 8242210, 8267289, 25079
224223, 8242230, 8267302, 25072
224224, 8242240, 8267316, 25076
224225, 8242250, 8267329, 25079
224226, 8242260, 8267343, 25083
224227, 8242270, 8267356, 25086
224228, 8242280, 8267370, 25090
224229, 8242290, 8267383, 25093
224230, 8242300, 8267396, 25096
224231, 8242310, 8267410, 25100
224233, 8242330, 8267423, 25093
224234, 8242340, 8267437, 25097
224235, 8242350, 8267450, 25100
224236, 8242360, 8267464, 25104
224237, 8242370, 8267477, 25107
224238, 8242380, 8267490, 25110
224239, 8242390, 8267504, 25114
224240, 8242400, 8267517, 25117
224241, 8242410, 8267531, 25121
224242, 8242420, 8267544, 25124
224244, 8242440, 8267558, 25118
224245, 8242450, 8267571, 25121
224246, 8242460, 8267585, 25125
224247, 8242470, 8267598, 25128
224248, 8242480, 8267611, 25131
224249, 8242490, 8267625, 25135
224251, 8242510, 8267652, 25142
224252, 8242520, 8267665, 25145
224253, 8242530, 8267679, 25149
224255, 8242550, 8267692, 25142
224256, 8242560, 8267706, 25146
224257, 8242570, 8267719, 25149
224258, 8242580, 8267732, 25152
224259, 8242590, 8267746, 25156
224260, 8242600, 8267759, 25159
224261, 8242610, 8267773, 25163
224262, 8242620, 8267786, 25166
224263, 8242630, 8267800, 25170
224265, 8242650, 8267813, 25163
224266, 8242660, 8267826, 25166
224267, 8242670, 8267840, 25170
224268, 8242680, 8267853, 25173
224269, 8242690, 8267867, 25177
224270, 8242700, 8267880, 25180
224271, 8242710, 8267894, 25184
224272, 8242720, 8267907, 25187
224273, 8242730, 8267921, 25191
224274, 8242740, 8267934, 25194
224276, 8242760, 8267947, 25187
224277, 8242770, 8267961, 25191
224278, 8242780, 8267974, 25194
224279, 8242790, 8267988, 25198
224280, 8242800, 8268001, 25201
224281, 8242810, 8268015, 25205
224282, 8242820, 8268028, 25208
224283, 8242830, 8268042, 25212
224284, 8242840, 8268055, 25215
224285, 8242850, 8268068, 25218
224287, 8242870, 8268082, 25212
224288, 8242880, 8268095, 25215
224289, 8242890, 8268109, 25219
224290, 8242900, 8268122, 25222
224291, 8242910, 8268136, 25226
224292, 8242920, 8268149, 25229
224293, 8242930, 8268162, 25232
224294, 8242940, 8268176, 25236
224295, 8242950, 8268189, 25239
224297, 8242970, 8268203, 25233
224298, 8242980, 8268216, 25236
224299, 8242990, 8268230, 25240
224301, 8243010, 8268257, 25247
224302, 8243020, 8268270, 25250
224303, 8243030, 8268283, 25253
224304, 8243040, 8268297, 25257
224305, 8243050, 8268310, 25260
224306, 8243060, 8268324, 25264
224308, 8243080, 8268337, 25257
224309, 8243090, 8268351, 25261
224310, 8243100, 8268364, 25264
224311, 8243110, 8268378, 25268
224312, 8243120, 8268391, 25271
224313, 8243130, 8268404, 25274
224314, 8243140, 8268418, 25278
224315, 8243150, 8268431, 25281
224316, 8243160, 8272012, 28852
224318, 8243180, 8272026, 28846
224319, 8243190, 8272039, 28849
224320, 8243200, 8272052, 28852
224321, 8243210, 8272066, 28856
224322, 8243220, 8272079, 28859
224323, 8243230, 8272093, 28863
224324, 8243240, 8272106, 28866
224325, 8243250, 8272120, 28870
224326, 8243260, 8272133, 28873
224327, 8243270, 8272146, 28876
224329, 8243290, 8272160, 28870
224330, 8243300, 8272173, 28873
224331, 8243310, 8272187, 28877
224332, 8243320, 8272200, 28880
224333, 8243330, 8272214, 28884
224334, 8243340, 8272227, 28887
224335, 8243350, 8272241, 28891
224336, 8243360, 8272254, 28894
224337, 8243370, 8272267, 28897
224338, 8243380, 8272281, 28901
224340, 8243400, 8272294, 28894
224341, 8243410, 8272308, 28898
224342, 8243420, 8272321, 28901
224343, 8243430, 8272335, 28905
224344, 8243440, 8272348, 28908
224345, 8243450, 8272362, 28912
224346, 8243460, 8272375, 28915
224347, 8243470, 8272388, 28918
224348, 8243480, 8272402, 28922
224351, 8243510, 8272429, 28919
224352, 8243520, 8272442, 28922
224353, 8243530, 8272456, 28926
224354, 8243540, 8272469, 28929
224355, 8243550, 8272482, 28932
224356, 8243560, 8272496, 28936
224357, 8243570, 8272509, 28939
224358, 8243580, 8272523, 28943
224359, 8243590, 8272536, 28946
224361, 8243610, 8272550, 28940
224362, 8243620, 8272563, 28943
224363, 8243630, 8272577, 28947
224364, 8243640, 8272590, 28950
224365, 8243650, 8272603, 28953
224366, 8243660, 8272617, 28957
224367, 8243670, 8272630, 28960
224368, 8243680, 8272644, 28964
224369, 8243690, 8272657, 28967
224371, 8243710, 8272671, 28961
224372, 8243720, 8272684, 28964
224373, 8243730, 8272698, 28968
224374, 8243740, 8272711, 28971
224375, 8243750, 8272724, 28974
224376, 8243760, 8272738, 28978
224377, 8243770, 8272751, 28981
224378, 8243780, 8272765, 28985
224379, 8243790, 8272778, 28988
224380, 8243800, 8272792, 28992
224382, 8243820, 8272805, 28985
224383, 8243830, 8272818, 28988
224384, 8243840, 8272832, 28992
224385, 8243850, 8272845, 28995
224386, 8243860, 8272859, 28999
224387, 8243870, 8272872, 29002
224388, 8243880, 8272886, 29006
224389, 8243890, 8272899, 29009
224390, 8243900, 8272913, 29013
224391, 8243910, 8272926, 29016
224393, 8243930, 8272939, 29009
224394, 8243940, 8272953, 29013
224395, 8243950, 8272966, 29016
224396, 8243960, 8272980, 29020
224397, 8243970, 8272993, 29023
224398, 8243980, 8273007, 29027
224399, 8243990, 8273020, 29030
224802, 8248020, 8273047, 25027
224803, 8248030, 8273060, 25030
224804, 8248040, 8273074, 25034
224805, 8248050, 8273087, 25037
224806, 8248060, 8273101, 25041
224807, 8248070, 8273114, 25044
224808, 8248080, 8273128, 25048
224809, 8248090, 8273141, 25051
224810, 8248100, 8273154, 25054
224812, 8248120, 8273168, 25048
224813, 8248130, 8273181, 25051
224814, 8248140, 8273195, 25055
224815, 8248150, 8273208, 25058
224816, 8248160, 8273222, 25062
224817, 8248170, 8273235, 25065
224818, 8248180, 8273249, 25069
224819, 8248190, 8273262, 25072
224820, 8248200, 8273275, 25075
224821, 8248210, 8273289, 25079
224823, 8248230, 8273302, 25072
224824, 8248240, 8273316, 25076
224825, 8248250, 8273329, 25079
224826, 8248260, 8273343, 25083
224827, 8248270, 8273356, 25086
224828, 8248280, 8273370, 25090
224829, 8248290, 8273383, 25093
224830, 8248300, 8273396, 25096
224831, 8248310, 8273410, 25100
224833, 8248330, 8273423, 25093
224834, 8248340, 8273437, 25097
224835, 8248350, 8273450, 25100
224836, 8248360, 8273464, 25104
224837, 8248370, 8273477, 25107
224838, 8248380, 8273490, 25110
224839, 8248390, 8273504, 25114
224840, 8248400, 8273517, 25117
224841, 8248410, 8273531, 25121
224842, 8248420, 8273544, 25124
224844, 8248440, 8273558, 25118
224845, 8248450, 8273571, 25121
224846, 8248460, 8273585, 25125
224847, 8248470, 8273598, 25128
224848, 8248480, 8273611, 25131
224849, 8248490, 8273625, 25135
224851, 8248510, 8273652, 25142
224852, 8248520, 8273665, 25145
224853, 8248530, 8273679, 25149
224855, 8248550, 8273692, 25142
224856, 8248560, 8273706, 25146
224857, 8248570, 8273719, 25149
224858, 8248580, 8273732, 25152
224859, 8248590, 8273746, 25156
224860, 8248600, 8273759, 25159
224861, 8248610, 8273773, 25163
224862, 8248620, 8273786, 25166
224863, 8248630, 8273800, 25170
224865, 8248650, 8273813, 25163
224866, 8248660, 8273826, 25166
224867, 8248670, 8273840, 25170
224868, 8248680, 8273853, 25173
224869, 8248690, 8273867, 25177
224870, 8248700, 8273880, 25180
224871, 8248710, 8273894, 25184
224872, 8248720, 8273907, 25187
224873, 8248730, 8273921, 25191
224874, 8248740, 8273934, 25194
224876, 8248760, 8273947, 25187
224877, 8248770, 8273961, 25191
224878, 8248780, 8273974, 25194
224879, 8248790, 8273988, 25198
224880, 8248800, 8274001, 25201
224881, 8248810, 8274015, 25205
224882, 8248820, 8274028, 25208
224883, 8248830, 8274042, 25212
224884, 8248840, 8274055, 25215
224885, 8248850, 8274068, 25218
224887, 8248870, 8274082, 25212
224888, 8248880, 8274095, 25215
224889, 8248890, 8274109, 25219
224890, 8248900, 8274122, 25222
224891, 8248910, 8274136, 25226
224892, 8248920, 8274149, 25229
224893, 8248930, 8274162, 25232
224894, 8248940, 8274176, 25236
224895, 8248950, 8274189, 25239
224897, 8248970, 8274203, 25233
224898, 8248980, 8274216, 25236
224899, 8248990, 8274230, 25240
224901, 8249010, 8274257, 25247
224902, 8249020, 8274270, 25250
224903, 8249030, 8274283, 25253
224904, 8249040, 8274297, 25257
224905, 8249050, 8274310, 25260
224906, 8249060, 8274324, 25264
224908, 8249080, 8274337, 25257
224909, 8249090, 8274351, 25261
224910, 8249100, 8274364, 25264
224911, 8249110, 8274378, 25268
224912, 8249120, 8274391, 25271
224913, 8249130, 8274404, 25274
224914, 8249140, 8274418, 25278
224915, 8249150, 8274431, 25281
224916, 8249160, 8278012, 28852
224918, 8249180, 8278026, 28846
224919, 8249190, 8278039, 28849
224920, 8249200, 8278052, 28852
224921, 8249210, 8278066, 28856
224922, 8249220, 8278079, 28859
224923, 8249230, 8278093, 28863
224924, 8249240, 8278106, 28866
224925, 8249250, 8278120, 28870
224926, 8249260, 8278133, 28873
224927, 8249270, 8278146, 28876
224929, 8249290, 8278160, 28870
224930, 8249300, 8278173, 28873
224931, 8249310, 8278187, 28877
224932, 8249320, 8278200, 28880
224933, 8249330, 8278214, 28884
224934, 8249340, 8278227, 28887
224935, 8249350, 8278241, 28891
224936, 8249360, 8278254, 28894
224937, 8249370, 8278267, 28897
224938, 8249380, 8278281, 28901
224940, 8249400, 8278294, 28894
224941, 8249410, 8278308, 28898
224942, 8249420, 8278321, 28901
224943, 8249430, 8278335, 28905
224944, 8249440, 8278348, 28908
224945, 8249450, 8278362, 28912
224946, 8249460, 8278375, 28915
224947, 8249470, 8278388, 28918
224948, 8249480, 8278402, 28922
224951, 8249510, 8278429, 28919
224952, 8249520, 8278442, 28922
224953, 8249530, 8278456, 28926
224954, 8249540, 8278469, 28929
224955, 8249550, 8278482, 28932
224956, 8249560, 8278496, 28936
224957, 8249570, 8278509, 28939
224958, 8249580, 8278523, 28943
224959, 8249590, 8278536, 28946
224961, 8249610, 8278550, 28940
224962, 8249620, 8278563, 28943
224963, 8249630, 8278577, 28947
224964, 8249640, 8278590, 28950
224965, 8249650, 8278603, 28953
224966, 8249660, 8278617, 28957
224967, 8249670, 8278630, 28960
224968, 8249680, 8278644, 28964
224969, 8249690, 8278657, 28967
224971, 8249710, 8278671, 28961
224972, 8249720, 8278684, 28964
224973, 8249730, 8278698, 28968
224974, 8249740, 8278711, 28971
224975, 8249750, 8278724, 28974
224976, 8249760, 8278738, 28978
224977, 8249770, 8278751, 28981
224978, 8249780, 8278765, 28985
224979, 8249790, 8278778, 28988
224980, 8249800, 8278792, 28992
224982, 8249820, 8278805, 28985
224983, 8249830, 8278818, 28988
224984, 8249840, 8278832, 28992
224985, 8249850, 8278845, 28995
224986, 8249860, 8278859, 28999
224987, 8249870, 8278872, 29002
224988, 8249880, 8278886, 29006
224989, 8249890, 8278899, 29009
224990, 8249900, 8278913, 29013
224991, 8249910, 8278926, 29016
224993, 8249930, 8278939, 29009
224994, 8249940, 8278953, 29013
224995, 8249950, 8278966, 29016
224996, 8249960, 8278980, 29020
224997, 8249970, 8278993, 29023
224998, 8249980, 8279007, 29027
224999, 8249990, 8279020, 29030
225402, 8254020, 8279047, 25027
225403, 8254030, 8279060, 25030
225404, 8254040, 8279074, 25034
225405, 8254050, 8279087, 25037
225406, 8254060, 8279101, 25041
225407, 8254070, 8279114, 25044
225408, 8254080, 8279128, 25048
225409, 8254090, 8279141, 25051
225410, 8254100, 8279154, 25054
225412, 8254120, 8279168, 25048
225413, 8254130, 8279181, 25051
225414, 8254140, 8279195, 25055
225415, 8254150, 8279208, 25058
225416, 8254160, 8279222, 25062
225417, 8254170, 8279235, 25065
225418, 8254180, 8279249, 25069
225419, 8254190, 8279262, 25072
225420, 8254200, 8279275, 25075
225421, 8254210, 8279289, 25079
225423, 8254230, 8279302, 25072
225424, 8254240, 8279316, 25076
225425, 8254250, 8279329, 25079
225426, 8254260, 8279343, 25083
225427, 8254270, 8279356, 25086
225428, 8254280, 8279370, 25090
225429, 8254290, 8279383, 25093
225430, 8254300, 8279396, 25096
225431, 8254310, 8279410, 25100
225433, 8254330, 8279423, 25093
225434, 8254340, 8279437, 25097
225435, 8254350, 8279450, 25100
225436, 8254360, 8279464, 25104
225437, 8254370, 8279477, 25107
225438, 8254380, 8279490, 25110
225439, 8254390, 8279504, 25114
225440, 8254400, 8279517, 25117
225441, 8254410, 8279531, 25121
225442, 8254420, 8279544, 25124
225444, 8254440, 8279558, 25118
225445, 8254450, 8279571, 25121
225446, 8254460, 8279585, 25125
225447, 8254470, 8279598, 25128
225448, 8254480, 8279611, 25131
225449, 8254490, 8279625, 25135
225451, 8254510, 8279652, 25142
225452, 8254520, 8279665, 25145
225453, 8254530, 8279679, 25149
225455, 8254550, 8279692, 25142
225456, 8254560, 8279706, 25146
225457, 8254570, 8279719, 25149
225458, 8254580, 8279732, 25152
225459, 8254590, 8279746, 25156
225460, 8254600, 8279759, 25159
225461, 8254610, 8279773, 25163
225462, 8254620, 8279786, 25166
225463, 8254630, 8279800, 25170
225465, 8254650, 8279813, 25163
225466, 8254660, 8279826, 25166
225467, 8254670, 8279840, 25170
225468, 8254680, 8279853, 25173
225469, 8254690, 8279867, 25177
225470, 8254700, 8279880, 25180
225471, 8254710, 8279894, 25184
225472, 8254720, 8279907, 25187
225473, 8254730, 8279921, 25191
225474, 8254740, 8279934, 25194
225476, 8254760, 8279947, 25187
225477, 8254770, 8279961, 25191
225478, 8254780, 8279974, 25194
225479, 8254790, 8279988, 25198
225480, 8254800, 8280001, 25201
225481, 8254810, 8280015, 25205
225482, 8254820, 8280028, 25208
225483, 8254830, 8280042, 25212
225484, 8254840, 8280055, 25215
225485, 8254850, 8280068, 25218
225487, 8254870, 8280082, 25212
225488, 8254880, 8280095, 25215
225489, 8254890, 8280109, 25219
225490, 8254900, 8280122, 25222
225491, 8254910, 8280136, 25226
225492, 8254920, 8280149, 25229
225493, 8254930, 8280162, 25232
225494, 8254940, 8280176, 25236
225495, 8254950, 8280189, 25239
225497, 8254970, 8280203, 25233
225498, 8254980, 8280216, 25236
225499, 8254990, 8280230, 25240
225501, 8255010, 8280257, 25247
225502, 8255020, 8280270, 25250
225503, 8255030, 8280283, 25253
225504, 8255040, 8280297, 25257
225505, 8255050, 8280310, 25260
225506, 8255060, 8280324, 25264
225508, 8255080, 8280337, 25257
225509, 8255090, 8280351, 25261
225510, 8255100, 8280364, 25264
225511, 8255110, 8280378, 25268
225512, 8255120, 8280391, 25271
225513, 8255130, 8280404, 25274
225514, 8255140, 8280418, 25278
225515, 8255150, 8280431, 25281
225516, 8255160, 8284012, 28852
225517, 8255170, 8284026, 28856
225519, 8255190, 8284039, 28849
225520, 8255200, 8284052, 28852
225521, 8255210, 8284066, 28856
225522, 8255220, 8284079, 28859
225523, 8255230, 8284093, 28863
225524, 8255240, 8284106, 28866
225525, 8255250, 8284120, 28870
225526, 8255260, 8284133, 28873
225527, 8255270, 8284146, 28876
225529, 8255290, 8284160, 28870
225530, 8255300, 8284173, 28873
225531, 8255310, 8284187, 28877
225532, 8255320, 8284200, 28880
225533, 8255330, 8284214, 28884
225534, 8255340, 8284227, 28887
225535, 8255350, 8284241, 28891
225536, 8255360, 8284254, 28894
225537, 8255370, 8284267, 28897
225538, 8255380, 8284281, 28901
225540, 8255400, 8284294, 28894
225541, 8255410, 8284308, 28898
225542, 8255420, 8284321, 28901
225543, 8255430, 8284335, 28905
225544, 8255440, 8284348, 28908
225545, 8255450, 8284362, 28912
225546, 8255460, 8284375, 28915
225547, 8255470, 8284388, 28918
225548, 8255480, 8284402, 28922
225551, 8255510, 8284429, 28919
225552, 8255520, 8284442, 28922
225553, 8255530, 8284456, 28926
225554, 8255540, 8284469, 28929
225555, 8255550, 8284482, 28932
225556, 8255560, 8284496, 28936
225557, 8255570, 8284509, 28939
225558, 8255580, 8284523, 28943
225559, 8255590, 8284536, 28946
225561, 8255610, 8284550, 28940
225562, 8255620, 8284563, 28943
225563, 8255630, 8284577, 28947
225564, 8255640, 8284590, 28950
225565, 8255650, 8284603, 28953
225566, 8255660, 8284617, 28957
225567, 8255670, 8284630, 28960
225568, 8255680, 8284644, 28964
225569, 8255690, 8284657, 28967
225570, 8255700, 8284671, 28971
225572, 8255720, 8284684, 28964
225573, 8255730, 8284698, 28968
225574, 8255740, 8284711, 28971
225575, 8255750, 8284724, 28974
225576, 8255760, 8284738, 28978
225577, 8255770, 8284751, 28981
225578, 8255780, 8284765, 28985
225579, 8255790, 8284778, 28988
225580, 8255800, 8284792, 28992
225582, 8255820, 8284805, 28985
225583, 8255830, 8284818, 28988
225584, 8255840, 8284832, 28992
225585, 8255850, 8284845, 28995
225586, 8255860, 8284859, 28999
225587, 8255870, 8284872, 29002
225588, 8255880, 8284886, 29006
225589, 8255890, 8284899, 29009
225590, 8255900, 8284913, 29013
225591, 8255910, 8284926, 29016
225593, 8255930, 8284939, 29009
225594, 8255940, 8284953, 29013
225595, 8255950, 8284966, 29016
225596, 8255960, 8284980, 29020
225597, 8255970, 8284993, 29023
225598, 8255980, 8285007, 29027
225599, 8255990, 8285020, 29030
226002, 8260020, 8285047, 25027
226003, 8260030, 8285060, 25030
226004, 8260040, 8285074, 25034
226005, 8260050, 8285087, 25037
226006, 8260060, 8285101, 25041
226007, 8260070, 8285114, 25044
226008, 8260080, 8285127, 25047
226009, 8260090, 8285141, 25051
226010, 8260100, 8285154, 25054
226012, 8260120, 8285168, 25048
226013, 8260130, 8285181, 25051
226014, 8260140, 8285195, 25055
226015, 8260150, 8285208, 25058
226016, 8260160, 8285222, 25062
226017, 8260170, 8285235, 25065
226018, 8260180, 8285248, 25068
226019, 8260190, 8285262, 25072
226020, 8260200, 8285275, 25075
226021, 8260210, 8285289, 25079
226023, 8260230, 8285302, 25072
226024, 8260240, 8285316, 25076
226025, 8260250, 8285329, 25079
226026, 8260260, 8285342, 25082
226027, 8260270, 8285356, 25086
226028, 8260280, 8285369, 25089
226029, 8260290, 8285383, 25093
226030, 8260300, 8285396, 25096
226031, 8260310, 8285410, 25100
226033, 8260330, 8285423, 25093
226034, 8260340, 8285437, 25097
226035, 8260350, 8285450, 25100
226036, 8260360, 8285463, 25103
226037, 8260370, 8285477, 25107
226038, 8260380, 8285490, 25110
226039, 8260390, 8285504, 25114
226040, 8260400, 8285517, 25117
226041, 8260410, 8285531, 25121
226042, 8260420, 8285544, 25124
226044, 8260440, 8285558, 25118
226045, 8260450, 8285571, 25121
226046, 8260460, 8285584, 25124
226047, 8260470, 8285598, 25128
226048, 8260480, 8285611, 25131
226049, 8260490, 8285625, 25135
226051, 8260510, 8285652, 25142
226052, 8260520, 8285665, 25145
226053, 8260530, 8285678, 25148
226055, 8260550, 8285692, 25142
226056, 8260560, 8285705, 25145
226057, 8260570, 8285719, 25149
226058, 8260580, 8285732, 25152
226059, 8260590, 8285746, 25156
226060, 8260600, 8285759, 25159
226061, 8260610, 8285773, 25163
226062, 8260620, 8285786, 25166
226063, 8260630, 8285799, 25169
226065, 8260650, 8285813, 25163
226066, 8260660, 8285826, 25166
226067, 8260670, 8285840, 25170
226068, 8260680, 8285853, 25173
226069, 8260690, 8285867, 25177
226070, 8260700, 8285880, 25180
226071, 8260710, 8285894, 25184
226072, 8260720, 8285907, 25187
226073, 8260730, 8285920, 25190
226074, 8260740, 8285934, 25194
226076, 8260760, 8285947, 25187
226077, 8260770, 8285961, 25191
226078, 8260780, 8285974, 25194
226079, 8260790, 8285988, 25198
226080, 8260800, 8286001, 25201
226081, 8260810, 8286014, 25204
226082, 8260820, 8286028, 25208
226083, 8260830, 8286041, 25211
226084, 8260840, 8286055, 25215
226085, 8260850, 8286068, 25218
226087, 8260870, 8286082, 25212
226088, 8260880, 8286095, 25215
226089, 8260890, 8286109, 25219
226090, 8260900, 8286122, 25222
226091, 8260910, 8286135, 25225
226092, 8260920, 8286149, 25229
226093, 8260930, 8286162, 25232
226094, 8260940, 8286176, 25236
226095, 8260950, 8286189, 25239
226097, 8260970, 8286203, 25233
226098, 8260980, 8286216, 25236
226099, 8260990, 8286230, 25240
226101, 8261010, 8286256, 25246
226102, 8261020, 8286270, 25250
226103, 8261030, 8286283, 25253
226104, 8261040, 8286297, 25257
226105, 8261050, 8286310, 25260
226106, 8261060, 8286324, 25264
226108, 8261080, 8286337, 25257
226109, 8261090, 8286350, 25260
226110, 8261100, 8286364, 25264
226111, 8261110, 8286377, 25267
226112, 8261120, 8286391, 25271
226113, 8261130, 8286404, 25274
226114, 8261140, 8286418, 25278
226115, 8261150, 8286431, 25281
226116, 8261160, 8290012, 28852
226118, 8261180, 8290026, 28846
226119, 8261190, 8290039, 28849
226120, 8261200, 8290052, 28852
226121, 8261210, 8290066, 28856
226122, 8261220, 8290079, 28859
226123, 8261230, 8290093, 28863
226124, 8261240, 8290106, 28866
226125, 8261250, 8290120, 28870
226126, 8261260, 8290133, 28873
226127, 8261270, 8290146, 28876
226129, 8261290, 8290160, 28870
226130, 8261300, 8290173, 28873
226131, 8261310, 8290187, 28877
226132, 8261320, 8290200, 28880
226133, 8261330, 8290214, 28884
226134, 8261340, 8290227, 28887
226135, 8261350, 8290241, 28891
226136, 8261360, 8290254, 28894
226137, 8261370, 8290267, 28897
226138, 8261380, 8290281, 28901
226140, 8261400, 8290294, 28894
226141, 8261410, 8290308, 28898
226142, 8261420, 8290321, 28901
226143, 8261430, 8290335, 28905
226144, 8261440, 8290348, 28908
226145, 8261450, 8290362, 28912
226146, 8261460, 8290375, 28915
226147, 8261470, 8290388, 28918
226148, 8261480, 8290402, 28922
226151, 8261510, 8290429, 28919
226152, 8261520, 8290442, 28922
226153, 8261530, 8290456, 28926
226154, 8261540, 8290469, 28929
226155, 8261550, 8290482, 28932
226156, 8261560, 8290496, 28936
226157, 8261570, 8290509, 28939
226158, 8261580, 8290523, 28943
226159, 8261590, 8290536, 28946
226161, 8261610, 8290550, 28940
226162, 8261620, 8290563, 28943
226163, 8261630, 8290577, 28947
226164, 8261640, 8290590, 28950
226165, 8261650, 8290603, 28953
226166, 8261660, 8290617, 28957
226167, 8261670, 8290630, 28960
226168, 8261680, 8290644, 28964
226169, 8261690, 8290657, 28967
226171, 8261710, 8290671, 28961
226172, 8261720, 8290684, 28964
226173, 8261730, 8290698, 28968
226174, 8261740, 8290711, 28971
226175, 8261750, 8290724, 28974
226176, 8261760, 8290738, 28978
226177, 8261770, 8290751, 28981
226178, 8261780, 8290765, 28985
226179, 8261790, 8290778, 28988
226180, 8261800, 8290792, 28992
226182, 8261820, 8290805, 28985
226183, 8261830, 8290818, 28988
226184, 8261840, 8290832, 28992
226185, 8261850, 8290845, 28995
226186, 8261860, 8290859, 28999
226187, 8261870, 8290872, 29002
226188, 8261880, 8290886, 29006
226189, 8261890, 8290899, 29009
226190, 8261900, 8290913, 29013
226191, 8261910, 8290926, 29016
226193, 8261930, 8290939, 29009
226194, 8261940, 8290953, 29013
226195, 8261950, 8290966, 29016
226196, 8261960, 8290980, 29020
226197, 8261970, 8290993, 29023
226198, 8261980, 8291007, 29027
226199, 8261990, 8291020, 29030
226602, 8266020, 8291047, 25027
226603, 8266030, 8291060, 25030
226604, 8266040, 8291074, 25034
226605, 8266050, 8291087, 25037
226606, 8266060, 8291101, 25041
226607, 8266070, 8291114, 25044
226608, 8266080, 8291128, 25048
226609, 8266090, 8291141, 25051
226610, 8266100, 8291154, 25054
226612, 8266120, 8291168, 25048
226613, 8266130, 8291181, 25051
226614, 8266140, 8291195, 25055
226615, 8266150, 8291208, 25058
226616, 8266160, 8291222, 25062
226617, 8266170, 8291235, 25065
226618, 8266180, 8291249, 25069
226619, 8266190, 8291262, 25072
226620, 8266200, 8291275, 25075
226621, 8266210, 8291289, 25079
226623, 8266230, 8291302, 25072
226624, 8266240, 8291316, 25076
226625, 8266250, 8291329, 25079
226626, 8266260, 8291343, 25083
226627, 8266270, 8291356, 25086
226628, 8266280, 8291370, 25090
226629, 8266290, 8291383, 25093
226630, 8266300, 8291396, 25096
226631, 8266310, 8291410, 25100
226633, 8266330, 8291423, 25093
226634, 8266340, 8291437, 25097
226635, 8266350, 8291450, 25100
226636, 8266360, 8291464, 25104
226637, 8266370, 8291477, 25107
226638, 8266380, 8291490, 25110
226639, 8266390, 8291504, 25114
226640, 8266400, 8291517, 25117
226641, 8266410, 8291531, 25121
226642, 8266420, 8291544, 25124
226644, 8266440, 8291558, 25118
226645, 8266450, 8291571, 25121
226646, 8266460, 8291585, 25125
226647, 8266470, 8291598, 25128
226648, 8266480, 8291611, 25131
226649, 8266490, 8291625, 25135
226651, 8266510, 8291652, 25142
226652, 8266520, 8291665, 25145
226653, 8266530, 8291679, 25149
226655, 8266550, 8291692, 25142
226656, 8266560, 8291706, 25146
226657, 8266570, 8291719, 25149
226658, 8266580, 8291732, 25152
226659, 8266590, 8291746, 25156
226660, 8266600, 8291759, 25159
226661, 8266610, 8291773, 25163
226662, 8266620, 8291786, 25166
226663, 8266630, 8291800, 25170
226665, 8266650, 8291813, 25163
226666, 8266660, 8291826, 25166
226667, 8266670, 8291840, 25170
226668, 8266680, 8291853, 25173
226669, 8266690, 8291867, 25177
226670, 8266700, 8291880, 25180
226671, 8266710, 8291894, 25184
226672, 8266720, 8291907, 25187
226673, 8266730, 8291921, 25191
226674, 8266740, 8291934, 25194
226676, 8266760, 8291947, 25187
226677, 8266770, 8291961, 25191
226678, 8266780, 8291974, 25194
226679, 8266790, 8291988, 25198
226680, 8266800, 8292001, 25201
226681, 8266810, 8292015, 25205
226682, 8266820, 8292028, 25208
226683, 8266830, 8292042, 25212
226684, 8266840, 8292055, 25215
226685, 8266850, 8292068, 25218
226687, 8266870, 8292082, 25212
226688, 8266880, 8292095, 25215
226689, 8266890, 8292109, 25219
226690, 8266900, 8292122, 25222
226691, 8266910, 8292136, 25226
226692, 8266920, 8292149, 25229
226693, 8266930, 8292162, 25232
226694, 8266940, 8292176, 25236
226695, 8266950, 8292189, 25239
226697, 8266970, 8292203, 25233
226698, 8266980, 8292216, 25236
226699, 8266990, 8292230, 25240
226701, 8267010, 8292257, 25247
226702, 8267020, 8292270, 25250
226703, 8267030, 8292283, 25253
226704, 8267040, 8292297, 25257
226705, 8267050, 8292310, 25260
226706, 8267060, 8292324, 25264
226708, 8267080, 8292337, 25257
226709, 8267090, 8292351, 25261
226710, 8267100, 8292364, 25264
226711, 8267110, 8292378, 25268
226712, 8267120, 8292391, 25271
226713, 8267130, 8292404, 25274
226714, 8267140, 8292418, 25278
226715, 8267150, 8292431, 25281
226716, 8267160, 8296012, 28852
226718, 8267180, 8296026, 28846
226719, 8267190, 8296039, 28849
226720, 8267200, 8296052, 28852
226721, 8267210, 8296066, 28856
226722, 8267220, 8296079, 28859
226723, 8267230, 8296093, 28863
226724, 8267240, 8296106, 28866
226725, 8267250, 8296120, 28870
226726, 8267260, 8296133, 28873
226727, 8267270, 8296146, 28876
226729, 8267290, 8296160, 28870
226730, 8267300, 8296173, 28873
226731, 8267310, 8296187, 28877
226732, 8267320, 8296200, 28880
226733, 8267330, 8296214, 28884
226734, 8267340, 8296227, 28887
226735, 8267350, 8296241, 28891
226736, 8267360, 8296254, 28894
226737, 8267370, 8296267, 28897
226738, 8267380, 8296281, 28901
226740, 8267400, 8296294, 28894
226741, 8267410, 8296308, 28898
226742, 8267420, 8296321, 28901
226743, 8267430, 8296335, 28905
226744, 8267440, 8296348, 28908
226745, 8267450, 8296362, 28912
226746, 8267460, 8296375, 28915
226747, 8267470, 8296388, 28918
226748, 8267480, 8296402, 28922
226751, 8267510, 8296429, 28919
226752, 8267520, 8296442, 28922
226753, 8267530, 8296456, 28926
226754, 8267540, 8296469, 28929
226755, 8267550, 8296482, 28932
226756, 8267560, 8296496, 28936
226757, 8267570, 8296509, 28939
226758, 8267580, 8296523, 28943
226759, 8267590, 8296536, 28946
226761, 8267610, 8296550, 28940
226762, 8267620, 8296563, 28943
226763, 8267630, 8296577, 28947
226764, 8267640, 8296590, 28950
226765, 8267650, 8296603, 28953
226766, 8267660, 8296617, 28957
226767, 8267670, 8296630, 28960
226768, 8267680, 8296644, 28964
226769, 8267690, 8296657, 28967
226771, 8267710, 8296671, 28961
226772, 8267720, 8296684, 28964
226773, 8267730, 8296698, 28968
226774, 8267740, 8296711, 28971
226775, 8267750, 8296724, 28974
226776, 8267760, 8296738, 28978
226777, 8267770, 8296751, 28981
226778, 8267780, 8296765, 28985
226779, 8267790, 8296778, 28988
226780, 8267800, 8296792, 28992
226782, 8267820, 8296805, 28985
226783, 8267830, 8296818, 28988
226784, 8267840, 8296832, 28992
226785, 8267850, 8296845, 28995
226786, 8267860, 8296859, 28999
226787, 8267870, 8296872, 29002
226788, 8267880, 8296886, 29006
226789, 8267890, 8296899, 29009
226790, 8267900, 8296913, 29013
226791, 8267910, 8296926, 29016
226793, 8267930, 8296939, 29009
226794, 8267940, 8296953, 29013
226795, 8267950, 8296966, 29016
226796, 8267960, 8296980, 29020
226797, 8267970, 8296993, 29023
226798, 8267980, 8297007, 29027
226799, 8267990, 8297020, 29030
227202, 8272020, 8297047, 25027
227203, 8272030, 8297060, 25030
227204, 8272040, 8297074, 25034
227205, 8272050, 8297087, 25037
227206, 8272060, 8297101, 25041
227207, 8272070, 8297114, 25044
227208, 8272080, 8297128, 25048
227209, 8272090, 8297141, 25051
227210, 8272100, 8297154, 25054
227212, 8272120, 8297168, 25048
227213, 8272130, 8297181, 25051
227214, 8272140, 8297195, 25055
227215, 8272150, 8297208, 25058
227216, 8272160, 8297222, 25062
227217, 8272170, 8297235, 25065
227218, 8272180, 8297249, 25069
227219, 8272190, 8297262, 25072
227220, 8272200, 8297275, 25075
227221, 8272210, 8297289, 25079
227223, 8272230, 8297302, 25072
227224, 8272240, 8297316, 25076
227225, 8272250, 8297329, 25079
227226, 8272260, 8297343, 25083
227227, 8272270, 8297356, 25086
227228, 8272280, 8297370, 25090
227229, 8272290, 8297383, 25093
227230, 8272300, 8297396, 25096
227231, 8272310, 8297410, 25100
227233, 8272330, 8297423, 25093
227234, 8272340, 8297437, 25097
227235, 8272350, 8297450, 25100
227236, 8272360, 8297464, 25104
227237, 8272370, 8297477, 25107
227238, 8272380, 8297490, 25110
227239, 8272390, 8297504, 25114
227240, 8272400, 8297517, 25117
227241, 8272410, 8297531, 25121
227242, 8272420, 8297544, 25124
227244, 8272440, 8297558, 25118
227245, 8272450, 8297571, 25121
227246, 8272460, 8297585, 25125
227247, 8272470, 8297598, 25128
227248, 8272480, 8297611, 25131
227249, 8272490, 8297625, 25135
227251, 8272510, 8297652, 25142
227252, 8272520, 8297665, 25145
227253, 8272530, 8297679, 25149
227255, 8272550, 8297692, 25142
227256, 8272560, 8297706, 25146
227257, 8272570, 8297719, 25149
227258, 8272580, 8297732, 25152
227259, 8272590, 8297746, 25156
227260, 8272600, 8297759, 25159
227261, 8272610, 8297773, 25163
227262, 8272620, 8297786, 25166
227263, 8272630, 8297800, 25170
227265, 8272650, 8297813, 25163
227266, 8272660, 8297826, 25166
227267, 8272670, 8297840, 25170
227268, 8272680, 8297853, 25173
227269, 8272690, 8297867, 25177
227270, 8272700, 8297880, 25180
227271, 8272710, 8297894, 25184
227272, 8272720, 8297907, 25187
227273, 8272730, 8297921, 25191
227274, 8272740, 8297934, 25194
227276, 8272760, 8297947, 25187
227277, 8272770, 8297961, 25191
227278, 8272780, 8297974, 25194
227279, 8272790, 8297988, 25198
227280, 8272800, 8298001, 25201
227281, 8272810, 8298015, 25205
227282, 8272820, 8298028, 25208
227283, 8272830, 8298042, 25212
227284, 8272840, 8298055, 25215
227285, 8272850, 8298068, 25218
227287, 8272870, 8298082, 25212
227288, 8272880, 8298095, 25215
227289, 8272890, 8298109, 25219
227290, 8272900, 8298122, 25222
227291, 8272910, 8298136, 25226
227292, 8272920, 8298149, 25229
227293, 8272930, 8298162, 25232
227294, 8272940, 8298176, 25236
227295, 8272950, 8298189, 25239
227297, 8272970, 8298203, 25233
227298, 8272980, 8298216, 25236
227299, 8272990, 8298230, 25240
227301, 8273010, 8298257, 25247
227302, 8273020, 8298270, 25250
227303, 8273030, 8298283, 25253
227304, 8273040, 8298297, 25257
227305, 8273050, 8298310, 25260
227306, 8273060, 8298324, 25264
227308, 8273080, 8298337, 25257
227309, 8273090, 8298351, 25261
227310, 8273100, 8298364, 25264
227311, 8273110, 8298378, 25268
227312, 8273120, 8298391, 25271
227313, 8273130, 8298404, 25274
227314, 8273140, 8298418, 25278
227315, 8273150, 8298431, 25281
227316, 8273160, 8302012, 28852
227318, 8273180, 8302026, 28846
227319, 8273190, 8302039, 28849
227320, 8273200, 8302052, 28852
227321, 8273210, 8302066, 28856
227322, 8273220, 8302079, 28859
227323, 8273230, 8302093, 28863
227324, 8273240, 8302106, 28866
227325, 8273250, 8302120, 28870
227326, 8273260, 8302133, 28873
227327, 8273270, 8302146, 28876
227329, 8273290, 8302160, 28870
227330, 8273300, 8302173, 28873
227331, 8273310, 8302187, 28877
227332, 8273320, 8302200, 28880
227333, 8273330, 8302214, 28884
227334, 8273340, 8302227, 28887
227335, 8273350, 8302241, 28891
227336, 8273360, 8302254, 28894
227337, 8273370, 8302267, 28897
227338, 8273380, 8302281, 28901
227340, 8273400, 8302294, 28894
227341, 8273410, 8302308, 28898
227342, 8273420, 8302321, 28901
227343, 8273430, 8302335, 28905
227344, 8273440, 8302348, 28908
227345, 8273450, 8302362, 28912
227346, 8273460, 8302375, 28915
227347, 8273470, 8302388, 28918
227348, 8273480, 8302402, 28922
227351, 8273510, 8302429, 28919
227352, 8273520, 8302442, 28922
227353, 8273530, 8302456, 28926
227354, 8273540, 8302469, 28929
227355, 8273550, 8302482, 28932
227356, 8273560, 8302496, 28936
227357, 8273570, 8302509, 28939
227358, 8273580, 8302523, 28943
227359, 8273590, 8302536, 28946
227361, 8273610, 8302550, 28940
227362, 8273620, 8302563, 28943
227363, 8273630, 8302577, 28947
227364, 8273640, 8302590, 28950
227365, 8273650, 8302603, 28953
227366, 8273660, 8302617, 28957
227367, 8273670, 8302630, 28960
227368, 8273680, 8302644, 28964
227369, 8273690, 8302657, 28967
227371, 8273710, 8302671, 28961
227372, 8273720, 8302684, 28964
227373, 8273730, 8302698, 28968
227374, 8273740, 8302711, 28971
227375, 8273750, 8302724, 28974
227376, 8273760, 8302738, 28978
227377, 8273770, 8302751, 28981
227378, 8273780, 8302765, 28985
227379, 8273790, 8302778, 28988
227380, 8273800, 8302792, 28992
227382, 8273820, 8302805, 28985
227383, 8273830, 8302818, 28988
227384, 8273840, 8302832, 28992
227385, 8273850, 8302845, 28995
227386, 8273860, 8302859, 28999
227387, 8273870, 8302872, 29002
227388, 8273880, 8302886, 29006
227389, 8273890, 8302899, 29009
227390, 8273900, 8302913, 29013
227391, 8273910, 8302926, 29016
227393, 8273930, 8302939, 29009
227394, 8273940, 8302953, 29013
227395, 8273950, 8302966, 29016
227396, 8273960, 8302980, 29020
227397, 8273970, 8302993, 29023
227398, 8273980, 8303007, 29027
227399, 8273990, 8303020, 29030
227802, 8278020, 8303047, 25027
227803, 8278030, 8303060, 25030
227804, 8278040, 8303074, 25034
227805, 8278050, 8303087, 25037
227806, 8278060, 8303101, 25041
227807, 8278070, 8303114, 25044
227808, 8278080, 8303128, 25048
227809, 8278090, 8303141, 25051
227810, 8278100, 8303154, 25054
227812, 8278120, 8303168, 25048
227813, 8278130, 8303181, 25051
227814, 8278140, 8303195, 25055
227815, 8278150, 8303208, 25058
227816, 8278160, 8303222, 25062
227817, 8278170, 8303235, 25065
227818, 8278180, 8303249, 25069
227819, 8278190, 8303262, 25072
227820, 8278200, 8303275, 25075
227821, 8278210, 8303289, 25079
227823, 8278230, 8303302, 25072
227824, 8278240, 8303316, 25076
227825, 8278250, 8303329, 25079
227826, 8278260, 8303343, 25083
227827, 8278270, 8303356, 25086
227828, 8278280, 8303370, 25090
227829, 8278290, 8303383, 25093
227830, 8278300, 8303396, 25096
227831, 8278310, 8303410, 25100
227833, 8278330, 8303423, 25093
227834, 8278340, 8303437, 25097
227835, 8278350, 8303450, 25100
227836, 8278360, 8303464, 25104
227837, 8278370, 8303477, 25107
227838, 8278380, 8303490, 25110
227839, 8278390, 8303504, 25114
227840, 8278400, 8303517, 25117
227841, 8278410, 8303531, 25121
227842, 8278420, 8303544, 25124
227844, 8278440, 8303558, 25118
227845, 8278450, 8303571, 25121
227846, 8278460, 8303585, 25125
227847, 8278470, 8303598, 25128
227848, 8278480, 8303611, 25131
227849, 8278490, 8303625, 25135
227851, 8278510, 8303652, 25142
227852, 8278520, 8303665, 25145
227853, 8278530, 8303679, 25149
227855, 8278550, 8303692, 25142
227856, 8278560, 8303706, 25146
227857, 8278570, 8303719, 25149
227858, 8278580, 8303732, 25152
227859, 8278590, 8303746, 25156
227860, 8278600, 8303759, 25159
227861, 8278610, 8303773, 25163
227862, 8278620, 8303786, 25166
227863, 8278630, 8303800, 25170
227865, 8278650, 8303813, 25163
227866, 8278660, 8303826, 25166
227867, 8278670, 8303840, 25170
227868, 8278680, 8303853, 25173
227869, 8278690, 8303867, 25177
227870, 8278700, 8303880, 25180
227871, 8278710, 8303894, 25184
227872, 8278720, 8303907, 25187
227873, 8278730, 8303921, 25191
227874, 8278740, 8303934, 25194
227876, 8278760, 8303947, 25187
227877, 8278770, 8303961, 25191
227878, 8278780, 8303974, 25194
227879, 8278790, 8303988, 25198
227880, 8278800, 8304001, 25201
227881, 8278810, 8304015, 25205
227882, 8278820, 8304028, 25208
227883, 8278830, 8304042, 25212
227884, 8278840, 8304055, 25215
227885, 8278850, 8304068, 25218
227887, 8278870, 8304082, 25212
227888, 8278880, 8304095, 25215
227889, 8278890, 8304109, 25219
227890, 8278900, 8304122, 25222
227891, 8278910, 8304136, 25226
227892, 8278920, 8304149, 25229
227893, 8278930, 8304162, 25232
227894, 8278940, 8304176, 25236
227895, 8278950, 8304189, 25239
227897, 8278970, 8304203, 25233
227898, 8278980, 8304216, 25236
227899, 8278990, 8304230, 25240
227901, 8279010, 8304257, 25247
227902, 8279020, 8304270, 25250
227903, 8279030, 8304283, 25253
227904, 8279040, 8304297, 25257
227905, 8279050, 8304310, 25260
227906, 8279060, 8304324, 25264
227908, 8279080, 8304337, 25257
227909, 8279090, 8304351, 25261
227910, 8279100, 8304364, 25264
227911, 8279110, 8304378, 25268
227912, 8279120, 8304391, 25271
227913, 8279130, 8304404, 25274
227914, 8279140, 8304418, 25278
227915, 8279150, 8304431, 25281
227916, 8279160, 8308012, 28852
227918, 8279180, 8308026, 28846
227919, 8279190, 8308039, 28849
227920, 8279200, 8308052, 28852
227921, 8279210, 8308066, 28856
227922, 8279220, 8308079, 28859
227923, 8279230, 8308093, 28863
227924, 8279240, 8308106, 28866
227925, 8279250, 8308120, 28870
227926, 8279260, 8308133, 28873
227927, 8279270, 8308146, 28876
227929, 8279290, 8308160, 28870
227930, 8279300, 8308173, 28873
227931, 8279310, 8308187, 28877
227932, 8279320, 8308200, 28880
227933, 8279330, 8308214, 28884
227934, 8279340, 8308227, 28887
227935, 8279350, 8308241, 28891
227936, 8279360, 8308254, 28894
227937, 8279370, 8308267, 28897
227938, 8279380, 8308281, 28901
227940, 8279400, 8308294, 28894
227941, 8279410, 8308308, 28898
227942, 8279420, 8308321, 28901
227943, 8279430, 8308335, 28905
227944, 8279440, 8308348, 28908
227945, 8279450, 8308362, 28912
227946, 8279460, 8308375, 28915
227947, 8279470, 8308388, 28918
227948, 8279480, 8308402, 28922
227951, 8279510, 8308429, 28919
227952, 8279520, 8308442, 28922
227953, 8279530, 8308456, 28926
227954, 8279540, 8308469, 28929
227955, 8279550, 8308482, 28932
227956, 8279560, 8308496, 28936
227957, 8279570, 8308509, 28939
227958, 8279580, 8308523, 28943
227959, 8279590, 8308536, 28946
227961, 8279610, 8308550, 28940
227962, 8279620, 8308563, 28943
227963, 8279630, 8308577, 28947
227964, 8279640, 8308590, 28950
227965, 8279650, 8308603, 28953
227966, 8279660, 8308617, 28957
227967, 8279670, 8308630, 28960
227968, 8279680, 8308644, 28964
227969, 8279690, 8308657, 28967
227971, 8279710, 8308671, 28961
227972, 8279720, 8308684, 28964
227973, 8279730, 8308698, 28968
227974, 8279740, 8308711, 28971
227975, 8279750, 8308724, 28974
227976, 8279760, 8308738, 28978
227977, 8279770, 8308751, 28981
227978, 8279780, 8308765, 28985
227979, 8279790, 8308778, 28988
227980, 8279800, 8308792, 28992
227982, 8279820, 8308805, 28985
227983, 8279830, 8308818, 28988
227984, 8279840, 8308832, 28992
227985, 8279850, 8308845, 28995
227986, 8279860, 8308859, 28999
227987, 8279870, 8308872, 29002
227988, 8279880, 8308886, 29006
227989, 8279890, 8308899, 29009
227990, 8279900, 8308913, 29013
227991, 8279910, 8308926, 29016
227993, 8279930, 8308939, 29009
227994, 8279940, 8308953, 29013
227995, 8279950, 8308966, 29016
227996, 8279960, 8308980, 29020
227997, 8279970, 8308993, 29023
227998, 8279980, 8309007, 29027
227999, 8279990, 8309020, 29030
228402, 8284020, 8309047, 25027
228403, 8284030, 8309060, 25030
228404, 8284040, 8309074, 25034
228405, 8284050, 8309087, 25037
228406, 8284060, 8309101, 25041
228407, 8284070, 8309114, 25044
228408, 8284080, 8309128, 25048
228409, 8284090, 8309141, 25051
228410, 8284100, 8309154, 25054
228412, 8284120, 8309168, 25048
228413, 8284130, 8309181, 25051
228414, 8284140, 8309195, 25055
228415, 8284150, 8309208, 25058
228416, 8284160, 8309222, 25062
228417, 8284170, 8309235, 25065
228418, 8284180, 8309249, 25069
228419, 8284190, 8309262, 25072
228420, 8284200, 8309275, 25075
228421, 8284210, 8309289, 25079
228423, 8284230, 8309302, 25072
228424, 8284240, 8309316, 25076
228425, 8284250, 8309329, 25079
228426, 8284260, 8309343, 25083
228427, 8284270, 8309356, 25086
228428, 8284280, 8309370, 25090
228429, 8284290, 8309383, 25093
228430, 8284300, 8309396, 25096
228431, 8284310, 8309410, 25100
228433, 8284330, 8309423, 25093
228434, 8284340, 8309437, 25097
228435, 8284350, 8309450, 25100
228436, 8284360, 8309464, 25104
228437, 8284370, 8309477, 25107
228438, 8284380, 8309490, 25110
228439, 8284390, 8309504, 25114
228440, 8284400, 8309517, 25117
228441, 8284410, 8309531, 25121
228442, 8284420, 8309544, 25124
228444, 8284440, 8309558, 25118
228445, 8284450, 8309571, 25121
228446, 8284460, 8309585, 25125
228447, 8284470, 8309598, 25128
228448, 8284480, 8309611, 25131
228449, 8284490, 8309625, 25135
228451, 8284510, 8309652, 25142
228452, 8284520, 8309665, 25145
228453, 8284530, 8309679, 25149
228455, 8284550, 8309692, 25142
228456, 8284560, 8309706, 25146
228457, 8284570, 8309719, 25149
228458, 8284580, 8309732, 25152
228459, 8284590, 8309746, 25156
228460, 8284600, 8309759, 25159
228461, 8284610, 8309773, 25163
228462, 8284620, 8309786, 25166
228463, 8284630, 8309800, 25170
228465, 8284650, 8309813, 25163
228466, 8284660, 8309826, 25166
228467, 8284670, 8309840, 25170
228468, 8284680, 8309853, 25173
228469, 8284690, 8309867, 25177
228470, 8284700, 8309880, 25180
228471, 8284710, 8309894, 25184
228472, 8284720, 8309907, 25187
228473, 8284730, 8309921, 25191
228474, 8284740, 8309934, 25194
228476, 8284760, 8309947, 25187
228477, 8284770, 8309961, 25191
228478, 8284780, 8309974, 25194
228479, 8284790, 8309988, 25198
228480, 8284800, 8310001, 25201
228481, 8284810, 8310015, 25205
228482, 8284820, 8310028, 25208
228483, 8284830, 8310042, 25212
228484, 8284840, 8310055, 25215
228485, 8284850, 8310068, 25218
228487, 8284870, 8310082, 25212
228488, 8284880, 8310095, 25215
228489, 8284890, 8310109, 25219
228490, 8284900, 8310122, 25222
228491, 8284910, 8310136, 25226
228492, 8284920, 8310149, 25229
228493, 8284930, 8310162, 25232
228494, 8284940, 8310176, 25236
228495, 8284950, 8310189, 25239
228497, 8284970, 8310203, 25233
228498, 8284980, 8310216, 25236
228499, 8284990, 8310230, 25240
228501, 8285010, 8310257, 25247
228502, 8285020, 8310270, 25250
228503, 8285030, 8310283, 25253
228504, 8285040, 8310297, 25257
228505, 8285050, 8310310, 25260
228506, 8285060, 8310324, 25264
228508, 8285080, 8310337, 25257
228509, 8285090, 8310351, 25261
228510, 8285100, 8310364, 25264
228511, 8285110, 8310378, 25268
228512, 8285120, 8310391, 25271
228513, 8285130, 8310404, 25274
228514, 8285140, 8310418, 25278
228515, 8285150, 8310431, 25281
228516, 8285160, 8314012, 28852
228517, 8285170, 8314026, 28856
228519, 8285190, 8314039, 28849
228520, 8285200, 8314052, 28852
228521, 8285210, 8314066, 28856
228522, 8285220, 8314079, 28859
228523, 8285230, 8314093, 28863
228524, 8285240, 8314106, 28866
228525, 8285250, 8314120, 28870
228526, 8285260, 8314133, 28873
228527, 8285270, 8314146, 28876
228529, 8285290, 8314160, 28870
228530, 8285300, 8314173, 28873
228531, 8285310, 8314187, 28877
228532, 8285320, 8314200, 28880
228533, 8285330, 8314214, 28884
228534, 8285340, 8314227, 28887
228535, 8285350, 8314241, 28891
228536, 8285360, 8314254, 28894
228537, 8285370, 8314267, 28897
228538, 8285380, 8314281, 28901
228540, 8285400, 8314294, 28894
228541, 8285410, 8314308, 28898
228542, 8285420, 8314321, 28901
228543, 8285430, 8314335, 28905
228544, 8285440, 8314348, 28908
228545, 8285450, 8314362, 28912
228546, 8285460, 8314375, 28915
228547, 8285470, 8314388, 28918
228548, 8285480, 8314402, 28922
228551, 8285510, 8314429, 28919
228552, 8285520, 8314442, 28922
228553, 8285530, 8314456, 28926
228554, 8285540, 8314469, 28929
228555, 8285550, 8314482, 28932
228556, 8285560, 8314496, 28936
228557, 8285570, 8314509, 28939
228558, 8285580, 8314523, 28943
228559, 8285590, 8314536, 28946
228561, 8285610, 8314550, 28940
228562, 8285620, 8314563, 28943
228563, 8285630, 8314577, 28947
228564, 8285640, 8314590, 28950
228565, 8285650, 8314603, 28953
228566, 8285660, 8314617, 28957
228567, 8285670, 8314630, 28960
228568, 8285680, 8314644, 28964
228569, 8285690, 8314657, 28967
228570, 8285700, 8314671, 28971
228572, 8285720, 8314684, 28964
228573, 8285730, 8314698, 28968
228574, 8285740, 8314711, 28971
228575, 8285750, 8314724, 28974
228576, 8285760, 8314738, 28978
228577, 8285770, 8314751, 28981
228578, 8285780, 8314765, 28985
228579, 8285790, 8314778, 28988
228580, 8285800, 8314792, 28992
228582, 8285820, 8314805, 28985
228583, 8285830, 8314818, 28988
228584, 8285840, 8314832, 28992
228585, 8285850, 8314845, 28995
228586, 8285860, 8314859, 28999
228587, 8285870, 8314872, 29002
228588, 8285880, 8314886, 29006
228589, 8285890, 8314899, 29009
228590, 8285900, 8314913, 29013
228591, 8285910, 8314926, 29016
228593, 8285930, 8314939, 29009
228594, 8285940, 8314953, 29013
228595, 8285950, 8314966, 29016
228596, 8285960, 8314980, 29020
228597, 8285970, 8314993, 29023
228598, 8285980, 8315007, 29027
228599, 8285990, 8315020, 29030
229002, 8290020, 8315047, 25027
229003, 8290030, 8315060, 25030
229004, 8290040, 8315074, 25034
229005, 8290050, 8315087, 25037
229006, 8290060, 8315101, 25041
229007, 8290070, 8315114, 25044
229008, 8290080, 8315127, 25047
229009, 8290090, 8315141, 25051
229010, 8290100, 8315154, 25054
229012, 8290120, 8315168, 25048
229013, 8290130, 8315181, 25051
229014, 8290140, 8315195, 25055
229015, 8290150, 8315208, 25058
229016, 8290160, 8315222, 25062
229017, 8290170, 8315235, 25065
229018, 8290180, 8315248, 25068
229019, 8290190, 8315262, 25072
229020, 8290200, 8315275, 25075
229021, 8290210, 8315289, 25079
229023, 8290230, 8315302, 25072
229024, 8290240, 8315316, 25076
229025, 8290250, 8315329, 25079
229026, 8290260, 8315342, 25082
229027, 8290270, 8315356, 25086
229028, 8290280, 8315369, 25089
229029, 8290290, 8315383, 25093
229030, 8290300, 8315396, 25096
229031, 8290310, 8315410, 25100
229033, 8290330, 8315423, 25093
229034, 8290340, 8315437, 25097
229035, 8290350, 8315450, 25100
229036, 8290360, 8315463, 25103
229037, 8290370, 8315477, 25107
229038, 8290380, 8315490, 25110
229039, 8290390, 8315504, 25114
229040, 8290400, 8315517, 25117
229041, 8290410, 8315531, 25121
229042, 8290420, 8315544, 25124
229044, 8290440, 8315558, 25118
229045, 8290450, 8315571, 25121
229046, 8290460, 8315584, 25124
229047, 8290470, 8315598, 25128
229048, 8290480, 8315611, 25131
229049, 8290490, 8315625, 25135
229051, 8290510, 8315652, 25142
229052, 8290520, 8315665, 25145
229053, 8290530, 8315678, 25148
229055, 8290550, 8315692, 25142
229056, 8290560, 8315705, 25145
229057, 8290570, 8315719, 25149
229058, 8290580, 8315732, 25152
229059, 8290590, 8315746, 25156
229060, 8290600, 8315759, 25159
229061, 8290610, 8315773, 25163
229062, 8290620, 8315786, 25166
229063, 8290630, 8315799, 25169
229065, 8290650, 8315813, 25163
229066, 8290660, 8315826, 25166
229067, 8290670, 8315840, 25170
229068, 8290680, 8315853, 25173
229069, 8290690, 8315867, 25177
229070, 8290700, 8315880, 25180
229071, 8290710, 8315894, 25184
229072, 8290720, 8315907, 25187
229073, 8290730, 8315920, 25190
229074, 8290740, 8315934, 25194
229076, 8290760, 8315947, 25187
229077, 8290770, 8315961, 25191
229078, 8290780, 8315974, 25194
229079, 8290790, 8315988, 25198
229080, 8290800, 8316001, 25201
229081, 8290810, 8316014, 25204
229082, 8290820, 8316028, 25208
229083, 8290830, 8316041, 25211
229084, 8290840, 8316055, 25215
229085, 8290850, 8316068, 25218
229087, 8290870, 8316082, 25212
229088, 8290880, 8316095, 25215
229089, 8290890, 8316109, 25219
229090, 8290900, 8316122, 25222
229091, 8290910, 8316135, 25225
229092, 8290920, 8316149, 25229
229093, 8290930, 8316162, 25232
229094, 8290940, 8316176, 25236
229095, 8290950, 8316189, 25239
229097, 8290970, 8316203, 25233
229098, 8290980, 8316216, 25236
229099, 8290990, 8316230, 25240
229101, 8291010, 8316256, 25246
229102, 8291020, 8316270, 25250
229103, 8291030, 8316283, 25253
229104, 8291040, 8316297, 25257
229105, 8291050, 8316310, 25260
229106, 8291060, 8316324, 25264
229108, 8291080, 8316337, 25257
229109, 8291090, 8316350, 25260
229110, 8291100, 8316364, 25264
229111, 8291110, 8316377, 25267
229112, 8291120, 8316391, 25271
229113, 8291130, 8316404, 25274
229114, 8291140, 8316418, 25278
229115, 8291150, 8316431, 25281
229116, 8291160, 8320012, 28852
229118, 8291180, 8320026, 28846
229119, 8291190, 8320039, 28849
229120, 8291200, 8320052, 28852
229121, 8291210, 8320066, 28856
229122, 8291220, 8320079, 28859
229123, 8291230, 8320093, 28863
229124, 8291240, 8320106, 28866
229125, 8291250, 8320120, 28870
229126, 8291260, 8320133, 28873
229127, 8291270, 8320146, 28876
229129, 8291290, 8320160, 28870
229130, 8291300, 8320173, 28873
229131, 8291310, 8320187, 28877
229132, 8291320, 8320200, 28880
229133, 8291330, 8320214, 28884
229134, 8291340, 8320227, 28887
229135, 8291350, 8320241, 28891
229136, 8291360, 8320254, 28894
229137, 8291370, 8320267, 28897
229138, 8291380, 8320281, 28901
229140, 8291400, 8320294, 28894
229141, 8291410, 8320308, 28898
229142, 8291420, 8320321, 28901
229143, 8291430, 8320335, 28905
229144, 8291440, 8320348, 28908
229145, 8291450, 8320362, 28912
229146, 8291460, 8320375, 28915
229147, 8291470, 8320388, 28918
229148, 8291480, 8320402, 28922
229151, 8291510, 8320429, 28919
229152, 8291520, 8320442, 28922
229153, 8291530, 8320456, 28926
229154, 8291540, 8320469, 28929
229155, 8291550, 8320482, 28932
229156, 8291560, 8320496, 28936
229157, 8291570, 8320509, 28939
229158, 8291580, 8320523, 28943
229159, 8291590, 8320536, 28946
229161, 8291610, 8320550, 28940
229162, 8291620, 8320563, 28943
229163, 8291630, 8320577, 28947
229164, 8291640, 8320590, 28950
229165, 8291650, 8320603, 28953
229166, 8291660, 8320617, 28957
229167, 8291670, 8320630, 28960
229168, 8291680, 8320644, 28964
229169, 8291690, 8320657, 28967
229171, 8291710, 8320671, 28961
229172, 8291720, 8320684, 28964
229173, 8291730, 8320698, 28968
229174, 8291740, 8320711, 28971
229175, 8291750, 8320724, 28974
229176, 8291760, 8320738, 28978
229177, 8291770, 8320751, 28981
229178, 8291780, 8320765, 28985
229179, 8291790, 8320778, 28988
229180, 8291800, 8320792, 28992
229182, 8291820, 8320805, 28985
229183, 8291830, 8320818, 28988
229184, 8291840, 8320832, 28992
229185, 8291850, 8320845, 28995
229186, 8291860, 8320859, 28999
229187, 8291870, 8320872, 29002
229188, 8291880, 8320886, 29006
229189, 8291890, 8320899, 29009
229190, 8291900, 8320913, 29013
229191, 8291910, 8320926, 29016
229193, 8291930, 8320939, 29009
229194, 8291940, 8320953, 29013
229195, 8291950, 8320966, 29016
229196, 8291960, 8320980, 29020
229197, 8291970, 8320993, 29023
229198, 8291980, 8321007, 29027
229199, 8291990, 8321020, 29030
229602, 8296020, 8321047, 25027
229603, 8296030, 8321060, 25030
229604, 8296040, 8321074, 25034
229605, 8296050, 8321087, 25037
229606, 8296060, 8321101, 25041
229607, 8296070, 8321114, 25044
229608, 8296080, 8321128, 25048
229609, 8296090, 8321141, 25051
229610, 8296100, 8321154, 25054
229612, 8296120, 8321168, 25048
229613, 8296130, 8321181, 25051
229614, 8296140, 8321195, 25055
229615, 8296150, 8321208, 25058
229616, 8296160, 8321222, 25062
229617, 8296170, 8321235, 25065
229618, 8296180, 8321249, 25069
229619, 8296190, 8321262, 25072
229620, 8296200, 8321275, 25075
229621, 8296210, 8321289, 25079
229623, 8296230, 8321302, 25072
229624, 8296240, 8321316, 25076
229625, 8296250, 8321329, 25079
229626, 8296260, 8321343, 25083
229627, 8296270, 8321356, 25086
229628, 8296280, 8321370, 25090
229629, 8296290, 8321383, 25093
229630, 8296300, 8321396, 25096
229631, 8296310, 8321410, 25100
229633, 8296330, 8321423, 25093
229634, 8296340, 8321437, 25097
229635, 8296350, 8321450, 25100
229636, 8296360, 8321464, 25104
229637, 8296370, 8321477, 25107
229638, 8296380, 8321490, 25110
229639, 8296390, 8321504, 25114
229640, 8296400, 8321517, 25117
229641, 8296410, 8321531, 25121
229642, 8296420, 8321544, 25124
229644, 8296440, 8321558, 25118
229645, 8296450, 8321571, 25121
229646, 8296460, 8321585, 25125
229647, 8296470, 8321598, 25128
229648, 8296480, 8321611, 25131
229649, 8296490, 8321625, 25135
229651, 8296510, 8321652, 25142
229652, 8296520, 8321665, 25145
229653, 8296530, 8321679, 25149
229655, 8296550, 8321692, 25142
229656, 8296560, 8321706, 25146
229657, 8296570, 8321719, 25149
229658, 8296580, 8321732, 25152
229659, 8296590, 8321746, 25156
229660, 8296600, 8321759, 25159
229661, 8296610, 8321773, 25163
229662, 8296620, 8321786, 25166
229663, 8296630, 8321800, 25170
229665, 8296650, 8321813, 25163
229666, 8296660, 8321826, 25166
229667, 8296670, 8321840, 25170
229668, 8296680, 8321853, 25173
229669, 8296690, 8321867, 25177
229670, 8296700, 8321880, 25180
229671, 8296710, 8321894, 25184
229672, 8296720, 8321907, 25187
229673, 8296730, 8321921, 25191
229674, 8296740, 8321934, 25194
229676, 8296760, 8321947, 25187
229677, 8296770, 8321961, 25191
229678, 8296780, 8321974, 25194
229679, 8296790, 8321988, 25198
229680, 8296800, 8322001, 25201
229681, 8296810, 8322015, 25205
229682, 8296820, 8322028, 25208
229683, 8296830, 8322042, 25212
229684, 8296840, 8322055, 25215
229685, 8296850, 8322068, 25218
229687, 8296870, 8322082, 25212
229688, 8296880, 8322095, 25215
229689, 8296890, 8322109, 25219
229690, 8296900, 8322122, 25222
229691, 8296910, 8322136, 25226
229692, 8296920, 8322149, 25229
229693, 8296930, 8322162, 25232
229694, 8296940, 8322176, 25236
229695, 8296950, 8322189, 25239
229697, 8296970, 8322203, 25233
229698, 8296980, 8322216, 25236
229699, 8296990, 8322230, 25240
229701, 8297010, 8322257, 25247
229702, 8297020, 8322270, 25250
229703, 8297030, 8322283, 25253
229704, 8297040, 8322297, 25257
229705, 8297050, 8322310, 25260
229706, 8297060, 8322324, 25264
229708, 8297080, 8322337, 25257
229709, 8297090, 8322351, 25261
229710, 8297100, 8322364, 25264
229711, 8297110, 8322378, 25268
229712, 8297120, 8322391, 25271
229713, 8297130, 8322404, 25274
229714, 8297140, 8322418, 25278
229715, 8297150, 8322431, 25281
229716, 8297160, 8326012, 28852
229718, 8297180, 8326026, 28846
229719, 8297190, 8326039, 28849
229720, 8297200, 8326052, 28852
229721, 8297210, 8326066, 28856
229722, 8297220, 8326079, 28859
229723, 8297230, 8326093, 28863
229724, 8297240, 8326106, 28866
229725, 8297250, 8326120, 28870
229726, 8297260, 8326133, 28873
229727, 8297270, 8326146, 28876
229729, 8297290, 8326160, 28870
229730, 8297300, 8326173, 28873
229731, 8297310, 8326187, 28877
229732, 8297320, 8326200, 28880
229733, 8297330, 8326214, 28884
229734, 8297340, 8326227, 28887
229735, 8297350, 8326241, 28891
229736, 8297360, 8326254, 28894
229737, 8297370, 8326267, 28897
229738, 8297380, 8326281, 28901
229740, 8297400, 8326294, 28894
229741, 8297410, 8326308, 28898
229742, 8297420, 8326321, 28901
229743, 8297430, 8326335, 28905
229744, 8297440, 8326348, 28908
229745, 8297450, 8326362, 28912
229746, 8297460, 8326375, 28915
229747, 8297470, 8326388, 28918
229748, 8297480, 8326402, 28922
229751, 8297510, 8326429, 28919
229752, 8297520, 8326442, 28922
229753, 8297530, 8326456, 28926
229754, 8297540, 8326469, 28929
229755, 8297550, 8326482, 28932
229756, 8297560, 8326496, 28936
229757, 8297570, 8326509, 28939
229758, 8297580, 8326523, 28943
229759, 8297590, 8326536, 28946
229761, 8297610, 8326550, 28940
229762, 8297620, 8326563, 28943
229763, 8297630, 8326577, 28947
229764, 8297640, 8326590, 28950
229765, 8297650, 8326603, 28953
229766, 8297660, 8326617, 28957
229767, 8297670, 8326630, 28960
229768, 8297680, 8326644, 28964
229769, 8297690, 8326657, 28967
229771, 8297710, 8326671, 28961
229772, 8297720, 8326684, 28964
229773, 8297730, 8326698, 28968
229774, 8297740, 8326711, 28971
229775, 8297750, 8326724, 28974
229776, 8297760, 8326738, 28978
229777, 8297770, 8326751, 28981
229778, 8297780, 8326765, 28985
229779, 8297790, 8326778, 28988
229780, 8297800, 8326792, 28992
229782, 8297820, 8326805, 28985
229783, 8297830, 8326818, 28988
229784, 8297840, 8326832, 28992
229785, 8297850, 8326845, 28995
229786, 8297860, 8326859, 28999
229787, 8297870, 8326872, 29002
229788, 8297880, 8326886, 29006
229789, 8297890, 8326899, 29009
229790, 8297900, 8326913, 29013
229791, 8297910, 8326926, 29016
229793, 8297930, 8326939, 29009
229794, 8297940, 8326953, 29013
229795, 8297950, 8326966, 29016
229796, 8297960, 8326980, 29020
229797, 8297970, 8326993, 29023
229798, 8297980, 8327007, 29027
229799, 8297990, 8327020, 29030
230202, 8302020, 8327047, 25027
230203, 8302030, 8327060, 25030
230204, 8302040, 8327074, 25034
230205, 8302050, 8327087, 25037
230206, 8302060, 8327101, 25041
230207, 8302070, 8327114, 25044
230208, 8302080, 8327128, 25048
230209, 8302090, 8327141, 25051
230210, 8302100, 8327154, 25054
230212, 8302120, 8327168, 25048
230213, 8302130, 8327181, 25051
230214, 8302140, 8327195, 25055
230215, 8302150, 8327208, 25058
230216, 8302160, 8327222, 25062
230217, 8302170, 8327235, 25065
230218, 8302180, 8327249, 25069
230219, 8302190, 8327262, 25072
230220, 8302200, 8327275, 25075
230221, 8302210, 8327289, 25079
230223, 8302230, 8327302, 25072
230224, 8302240, 8327316, 25076
230225, 8302250, 8327329, 25079
230226, 8302260, 8327343, 25083
230227, 8302270, 8327356, 25086
230228, 8302280, 8327370, 25090
230229, 8302290, 8327383, 25093
230230, 8302300, 8327396, 25096
230231, 8302310, 8327410, 25100
230233, 8302330, 8327423, 25093
230234, 8302340, 8327437, 25097
230235, 8302350, 8327450, 25100
230236, 8302360, 8327464, 25104
230237, 8302370, 8327477, 25107
230238, 8302380, 8327490, 25110
230239, 8302390, 8327504, 25114
230240, 8302400, 8327517, 25117
230241, 8302410, 8327531, 25121
230242, 8302420, 8327544, 25124
230244, 8302440, 8327558, 25118
230245, 8302450, 8327571, 25121
230246, 8302460, 8327585, 25125
230247, 8302470, 8327598, 25128
230248, 8302480, 8327611, 25131
230249, 8302490, 8327625, 25135
230251, 8302510, 8327652, 25142
230252, 8302520, 8327665, 25145
230253, 8302530, 8327679, 25149
230255, 8302550, 8327692, 25142
230256, 8302560, 8327706, 25146
230257, 8302570, 8327719, 25149
230258, 8302580, 8327732, 25152
230259, 8302590, 8327746, 25156
230260, 8302600, 8327759, 25159
230261, 8302610, 8327773, 25163
230262, 8302620, 8327786, 25166
230263, 8302630, 8327800, 25170
230265, 8302650, 8327813, 25163
230266, 8302660, 8327826, 25166
230267, 8302670, 8327840, 25170
230268, 8302680, 8327853, 25173
230269, 8302690, 8327867, 25177
230270, 8302700, 8327880, 25180
230271, 8302710, 8327894, 25184
230272, 8302720, 8327907, 25187
230273, 8302730, 8327921, 25191
230274, 8302740, 8327934, 25194
230276, 8302760, 8327947, 25187
230277, 8302770, 8327961, 25191
230278, 8302780, 8327974, 25194
230279, 8302790, 8327988, 25198
230280, 8302800, 8328001, 25201
230281, 8302810, 8328015, 25205
230282, 8302820, 8328028, 25208
230283, 8302830, 8328042, 25212
230284, 8302840, 8328055, 25215
230285, 8302850, 8328068, 25218
230287, 8302870, 8328082, 25212
230288, 8302880, 8328095, 25215
230289, 8302890, 8328109, 25219
230290, 8302900, 8328122, 25222
230291, 8302910, 8328136, 25226
230292, 8302920, 8328149, 25229
230293, 8302930, 8328162, 25232
230294, 8302940, 8328176, 25236
230295, 8302950, 8328189, 25239
230297, 8302970, 8328203, 25233
230298, 8302980, 8328216, 25236
230299, 8302990, 8328230, 25240
230301, 8303010, 8328257, 25247
230302, 8303020, 8328270, 25250
230303, 8303030, 8328283, 25253
230304, 8303040, 8328297, 25257
230305, 8303050, 8328310, 25260
230306, 8303060, 8328324, 25264
230308, 8303080, 8328337, 25257
230309, 8303090, 8328351, 25261
230310, 8303100, 8328364, 25264
230311, 8303110, 8328378, 25268
230312, 8303120, 8328391, 25271
230313, 8303130, 8328404, 25274
230314, 8303140, 8328418, 25278
230315, 8303150, 8328431, 25281
230316, 8303160, 8332012, 28852
230318, 8303180, 8332026, 28846
230319, 8303190, 8332039, 28849
230320, 8303200, 8332052, 28852
230321, 8303210, 8332066, 28856
230322, 8303220, 8332079, 28859
230323, 8303230, 8332093, 28863
230324, 8303240, 8332106, 28866
230325, 8303250, 8332120, 28870
230326, 8303260, 8332133, 28873
230327, 8303270, 8332146, 28876
230329, 8303290, 8332160, 28870
230330, 8303300, 8332173, 28873
230331, 8303310, 8332187, 28877
230332, 8303320, 8332200, 28880
230333, 8303330, 8332214, 28884
230334, 8303340, 8332227, 28887
230335, 8303350, 8332241, 28891
230336, 8303360, 8332254, 28894
230337, 8303370, 8332267, 28897
230338, 8303380, 8332281, 28901
230340, 8303400, 8332294, 28894
230341, 8303410, 8332308, 28898
230342, 8303420, 8332321, 28901
230343, 8303430, 8332335, 28905
230344, 8303440, 8332348, 28908
230345, 8303450, 8332362, 28912
230346, 8303460, 8332375, 28915
230347, 8303470, 8332388, 28918
230348, 8303480, 8332402, 28922
230351, 8303510, 8332429, 28919
230352, 8303520, 8332442, 28922
230353, 8303530, 8332456, 28926
230354, 8303540, 8332469, 28929
230355, 8303550, 8332482, 28932
230356, 8303560, 8332496, 28936
230357, 8303570, 8332509, 28939
230358, 8303580, 8332523, 28943
230359, 8303590, 8332536, 28946
230361, 8303610, 8332550, 28940
230362, 8303620, 8332563, 28943
230363, 8303630, 8332577, 28947
230364, 8303640, 8332590, 28950
230365, 8303650, 8332603, 28953
230366, 8303660, 8332617, 28957
230367, 8303670, 8332630, 28960
230368, 8303680, 8332644, 28964
230369, 8303690, 8332657, 28967
230371, 8303710, 8332671, 28961
230372, 8303720, 8332684, 28964
230373, 8303730, 8332698, 28968
230374, 8303740, 8332711, 28971
230375, 8303750, 8332724, 28974
230376, 8303760, 8332738, 28978
230377, 8303770, 8332751, 28981
230378, 8303780, 8332765, 28985
230379, 8303790, 8332778, 28988
230380, 8303800, 8332792, 28992
230382, 8303820, 8332805, 28985
230383, 8303830, 8332818, 28988
230384, 8303840, 8332832, 28992
230385, 8303850, 8332845, 28995
230386, 8303860, 8332859, 28999
230387, 8303870, 8332872, 29002
230388, 8303880, 8332886, 29006
230389, 8303890, 8332899, 29009
230390, 8303900, 8332913, 29013
230391, 8303910, 8332926, 29016
230393, 8303930, 8332939, 29009
230394, 8303940, 8332953, 29013
230395, 8303950, 8332966, 29016
230396, 8303960, 8332980, 29020
230397, 8303970, 8332993, 29023
230398, 8303980, 8333007, 29027
230399, 8303990, 8333020, 29030
230802, 8308020, 8333047, 25027
230803, 8308030, 8333060, 25030
230804, 8308040, 8333074, 25034
230805, 8308050, 8333087, 25037
230806, 8308060, 8333101, 25041
230807, 8308070, 8333114, 25044
230808, 8308080, 8333128, 25048
230809, 8308090, 8333141, 25051
230810, 8308100, 8333154, 25054
230812, 8308120, 8333168, 25048
230813, 8308130, 8333181, 25051
230814, 8308140, 8333195, 25055
230815, 8308150, 8333208, 25058
230816, 8308160, 8333222, 25062
230817, 8308170, 8333235, 25065
230818, 8308180, 8333249, 25069
230819, 8308190, 8333262, 25072
230820, 8308200, 8333275, 25075
230821, 8308210, 8333289, 25079
230823, 8308230, 8333302, 25072
230824, 8308240, 8333316, 25076
230825, 8308250, 8333329, 25079
230826, 8308260, 8333343, 25083
230827, 8308270, 8333356, 25086
230828, 8308280, 8333370, 25090
230829, 8308290, 8333383, 25093
230830, 8308300, 8333396, 25096
230831, 8308310, 8333410, 25100
230833, 8308330, 8333423, 25093
230834, 8308340, 8333437, 25097
230835, 8308350, 8333450, 25100
230836, 8308360, 8333464, 25104
230837, 8308370, 8333477, 25107
230838, 8308380, 8333490, 25110
230839, 8308390, 8333504, 25114
230840, 8308400, 8333517, 25117
230841, 8308410, 8333531, 25121
230842, 8308420, 8333544, 25124
230844, 8308440, 8333558, 25118
230845, 8308450, 8333571, 25121
230846, 8308460, 8333585, 25125
230847, 8308470, 8333598, 25128
230848, 8308480, 8333611, 25131
230849, 8308490, 8333625, 25135
230851, 8308510, 8333652, 25142
230852, 8308520, 8333665, 25145
230853, 8308530, 8333679, 25149
230855, 8308550, 8333692, 25142
230856, 8308560, 8333706, 25146
230857, 8308570, 8333719, 25149
230858, 8308580, 8333732, 25152
230859, 8308590, 8333746, 25156
230860, 8308600, 8333759, 25159
230861, 8308610, 8333773, 25163
230862, 8308620, 8333786, 25166
230863, 8308630, 8333800, 25170
230865, 8308650, 8333813, 25163
230866, 8308660, 8333826, 25166
230867, 8308670, 8333840, 25170
230868, 8308680, 8333853, 25173
230869, 8308690, 8333867, 25177
230870, 8308700, 8333880, 25180
230871, 8308710, 8333894, 25184
230872, 8308720, 8333907, 25187
230873, 8308730, 8333921, 25191
230874, 8308740, 8333934, 25194
230876, 8308760, 8333947, 25187
230877, 8308770, 8333961, 25191
230878, 8308780, 8333974, 25194
230879, 8308790, 8333988, 25198
230880, 8308800, 8334001, 25201
230881, 8308810, 8334015, 25205
230882, 8308820, 8334028, 25208
230883, 8308830, 8334042, 25212
230884, 8308840, 8334055, 25215
230885, 8308850, 8334068, 25218
230887, 8308870, 8334082, 25212
230888, 8308880, 8334095, 25215
230889, 8308890, 8334109, 25219
230890, 8308900, 8334122, 25222
230891, 8308910, 8334136, 25226
230892, 8308920, 8334149, 25229
230893, 8308930, 8334162, 25232
230894, 8308940, 8334176, 25236
230895, 8308950, 8334189, 25239
230897, 8308970, 8334203, 25233
230898, 8308980, 8334216, 25236
230899, 8308990, 8334230, 25240
230901, 8309010, 8334257, 25247
230902, 8309020, 8334270, 25250
230903, 8309030, 8334283, 25253
230904, 8309040, 8334297, 25257
230905, 8309050, 8334310, 25260
230906, 8309060, 8334324, 25264
230908, 8309080, 8334337, 25257
230909, 8309090, 8334351, 25261
230910, 8309100, 8334364, 25264
230911, 8309110, 8334378, 25268
230912, 8309120, 8334391, 25271
230913, 8309130, 8334404, 25274
230914, 8309140, 8334418, 25278
230915, 8309150, 8334431, 25281
230916, 8309160, 8338012, 28852
230918, 8309180, 8338026, 28846
230919, 8309190, 8338039, 28849
230920, 8309200, 8338052, 28852
230921, 8309210, 8338066, 28856
230922, 8309220, 8338079, 28859
230923, 8309230, 8338093, 28863
230924, 8309240, 8338106, 28866
230925, 8309250, 8338120, 28870
230926, 8309260, 8338133, 28873
230927, 8309270, 8338146, 28876
230929, 8309290, 8338160, 28870
230930, 8309300, 8338173, 28873
230931, 8309310, 8338187, 28877
230932, 8309320, 8338200, 28880
230933, 8309330, 8338214, 28884
230934, 8309340, 8338227, 28887
230935, 8309350, 8338241, 28891
230936, 8309360, 8338254, 28894
230937, 8309370, 8338267, 28897
230938, 8309380, 8338281, 28901
230940, 8309400, 8338294, 28894
230941, 8309410, 8338308, 28898
230942, 8309420, 8338321, 28901
230943, 8309430, 8338335, 28905
230944, 8309440, 8338348, 28908
230945, 8309450, 8338362, 28912
230946, 8309460, 8338375, 28915
230947, 8309470, 8338388, 28918
230948, 8309480, 8338402, 28922
230951, 8309510, 8338429, 28919
230952, 8309520, 8338442, 28922
230953, 8309530, 8338456, 28926
230954, 8309540, 8338469, 28929
230955, 8309550, 8338482, 28932
230956, 8309560, 8338496, 28936
230957, 8309570, 8338509, 28939
230958, 8309580, 8338523, 28943
230959, 8309590, 8338536, 28946
230961, 8309610, 8338550, 28940
230962, 8309620, 8338563, 28943
230963, 8309630, 8338577, 28947
230964, 8309640, 8338590, 28950
230965, 8309650, 8338603, 28953
230966, 8309660, 8338617, 28957
230967, 8309670, 8338630, 28960
230968, 8309680, 8338644, 28964
230969, 8309690, 8338657, 28967
230971, 8309710, 8338671, 28961
230972, 8309720, 8338684, 28964
230973, 8309730, 8338698, 28968
230974, 8309740, 8338711, 28971
230975, 8309750, 8338724, 28974
230976, 8309760, 8338738, 28978
230977, 8309770, 8338751, 28981
230978, 8309780, 8338765, 28985
230979, 8309790, 8338778, 28988
230980, 8309800, 8338792, 28992
230982, 8309820, 8338805, 28985
230983, 8309830, 8338818, 28988
230984, 8309840, 8338832, 28992
230985, 8309850, 8338845, 28995
230986, 8309860, 8338859, 28999
230987, 8309870, 8338872, 29002
230988, 8309880, 8338886, 29006
230989, 8309890, 8338899, 29009
230990, 8309900, 8338913, 29013
230991, 8309910, 8338926, 29016
230993, 8309930, 8338939, 29009
230994, 8309940, 8338953, 29013
230995, 8309950, 8338966, 29016
230996, 8309960, 8338980, 29020
230997, 8309970, 8338993, 29023
230998, 8309980, 8339007, 29027
230999, 8309990, 8339020, 29030
231402, 8314020, 8339047, 25027
231403, 8314030, 8339060, 25030
231404, 8314040, 8339074, 25034
231405, 8314050, 8339087, 25037
231406, 8314060, 8339101, 25041
231407, 8314070, 8339114, 25044
231408, 8314080, 8339128, 25048
231409, 8314090, 8339141, 25051
231410, 8314100, 8339154, 25054
231412, 8314120, 8339168, 25048
231413, 8314130, 8339181, 25051
231414, 8314140, 8339195, 25055
231415, 8314150, 8339208, 25058
231416, 8314160, 8339222, 25062
231417, 8314170, 8339235, 25065
231418, 8314180, 8339249, 25069
231419, 8314190, 8339262, 25072
231420, 8314200, 8339275, 25075
231421, 8314210, 8339289, 25079
231423, 8314230, 8339302, 25072
231424, 8314240, 8339316, 25076
231425, 8314250, 8339329, 25079
231426, 8314260, 8339343, 25083
231427, 8314270, 8339356, 25086
231428, 8314280, 8339370, 25090
231429, 8314290, 8339383, 25093
231430, 8314300, 8339396, 25096
231431, 8314310, 8339410, 25100
231433, 8314330, 8339423, 25093
231434, 8314340, 8339437, 25097
231435, 8314350, 8339450, 25100
231436, 8314360, 8339464, 25104
231437, 8314370, 8339477, 25107
231438, 8314380, 8339490, 25110
231439, 8314390, 8339504, 25114
231440, 8314400, 8339517, 25117
231441, 8314410, 8339531, 25121
231442, 8314420, 8339544, 25124
231444, 8314440, 8339558, 25118
231445, 8314450, 8339571, 25121
231446, 8314460, 8339585, 25125
231447, 8314470, 8339598, 25128
231448, 8314480, 8339611, 25131
231449, 8314490, 8339625, 25135
231451, 8314510, 8339652, 25142
231452, 8314520, 8339665, 25145
231453, 8314530, 8339679, 25149
231455, 8314550, 8339692, 25142
231456, 8314560, 8339706, 25146
231457, 8314570, 8339719, 25149
231458, 8314580, 8339732, 25152
231459, 8314590, 8339746, 25156
231460, 8314600, 8339759, 25159
231461, 8314610, 8339773, 25163
231462, 8314620, 8339786, 25166
231463, 8314630, 8339800, 25170
231465, 8314650, 8339813, 25163
231466, 8314660, 8339826, 25166
231467, 8314670, 8339840, 25170
231468, 8314680, 8339853, 25173
231469, 8314690, 8339867, 25177
231470, 8314700, 8339880, 25180
231471, 8314710, 8339894, 25184
231472, 8314720, 8339907, 25187
231473, 8314730, 8339921, 25191
231474, 8314740, 8339934, 25194
231476, 8314760, 8339947, 25187
231477, 8314770, 8339961, 25191
231478, 8314780, 8339974, 25194
231479, 8314790, 8339988, 25198
231480, 8314800, 8340001, 25201
231481, 8314810, 8340015, 25205
231482, 8314820, 8340028, 25208
231483, 8314830, 8340042, 25212
231484, 8314840, 8340055, 25215
231485, 8314850, 8340068, 25218
231487, 8314870, 8340082, 25212
231488, 8314880, 8340095, 25215
231489, 8314890, 8340109, 25219
231490, 8314900, 8340122, 25222
231491, 8314910, 8340136, 25226
231492, 8314920, 8340149, 25229
231493, 8314930, 8340162, 25232
231494, 8314940, 8340176, 25236
231495, 8314950, 8340189, 25239
231497, 8314970, 8340203, 25233
231498, 8314980, 8340216, 25236
231499, 8314990, 8340230, 25240
231501, 8315010, 8340257, 25247
231502, 8315020, 8340270, 25250
231503, 8315030, 8340283, 25253
231504, 8315040, 8340297, 25257
231505, 8315050, 8340310, 25260
231506, 8315060, 8340324, 25264
231508, 8315080, 8340337, 25257
231509, 8315090, 8340351, 25261
231510, 8315100, 8340364, 25264
231511, 8315110, 8340378, 25268
231512, 8315120, 8340391, 25271
231513, 8315130, 8340404, 25274
231514, 8315140, 8340418, 25278
231515, 8315150, 8340431, 25281
231516, 8315160, 8344012, 28852
231517, 8315170, 8344026, 28856
231519, 8315190, 8344039, 28849
231520, 8315200, 8344052, 28852
231521, 8315210, 8344066, 28856
231522, 8315220, 8344079, 28859
231523, 8315230, 8344093, 28863
231524, 8315240, 8344106, 28866
231525, 8315250, 8344120, 28870
231526, 8315260, 8344133, 28873
231527, 8315270, 8344146, 28876
231529, 8315290, 8344160, 28870
231530, 8315300, 8344173, 28873
231531, 8315310, 8344187, 28877
231532, 8315320, 8344200, 28880
231533, 8315330, 8344214, 28884
231534, 8315340, 8344227, 28887
231535, 8315350, 8344241, 28891
231536, 8315360, 8344254, 28894
231537, 8315370, 8344267, 28897
231538, 8315380, 8344281, 28901
231540, 8315400, 8344294, 28894
231541, 8315410, 8344308, 28898
231542, 8315420, 8344321, 28901
231543, 8315430, 8344335, 28905
231544, 8315440, 8344348, 28908
231545, 8315450, 8344362, 28912
231546, 8315460, 8344375, 28915
231547, 8315470, 8344388, 28918
231548, 8315480, 8344402, 28922
231551, 8315510, 8344429, 28919
231552, 8315520, 8344442, 28922
231553, 8315530, 8344456, 28926
231554, 8315540, 8344469, 28929
231555, 8315550, 8344482, 28932
231556, 8315560, 8344496, 28936
231557, 8315570, 8344509, 28939
231558, 8315580, 8344523, 28943
231559, 8315590, 8344536, 28946
231561, 8315610, 8344550, 28940
231562, 8315620, 8344563, 28943
231563, 8315630, 8344577, 28947
231564, 8315640, 8344590, 28950
231565, 8315650, 8344603, 28953
231566, 8315660, 8344617, 28957
231567, 8315670, 8344630, 28960
231568, 8315680, 8344644, 28964
231569, 8315690, 8344657, 28967
231570, 8315700, 8344671, 28971
231572, 8315720, 8344684, 28964
231573, 8315730, 8344698, 28968
231574, 8315740, 8344711, 28971
231575, 8315750, 8344724, 28974
231576, 8315760, 8344738, 28978
231577, 8315770, 8344751, 28981
231578, 8315780, 8344765, 28985
231579, 8315790, 8344778, 28988
231580, 8315800, 8344792, 28992
231582, 8315820, 8344805, 28985
231583, 8315830, 8344818, 28988
231584, 8315840, 8344832, 28992
231585, 8315850, 8344845, 28995
231586, 8315860, 8344859, 28999
231587, 8315870, 8344872, 29002
231588, 8315880, 8344886, 29006
231589, 8315890, 8344899, 29009
231590, 8315900, 8344913, 29013
231591, 8315910, 8344926, 29016
231593, 8315930, 8344939, 29009
231594, 8315940, 8344953, 29013
231595, 8315950, 8344966, 29016
231596, 8315960, 8344980, 29020
231597, 8315970, 8344993, 29023
231598, 8315980, 8345007, 29027
231599, 8315990, 8345020, 29030
232002, 8320020, 8345047, 25027
232003, 8320030, 8345060, 25030
232004, 8320040, 8345074, 25034
232005, 8320050, 8345087, 25037
232006, 8320060, 8345101, 25041
232007, 8320070, 8345114, 25044
232008, 8320080, 8345127, 25047
232009, 8320090, 8345141, 25051
232010, 8320100, 8345154, 25054
232012, 8320120, 8345168, 25048
232013, 8320130, 8345181, 25051
232014, 8320140, 8345195, 25055
232015, 8320150, 8345208, 25058
232016, 8320160, 8345222, 25062
232017, 8320170, 8345235, 25065
232018, 8320180, 8345248, 25068
232019, 8320190, 8345262, 25072
232020, 8320200, 8345275, 25075
232021, 8320210, 8345289, 25079
232023, 8320230, 8345302, 25072
232024, 8320240, 8345316, 25076
232025, 8320250, 8345329, 25079
232026, 8320260, 8345342, 25082
232027, 8320270, 8345356, 25086
232028, 8320280, 8345369, 25089
232029, 8320290, 8345383, 25093
232030, 8320300, 8345396, 25096
232031, 8320310, 8345410, 25100
232033, 8320330, 8345423, 25093
232034, 8320340, 8345437, 25097
232035, 8320350, 8345450, 25100
232036, 8320360, 8345463, 25103
232037, 8320370, 8345477, 25107
232038, 8320380, 8345490, 25110
232039, 8320390, 8345504, 25114
232040, 8320400, 8345517, 25117
232041, 8320410, 8345531, 25121
232042, 8320420, 8345544, 25124
232044, 8320440, 8345558, 25118
232045, 8320450, 8345571, 25121
232046, 8320460, 8345584, 25124
232047, 8320470, 8345598, 25128
232048, 8320480, 8345611, 25131
232049, 8320490, 8345625, 25135
232051, 8320510, 8345652, 25142
232052, 8320520, 8345665, 25145
232053, 8320530, 8345678, 25148
232055, 8320550, 8345692, 25142
232056, 8320560, 8345705, 25145
232057, 8320570, 8345719, 25149
232058, 8320580, 8345732, 25152
232059, 8320590, 8345746, 25156
232060, 8320600, 8345759, 25159
232061, 8320610, 8345773, 25163
232062, 8320620, 8345786, 25166
232063, 8320630, 8345799, 25169
232065, 8320650, 8345813, 25163
232066, 8320660, 8345826, 25166
232067, 8320670, 8345840, 25170
232068, 8320680, 8345853, 25173
232069, 8320690, 8345867, 25177
232070, 8320700, 8345880, 25180
232071, 8320710, 8345894, 25184
232072, 8320720, 8345907, 25187
232073, 8320730, 8345920, 25190
232074, 8320740, 8345934, 25194
232076, 8320760, 8345947, 25187
232077, 8320770, 8345961, 25191
232078, 8320780, 8345974, 25194
232079, 8320790, 8345988, 25198
232080, 8320800, 8346001, 25201
232081, 8320810, 8346014, 25204
232082, 8320820, 8346028, 25208
232083, 8320830, 8346041, 25211
232084, 8320840, 8346055, 25215
232085, 8320850, 8346068, 25218
232087, 8320870, 8346082, 25212
232088, 8320880, 8346095, 25215
232089, 8320890, 8346109, 25219
232090, 8320900, 8346122, 25222
232091, 8320910, 8346135, 25225
232092, 8320920, 8346149, 25229
232093, 8320930, 8346162, 25232
232094, 8320940, 8346176, 25236
232095, 8320950, 8346189, 25239
232097, 8320970, 8346203, 25233
232098, 8320980, 8346216, 25236
232099, 8320990, 8346230, 25240
232101, 8321010, 8346256, 25246
232102, 8321020, 8346270, 25250
232103, 8321030, 8346283, 25253
232104, 8321040, 8346297, 25257
232105, 8321050, 8346310, 25260
232106, 8321060, 8346324, 25264
232108, 8321080, 8346337, 25257
232109, 8321090, 8346350, 25260
232110, 8321100, 8346364, 25264
232111, 8321110, 8346377, 25267
232112, 8321120, 8346391, 25271
232113, 8321130, 8346404, 25274
232114, 8321140, 8346418, 25278
232115, 8321150, 8346431, 25281
232116, 8321160, 8350012, 28852
232118, 8321180, 8350026, 28846
232119, 8321190, 8350039, 28849
232120, 8321200, 8350052, 28852
232121, 8321210, 8350066, 28856
232122, 8321220, 8350079, 28859
232123, 8321230, 8350093, 28863
232124, 8321240, 8350106, 28866
232125, 8321250, 8350120, 28870
232126, 8321260, 8350133, 28873
232127, 8321270, 8350146, 28876
232129, 8321290, 8350160, 28870
232130, 8321300, 8350173, 28873
232131, 8321310, 8350187, 28877
232132, 8321320, 8350200, 28880
232133, 8321330, 8350214, 28884
232134, 8321340, 8350227, 28887
232135, 8321350, 8350241, 28891
232136, 8321360, 8350254, 28894
232137, 8321370, 8350267, 28897
232138, 8321380, 8350281, 28901
232140, 8321400, 8350294, 28894
232141, 8321410, 8350308, 28898
232142, 8321420, 8350321, 28901
232143, 8321430, 8350335, 28905
232144, 8321440, 8350348, 28908
232145, 8321450, 8350362, 28912
232146, 8321460, 8350375, 28915
232147, 8321470, 8350388, 28918
232148, 8321480, 8350402, 28922
232151, 8321510, 8350429, 28919
232152, 8321520, 8350442, 28922
232153, 8321530, 8350456, 28926
232154, 8321540, 8350469, 28929
232155, 8321550, 8350482, 28932
232156, 8321560, 8350496, 28936
232157, 8321570, 8350509, 28939
232158, 8321580, 8350523, 28943
232159, 8321590, 8350536, 28946
232161, 8321610, 8350550, 28940
232162, 8321620, 8350563, 28943
232163, 8321630, 8350577, 28947
232164, 8321640, 8350590, 28950
232165, 8321650, 8350603, 28953
232166, 8321660, 8350617, 28957
232167, 8321670, 8350630, 28960
232168, 8321680, 8350644, 28964
232169, 8321690, 8350657, 28967
232171, 8321710, 8350671, 28961
232172, 8321720, 8350684, 28964
232173, 8321730, 8350698, 28968
232174, 8321740, 8350711, 28971
232175, 8321750, 8350724, 28974
232176, 8321760, 8350738, 28978
232177, 8321770, 8350751, 28981
232178, 8321780, 8350765, 28985
232179, 8321790, 8350778, 28988
232180, 8321800, 8350792, 28992
232182, 8321820, 8350805, 28985
232183, 8321830, 8350818, 28988
232184, 8321840, 8350832, 28992
232185, 8321850, 8350845, 28995
232186, 8321860, 8350859, 28999
232187, 8321870, 8350872, 29002
232188, 8321880, 8350886, 29006
232189, 8321890, 8350899, 29009
232190, 8321900, 8350913, 29013
232191, 8321910, 8350926, 29016
232193, 8321930, 8350939, 29009
232194, 8321940, 8350953, 29013
232195, 8321950, 8350966, 29016
232196, 8321960, 8350980, 29020
232197, 8321970, 8350993, 29023
232198, 8321980, 8351007, 29027
232199, 8321990, 8351020, 29030
232602, 8326020, 8351047, 25027
232603, 8326030, 8351060, 25030
232604, 8326040, 8351074, 25034
232605, 8326050, 8351087, 25037
232606, 8326060, 8351101, 25041
232607, 8326070, 8351114, 25044
232608, 8326080, 8351128, 25048
232609, 8326090, 8351141, 25051
232610, 8326100, 8351154, 25054
232612, 8326120, 8351168, 25048
232613, 8326130, 8351181, 25051
232614, 8326140, 8351195, 25055
232615, 8326150, 8351208, 25058
232616, 8326160, 8351222, 25062
232617, 8326170, 8351235, 25065
232618, 8326180, 8351249, 25069
232619, 8326190, 8351262, 25072
232620, 8326200, 8351275, 25075
232621, 8326210, 8351289, 25079
232623, 8326230, 8351302, 25072
232624, 8326240, 8351316, 25076
232625, 8326250, 8351329, 25079
232626, 8326260, 8351343, 25083
232627, 8326270, 8351356, 25086
232628, 8326280, 8351370, 25090
232629, 8326290, 8351383, 25093
232630, 8326300, 8351396, 25096
232631, 8326310, 8351410, 25100
232633, 8326330, 8351423, 25093
232634, 8326340, 8351437, 25097
232635, 8326350, 8351450, 25100
232636, 8326360, 8351464, 25104
232637, 8326370, 8351477, 25107
232638, 8326380, 8351490, 25110
232639, 8326390, 8351504, 25114
232640, 8326400, 8351517, 25117
232641, 8326410, 8351531, 25121
232642, 8326420, 8351544, 25124
232644, 8326440, 8351558, 25118
232645, 8326450, 8351571, 25121
232646, 8326460, 8351585, 25125
232647, 8326470, 8351598, 25128
232648, 8326480, 8351611, 25131
232649, 8326490, 8351625, 25135
232651, 8326510, 8351652, 25142
232652, 8326520, 8351665, 25145
232653, 8326530, 8351679, 25149
232655, 8326550, 8351692, 25142
232656, 8326560, 8351706, 25146
232657, 8326570, 8351719, 25149
232658, 8326580, 8351732, 25152
232659, 8326590, 8351746, 25156
232660, 8326600, 8351759, 25159
232661, 8326610, 8351773, 25163
232662, 8326620, 8351786, 25166
232663, 8326630, 8351800, 25170
232665, 8326650, 8351813, 25163
232666, 8326660, 8351826, 25166
232667, 8326670, 8351840, 25170
232668, 8326680, 8351853, 25173
232669, 8326690, 8351867, 25177
232670, 8326700, 8351880, 25180
232671, 8326710, 8351894, 25184
232672, 8326720, 8351907, 25187
232673, 8326730, 8351921, 25191
232674, 8326740, 8351934, 25194
232676, 8326760, 8351947, 25187
232677, 8326770, 8351961, 25191
232678, 8326780, 8351974, 25194
232679, 8326790, 8351988, 25198
232680, 8326800, 8352001, 25201
232681, 8326810, 8352015, 25205
232682, 8326820, 8352028, 25208
232683, 8326830, 8352042, 25212
232684, 8326840, 8352055, 25215
232685, 8326850, 8352068, 25218
232687, 8326870, 8352082, 25212
232688, 8326880, 8352095, 25215
232689, 8326890, 8352109, 25219
232690, 8326900, 8352122, 25222
232691, 8326910, 8352136, 25226
232692, 8326920, 8352149, 25229
232693, 8326930, 8352162, 25232
232694, 8326940, 8352176, 25236
232695, 8326950, 8352189, 25239
232697, 8326970, 8352203, 25233
232698, 8326980, 8352216, 25236
232699, 8326990, 8352230, 25240
232701, 8327010, 8352257, 25247
232702, 8327020, 8352270, 25250
232703, 8327030, 8352283, 25253
232704, 8327040, 8352297, 25257
232705, 8327050, 8352310, 25260
232706, 8327060, 8352324, 25264
232708, 8327080, 8352337, 25257
232709, 8327090, 8352351, 25261
232710, 8327100, 8352364, 25264
232711, 8327110, 8352378, 25268
232712, 8327120, 8352391, 25271
232713, 8327130, 8352404, 25274
232714, 8327140, 8352418, 25278
232715, 8327150, 8352431, 25281
232716, 8327160, 8356012, 28852
232718, 8327180, 8356026, 28846
232719, 8327190, 8356039, 28849
232720, 8327200, 8356052, 28852
232721, 8327210, 8356066, 28856
232722, 8327220, 8356079, 28859
232723, 8327230, 8356093, 28863
232724, 8327240, 8356106, 28866
232725, 8327250, 8356120, 28870
232726, 8327260, 8356133, 28873
232727, 8327270, 8356146, 28876
232729, 8327290, 8356160, 28870
232730, 8327300, 8356173, 28873
232731, 8327310, 8356187, 28877
232732, 8327320, 8356200, 28880
232733, 8327330, 8356214, 28884
232734, 8327340, 8356227, 28887
232735, 8327350, 8356241, 28891
232736, 8327360, 8356254, 28894
232737, 8327370, 8356267, 28897
232738, 8327380, 8356281, 28901
232740, 8327400, 8356294, 28894
232741, 8327410, 8356308, 28898
232742, 8327420, 8356321, 28901
232743, 8327430, 8356335, 28905
232744, 8327440, 8356348, 28908
232745, 8327450, 8356362, 28912
232746, 8327460, 8356375, 28915
232747, 8327470, 8356388, 28918
232748, 8327480, 8356402, 28922
232751, 8327510, 8356429, 28919
232752, 8327520, 8356442, 28922
232753, 8327530, 8356456, 28926
232754, 8327540, 8356469, 28929
232755, 8327550, 8356482, 28932
232756, 8327560, 8356496, 28936
232757, 8327570, 8356509, 28939
232758, 8327580, 8356523, 28943
232759, 8327590, 8356536, 28946
232761, 8327610, 8356550, 28940
232762, 8327620, 8356563, 28943
232763, 8327630, 8356577, 28947
232764, 8327640, 8356590, 28950
232765, 8327650, 8356603, 28953
232766, 8327660, 8356617, 28957
232767, 8327670, 8356630, 28960
232768, 8327680, 8356644, 28964
232769, 8327690, 8356657, 28967
232771, 8327710, 8356671, 28961
232772, 8327720, 8356684, 28964
232773, 8327730, 8356698, 28968
232774, 8327740, 8356711, 28971
232775, 8327750, 8356724, 28974
232776, 8327760, 8356738, 28978
232777, 8327770, 8356751, 28981
232778, 8327780, 8356765, 28985
232779, 8327790, 8356778, 28988
232780, 8327800, 8356792, 28992
232782, 8327820, 8356805, 28985
232783, 8327830, 8356818, 28988
232784, 8327840, 8356832, 28992
232785, 8327850, 8356845, 28995
232786, 8327860, 8356859, 28999
232787, 8327870, 8356872, 29002
232788, 8327880, 8356886, 29006
232789, 8327890, 8356899, 29009
232790, 8327900, 8356913, 29013
232791, 8327910, 8356926, 29016
232793, 8327930, 8356939, 29009
232794, 8327940, 8356953, 29013
232795, 8327950, 8356966, 29016
232796, 8327960, 8356980, 29020
232797, 8327970, 8356993, 29023
232798, 8327980, 8357007, 29027
232799, 8327990, 8357020, 29030
233202, 8332020, 8357047, 25027
233203, 8332030, 8357060, 25030
233204, 8332040, 8357074, 25034
233205, 8332050, 8357087, 25037
233206, 8332060, 8357101, 25041
233207, 8332070, 8357114, 25044
233208, 8332080, 8357128, 25048
233209, 8332090, 8357141, 25051
233210, 8332100, 8357154, 25054
233212, 8332120, 8357168, 25048
233213, 8332130, 8357181, 25051
233214, 8332140, 8357195, 25055
233215, 8332150, 8357208, 25058
233216, 8332160, 8357222, 25062
233217, 8332170, 8357235, 25065
233218, 8332180, 8357249, 25069
233219, 8332190, 8357262, 25072
233220, 8332200, 8357275, 25075
233221, 8332210, 8357289, 25079
233223, 8332230, 8357302, 25072
233224, 8332240, 8357316, 25076
233225, 8332250, 8357329, 25079
233226, 8332260, 8357343, 25083
233227, 8332270, 8357356, 25086
233228, 8332280, 8357370, 25090
233229, 8332290, 8357383, 25093
233230, 8332300, 8357396, 25096
233231, 8332310, 8357410, 25100
233233, 8332330, 8357423, 25093
233234, 8332340, 8357437, 25097
233235, 8332350, 8357450, 25100
233236, 8332360, 8357464, 25104
233237, 8332370, 8357477, 25107
233238, 8332380, 8357490, 25110
233239, 8332390, 8357504, 25114
233240, 8332400, 8357517, 25117
233241, 8332410, 8357531, 25121
233242, 8332420, 8357544, 25124
233244, 8332440, 8357558, 25118
233245, 8332450, 8357571, 25121
233246, 8332460, 8357585, 25125
233247, 8332470, 8357598, 25128
233248, 8332480, 8357611, 25131
233249, 8332490, 8357625, 25135
233251, 8332510, 8357652, 25142
233252, 8332520, 8357665, 25145
233253, 8332530, 8357679, 25149
233255, 8332550, 8357692, 25142
233256, 8332560, 8357706, 25146
233257, 8332570, 8357719, 25149
233258, 8332580, 8357732, 25152
233259, 8332590, 8357746, 25156
233260, 8332600, 8357759, 25159
233261, 8332610, 8357773, 25163
233262, 8332620, 8357786, 25166
233263, 8332630, 8357800, 25170
233265, 8332650, 8357813, 25163
233266, 8332660, 8357826, 25166
233267, 8332670, 8357840, 25170
233268, 8332680, 8357853, 25173
233269, 8332690, 8357867, 25177
233270, 8332700, 8357880, 25180
233271, 8332710, 8357894, 25184
233272, 8332720, 8357907, 25187
233273, 8332730, 8357921, 25191
233274, 8332740, 8357934, 25194
233276, 8332760, 8357947, 25187
233277, 8332770, 8357961, 25191
233278, 8332780, 8357974, 25194
233279, 8332790, 8357988, 25198
233280, 8332800, 8358001, 25201
233281, 8332810, 8358015, 25205
233282, 8332820, 8358028, 25208
233283, 8332830, 8358042, 25212
233284, 8332840, 8358055, 25215
233285, 8332850, 8358068, 25218
233287, 8332870, 8358082, 25212
233288, 8332880, 8358095, 25215
233289, 8332890, 8358109, 25219
233290, 8332900, 8358122, 25222
233291, 8332910, 8358136, 25226
233292, 8332920, 8358149, 25229
233293, 8332930, 8358162, 25232
233294, 8332940, 8358176, 25236
233295, 8332950, 8358189, 25239
233297, 8332970, 8358203, 25233
233298, 8332980, 8358216, 25236
233299, 8332990, 8358230, 25240
233301, 8333010, 8358257, 25247
233302, 8333020, 8358270, 25250
233303, 8333030, 8358283, 25253
233304, 8333040, 8358297, 25257
233305, 8333050, 8358310, 25260
233306, 8333060, 8358324, 25264
233308, 8333080, 8358337, 25257
233309, 8333090, 8358351, 25261
233310, 8333100, 8358364, 25264
233311, 8333110, 8358378, 25268
233312, 8333120, 8358391, 25271
233313, 8333130, 8358404, 25274
233314, 8333140, 8358418, 25278
233315, 8333150, 8358431, 25281
233316, 8333160, 8362012, 28852
233318, 8333180, 8362026, 28846
233319, 8333190, 8362039, 28849
233320, 8333200, 8362052, 28852
233321, 8333210, 8362066, 28856
233322, 8333220, 8362079, 28859
233323, 8333230, 8362093, 28863
233324, 8333240, 8362106, 28866
233325, 8333250, 8362120, 28870
233326, 8333260, 8362133, 28873
233327, 8333270, 8362146, 28876
233329, 8333290, 8362160, 28870
233330, 8333300, 8362173, 28873
233331, 8333310, 8362187, 28877
233332, 8333320, 8362200, 28880
233333, 8333330, 8362214, 28884
233334, 8333340, 8362227, 28887
233335, 8333350, 8362241, 28891
233336, 8333360, 8362254, 28894
233337, 8333370, 8362267, 28897
233338, 8333380, 8362281, 28901
233340, 8333400, 8362294, 28894
233341, 8333410, 8362308, 28898
233342, 8333420, 8362321, 28901
233343, 8333430, 8362335, 28905
233344, 8333440, 8362348, 28908
233345, 8333450, 8362362, 28912
233346, 8333460, 8362375, 28915
233347, 8333470, 8362388, 28918
233348, 8333480, 8362402, 28922
233351, 8333510, 8362429, 28919
233352, 8333520, 8362442, 28922
233353, 8333530, 8362456, 28926
233354, 8333540, 8362469, 28929
233355, 8333550, 8362482, 28932
233356, 8333560, 8362496, 28936
233357, 8333570, 8362509, 28939
233358, 8333580, 8362523, 28943
233359, 8333590, 8362536, 28946
233361, 8333610, 8362550, 28940
233362, 8333620, 8362563, 28943
233363, 8333630, 8362577, 28947
233364, 8333640, 8362590, 28950
233365, 8333650, 8362603, 28953
233366, 8333660, 8362617, 28957
233367, 8333670, 8362630, 28960
233368, 8333680, 8362644, 28964
233369, 8333690, 8362657, 28967
233371, 8333710, 8362671, 28961
233372, 8333720, 8362684, 28964
233373, 8333730, 8362698, 28968
233374, 8333740, 8362711, 28971
233375, 8333750, 8362724, 28974
233376, 8333760, 8362738, 28978
233377, 8333770, 8362751, 28981
233378, 8333780, 8362765, 28985
233379, 8333790, 8362778, 28988
233380, 8333800, 8362792, 28992
233382, 8333820, 8362805, 28985
233383, 8333830, 8362818, 28988
233384, 8333840, 8362832, 28992
233385, 8333850, 8362845, 28995
233386, 8333860, 8362859, 28999
233387, 8333870, 8362872, 29002
233388, 8333880, 8362886, 29006
233389, 8333890, 8362899, 29009
233390, 8333900, 8362913, 29013
233391, 8333910, 8362926, 29016
233393, 8333930, 8362939, 29009
233394, 8333940, 8362953, 29013
233395, 8333950, 8362966, 29016
233396, 8333960, 8362980, 29020
233397, 8333970, 8362993, 29023
233398, 8333980, 8363007, 29027
233399, 8333990, 8363020, 29030
233802, 8338020, 8363047, 25027
233803, 8338030, 8363060, 25030
233804, 8338040, 8363074, 25034
233805, 8338050, 8363087, 25037
233806, 8338060, 8363101, 25041
233807, 8338070, 8363114, 25044
233808, 8338080, 8363128, 25048
233809, 8338090, 8363141, 25051
233810, 8338100, 8363154, 25054
233812, 8338120, 8363168, 25048
233813, 8338130, 8363181, 25051
233814, 8338140, 8363195, 25055
233815, 8338150, 8363208, 25058
233816, 8338160, 8363222, 25062
233817, 8338170, 8363235, 25065
233818, 8338180, 8363249, 25069
233819, 8338190, 8363262, 25072
233820, 8338200, 8363275, 25075
233821, 8338210, 8363289, 25079
233823, 8338230, 8363302, 25072
233824, 8338240, 8363316, 25076
233825, 8338250, 8363329, 25079
233826, 8338260, 8363343, 25083
233827, 8338270, 8363356, 25086
233828, 8338280, 8363370, 25090
233829, 8338290, 8363383, 25093
233830, 8338300, 8363396, 25096
233831, 8338310, 8363410, 25100
233833, 8338330, 8363423, 25093
233834, 8338340, 8363437, 25097
233835, 8338350, 8363450, 25100
233836, 8338360, 8363464, 25104
233837, 8338370, 8363477, 25107
233838, 8338380, 8363490, 25110
233839, 8338390, 8363504, 25114
233840, 8338400, 8363517, 25117
233841, 8338410, 8363531, 25121
233842, 8338420, 8363544, 25124
233844, 8338440, 8363558, 25118
233845, 8338450, 8363571, 25121
233846, 8338460, 8363585, 25125
233847, 8338470, 8363598, 25128
233848, 8338480, 8363611, 25131
233849, 8338490, 8363625, 25135
233851, 8338510, 8363652, 25142
233852, 8338520, 8363665, 25145
233853, 8338530, 8363679, 25149
233855, 8338550, 8363692, 25142
233856, 8338560, 8363706, 25146
233857, 8338570, 8363719, 25149
233858, 8338580, 8363732, 25152
233859, 8338590, 8363746, 25156
233860, 8338600, 8363759, 25159
233861, 8338610, 8363773, 25163
233862, 8338620, 8363786, 25166
233863, 8338630, 8363800, 25170
233865, 8338650, 8363813, 25163
233866, 8338660, 8363826, 25166
233867, 8338670, 8363840, 25170
233868, 8338680, 8363853, 25173
233869, 8338690, 8363867, 25177
233870, 8338700, 8363880, 25180
233871, 8338710, 8363894, 25184
233872, 8338720, 8363907, 25187
233873, 8338730, 8363921, 25191
233874, 8338740, 8363934, 25194
233876, 8338760, 8363947, 25187
233877, 8338770, 8363961, 25191
233878, 8338780, 8363974, 25194
233879, 8338790, 8363988, 25198
233880, 8338800, 8364001, 25201
233881, 8338810, 8364015, 25205
233882, 8338820, 8364028, 25208
233883, 8338830, 8364042, 25212
233884, 8338840, 8364055, 25215
233885, 8338850, 8364068, 25218
233887, 8338870, 8364082, 25212
233888, 8338880, 8364095, 25215
233889, 8338890, 8364109, 25219
233890, 8338900, 8364122, 25222
233891, 8338910, 8364136, 25226
233892, 8338920, 8364149, 25229
233893, 8338930, 8364162, 25232
233894, 8338940, 8364176, 25236
233895, 8338950, 8364189, 25239
233897, 8338970, 8364203, 25233
233898, 8338980, 8364216, 25236
233899, 8338990, 8364230, 25240
233901, 8339010, 8364257, 25247
233902, 8339020, 8364270, 25250
233903, 8339030, 8364283, 25253
233904, 8339040, 8364297, 25257
233905, 8339050, 8364310, 25260
233906, 8339060, 8364324, 25264
233908, 8339080, 8364337, 25257
233909, 8339090, 8364351, 25261
233910, 8339100, 8364364, 25264
233911, 8339110, 8364378, 25268
233912, 8339120, 8364391, 25271
233913, 8339130, 8364404, 25274
233914, 8339140, 8364418, 25278
233915, 8339150, 8364431, 25281
233916, 8339160, 8368012, 28852
233918, 8339180, 8368026, 28846
233919, 8339190, 8368039, 28849
233920, 8339200, 8368052, 28852
233921, 8339210, 8368066, 28856
233922, 8339220, 8368079, 28859
233923, 8339230, 8368093, 28863
233924, 8339240, 8368106, 28866
233925, 8339250, 8368120, 28870
233926, 8339260, 8368133, 28873
233927, 8339270, 8368146, 28876
233929, 8339290, 8368160, 28870
233930, 8339300, 8368173, 28873
233931, 8339310, 8368187, 28877
233932, 8339320, 8368200, 28880
233933, 8339330, 8368214, 28884
233934, 8339340, 8368227, 28887
233935, 8339350, 8368241, 28891
233936, 8339360, 8368254, 28894
233937, 8339370, 8368267, 28897
233938, 8339380, 8368281, 28901
233940, 8339400, 8368294, 28894
233941, 8339410, 8368308, 28898
233942, 8339420, 8368321, 28901
233943, 8339430, 8368335, 28905
233944, 8339440, 8368348, 28908
233945, 8339450, 8368362, 28912
233946, 8339460, 8368375, 28915
233947, 8339470, 8368388, 28918
233948, 8339480, 8368402, 28922
233951, 8339510, 8368429, 28919
233952, 8339520, 8368442, 28922
233953, 8339530, 8368456, 28926
233954, 8339540, 8368469, 28929
233955, 8339550, 8368482, 28932
233956, 8339560, 8368496, 28936
233957, 8339570, 8368509, 28939
233958, 8339580, 8368523, 28943
233959, 8339590, 8368536, 28946
233961, 8339610, 8368550, 28940
233962, 8339620, 8368563, 28943
233963, 8339630, 8368577, 28947
233964, 8339640, 8368590, 28950
233965, 8339650, 8368603, 28953
233966, 8339660, 8368617, 28957
233967, 8339670, 8368630, 28960
233968, 8339680, 8368644, 28964
233969, 8339690, 8368657, 28967
233971, 8339710, 8368671, 28961
233972, 8339720, 8368684, 28964
233973, 8339730, 8368698, 28968
233974, 8339740, 8368711, 28971
233975, 8339750, 8368724, 28974
233976, 8339760, 8368738, 28978
233977, 8339770, 8368751, 28981
233978, 8339780, 8368765, 28985
233979, 8339790, 8368778, 28988
233980, 8339800, 8368792, 28992
233982, 8339820, 8368805, 28985
233983, 8339830, 8368818, 28988
233984, 8339840, 8368832, 28992
233985, 8339850, 8368845, 28995
233986, 8339860, 8368859, 28999
233987, 8339870, 8368872, 29002
233988, 8339880, 8368886, 29006
233989, 8339890, 8368899, 29009
233990, 8339900, 8368913, 29013
233991, 8339910, 8368926, 29016
233993, 8339930, 8368939, 29009
233994, 8339940, 8368953, 29013
233995, 8339950, 8368966, 29016
233996, 8339960, 8368980, 29020
233997, 8339970, 8368993, 29023
233998, 8339980, 8369007, 29027
233999, 8339990, 8369020, 29030
234402, 8344020, 8369047, 25027
234403, 8344030, 8369060, 25030
234404, 8344040, 8369074, 25034
234405, 8344050, 8369087, 25037
234406, 8344060, 8369101, 25041
234407, 8344070, 8369114, 25044
234408, 8344080, 8369128, 25048
234409, 8344090, 8369141, 25051
234410, 8344100, 8369154, 25054
234412, 8344120, 8369168, 25048
234413, 8344130, 8369181, 25051
234414, 8344140, 8369195, 25055
234415, 8344150, 8369208, 25058
234416, 8344160, 8369222, 25062
234417, 8344170, 8369235, 25065
234418, 8344180, 8369249, 25069
234419, 8344190, 8369262, 25072
234420, 8344200, 8369275, 25075
234421, 8344210, 8369289, 25079
234423, 8344230, 8369302, 25072
234424, 8344240, 8369316, 25076
234425, 8344250, 8369329, 25079
234426, 8344260, 8369343, 25083
234427, 8344270, 8369356, 25086
234428, 8344280, 8369370, 25090
234429, 8344290, 8369383, 25093
234430, 8344300, 8369396, 25096
234431, 8344310, 8369410, 25100
234433, 8344330, 8369423, 25093
234434, 8344340, 8369437, 25097
234435, 8344350, 8369450, 25100
234436, 8344360, 8369464, 25104
234437, 8344370, 8369477, 25107
234438, 8344380, 8369490, 25110
234439, 8344390, 8369504, 25114
234440, 8344400, 8369517, 25117
234441, 8344410, 8369531, 25121
234442, 8344420, 8369544, 25124
234444, 8344440, 8369558, 25118
234445, 8344450, 8369571, 25121
234446, 8344460, 8369585, 25125
234447, 8344470, 8369598, 25128
234448, 8344480, 8369611, 25131
234449, 8344490, 8369625, 25135
234451, 8344510, 8369652, 25142
234452, 8344520, 8369665, 25145
234453, 8344530, 8369679, 25149
234455, 8344550, 8369692, 25142
234456, 8344560, 8369706, 25146
234457, 8344570, 8369719, 25149
234458, 8344580, 8369732, 25152
234459, 8344590, 8369746, 25156
234460, 8344600, 8369759, 25159
234461, 8344610, 8369773, 25163
234462, 8344620, 8369786, 25166
234463, 8344630, 8369800, 25170
234465, 8344650, 8369813, 25163
234466, 8344660, 8369826, 25166
234467, 8344670, 8369840, 25170
234468, 8344680, 8369853, 25173
234469, 8344690, 8369867, 25177
234470, 8344700, 8369880, 25180
234471, 8344710, 8369894, 25184
234472, 8344720, 8369907, 25187
234473, 8344730, 8369921, 25191
234474, 8344740, 8369934, 25194
234476, 8344760, 8369947, 25187
234477, 8344770, 8369961, 25191
234478, 8344780, 8369974, 25194
234479, 8344790, 8369988, 25198
234480, 8344800, 8370001, 25201
234481, 8344810, 8370015, 25205
234482, 8344820, 8370028, 25208
234483, 8344830, 8370042, 25212
234484, 8344840, 8370055, 25215
234485, 8344850, 8370068, 25218
234487, 8344870, 8370082, 25212
234488, 8344880, 8370095, 25215
234489, 8344890, 8370109, 25219
234490, 8344900, 8370122, 25222
234491, 8344910, 8370136, 25226
234492, 8344920, 8370149, 25229
234493, 8344930, 8370162, 25232
234494, 8344940, 8370176, 25236
234495, 8344950, 8370189, 25239
234497, 8344970, 8370203, 25233
234498, 8344980, 8370216, 25236
234499, 8344990, 8370230, 25240
234501, 8345010, 8370257, 25247
234502, 8345020, 8370270, 25250
234503, 8345030, 8370283, 25253
234504, 8345040, 8370297, 25257
234505, 8345050, 8370310, 25260
234506, 8345060, 8370324, 25264
234508, 8345080, 8370337, 25257
234509, 8345090, 8370351, 25261
234510, 8345100, 8370364, 25264
234511, 8345110, 8370378, 25268
234512, 8345120, 8370391, 25271
234513, 8345130, 8370404, 25274
234514, 8345140, 8370418, 25278
234515, 8345150, 8370431, 25281
234516, 8345160, 8374012, 28852
234517, 8345170, 8374026, 28856
234519, 8345190, 8374039, 28849
234520, 8345200, 8374052, 28852
234521, 8345210, 8374066, 28856
234522, 8345220, 8374079, 28859
234523, 8345230, 8374093, 28863
234524, 8345240, 8374106, 28866
234525, 8345250, 8374120, 28870
234526, 8345260, 8374133, 28873
234527, 8345270, 8374146, 28876
234529, 8345290, 8374160, 28870
234530, 8345300, 8374173, 28873
234531, 8345310, 8374187, 28877
234532, 8345320, 8374200, 28880
234533, 8345330, 8374214, 28884
234534, 8345340, 8374227, 28887
234535, 8345350, 8374241, 28891
234536, 8345360, 8374254, 28894
234537, 8345370, 8374267, 28897
234538, 8345380, 8374281, 28901
234540, 8345400, 8374294, 28894
234541, 8345410, 8374308, 28898
234542, 8345420, 8374321, 28901
234543, 8345430, 8374335, 28905
234544, 8345440, 8374348, 28908
234545, 8345450, 8374362, 28912
234546, 8345460, 8374375, 28915
234547, 8345470, 8374388, 28918
234548, 8345480, 8374402, 28922
234551, 8345510, 8374429, 28919
234552, 8345520, 8374442, 28922
234553, 8345530, 8374456, 28926
234554, 8345540, 8374469, 28929
234555, 8345550, 8374482, 28932
234556, 8345560, 8374496, 28936
234557, 8345570, 8374509, 28939
234558, 8345580, 8374523, 28943
234559, 8345590, 8374536, 28946
234561, 8345610, 8374550, 28940
234562, 8345620, 8374563, 28943
234563, 8345630, 8374577, 28947
234564, 8345640, 8374590, 28950
234565, 8345650, 8374603, 28953
234566, 8345660, 8374617, 28957
234567, 8345670, 8374630, 28960
234568, 8345680, 8374644, 28964
234569, 8345690, 8374657, 28967
234570, 8345700, 8374671, 28971
234572, 8345720, 8374684, 28964
234573, 8345730, 8374698, 28968
234574, 8345740, 8374711, 28971
234575, 8345750, 8374724, 28974
234576, 8345760, 8374738, 28978
234577, 8345770, 8374751, 28981
234578, 8345780, 8374765, 28985
234579, 8345790, 8374778, 28988
234580, 8345800, 8374792, 28992
234582, 8345820, 8374805, 28985
234583, 8345830, 8374818, 28988
234584, 8345840, 8374832, 28992
234585, 8345850, 8374845, 28995
234586, 8345860, 8374859, 28999
234587, 8345870, 8374872, 29002
234588, 8345880, 8374886, 29006
234589, 8345890, 8374899, 29009
234590, 8345900, 8374913, 29013
234591, 8345910, 8374926, 29016
234593, 8345930, 8374939, 29009
234594, 8345940, 8374953, 29013
234595, 8345950, 8374966, 29016
234596, 8345960, 8374980, 29020
234597, 8345970, 8374993, 29023
234598, 8345980, 8375007, 29027
234599, 8345990, 8375020, 29030
235002, 8350020, 8375047, 25027
235003, 8350030, 8375060, 25030
235004, 8350040, 8375074, 25034
235005, 8350050, 8375087, 25037
235006, 8350060, 8375101, 25041
235007, 8350070, 8375114, 25044
235008, 8350080, 8375127, 25047
235009, 8350090, 8375141, 25051
235010, 8350100, 8375154, 25054
235012, 8350120, 8375168, 25048
235013, 8350130, 8375181, 25051
235014, 8350140, 8375195, 25055
235015, 8350150, 8375208, 25058
235016, 8350160, 8375222, 25062
235017, 8350170, 8375235, 25065
235018, 8350180, 8375248, 25068
235019, 8350190, 8375262, 25072
235020, 8350200, 8375275, 25075
235021, 8350210, 8375289, 25079
235023, 8350230, 8375302, 25072
235024, 8350240, 8375316, 25076
235025, 8350250, 8375329, 25079
235026, 8350260, 8375342, 25082
235027, 8350270, 8375356, 25086
235028, 8350280, 8375369, 25089
235029, 8350290, 8375383, 25093
235030, 8350300, 8375396, 25096
235031, 8350310, 8375410, 25100
235033, 8350330, 8375423, 25093
235034, 8350340, 8375437, 25097
235035, 8350350, 8375450, 25100
235036, 8350360, 8375463, 25103
235037, 8350370, 8375477, 25107
235038, 8350380, 8375490, 25110
235039, 8350390, 8375504, 25114
235040, 8350400, 8375517, 25117
235041, 8350410, 8375531, 25121
235042, 8350420, 8375544, 25124
235044, 8350440, 8375558, 25118
235045, 8350450, 8375571, 25121
235046, 8350460, 8375584, 25124
235047, 8350470, 8375598, 25128
235048, 8350480, 8375611, 25131
235049, 8350490, 8375625, 25135
235051, 8350510, 8375652, 25142
235052, 8350520, 8375665, 25145
235053, 8350530, 8375678, 25148
235055, 8350550, 8375692, 25142
235056, 8350560, 8375705, 25145
235057, 8350570, 8375719, 25149
235058, 8350580, 8375732, 25152
235059, 8350590, 8375746, 25156
235060, 8350600, 8375759, 25159
235061, 8350610, 8375773, 25163
235062, 8350620, 8375786, 25166
235063, 8350630, 8375799, 25169
235065, 8350650, 8375813, 25163
235066, 8350660, 8375826, 25166
235067, 8350670, 8375840, 25170
235068, 8350680, 8375853, 25173
235069, 8350690, 8375867, 25177
235070, 8350700, 8375880, 25180
235071, 8350710, 8375894, 25184
235072, 8350720, 8375907, 25187
235073, 8350730, 8375920, 25190
235074, 8350740, 8375934, 25194
235076, 8350760, 8375947, 25187
235077, 8350770, 8375961, 25191
235078, 8350780, 8375974, 25194
235079, 8350790, 8375988, 25198
235080, 8350800, 8376001, 25201
235081, 8350810, 8376014, 25204
235082, 8350820, 8376028, 25208
235083, 8350830, 8376041, 25211
235084, 8350840, 8376055, 25215
235085, 8350850, 8376068, 25218
235087, 8350870, 8376082, 25212
235088, 8350880, 8376095, 25215
235089, 8350890, 8376109, 25219
235090, 8350900, 8376122, 25222
235091, 8350910, 8376135, 25225
235092, 8350920, 8376149, 25229
235093, 8350930, 8376162, 25232
235094, 8350940, 8376176, 25236
235095, 8350950, 8376189, 25239
235097, 8350970, 8376203, 25233
235098, 8350980, 8376216, 25236
235099, 8350990, 8376230, 25240
235101, 8351010, 8376256, 25246
235102, 8351020, 8376270, 25250
235103, 8351030, 8376283, 25253
235104, 8351040, 8376297, 25257
235105, 8351050, 8376310, 25260
235106, 8351060, 8376324, 25264
235108, 8351080, 8376337, 25257
235109, 8351090, 8376350, 25260
235110, 8351100, 8376364, 25264
235111, 8351110, 8376377, 25267
235112, 8351120, 8376391, 25271
235113, 8351130, 8376404, 25274
235114, 8351140, 8376418, 25278
235115, 8351150, 8376431, 25281
235116, 8351160, 8380012, 28852
235118, 8351180, 8380026, 28846
235119, 8351190, 8380039, 28849
235120, 8351200, 8380052, 28852
235121, 8351210, 8380066, 28856
235122, 8351220, 8380079, 28859
235123, 8351230, 8380093, 28863
235124, 8351240, 8380106, 28866
235125, 8351250, 8380120, 28870
235126, 8351260, 8380133, 28873
235127, 8351270, 8380146, 28876
235129, 8351290, 8380160, 28870
235130, 8351300, 8380173, 28873
235131, 8351310, 8380187, 28877
235132, 8351320, 8380200, 28880
235133, 8351330, 8380214, 28884
235134, 8351340, 8380227, 28887
235135, 8351350, 8380241, 28891
235136, 8351360, 8380254, 28894
235137, 8351370, 8380267, 28897
235138, 8351380, 8380281, 28901
235140, 8351400, 8380294, 28894
235141, 8351410, 8380308, 28898
235142, 8351420, 8380321, 28901
235143, 8351430, 8380335, 28905
235144, 8351440, 8380348, 28908
235145, 8351450, 8380362, 28912
235146, 8351460, 8380375, 28915
235147, 8351470, 8380388, 28918
235148, 8351480, 8380402, 28922
235151, 8351510, 8380429, 28919
235152, 8351520, 8380442, 28922
235153, 8351530, 8380456, 28926
235154, 8351540, 8380469, 28929
235155, 8351550, 8380482, 28932
235156, 8351560, 8380496, 28936
235157, 8351570, 8380509, 28939
235158, 8351580, 8380523, 28943
235159, 8351590, 8380536, 28946
235161, 8351610, 8380550, 28940
235162, 8351620, 8380563, 28943
235163, 8351630, 8380577, 28947
235164, 8351640, 8380590, 28950
235165, 8351650, 8380603, 28953
235166, 8351660, 8380617, 28957
235167, 8351670, 8380630, 28960
235168, 8351680, 8380644, 28964
235169, 8351690, 8380657, 28967
235171, 8351710, 8380671, 28961
235172, 8351720, 8380684, 28964
235173, 8351730, 8380698, 28968
235174, 8351740, 8380711, 28971
235175, 8351750, 8380724, 28974
235176, 8351760, 8380738, 28978
235177, 8351770, 8380751, 28981
235178, 8351780, 8380765, 28985
235179, 8351790, 8380778, 28988
235180, 8351800, 8380792, 28992
235182, 8351820, 8380805, 28985
235183, 8351830, 8380818, 28988
235184, 8351840, 8380832, 28992
235185, 8351850, 8380845, 28995
235186, 8351860, 8380859, 28999
235187, 8351870, 8380872, 29002
235188, 8351880, 8380886, 29006
235189, 8351890, 8380899, 29009
235190, 8351900, 8380913, 29013
235191, 8351910, 8380926, 29016
235193, 8351930, 8380939, 29009
235194, 8351940, 8380953, 29013
235195, 8351950, 8380966, 29016
235196, 8351960, 8380980, 29020
235197, 8351970, 8380993, 29023
235198, 8351980, 8381007, 29027
235199, 8351990, 8381020, 29030
235602, 8356020, 8381047, 25027
235603, 8356030, 8381060, 25030
235604, 8356040, 8381074, 25034
235605, 8356050, 8381087, 25037
235606, 8356060, 8381101, 25041
235607, 8356070, 8381114, 25044
235608, 8356080, 8381128, 25048
235609, 8356090, 8381141, 25051
235610, 8356100, 8381154, 25054
235612, 8356120, 8381168, 25048
235613, 8356130, 8381181, 25051
235614, 8356140, 8381195, 25055
235615, 8356150, 8381208, 25058
235616, 8356160, 8381222, 25062
235617, 8356170, 8381235, 25065
235618, 8356180, 8381249, 25069
235619, 8356190, 8381262, 25072
235620, 8356200, 8381275, 25075
235621, 8356210, 8381289, 25079
235623, 8356230, 8381302, 25072
235624, 8356240, 8381316, 25076
235625, 8356250, 8381329, 25079
235626, 8356260, 8381343, 25083
235627, 8356270, 8381356, 25086
235628, 8356280, 8381370, 25090
235629, 8356290, 8381383, 25093
235630, 8356300, 8381396, 25096
235631, 8356310, 8381410, 25100
235633, 8356330, 8381423, 25093
235634, 8356340, 8381437, 25097
235635, 8356350, 8381450, 25100
235636, 8356360, 8381464, 25104
235637, 8356370, 8381477, 25107
235638, 8356380, 8381490, 25110
235639, 8356390, 8381504, 25114
235640, 8356400, 8381517, 25117
235641, 8356410, 8381531, 25121
235642, 8356420, 8381544, 25124
235644, 8356440, 8381558, 25118
235645, 8356450, 8381571, 25121
235646, 8356460, 8381585, 25125
235647, 8356470, 8381598, 25128
235648, 8356480, 8381611, 25131
235649, 8356490, 8381625, 25135
235651, 8356510, 8381652, 25142
235652, 8356520, 8381665, 25145
235653, 8356530, 8381679, 25149
235655, 8356550, 8381692, 25142
235656, 8356560, 8381706, 25146
235657, 8356570, 8381719, 25149
235658, 8356580, 8381732, 25152
235659, 8356590, 8381746, 25156
235660, 8356600, 8381759, 25159
235661, 8356610, 8381773, 25163
235662, 8356620, 8381786, 25166
235663, 8356630, 8381800, 25170
235665, 8356650, 8381813, 25163
235666, 8356660, 8381826, 25166
235667, 8356670, 8381840, 25170
235668, 8356680, 8381853, 25173
235669, 8356690, 8381867, 25177
235670, 8356700, 8381880, 25180
235671, 8356710, 8381894, 25184
235672, 8356720, 8381907, 25187
235673, 8356730, 8381921, 25191
235674, 8356740, 8381934, 25194
235676, 8356760, 8381947, 25187
235677, 8356770, 8381961, 25191
235678, 8356780, 8381974, 25194
235679, 8356790, 8381988, 25198
235680, 8356800, 8382001, 25201
235681, 8356810, 8382015, 25205
235682, 8356820, 8382028, 25208
235683, 8356830, 8382042, 25212
235684, 8356840, 8382055, 25215
235685, 8356850, 8382068, 25218
235687, 8356870, 8382082, 25212
235688, 8356880, 8382095, 25215
235689, 8356890, 8382109, 25219
235690, 8356900, 8382122, 25222
235691, 8356910, 8382136, 25226
235692, 8356920, 8382149, 25229
235693, 8356930, 8382162, 25232
235694, 8356940, 8382176, 25236
235695, 8356950, 8382189, 25239
235697, 8356970, 8382203, 25233
235698, 8356980, 8382216, 25236
235699, 8356990, 8382230, 25240
235701, 8357010, 8382257, 25247
235702, 8357020, 8382270, 25250
235703, 8357030, 8382283, 25253
235704, 8357040, 8382297, 25257
235705, 8357050, 8382310, 25260
235706, 8357060, 8382324, 25264
235708, 8357080, 8382337, 25257
235709, 8357090, 8382351, 25261
235710, 8357100, 8382364, 25264
235711, 8357110, 8382378, 25268
235712, 8357120, 8382391, 25271
235713, 8357130, 8382404, 25274
235714, 8357140, 8382418, 25278
235715, 8357150, 8382431, 25281
235716, 8357160, 8386012, 28852
235718, 8357180, 8386026, 28846
235719, 8357190, 8386039, 28849
235720, 8357200, 8386052, 28852
235721, 8357210, 8386066, 28856
235722, 8357220, 8386079, 28859
235723, 8357230, 8386093, 28863
235724, 8357240, 8386106, 28866
235725, 8357250, 8386120, 28870
235726, 8357260, 8386133, 28873
235727, 8357270, 8386146, 28876
235729, 8357290, 8386160, 28870
235730, 8357300, 8386173, 28873
235731, 8357310, 8386187, 28877
235732, 8357320, 8386200, 28880
235733, 8357330, 8386214, 28884
235734, 8357340, 8386227, 28887
235735, 8357350, 8386241, 28891
235736, 8357360, 8386254, 28894
235737, 8357370, 8386267, 28897
235738, 8357380, 8386281, 28901
235740, 8357400, 8386294, 28894
235741, 8357410, 8386308, 28898
235742, 8357420, 8386321, 28901
235743, 8357430, 8386335, 28905
235744, 8357440, 8386348, 28908
235745, 8357450, 8386362, 28912
235746, 8357460, 8386375, 28915
235747, 8357470, 8386388, 28918
235748, 8357480, 8386402, 28922
235751, 8357510, 8386429, 28919
235752, 8357520, 8386442, 28922
235753, 8357530, 8386456, 28926
235754, 8357540, 8386469, 28929
235755, 8357550, 8386482, 28932
235756, 8357560, 8386496, 28936
235757, 8357570, 8386509, 28939
235758, 8357580, 8386523, 28943
235759, 8357590, 8386536, 28946
235761, 8357610, 8386550, 28940
235762, 8357620, 8386563, 28943
235763, 8357630, 8386577, 28947
235764, 8357640, 8386590, 28950
235765, 8357650, 8386603, 28953
235766, 8357660, 8386617, 28957
235767, 8357670, 8386630, 28960
235768, 8357680, 8386644, 28964
235769, 8357690, 8386657, 28967
235771, 8357710, 8386671, 28961
235772, 8357720, 8386684, 28964
235773, 8357730, 8386698, 28968
235774, 8357740, 8386711, 28971
235775, 8357750, 8386724, 28974
235776, 8357760, 8386738, 28978
235777, 8357770, 8386751, 28981
235778, 8357780, 8386765, 28985
235779, 8357790, 8386778, 28988
235780, 8357800, 8386792, 28992
235782, 8357820, 8386805, 28985
235783, 8357830, 8386818, 28988
235784, 8357840, 8386832, 28992
235785, 8357850, 8386845, 28995
235786, 8357860, 8386859, 28999
235787, 8357870, 8386872, 29002
235788, 8357880, 8386886, 29006
235789, 8357890, 8386899, 29009
235790, 8357900, 8386913, 29013
235791, 8357910, 8386926, 29016
235793, 8357930, 8386939, 29009
235794, 8357940, 8386953, 29013
235795, 8357950, 8386966, 29016
235796, 8357960, 8386980, 29020
235797, 8357970, 8386993, 29023
235798, 8357980, 8387007, 29027
235799, 8357990, 8387020, 29030
236202, 8362020, 8387047, 25027
236203, 8362030, 8387060, 25030
236204, 8362040, 8387074, 25034
236205, 8362050, 8387087, 25037
236206, 8362060, 8387101, 25041
236207, 8362070, 8387114, 25044
236208, 8362080, 8387128, 25048
236209, 8362090, 8387141, 25051
236210, 8362100, 8387154, 25054
236212, 8362120, 8387168, 25048
236213, 8362130, 8387181, 25051
236214, 8362140, 8387195, 25055
236215, 8362150, 8387208, 25058
236216, 8362160, 8387222, 25062
236217, 8362170, 8387235, 25065
236218, 8362180, 8387249, 25069
236219, 8362190, 8387262, 25072
236220, 8362200, 8387275, 25075
236221, 8362210, 8387289, 25079
236223, 8362230, 8387302, 25072
236224, 8362240, 8387316, 25076
236225, 8362250, 8387329, 25079
236226, 8362260, 8387343, 25083
236227, 8362270, 8387356, 25086
236228, 8362280, 8387370, 25090
236229, 8362290, 8387383, 25093
236230, 8362300, 8387396, 25096
236231, 8362310, 8387410, 25100
236233, 8362330, 8387423, 25093
236234, 8362340, 8387437, 25097
236235, 8362350, 8387450, 25100
236236, 8362360, 8387464, 25104
236237, 8362370, 8387477, 25107
236238, 8362380, 8387490, 25110
236239, 8362390, 8387504, 25114
236240, 8362400, 8387517, 25117
236241, 8362410, 8387531, 25121
236242, 8362420, 8387544, 25124
236244, 8362440, 8387558, 25118
236245, 8362450, 8387571, 25121
236246, 8362460, 8387585, 25125
236247, 8362470, 8387598, 25128
236248, 8362480, 8387611, 25131
236249, 8362490, 8387625, 25135
236251, 8362510, 8387652, 25142
236252, 8362520, 8387665, 25145
236253, 8362530, 8387679, 25149
236255, 8362550, 8387692, 25142
236256, 8362560, 8387706, 25146
236257, 8362570, 8387719, 25149
236258, 8362580, 8387732, 25152
236259, 8362590, 8387746, 25156
236260, 8362600, 8387759, 25159
236261, 8362610, 8387773, 25163
236262, 8362620, 8387786, 25166
236263, 8362630, 8387800, 25170
236265, 8362650, 8387813, 25163
236266, 8362660, 8387826, 25166
236267, 8362670, 8387840, 25170
236268, 8362680, 8387853, 25173
236269, 8362690, 8387867, 25177
236270, 8362700, 8387880, 25180
236271, 8362710, 8387894, 25184
236272, 8362720, 8387907, 25187
236273, 8362730, 8387921, 25191
236274, 8362740, 8387934, 25194
236276, 8362760, 8387947, 25187
236277, 8362770, 8387961, 25191
236278, 8362780, 8387974, 25194
236279, 8362790, 8387988, 25198
236280, 8362800, 8388001, 25201
236281, 8362810, 8388015, 25205
236282, 8362820, 8388028, 25208
236283, 8362830, 8388042, 25212
236284, 8362840, 8388055, 25215
236285, 8362850, 8388068, 25218
236287, 8362870, 8388082, 25212
236288, 8362880, 8388095, 25215
236289, 8362890, 8388109, 25219
236290, 8362900, 8388122, 25222
236291, 8362910, 8388136, 25226
236292, 8362920, 8388149, 25229
236293, 8362930, 8388162, 25232
236294, 8362940, 8388176, 25236
236295, 8362950, 8388189, 25239
236297, 8362970, 8388203, 25233
236298, 8362980, 8388216, 25236
236299, 8362990, 8388230, 25240
236301, 8363010, 8388257, 25247
236302, 8363020, 8388270, 25250
236303, 8363030, 8388283, 25253
236304, 8363040, 8388297, 25257
236305, 8363050, 8388310, 25260
236306, 8363060, 8388324, 25264
236308, 8363080, 8388337, 25257
236309, 8363090, 8388351, 25261
236310, 8363100, 8388364, 25264
236311, 8363110, 8388378, 25268
236312, 8363120, 8388391, 25271
236313, 8363130, 8388404, 25274
236314, 8363140, 8388418, 25278
236315, 8363150, 8388431, 25281
236316, 8363160, 8392012, 28852
236318, 8363180, 8392026, 28846
236319, 8363190, 8392039, 28849
236320, 8363200, 8392052, 28852
236321, 8363210, 8392066, 28856
236322, 8363220, 8392079, 28859
236323, 8363230, 8392093, 28863
236324, 8363240, 8392106, 28866
236325, 8363250, 8392120, 28870
236326, 8363260, 8392133, 28873
236327, 8363270, 8392146, 28876
236329, 8363290, 8392160, 28870
236330, 8363300, 8392173, 28873
236331, 8363310, 8392187, 28877
236332, 8363320, 8392200, 28880
236333, 8363330, 8392214, 28884
236334, 8363340, 8392227, 28887
236335, 8363350, 8392241, 28891
236336, 8363360, 8392254, 28894
236337, 8363370, 8392267, 28897
236338, 8363380, 8392281, 28901
236340, 8363400, 8392294, 28894
236341, 8363410, 8392308, 28898
236342, 8363420, 8392321, 28901
236343, 8363430, 8392335, 28905
236344, 8363440, 8392348, 28908
236345, 8363450, 8392362, 28912
236346, 8363460, 8392375, 28915
236347, 8363470, 8392388, 28918
236348, 8363480, 8392402, 28922
236351, 8363510, 8392429, 28919
236352, 8363520, 8392442, 28922
236353, 8363530, 8392456, 28926
236354, 8363540, 8392469, 28929
236355, 8363550, 8392482, 28932
236356, 8363560, 8392496, 28936
236357, 8363570, 8392509, 28939
236358, 8363580, 8392523, 28943
236359, 8363590, 8392536, 28946
236361, 8363610, 8392550, 28940
236362, 8363620, 8392563, 28943
236363, 8363630, 8392577, 28947
236364, 8363640, 8392590, 28950
236365, 8363650, 8392603, 28953
236366, 8363660, 8392617, 28957
236367, 8363670, 8392630, 28960
236368, 8363680, 8392644, 28964
236369, 8363690, 8392657, 28967
236371, 8363710, 8392671, 28961
236372, 8363720, 8392684, 28964
236373, 8363730, 8392698, 28968
236374, 8363740, 8392711, 28971
236375, 8363750, 8392724, 28974
236376, 8363760, 8392738, 28978
236377, 8363770, 8392751, 28981
236378, 8363780, 8392765, 28985
236379, 8363790, 8392778, 28988
236380, 8363800, 8392792, 28992
236382, 8363820, 8392805, 28985
236383, 8363830, 8392818, 28988
236384, 8363840, 8392832, 28992
236385, 8363850, 8392845, 28995
236386, 8363860, 8392859, 28999
236387, 8363870, 8392872, 29002
236388, 8363880, 8392886, 29006
236389, 8363890, 8392899, 29009
236390, 8363900, 8392913, 29013
236391, 8363910, 8392926, 29016
236393, 8363930, 8392939, 29009
236394, 8363940, 8392953, 29013
236395, 8363950, 8392966, 29016
236396, 8363960, 8392980, 29020
236397, 8363970, 8392993, 29023
236398, 8363980, 8393007, 29027
236399, 8363990, 8393020, 29030
236802, 8368020, 8393047, 25027
236803, 8368030, 8393060, 25030
236804, 8368040, 8393074, 25034
236805, 8368050, 8393087, 25037
236806, 8368060, 8393101, 25041
236807, 8368070, 8393114, 25044
236808, 8368080, 8393128, 25048
236809, 8368090, 8393141, 25051
236810, 8368100, 8393154, 25054
236812, 8368120, 8393168, 25048
236813, 8368130, 8393181, 25051
236814, 8368140, 8393195, 25055
236815, 8368150, 8393208, 25058
236816, 8368160, 8393222, 25062
236817, 8368170, 8393235, 25065
236818, 8368180, 8393249, 25069
236819, 8368190, 8393262, 25072
236820, 8368200, 8393275, 25075
236821, 8368210, 8393289, 25079
236823, 8368230, 8393302, 25072
236824, 8368240, 8393316, 25076
236825, 8368250, 8393329, 25079
236826, 8368260, 8393343, 25083
236827, 8368270, 8393356, 25086
236828, 8368280, 8393370, 25090
236829, 8368290, 8393383, 25093
236830, 8368300, 8393396, 25096
236831, 8368310, 8393410, 25100
236833, 8368330, 8393423, 25093
236834, 8368340, 8393437, 25097
236835, 8368350, 8393450, 25100
236836, 8368360, 8393464, 25104
236837, 8368370, 8393477, 25107
236838, 8368380, 8393490, 25110
236839, 8368390, 8393504, 25114
236840, 8368400, 8393517, 25117
236841, 8368410, 8393531, 25121
236842, 8368420, 8393544, 25124
236844, 8368440, 8393558, 25118
236845, 8368450, 8393571, 25121
236846, 8368460, 8393585, 25125
236847, 8368470, 8393598, 25128
236848, 8368480, 8393611, 25131
236849, 8368490, 8393625, 25135
236851, 8368510, 8393652, 25142
236852, 8368520, 8393665, 25145
236853, 8368530, 8393679, 25149
236855, 8368550, 8393692, 25142
236856, 8368560, 8393706, 25146
236857, 8368570, 8393719, 25149
236858, 8368580, 8393732, 25152
236859, 8368590, 8393746, 25156
236860, 8368600, 8393759, 25159
236861, 8368610, 8393773, 25163
236862, 8368620, 8393786, 25166
236863, 8368630, 8393800, 25170
236865, 8368650, 8393813, 25163
236866, 8368660, 8393826, 25166
236867, 8368670, 8393840, 25170
236868, 8368680, 8393853, 25173
236869, 8368690, 8393867, 25177
236870, 8368700, 8393880, 25180
236871, 8368710, 8393894, 25184
236872, 8368720, 8393907, 25187
236873, 8368730, 8393921, 25191
236874, 8368740, 8393934, 25194
236876, 8368760, 8393947, 25187
236877, 8368770, 8393961, 25191
236878, 8368780, 8393974, 25194
236879, 8368790, 8393988, 25198
236880, 8368800, 8394001, 25201
236881, 8368810, 8394015, 25205
236882, 8368820, 8394028, 25208
236883, 8368830, 8394042, 25212
236884, 8368840, 8394055, 25215
236885, 8368850, 8394068, 25218
236887, 8368870, 8394082, 25212
236888, 8368880, 8394095, 25215
236889, 8368890, 8394109, 25219
236890, 8368900, 8394122, 25222
236891, 8368910, 8394136, 25226
236892, 8368920, 8394149, 25229
236893, 8368930, 8394162, 25232
236894, 8368940, 8394176, 25236
236895, 8368950, 8394189, 25239
236897, 8368970, 8394203, 25233
236898, 8368980, 8394216, 25236
236899, 8368990, 8394230, 25240
236901, 8369010, 8394257, 25247
236902, 8369020, 8394270, 25250
236903, 8369030, 8394283, 25253
236904, 8369040, 8394297, 25257
236905, 8369050, 8394310, 25260
236906, 8369060, 8394324, 25264
236908, 8369080, 8394337, 25257
236909, 8369090, 8394351, 25261
236910, 8369100, 8394364, 25264
236911, 8369110, 8394378, 25268
236912, 8369120, 8394391, 25271
236913, 8369130, 8394404, 25274
236914, 8369140, 8394418, 25278
236915, 8369150, 8394431, 25281
236916, 8369160, 8398012, 28852
236918, 8369180, 8398026, 28846
236919, 8369190, 8398039, 28849
236920, 8369200, 8398052, 28852
236921, 8369210, 8398066, 28856
236922, 8369220, 8398079, 28859
236923, 8369230, 8398093, 28863
236924, 8369240, 8398106, 28866
236925, 8369250, 8398120, 28870
236926, 8369260, 8398133, 28873
236927, 8369270, 8398146, 28876
236929, 8369290, 8398160, 28870
236930, 8369300, 8398173, 28873
236931, 8369310, 8398187, 28877
236932, 8369320, 8398200, 28880
236933, 8369330, 8398214, 28884
236934, 8369340, 8398227, 28887
236935, 8369350, 8398241, 28891
236936, 8369360, 8398254, 28894
236937, 8369370, 8398267, 28897
236938, 8369380, 8398281, 28901
236940, 8369400, 8398294, 28894
236941, 8369410, 8398308, 28898
236942, 8369420, 8398321, 28901
236943, 8369430, 8398335, 28905
236944, 8369440, 8398348, 28908
236945, 8369450, 8398362, 28912
236946, 8369460, 8398375, 28915
236947, 8369470, 8398388, 28918
236948, 8369480, 8398402, 28922
236951, 8369510, 8398429, 28919
236952, 8369520, 8398442, 28922
236953, 8369530, 8398456, 28926
236954, 8369540, 8398469, 28929
236955, 8369550, 8398482, 28932
236956, 8369560, 8398496, 28936
236957, 8369570, 8398509, 28939
236958, 8369580, 8398523, 28943
236959, 8369590, 8398536, 28946
236961, 8369610, 8398550, 28940
236962, 8369620, 8398563, 28943
236963, 8369630, 8398577, 28947
236964, 8369640, 8398590, 28950
236965, 8369650, 8398603, 28953
236966, 8369660, 8398617, 28957
236967, 8369670, 8398630, 28960
236968, 8369680, 8398644, 28964
236969, 8369690, 8398657, 28967
236971, 8369710, 8398671, 28961
236972, 8369720, 8398684, 28964
236973, 8369730, 8398698, 28968
236974, 8369740, 8398711, 28971
236975, 8369750, 8398724, 28974
236976, 8369760, 8398738, 28978
236977, 8369770, 8398751, 28981
236978, 8369780, 8398765, 28985
236979, 8369790, 8398778, 28988
236980, 8369800, 8398792, 28992
236982, 8369820, 8398805, 28985
236983, 8369830, 8398818, 28988
236984, 8369840, 8398832, 28992
236985, 8369850, 8398845, 28995
236986, 8369860, 8398859, 28999
236987, 8369870, 8398872, 29002
236988, 8369880, 8398886, 29006
236989, 8369890, 8398899, 29009
236990, 8369900, 8398913, 29013
236991, 8369910, 8398926, 29016
236993, 8369930, 8398939, 29009
236994, 8369940, 8398953, 29013
236995, 8369950, 8398966, 29016
236996, 8369960, 8398980, 29020
236997, 8369970, 8398993, 29023
236998, 8369980, 8399007, 29027
236999, 8369990, 8399020, 29030
237402, 8374020, 8399047, 25027
237403, 8374030, 8399060, 25030
237404, 8374040, 8399074, 25034
237405, 8374050, 8399087, 25037
237406, 8374060, 8399101, 25041
237407, 8374070, 8399114, 25044
237408, 8374080, 8399128, 25048
237409, 8374090, 8399141, 25051
237410, 8374100, 8399154, 25054
237412, 8374120, 8399168, 25048
237413, 8374130, 8399181, 25051
237414, 8374140, 8399195, 25055
237415, 8374150, 8399208, 25058
237416, 8374160, 8399222, 25062
237417, 8374170, 8399235, 25065
237418, 8374180, 8399249, 25069
237419, 8374190, 8399262, 25072
237420, 8374200, 8399275, 25075
237421, 8374210, 8399289, 25079
237423, 8374230, 8399302, 25072
237424, 8374240, 8399316, 25076
237425, 8374250, 8399329, 25079
237426, 8374260, 8399343, 25083
237427, 8374270, 8399356, 25086
237428, 8374280, 8399370, 25090
237429, 8374290, 8399383, 25093
237430, 8374300, 8399396, 25096
237431, 8374310, 8399410, 25100
237433, 8374330, 8399423, 25093
237434, 8374340, 8399437, 25097
237435, 8374350, 8399450, 25100
237436, 8374360, 8399464, 25104
237437, 8374370, 8399477, 25107
237438, 8374380, 8399490, 25110
237439, 8374390, 8399504, 25114
237440, 8374400, 8399517, 25117
237441, 8374410, 8399531, 25121
237442, 8374420, 8399544, 25124
237444, 8374440, 8399558, 25118
237445, 8374450, 8399571, 25121
237446, 8374460, 8399585, 25125
237447, 8374470, 8399598, 25128
237448, 8374480, 8399611, 25131
237449, 8374490, 8399625, 25135
237451, 8374510, 8399652, 25142
237452, 8374520, 8399665, 25145
237453, 8374530, 8399679, 25149
237455, 8374550, 8399692, 25142
237456, 8374560, 8399706, 25146
237457, 8374570, 8399719, 25149
237458, 8374580, 8399732, 25152
237459, 8374590, 8399746, 25156
237460, 8374600, 8399759, 25159
237461, 8374610, 8399773, 25163
237462, 8374620, 8399786, 25166
237463, 8374630, 8399800, 25170
237465, 8374650, 8399813, 25163
237466, 8374660, 8399826, 25166
237467, 8374670, 8399840, 25170
237468, 8374680, 8399853, 25173
237469, 8374690, 8399867, 25177
237470, 8374700, 8399880, 25180
237471, 8374710, 8399894, 25184
237472, 8374720, 8399907, 25187
237473, 8374730, 8399921, 25191
237474, 8374740, 8399934, 25194
237476, 8374760, 8399947, 25187
237477, 8374770, 8399961, 25191
237478, 8374780, 8399974, 25194
237479, 8374790, 8399988, 25198
237480, 8374800, 8400001, 25201
237481, 8374810, 8400015, 25205
237482, 8374820, 8400028, 25208
237483, 8374830, 8400042, 25212
237484, 8374840, 8400055, 25215
237485, 8374850, 8400068, 25218
237487, 8374870, 8400082, 25212
237488, 8374880, 8400095, 25215
237489, 8374890, 8400109, 25219
237490, 8374900, 8400122, 25222
237491, 8374910, 8400136, 25226
237492, 8374920, 8400149, 25229
237493, 8374930, 8400162, 25232
237494, 8374940, 8400176, 25236
237495, 8374950, 8400189, 25239
237497, 8374970, 8400203, 25233
237498, 8374980, 8400216, 25236
237499, 8374990, 8400230, 25240
237501, 8375010, 8400257, 25247
237502, 8375020, 8400270, 25250
237503, 8375030, 8400283, 25253
237504, 8375040, 8400297, 25257
237505, 8375050, 8400310, 25260
237506, 8375060, 8400324, 25264
237508, 8375080, 8400337, 25257
237509, 8375090, 8400351, 25261
237510, 8375100, 8400364, 25264
237511, 8375110, 8400378, 25268
237512, 8375120, 8400391, 25271
237513, 8375130, 8400404, 25274
237514, 8375140, 8400418, 25278
237515, 8375150, 8400431, 25281
237516, 8375160, 8404012, 28852
237517, 8375170, 8404026, 28856
237519, 8375190, 8404039, 28849
237520, 8375200, 8404052, 28852
237521, 8375210, 8404066, 28856
237522, 8375220, 8404079, 28859
237523, 8375230, 8404093, 28863
237524, 8375240, 8404106, 28866
237525, 8375250, 8404120, 28870
237526, 8375260, 8404133, 28873
237527, 8375270, 8404146, 28876
237529, 8375290, 8404160, 28870
237530, 8375300, 8404173, 28873
237531, 8375310, 8404187, 28877
237532, 8375320, 8404200, 28880
237533, 8375330, 8404214, 28884
237534, 8375340, 8404227, 28887
237535, 8375350, 8404241, 28891
237536, 8375360, 8404254, 28894
237537, 8375370, 8404267, 28897
237538, 8375380, 8404281, 28901
237540, 8375400, 8404294, 28894
237541, 8375410, 8404308, 28898
237542, 8375420, 8404321, 28901
237543, 8375430, 8404335, 28905
237544, 8375440, 8404348, 28908
237545, 8375450, 8404362, 28912
237546, 8375460, 8404375, 28915
237547, 8375470, 8404388, 28918
237548, 8375480, 8404402, 28922
237551, 8375510, 8404429, 28919
237552, 8375520, 8404442, 28922
237553, 8375530, 8404456, 28926
237554, 8375540, 8404469, 28929
237555, 8375550, 8404482, 28932
237556, 8375560, 8404496, 28936
237557, 8375570, 8404509, 28939
237558, 8375580, 8404523, 28943
237559, 8375590, 8404536, 28946
237561, 8375610, 8404550, 28940
237562, 8375620, 8404563, 28943
237563, 8375630, 8404577, 28947
237564, 8375640, 8404590, 28950
237565, 8375650, 8404603, 28953
237566, 8375660, 8404617, 28957
237567, 8375670, 8404630, 28960
237568, 8375680, 8404644, 28964
237569, 8375690, 8404657, 28967
237570, 8375700, 8404671, 28971
237572, 8375720, 8404684, 28964
237573, 8375730, 8404698, 28968
237574, 8375740, 8404711, 28971
237575, 8375750, 8404724, 28974
237576, 8375760, 8404738, 28978
237577, 8375770, 8404751, 28981
237578, 8375780, 8404765, 28985
237579, 8375790, 8404778, 28988
237580, 8375800, 8404792, 28992
237582, 8375820, 8404805, 28985
237583, 8375830, 8404818, 28988
237584, 8375840, 8404832, 28992
237585, 8375850, 8404845, 28995
237586, 8375860, 8404859, 28999
237587, 8375870, 8404872, 29002
237588, 8375880, 8404886, 29006
237589, 8375890, 8404899, 29009
237590, 8375900, 8404913, 29013
237591, 8375910, 8404926, 29016
237593, 8375930, 8404939, 29009
237594, 8375940, 8404953, 29013
237595, 8375950, 8404966, 29016
237596, 8375960, 8404980, 29020
237597, 8375970, 8404993, 29023
237598, 8375980, 8405007, 29027
237599, 8375990, 8405020, 29030
238002, 8380020, 8405047, 25027
238003, 8380030, 8405060, 25030
238004, 8380040, 8405074, 25034
238005, 8380050, 8405087, 25037
238006, 8380060, 8405101, 25041
238007, 8380070, 8405114, 25044
238008, 8380080, 8405127, 25047
238009, 8380090, 8405141, 25051
238010, 8380100, 8405154, 25054
238012, 8380120, 8405168, 25048
238013, 8380130, 8405181, 25051
238014, 8380140, 8405195, 25055
238015, 8380150, 8405208, 25058
238016, 8380160, 8405222, 25062
238017, 8380170, 8405235, 25065
238018, 8380180, 8405248, 25068
238019, 8380190, 8405262, 25072
238020, 8380200, 8405275, 25075
238021, 8380210, 8405289, 25079
238023, 8380230, 8405302, 25072
238024, 8380240, 8405316, 25076
238025, 8380250, 8405329, 25079
238026, 8380260, 8405342, 25082
238027, 8380270, 8405356, 25086
238028, 8380280, 8405369, 25089
238029, 8380290, 8405383, 25093
238030, 8380300, 8405396, 25096
238031, 8380310, 8405410, 25100
238033, 8380330, 8405423, 25093
238034, 8380340, 8405437, 25097
238035, 8380350, 8405450, 25100
238036, 8380360, 8405463, 25103
238037, 8380370, 8405477, 25107
238038, 8380380, 8405490, 25110
238039, 8380390, 8405504, 25114
238040, 8380400, 8405517, 25117
238041, 8380410, 8405531, 25121
238042, 8380420, 8405544, 25124
238044, 8380440, 8405558, 25118
238045, 8380450, 8405571, 25121
238046, 8380460, 8405584, 25124
238047, 8380470, 8405598, 25128
238048, 8380480, 8405611, 25131
238049, 8380490, 8405625, 25135
238051, 8380510, 8405652, 25142
238052, 8380520, 8405665, 25145
238053, 8380530, 8405678, 25148
238055, 8380550, 8405692, 25142
238056, 8380560, 8405705, 25145
238057, 8380570, 8405719, 25149
238058, 8380580, 8405732, 25152
238059, 8380590, 8405746, 25156
238060, 8380600, 8405759, 25159
238061, 8380610, 8405773, 25163
238062, 8380620, 8405786, 25166
238063, 8380630, 8405799, 25169
238065, 8380650, 8405813, 25163
238066, 8380660, 8405826, 25166
238067, 8380670, 8405840, 25170
238068, 8380680, 8405853, 25173
238069, 8380690, 8405867, 25177
238070, 8380700, 8405880, 25180
238071, 8380710, 8405894, 25184
238072, 8380720, 8405907, 25187
238073, 8380730, 8405920, 25190
238074, 8380740, 8405934, 25194
238076, 8380760, 8405947, 25187
238077, 8380770, 8405961, 25191
238078, 8380780, 8405974, 25194
238079, 8380790, 8405988, 25198
238080, 8380800, 8406001, 25201
238081, 8380810, 8406014, 25204
238082, 8380820, 8406028, 25208
238083, 8380830, 8406041, 25211
238084, 8380840, 8406055, 25215
238085, 8380850, 8406068, 25218
238087, 8380870, 8406082, 25212
238088, 8380880, 8406095, 25215
238089, 8380890, 8406109, 25219
238090, 8380900, 8406122, 25222
238091, 8380910, 8406135, 25225
238092, 8380920, 8406149, 25229
238093, 8380930, 8406162, 25232
238094, 8380940, 8406176, 25236
238095, 8380950, 8406189, 25239
238097, 8380970, 8406203, 25233
238098, 8380980, 8406216, 25236
238099, 8380990, 8406230, 25240
238101, 8381010, 8406256, 25246
238102, 8381020, 8406270, 25250
238103, 8381030, 8406283, 25253
238104, 8381040, 8406297, 25257
238105, 8381050, 8406310, 25260
238106, 8381060, 8406324, 25264
238108, 8381080, 8406337, 25257
238109, 8381090, 8406350, 25260
238110, 8381100, 8406364, 25264
238111, 8381110, 8406377, 25267
238112, 8381120, 8406391, 25271
238113, 8381130, 8406404, 25274
238114, 8381140, 8406418, 25278
238115, 8381150, 8406431, 25281
238116, 8381160, 8410012, 28852
238118, 8381180, 8410026, 28846
238119, 8381190, 8410039, 28849
238120, 8381200, 8410052, 28852
238121, 8381210, 8410066, 28856
238122, 8381220, 8410079, 28859
238123, 8381230, 8410093, 28863
238124, 8381240, 8410106, 28866
238125, 8381250, 8410120, 28870
238126, 8381260, 8410133, 28873
238127, 8381270, 8410146, 28876
238129, 8381290, 8410160, 28870
238130, 8381300, 8410173, 28873
238131, 8381310, 8410187, 28877
238132, 8381320, 8410200, 28880
238133, 8381330, 8410214, 28884
238134, 8381340, 8410227, 28887
238135, 8381350, 8410241, 28891
238136, 8381360, 8410254, 28894
238137, 8381370, 8410267, 28897
238138, 8381380, 8410281, 28901
238140, 8381400, 8410294, 28894
238141, 8381410, 8410308, 28898
238142, 8381420, 8410321, 28901
238143, 8381430, 8410335, 28905
238144, 8381440, 8410348, 28908
238145, 8381450, 8410362, 28912
238146, 8381460, 8410375, 28915
238147, 8381470, 8410388, 28918
238148, 8381480, 8410402, 28922
238151, 8381510, 8410429, 28919
238152, 8381520, 8410442, 28922
238153, 8381530, 8410456, 28926
238154, 8381540, 8410469, 28929
238155, 8381550, 8410482, 28932
238156, 8381560, 8410496, 28936
238157, 8381570, 8410509, 28939
238158, 8381580, 8410523, 28943
238159, 8381590, 8410536, 28946
238161, 8381610, 8410550, 28940
238162, 8381620, 8410563, 28943
238163, 8381630, 8410577, 28947
238164, 8381640, 8410590, 28950
238165, 8381650, 8410603, 28953
238166, 8381660, 8410617, 28957
238167, 8381670, 8410630, 28960
238168, 8381680, 8410644, 28964
238169, 8381690, 8410657, 28967
238171, 8381710, 8410671, 28961
238172, 8381720, 8410684, 28964
238173, 8381730, 8410698, 28968
238174, 8381740, 8410711, 28971
238175, 8381750, 8410724, 28974
238176, 8381760, 8410738, 28978
238177, 8381770, 8410751, 28981
238178, 8381780, 8410765, 28985
238179, 8381790, 8410778, 28988
238180, 8381800, 8410792, 28992
238182, 8381820, 8410805, 28985
238183, 8381830, 8410818, 28988
238184, 8381840, 8410832, 28992
238185, 8381850, 8410845, 28995
238186, 8381860, 8410859, 28999
238187, 8381870, 8410872, 29002
238188, 8381880, 8410886, 29006
238189, 8381890, 8410899, 29009
238190, 8381900, 8410913, 29013
238191, 8381910, 8410926, 29016
238193, 8381930, 8410939, 29009
238194, 8381940, 8410953, 29013
238195, 8381950, 8410966, 29016
238196, 8381960, 8410980, 29020
238197, 8381970, 8410993, 29023
238198, 8381980, 8411007, 29027
238199, 8381990, 8411020, 29030
238602, 8386020, 8411047, 25027
238603, 8386030, 8411060, 25030
238604, 8386040, 8411074, 25034
238605, 8386050, 8411087, 25037
238606, 8386060, 8411101, 25041
238607, 8386070, 8411114, 25044
238608, 8386080, 8411128, 25048
238609, 8386090, 8411141, 25051
238610, 8386100, 8411154, 25054
238612, 8386120, 8411168, 25048
238613, 8386130, 8411181, 25051
238614, 8386140, 8411195, 25055
238615, 8386150, 8411208, 25058
238616, 8386160, 8411222, 25062
238617, 8386170, 8411235, 25065
238618, 8386180, 8411249, 25069
238619, 8386190, 8411262, 25072
238620, 8386200, 8411275, 25075
238621, 8386210, 8411289, 25079
238623, 8386230, 8411302, 25072
238624, 8386240, 8411316, 25076
238625, 8386250, 8411329, 25079
238626, 8386260, 8411343, 25083
238627, 8386270, 8411356, 25086
238628, 8386280, 8411370, 25090
238629, 8386290, 8411383, 25093
238630, 8386300, 8411396, 25096
238631, 8386310, 8411410, 25100
238633, 8386330, 8411423, 25093
238634, 8386340, 8411437, 25097
238635, 8386350, 8411450, 25100
238636, 8386360, 8411464, 25104
238637, 8386370, 8411477, 25107
238638, 8386380, 8411490, 25110
238639, 8386390, 8411504, 25114
238640, 8386400, 8411517, 25117
238641, 8386410, 8411531, 25121
238642, 8386420, 8411544, 25124
238644, 8386440, 8411558, 25118
238645, 8386450, 8411571, 25121
238646, 8386460, 8411585, 25125
238647, 8386470, 8411598, 25128
238648, 8386480, 8411611, 25131
238649, 8386490, 8411625, 25135
238651, 8386510, 8411652, 25142
238652, 8386520, 8411665, 25145
238653, 8386530, 8411679, 25149
238655, 8386550, 8411692, 25142
238656, 8386560, 8411706, 25146
238657, 8386570, 8411719, 25149
238658, 8386580, 8411732, 25152
238659, 8386590, 8411746, 25156
238660, 8386600, 8411759, 25159
238661, 8386610, 8411773, 25163
238662, 8386620, 8411786, 25166
238663, 8386630, 8411800, 25170
238665, 8386650, 8411813, 25163
238666, 8386660, 8411826, 25166
238667, 8386670, 8411840, 25170
238668, 8386680, 8411853, 25173
238669, 8386690, 8411867, 25177
238670, 8386700, 8411880, 25180
238671, 8386710, 8411894, 25184
238672, 8386720, 8411907, 25187
238673, 8386730, 8411921, 25191
238674, 8386740, 8411934, 25194
238676, 8386760, 8411947, 25187
238677, 8386770, 8411961, 25191
238678, 8386780, 8411974, 25194
238679, 8386790, 8411988, 25198
238680, 8386800, 8412001, 25201
238681, 8386810, 8412015, 25205
238682, 8386820, 8412028, 25208
238683, 8386830, 8412042, 25212
238684, 8386840, 8412055, 25215
238685, 8386850, 8412068, 25218
238687, 8386870, 8412082, 25212
238688, 8386880, 8412095, 25215
238689, 8386890, 8412109, 25219
238690, 8386900, 8412122, 25222
238691, 8386910, 8412136, 25226
238692, 8386920, 8412149, 25229
238693, 8386930, 8412162, 25232
238694, 8386940, 8412176, 25236
238695, 8386950, 8412189, 25239
238697, 8386970, 8412203, 25233
238698, 8386980, 8412216, 25236
238699, 8386990, 8412230, 25240
238701, 8387010, 8412257, 25247
238702, 8387020, 8412270, 25250
238703, 8387030, 8412283, 25253
238704, 8387040, 8412297, 25257
238705, 8387050, 8412310, 25260
238706, 8387060, 8412324, 25264
238708, 8387080, 8412337, 25257
238709, 8387090, 8412351, 25261
238710, 8387100, 8412364, 25264
238711, 8387110, 8412378, 25268
238712, 8387120, 8412391, 25271
238713, 8387130, 8412404, 25274
238714, 8387140, 8412418, 25278
238715, 8387150, 8412431, 25281
238716, 8387160, 8416012, 28852
238718, 8387180, 8416026, 28846
238719, 8387190, 8416039, 28849
238720, 8387200, 8416052, 28852
238721, 8387210, 8416066, 28856
238722, 8387220, 8416079, 28859
238723, 8387230, 8416093, 28863
238724, 8387240, 8416106, 28866
238725, 8387250, 8416120, 28870
238726, 8387260, 8416133, 28873
238727, 8387270, 8416146, 28876
238729, 8387290, 8416160, 28870
238730, 8387300, 8416173, 28873
238731, 8387310, 8416187, 28877
238732, 8387320, 8416200, 28880
238733, 8387330, 8416214, 28884
238734, 8387340, 8416227, 28887
238735, 8387350, 8416241, 28891
238736, 8387360, 8416254, 28894
238737, 8387370, 8416267, 28897
238738, 8387380, 8416281, 28901
238740, 8387400, 8416294, 28894
238741, 8387410, 8416308, 28898
238742, 8387420, 8416321, 28901
238743, 8387430, 8416335, 28905
238744, 8387440, 8416348, 28908
238745, 8387450, 8416362, 28912
238746, 8387460, 8416375, 28915
238747, 8387470, 8416388, 28918
238748, 8387480, 8416402, 28922
238751, 8387510, 8416429, 28919
238752, 8387520, 8416442, 28922
238753, 8387530, 8416456, 28926
238754, 8387540, 8416469, 28929
238755, 8387550, 8416482, 28932
238756, 8387560, 8416496, 28936
238757, 8387570, 8416509, 28939
238758, 8387580, 8416523, 28943
238759, 8387590, 8416536, 28946
238761, 8387610, 8416550, 28940
238762, 8387620, 8416563, 28943
238763, 8387630, 8416577, 28947
238764, 8387640, 8416590, 28950
238765, 8387650, 8416603, 28953
238766, 8387660, 8416617, 28957
238767, 8387670, 8416630, 28960
238768, 8387680, 8416644, 28964
238769, 8387690, 8416657, 28967
238771, 8387710, 8416671, 28961
238772, 8387720, 8416684, 28964
238773, 8387730, 8416698, 28968
238774, 8387740, 8416711, 28971
238775, 8387750, 8416724, 28974
238776, 8387760, 8416738, 28978
238777, 8387770, 8416751, 28981
238778, 8387780, 8416765, 28985
238779, 8387790, 8416778, 28988
238780, 8387800, 8416792, 28992
238782, 8387820, 8416805, 28985
238783, 8387830, 8416818, 28988
238784, 8387840, 8416832, 28992
238785, 8387850, 8416845, 28995
238786, 8387860, 8416859, 28999
238787, 8387870, 8416872, 29002
238788, 8387880, 8416886, 29006
238789, 8387890, 8416899, 29009
238790, 8387900, 8416913, 29013
238791, 8387910, 8416926, 29016
238793, 8387930, 8416939, 29009
238794, 8387940, 8416953, 29013
238795, 8387950, 8416966, 29016
238796, 8387960, 8416980, 29020
238797, 8387970, 8416993, 29023
238798, 8387980, 8417007, 29027
238799, 8387990, 8417020, 29030
239202, 8392020, 8417047, 25027
239203, 8392030, 8417060, 25030
239204, 8392040, 8417074, 25034
239205, 8392050, 8417087, 25037
239206, 8392060, 8417101, 25041
239207, 8392070, 8417114, 25044
239208, 8392080, 8417128, 25048
239209, 8392090, 8417141, 25051
239210, 8392100, 8417154, 25054
239212, 8392120, 8417168, 25048
239213, 8392130, 8417181, 25051
239214, 8392140, 8417195, 25055
239215, 8392150, 8417208, 25058
239216, 8392160, 8417222, 25062
239217, 8392170, 8417235, 25065
239218, 8392180, 8417249, 25069
239219, 8392190, 8417262, 25072
239220, 8392200, 8417275, 25075
239221, 8392210, 8417289, 25079
239223, 8392230, 8417302, 25072
239224, 8392240, 8417316, 25076
239225, 8392250, 8417329, 25079
239226, 8392260, 8417343, 25083
239227, 8392270, 8417356, 25086
239228, 8392280, 8417370, 25090
239229, 8392290, 8417383, 25093
239230, 8392300, 8417396, 25096
239231, 8392310, 8417410, 25100
239233, 8392330, 8417423, 25093
239234, 8392340, 8417437, 25097
239235, 8392350, 8417450, 25100
239236, 8392360, 8417464, 25104
239237, 8392370, 8417477, 25107
239238, 8392380, 8417490, 25110
239239, 8392390, 8417504, 25114
239240, 8392400, 8417517, 25117
239241, 8392410, 8417531, 25121
239242, 8392420, 8417544, 25124
239244, 8392440, 8417558, 25118
239245, 8392450, 8417571, 25121
239246, 8392460, 8417585, 25125
239247, 8392470, 8417598, 25128
239248, 8392480, 8417611, 25131
239249, 8392490, 8417625, 25135
239251, 8392510, 8417652, 25142
239252, 8392520, 8417665, 25145
239253, 8392530, 8417679, 25149
239255, 8392550, 8417692, 25142
239256, 8392560, 8417706, 25146
239257, 8392570, 8417719, 25149
239258, 8392580, 8417732, 25152
239259, 8392590, 8417746, 25156
239260, 8392600, 8417759, 25159
239261, 8392610, 8417773, 25163
239262, 8392620, 8417786, 25166
239263, 8392630, 8417800, 25170
239265, 8392650, 8417813, 25163
239266, 8392660, 8417826, 25166
239267, 8392670, 8417840, 25170
239268, 8392680, 8417853, 25173
239269, 8392690, 8417867, 25177
239270, 8392700, 8417880, 25180
239271, 8392710, 8417894, 25184
239272, 8392720, 8417907, 25187
239273, 8392730, 8417921, 25191
239274, 8392740, 8417934, 25194
239276, 8392760, 8417947, 25187
239277, 8392770, 8417961, 25191
239278, 8392780, 8417974, 25194
239279, 8392790, 8417988, 25198
239280, 8392800, 8418001, 25201
239281, 8392810, 8418015, 25205
239282, 8392820, 8418028, 25208
239283, 8392830, 8418042, 25212
239284, 8392840, 8418055, 25215
239285, 8392850, 8418068, 25218
239287, 8392870, 8418082, 25212
239288, 8392880, 8418095, 25215
239289, 8392890, 8418109, 25219
239290, 8392900, 8418122, 25222
239291, 8392910, 8418136, 25226
239292, 8392920, 8418149, 25229
239293, 8392930, 8418162, 25232
239294, 8392940, 8418176, 25236
239295, 8392950, 8418189, 25239
239297, 8392970, 8418203, 25233
239298, 8392980, 8418216, 25236
239299, 8392990, 8418230, 25240
239301, 8393010, 8418257, 25247
239302, 8393020, 8418270, 25250
239303, 8393030, 8418283, 25253
239304, 8393040, 8418297, 25257
239305, 8393050, 8418310, 25260
239306, 8393060, 8418324, 25264
239308, 8393080, 8418337, 25257
239309, 8393090, 8418351, 25261
239310, 8393100, 8418364, 25264
239311, 8393110, 8418378, 25268
239312, 8393120, 8418391, 25271
239313, 8393130, 8418404, 25274
239314, 8393140, 8418418, 25278
239315, 8393150, 8418431, 25281
239316, 8393160, 8422012, 28852
239318, 8393180, 8422026, 28846
239319, 8393190, 8422039, 28849
239320, 8393200, 8422052, 28852
239321, 8393210, 8422066, 28856
239322, 8393220, 8422079, 28859
239323, 8393230, 8422093, 28863
239324, 8393240, 8422106, 28866
239325, 8393250, 8422120, 28870
239326, 8393260, 8422133, 28873
239327, 8393270, 8422146, 28876
239329, 8393290, 8422160, 28870
239330, 8393300, 8422173, 28873
239331, 8393310, 8422187, 28877
239332, 8393320, 8422200, 28880
239333, 8393330, 8422214, 28884
239334, 8393340, 8422227, 28887
239335, 8393350, 8422241, 28891
239336, 8393360, 8422254, 28894
239337, 8393370, 8422267, 28897
239338, 8393380, 8422281, 28901
239340, 8393400, 8422294, 28894
239341, 8393410, 8422308, 28898
239342, 8393420, 8422321, 28901
239343, 8393430, 8422335, 28905
239344, 8393440, 8422348, 28908
239345, 8393450, 8422362, 28912
239346, 8393460, 8422375, 28915
239347, 8393470, 8422388, 28918
239348, 8393480, 8422402, 28922
239351, 8393510, 8422429, 28919
239352, 8393520, 8422442, 28922
239353, 8393530, 8422456, 28926
239354, 8393540, 8422469, 28929
239355, 8393550, 8422482, 28932
239356, 8393560, 8422496, 28936
239357, 8393570, 8422509, 28939
239358, 8393580, 8422523, 28943
239359, 8393590, 8422536, 28946
239361, 8393610, 8422550, 28940
239362, 8393620, 8422563, 28943
239363, 8393630, 8422577, 28947
239364, 8393640, 8422590, 28950
239365, 8393650, 8422603, 28953
239366, 8393660, 8422617, 28957
239367, 8393670, 8422630, 28960
239368, 8393680, 8422644, 28964
239369, 8393690, 8422657, 28967
239371, 8393710, 8422671, 28961
239372, 8393720, 8422684, 28964
239373, 8393730, 8422698, 28968
239374, 8393740, 8422711, 28971
239375, 8393750, 8422724, 28974
239376, 8393760, 8422738, 28978
239377, 8393770, 8422751, 28981
239378, 8393780, 8422765, 28985
239379, 8393790, 8422778, 28988
239380, 8393800, 8422792, 28992
239382, 8393820, 8422805, 28985
239383, 8393830, 8422818, 28988
239384, 8393840, 8422832, 28992
239385, 8393850, 8422845, 28995
239386, 8393860, 8422859, 28999
239387, 8393870, 8422872, 29002
239388, 8393880, 8422886, 29006
239389, 8393890, 8422899, 29009
239390, 8393900, 8422913, 29013
239391, 8393910, 8422926, 29016
239393, 8393930, 8422939, 29009
239394, 8393940, 8422953, 29013
239395, 8393950, 8422966, 29016
239396, 8393960, 8422980, 29020
239397, 8393970, 8422993, 29023
239398, 8393980, 8423007, 29027
239399, 8393990, 8423020, 29030
239802, 8398020, 8423047, 25027
239803, 8398030, 8423060, 25030
239804, 8398040, 8423074, 25034
239805, 8398050, 8423087, 25037
239806, 8398060, 8423101, 25041
239807, 8398070, 8423114, 25044
239808, 8398080, 8423128, 25048
239809, 8398090, 8423141, 25051
239810, 8398100, 8423154, 25054
239812, 8398120, 8423168, 25048
239813, 8398130, 8423181, 25051
239814, 8398140, 8423195, 25055
239815, 8398150, 8423208, 25058
239816, 8398160, 8423222, 25062
239817, 8398170, 8423235, 25065
239818, 8398180, 8423249, 25069
239819, 8398190, 8423262, 25072
239820, 8398200, 8423275, 25075
239821, 8398210, 8423289, 25079
239823, 8398230, 8423302, 25072
239824, 8398240, 8423316, 25076
239825, 8398250, 8423329, 25079
239826, 8398260, 8423343, 25083
239827, 8398270, 8423356, 25086
239828, 8398280, 8423370, 25090
239829, 8398290, 8423383, 25093
239830, 8398300, 8423396, 25096
239831, 8398310, 8423410, 25100
239833, 8398330, 8423423, 25093
239834, 8398340, 8423437, 25097
239835, 8398350, 8423450, 25100
239836, 8398360, 8423464, 25104
239837, 8398370, 8423477, 25107
239838, 8398380, 8423490, 25110
239839, 8398390, 8423504, 25114
239840, 8398400, 8423517, 25117
239841, 8398410, 8423531, 25121
239842, 8398420, 8423544, 25124
239844, 8398440, 8423558, 25118
239845, 8398450, 8423571, 25121
239846, 8398460, 8423585, 25125
239847, 8398470, 8423598, 25128
239848, 8398480, 8423611, 25131
239849, 8398490, 8423625, 25135
239851, 8398510, 8423652, 25142
239852, 8398520, 8423665, 25145
239853, 8398530, 8423679, 25149
239855, 8398550, 8423692, 25142
239856, 8398560, 8423706, 25146
239857, 8398570, 8423719, 25149
239858, 8398580, 8423732, 25152
239859, 8398590, 8423746, 25156
239860, 8398600, 8423759, 25159
239861, 8398610, 8423773, 25163
239862, 8398620, 8423786, 25166
239863, 8398630, 8423800, 25170
239865, 8398650, 8423813, 25163
239866, 8398660, 8423826, 25166
239867, 8398670, 8423840, 25170
239868, 8398680, 8423853, 25173
239869, 8398690, 8423867, 25177
239870, 8398700, 8423880, 25180
239871, 8398710, 8423894, 25184
239872, 8398720, 8423907, 25187
239873, 8398730, 8423921, 25191
239874, 8398740, 8423934, 25194
239876, 8398760, 8423947, 25187
239877, 8398770, 8423961, 25191
239878, 8398780, 8423974, 25194
239879, 8398790, 8423988, 25198
239880, 8398800, 8424001, 25201
239881, 8398810, 8424015, 25205
239882, 8398820, 8424028, 25208
239883, 8398830, 8424042, 25212
239884, 8398840, 8424055, 25215
239885, 8398850, 8424068, 25218
239887, 8398870, 8424082, 25212
239888, 8398880, 8424095, 25215
239889, 8398890, 8424109, 25219
239890, 8398900, 8424122, 25222
239891, 8398910, 8424136, 25226
239892, 8398920, 8424149, 25229
239893, 8398930, 8424162, 25232
239894, 8398940, 8424176, 25236
239895, 8398950, 8424189, 25239
239897, 8398970, 8424203, 25233
239898, 8398980, 8424216, 25236
239899, 8398990, 8424230, 25240
239901, 8399010, 8424257, 25247
239902, 8399020, 8424270, 25250
239903, 8399030, 8424283, 25253
239904, 8399040, 8424297, 25257
239905, 8399050, 8424310, 25260
239906, 8399060, 8424324, 25264
239908, 8399080, 8424337, 25257
239909, 8399090, 8424351, 25261
239910, 8399100, 8424364, 25264
239911, 8399110, 8424378, 25268
239912, 8399120, 8424391, 25271
239913, 8399130, 8424404, 25274
239914, 8399140, 8424418, 25278
239915, 8399150, 8424431, 25281
239916, 8399160, 8428012, 28852
239918, 8399180, 8428026, 28846
239919, 8399190, 8428039, 28849
239920, 8399200, 8428052, 28852
239921, 8399210, 8428066, 28856
239922, 8399220, 8428079, 28859
239923, 8399230, 8428093, 28863
239924, 8399240, 8428106, 28866
239925, 8399250, 8428120, 28870
239926, 8399260, 8428133, 28873
239927, 8399270, 8428146, 28876
239929, 8399290, 8428160, 28870
239930, 8399300, 8428173, 28873
239931, 8399310, 8428187, 28877
239932, 8399320, 8428200, 28880
239933, 8399330, 8428214, 28884
239934, 8399340, 8428227, 28887
239935, 8399350, 8428241, 28891
239936, 8399360, 8428254, 28894
239937, 8399370, 8428267, 28897
239938, 8399380, 8428281, 28901
239940, 8399400, 8428294, 28894
239941, 8399410, 8428308, 28898
239942, 8399420, 8428321, 28901
239943, 8399430, 8428335, 28905
239944, 8399440, 8428348, 28908
239945, 8399450, 8428362, 28912
239946, 8399460, 8428375, 28915
239947, 8399470, 8428388, 28918
239948, 8399480, 8428402, 28922
239951, 8399510, 8428429, 28919
239952, 8399520, 8428442, 28922
239953, 8399530, 8428456, 28926
239954, 8399540, 8428469, 28929
239955, 8399550, 8428482, 28932
239956, 8399560, 8428496, 28936
239957, 8399570, 8428509, 28939
239958, 8399580, 8428523, 28943
239959, 8399590, 8428536, 28946
239961, 8399610, 8428550, 28940
239962, 8399620, 8428563, 28943
239963, 8399630, 8428577, 28947
239964, 8399640, 8428590, 28950
239965, 8399650, 8428603, 28953
239966, 8399660, 8428617, 28957
239967, 8399670, 8428630, 28960
239968, 8399680, 8428644, 28964
239969, 8399690, 8428657, 28967
239971, 8399710, 8428671, 28961
239972, 8399720, 8428684, 28964
239973, 8399730, 8428698, 28968
239974, 8399740, 8428711, 28971
239975, 8399750, 8428724, 28974
239976, 8399760, 8428738, 28978
239977, 8399770, 8428751, 28981
239978, 8399780, 8428765, 28985
239979, 8399790, 8428778, 28988
239980, 8399800, 8428792, 28992
239982, 8399820, 8428805, 28985
239983, 8399830, 8428818, 28988
239984, 8399840, 8428832, 28992
239985, 8399850, 8428845, 28995
239986, 8399860, 8428859, 28999
239987, 8399870, 8428872, 29002
239988, 8399880, 8428886, 29006
239989, 8399890, 8428899, 29009
239990, 8399900, 8428913, 29013
239991, 8399910, 8428926, 29016
239993, 8399930, 8428939, 29009
239994, 8399940, 8428953, 29013
239995, 8399950, 8428966, 29016
239996, 8399960, 8428980, 29020
239997, 8399970, 8428993, 29023
239998, 8399980, 8429007, 29027
239999, 8399990, 8429020, 29030
240402, 8404020, 8429047, 25027
240403, 8404030, 8429060, 25030
240404, 8404040, 8429074, 25034
240405, 8404050, 8429087, 25037
240406, 8404060, 8429101, 25041
240407, 8404070, 8429114, 25044
240408, 8404080, 8429128, 25048
240409, 8404090, 8429141, 25051
240410, 8404100, 8429154, 25054
240412, 8404120, 8429168, 25048
240413, 8404130, 8429181, 25051
240414, 8404140, 8429195, 25055
240415, 8404150, 8429208, 25058
240416, 8404160, 8429222, 25062
240417, 8404170, 8429235, 25065
240418, 8404180, 8429249, 25069
240419, 8404190, 8429262, 25072
240420, 8404200, 8429275, 25075
240421, 8404210, 8429289, 25079
240423, 8404230, 8429302, 25072
240424, 8404240, 8429316, 25076
240425, 8404250, 8429329, 25079
240426, 8404260, 8429343, 25083
240427, 8404270, 8429356, 25086
240428, 8404280, 8429370, 25090
240429, 8404290, 8429383, 25093
240430, 8404300, 8429396, 25096
240431, 8404310, 8429410, 25100
240433, 8404330, 8429423, 25093
240434, 8404340, 8429437, 25097
240435, 8404350, 8429450, 25100
240436, 8404360, 8429464, 25104
240437, 8404370, 8429477, 25107
240438, 8404380, 8429490, 25110
240439, 8404390, 8429504, 25114
240440, 8404400, 8429517, 25117
240441, 8404410, 8429531, 25121
240442, 8404420, 8429544, 25124
240444, 8404440, 8429558, 25118
240445, 8404450, 8429571, 25121
240446, 8404460, 8429585, 25125
240447, 8404470, 8429598, 25128
240448, 8404480, 8429611, 25131
240449, 8404490, 8429625, 25135
240451, 8404510, 8429652, 25142
240452, 8404520, 8429665, 25145
240453, 8404530, 8429679, 25149
240455, 8404550, 8429692, 25142
240456, 8404560, 8429706, 25146
240457, 8404570, 8429719, 25149
240458, 8404580, 8429732, 25152
240459, 8404590, 8429746, 25156
240460, 8404600, 8429759, 25159
240461, 8404610, 8429773, 25163
240462, 8404620, 8429786, 25166
240463, 8404630, 8429800, 25170
240465, 8404650, 8429813, 25163
240466, 8404660, 8429826, 25166
240467, 8404670, 8429840, 25170
240468, 8404680, 8429853, 25173
240469, 8404690, 8429867, 25177
240470, 8404700, 8429880, 25180
240471, 8404710, 8429894, 25184
240472, 8404720, 8429907, 25187
240473, 8404730, 8429921, 25191
240474, 8404740, 8429934, 25194
240476, 8404760, 8429947, 25187
240477, 8404770, 8429961, 25191
240478, 8404780, 8429974, 25194
240479, 8404790, 8429988, 25198
240480, 8404800, 8430001, 25201
240481, 8404810, 8430015, 25205
240482, 8404820, 8430028, 25208
240483, 8404830, 8430042, 25212
240484, 8404840, 8430055, 25215
240485, 8404850, 8430068, 25218
240487, 8404870, 8430082, 25212
240488, 8404880, 8430095, 25215
240489, 8404890, 8430109, 25219
240490, 8404900, 8430122, 25222
240491, 8404910, 8430136, 25226
240492, 8404920, 8430149, 25229
240493, 8404930, 8430162, 25232
240494, 8404940, 8430176, 25236
240495, 8404950, 8430189, 25239
240497, 8404970, 8430203, 25233
240498, 8404980, 8430216, 25236
240499, 8404990, 8430230, 25240
240501, 8405010, 8430257, 25247
240502, 8405020, 8430270, 25250
240503, 8405030, 8430283, 25253
240504, 8405040, 8430297, 25257
240505, 8405050, 8430310, 25260
240506, 8405060, 8430324, 25264
240508, 8405080, 8430337, 25257
240509, 8405090, 8430351, 25261
240510, 8405100, 8430364, 25264
240511, 8405110, 8430378, 25268
240512, 8405120, 8430391, 25271
240513, 8405130, 8430404, 25274
240514, 8405140, 8430418, 25278
240515, 8405150, 8430431, 25281
240516, 8405160, 8434012, 28852
240517, 8405170, 8434026, 28856
240519, 8405190, 8434039, 28849
240520, 8405200, 8434052, 28852
240521, 8405210, 8434066, 28856
240522, 8405220, 8434079, 28859
240523, 8405230, 8434093, 28863
240524, 8405240, 8434106, 28866
240525, 8405250, 8434120, 28870
240526, 8405260, 8434133, 28873
240527, 8405270, 8434146, 28876
240529, 8405290, 8434160, 28870
240530, 8405300, 8434173, 28873
240531, 8405310, 8434187, 28877
240532, 8405320, 8434200, 28880
240533, 8405330, 8434214, 28884
240534, 8405340, 8434227, 28887
240535, 8405350, 8434241, 28891
240536, 8405360, 8434254, 28894
240537, 8405370, 8434267, 28897
240538, 8405380, 8434281, 28901
240540, 8405400, 8434294, 28894
240541, 8405410, 8434308, 28898
240542, 8405420, 8434321, 28901
240543, 8405430, 8434335, 28905
240544, 8405440, 8434348, 28908
240545, 8405450, 8434362, 28912
240546, 8405460, 8434375, 28915
240547, 8405470, 8434388, 28918
240548, 8405480, 8434402, 28922
240551, 8405510, 8434429, 28919
240552, 8405520, 8434442, 28922
240553, 8405530, 8434456, 28926
240554, 8405540, 8434469, 28929
240555, 8405550, 8434482, 28932
240556, 8405560, 8434496, 28936
240557, 8405570, 8434509, 28939
240558, 8405580, 8434523, 28943
240559, 8405590, 8434536, 28946
240561, 8405610, 8434550, 28940
240562, 8405620, 8434563, 28943
240563, 8405630, 8434577, 28947
240564, 8405640, 8434590, 28950
240565, 8405650, 8434603, 28953
240566, 8405660, 8434617, 28957
240567, 8405670, 8434630, 28960
240568, 8405680, 8434644, 28964
240569, 8405690, 8434657, 28967
240570, 8405700, 8434671, 28971
240572, 8405720, 8434684, 28964
240573, 8405730, 8434698, 28968
240574, 8405740, 8434711, 28971
240575, 8405750, 8434724, 28974
240576, 8405760, 8434738, 28978
240577, 8405770, 8434751, 28981
240578, 8405780, 8434765, 28985
240579, 8405790, 8434778, 28988
240580, 8405800, 8434792, 28992
240582, 8405820, 8434805, 28985
240583, 8405830, 8434818, 28988
240584, 8405840, 8434832, 28992
240585, 8405850, 8434845, 28995
240586, 8405860, 8434859, 28999
240587, 8405870, 8434872, 29002
240588, 8405880, 8434886, 29006
240589, 8405890, 8434899, 29009
240590, 8405900, 8434913, 29013
240591, 8405910, 8434926, 29016
240593, 8405930, 8434939, 29009
240594, 8405940, 8434953, 29013
240595, 8405950, 8434966, 29016
240596, 8405960, 8434980, 29020
240597, 8405970, 8434993, 29023
240598, 8405980, 8435007, 29027
240599, 8405990, 8435020, 29030
241002, 8410020, 8435047, 25027
241003, 8410030, 8435060, 25030
241004, 8410040, 8435074, 25034
241005, 8410050, 8435087, 25037
241006, 8410060, 8435101, 25041
241007, 8410070, 8435114, 25044
241008, 8410080, 8435127, 25047
241009, 8410090, 8435141, 25051
241010, 8410100, 8435154, 25054
241012, 8410120, 8435168, 25048
241013, 8410130, 8435181, 25051
241014, 8410140, 8435195, 25055
241015, 8410150, 8435208, 25058
241016, 8410160, 8435222, 25062
241017, 8410170, 8435235, 25065
241018, 8410180, 8435248, 25068
241019, 8410190, 8435262, 25072
241020, 8410200, 8435275, 25075
241021, 8410210, 8435289, 25079
241023, 8410230, 8435302, 25072
241024, 8410240, 8435316, 25076
241025, 8410250, 8435329, 25079
241026, 8410260, 8435342, 25082
241027, 8410270, 8435356, 25086
241028, 8410280, 8435369, 25089
241029, 8410290, 8435383, 25093
241030, 8410300, 8435396, 25096
241031, 8410310, 8435410, 25100
241033, 8410330, 8435423, 25093
241034, 8410340, 8435437, 25097
241035, 8410350, 8435450, 25100
241036, 8410360, 8435463, 25103
241037, 8410370, 8435477, 25107
241038, 8410380, 8435490, 25110
241039, 8410390, 8435504, 25114
241040, 8410400, 8435517, 25117
241041, 8410410, 8435531, 25121
241042, 8410420, 8435544, 25124
241044, 8410440, 8435558, 25118
241045, 8410450, 8435571, 25121
241046, 8410460, 8435584, 25124
241047, 8410470, 8435598, 25128
241048, 8410480, 8435611, 25131
241049, 8410490, 8435625, 25135
241051, 8410510, 8435652, 25142
241052, 8410520, 8435665, 25145
241053, 8410530, 8435678, 25148
241055, 8410550, 8435692, 25142
241056, 8410560, 8435705, 25145
241057, 8410570, 8435719, 25149
241058, 8410580, 8435732, 25152
241059, 8410590, 8435746, 25156
241060, 8410600, 8435759, 25159
241061, 8410610, 8435773, 25163
241062, 8410620, 8435786, 25166
241063, 8410630, 8435799, 25169
241065, 8410650, 8435813, 25163
241066, 8410660, 8435826, 25166
241067, 8410670, 8435840, 25170
241068, 8410680, 8435853, 25173
241069, 8410690, 8435867, 25177
241070, 8410700, 8435880, 25180
241071, 8410710, 8435894, 25184
241072, 8410720, 8435907, 25187
241073, 8410730, 8435920, 25190
241074, 8410740, 8435934, 25194
241076, 8410760, 8435947, 25187
241077, 8410770, 8435961, 25191
241078, 8410780, 8435974, 25194
241079, 8410790, 8435988, 25198
241080, 8410800, 8436001, 25201
241081, 8410810, 8436014, 25204
241082, 8410820, 8436028, 25208
241083, 8410830, 8436041, 25211
241084, 8410840, 8436055, 25215
241085, 8410850, 8436068, 25218
241087, 8410870, 8436082, 25212
241088, 8410880, 8436095, 25215
241089, 8410890, 8436109, 25219
241090, 8410900, 8436122, 25222
241091, 8410910, 8436135, 25225
241092, 8410920, 8436149, 25229
241093, 8410930, 8436162, 25232
241094, 8410940, 8436176, 25236
241095, 8410950, 8436189, 25239
241097, 8410970, 8436203, 25233
241098, 8410980, 8436216, 25236
241099, 8410990, 8436230, 25240
241101, 8411010, 8436256, 25246
241102, 8411020, 8436270, 25250
241103, 8411030, 8436283, 25253
241104, 8411040, 8436297, 25257
241105, 8411050, 8436310, 25260
241106, 8411060, 8436324, 25264
241108, 8411080, 8436337, 25257
241109, 8411090, 8436350, 25260
241110, 8411100, 8436364, 25264
241111, 8411110, 8436377, 25267
241112, 8411120, 8436391, 25271
241113, 8411130, 8436404, 25274
241114, 8411140, 8436418, 25278
241115, 8411150, 8436431, 25281
241116, 8411160, 8440012, 28852
241118, 8411180, 8440026, 28846
241119, 8411190, 8440039, 28849
241120, 8411200, 8440052, 28852
241121, 8411210, 8440066, 28856
241122, 8411220, 8440079, 28859
241123, 8411230, 8440093, 28863
241124, 8411240, 8440106, 28866
241125, 8411250, 8440120, 28870
241126, 8411260, 8440133, 28873
241127, 8411270, 8440146, 28876
241129, 8411290, 8440160, 28870
241130, 8411300, 8440173, 28873
241131, 8411310, 8440187, 28877
241132, 8411320, 8440200, 28880
241133, 8411330, 8440214, 28884
241134, 8411340, 8440227, 28887
241135, 8411350, 8440241, 28891
241136, 8411360, 8440254, 28894
241137, 8411370, 8440267, 28897
241138, 8411380, 8440281, 28901
241140, 8411400, 8440294, 28894
241141, 8411410, 8440308, 28898
241142, 8411420, 8440321, 28901
241143, 8411430, 8440335, 28905
241144, 8411440, 8440348, 28908
241145, 8411450, 8440362, 28912
241146, 8411460, 8440375, 28915
241147, 8411470, 8440388, 28918
241148, 8411480, 8440402, 28922
241151, 8411510, 8440429, 28919
241152, 8411520, 8440442, 28922
241153, 8411530, 8440456, 28926
241154, 8411540, 8440469, 28929
241155, 8411550, 8440482, 28932
241156, 8411560, 8440496, 28936
241157, 8411570, 8440509, 28939
241158, 8411580, 8440523, 28943
241159, 8411590, 8440536, 28946
241161, 8411610, 8440550, 28940
241162, 8411620, 8440563, 28943
241163, 8411630, 8440577, 28947
241164, 8411640, 8440590, 28950
241165, 8411650, 8440603, 28953
241166, 8411660, 8440617, 28957
241167, 8411670, 8440630, 28960
241168, 8411680, 8440644, 28964
241169, 8411690, 8440657, 28967
241171, 8411710, 8440671, 28961
241172, 8411720, 8440684, 28964
241173, 8411730, 8440698, 28968
241174, 8411740, 8440711, 28971
241175, 8411750, 8440724, 28974
241176, 8411760, 8440738, 28978
241177, 8411770, 8440751, 28981
241178, 8411780, 8440765, 28985
241179, 8411790, 8440778, 28988
241180, 8411800, 8440792, 28992
241182, 8411820, 8440805, 28985
241183, 8411830, 8440818, 28988
241184, 8411840, 8440832, 28992
241185, 8411850, 8440845, 28995
241186, 8411860, 8440859, 28999
241187, 8411870, 8440872, 29002
241188, 8411880, 8440886, 29006
241189, 8411890, 8440899, 29009
241190, 8411900, 8440913, 29013
241191, 8411910, 8440926, 29016
241193, 8411930, 8440939, 29009
241194, 8411940, 8440953, 29013
241195, 8411950, 8440966, 29016
241196, 8411960, 8440980, 29020
241197, 8411970, 8440993, 29023
241198, 8411980, 8441007, 29027
241199, 8411990, 8441020, 29030
241602, 8416020, 8441047, 25027
241603, 8416030, 8441060, 25030
241604, 8416040, 8441074, 25034
241605, 8416050, 8441087, 25037
241606, 8416060, 8441101, 25041
241607, 8416070, 8441114, 25044
241608, 8416080, 8441128, 25048
241609, 8416090, 8441141, 25051
241610, 8416100, 8441154, 25054
241612, 8416120, 8441168, 25048
241613, 8416130, 8441181, 25051
241614, 8416140, 8441195, 25055
241615, 8416150, 8441208, 25058
241616, 8416160, 8441222, 25062
241617, 8416170, 8441235, 25065
241618, 8416180, 8441249, 25069
241619, 8416190, 8441262, 25072
241620, 8416200, 8441275, 25075
241621, 8416210, 8441289, 25079
241623, 8416230, 8441302, 25072
241624, 8416240, 8441316, 25076
241625, 8416250, 8441329, 25079
241626, 8416260, 8441343, 25083
241627, 8416270, 8441356, 25086
241628, 8416280, 8441370, 25090
241629, 8416290, 8441383, 25093
241630, 8416300, 8441396, 25096
241631, 8416310, 8441410, 25100
241633, 8416330, 8441423, 25093
241634, 8416340, 8441437, 25097
241635, 8416350, 8441450, 25100
241636, 8416360, 8441464, 25104
241637, 8416370, 8441477, 25107
241638, 8416380, 8441490, 25110
241639, 8416390, 8441504, 25114
241640, 8416400, 8441517, 25117
241641, 8416410, 8441531, 25121
241642, 8416420, 8441544, 25124
241644, 8416440, 8441558, 25118
241645, 8416450, 8441571, 25121
241646, 8416460, 8441585, 25125
241647, 8416470, 8441598, 25128
241648, 8416480, 8441611, 25131
241649, 8416490, 8441625, 25135
241651, 8416510, 8441652, 25142
241652, 8416520, 8441665, 25145
241653, 8416530, 8441679, 25149
241655, 8416550, 8441692, 25142
241656, 8416560, 8441706, 25146
241657, 8416570, 8441719, 25149
241658, 8416580, 8441732, 25152
241659, 8416590, 8441746, 25156
241660, 8416600, 8441759, 25159
241661, 8416610, 8441773, 25163
241662, 8416620, 8441786, 25166
241663, 8416630, 8441800, 25170
241665, 8416650, 8441813, 25163
241666, 8416660, 8441826, 25166
241667, 8416670, 8441840, 25170
241668, 8416680, 8441853, 25173
241669, 8416690, 8441867, 25177
241670, 8416700, 8441880, 25180
241671, 8416710, 8441894, 25184
241672, 8416720, 8441907, 25187
241673, 8416730, 8441921, 25191
241674, 8416740, 8441934, 25194
241676, 8416760, 8441947, 25187
241677, 8416770, 8441961, 25191
241678, 8416780, 8441974, 25194
241679, 8416790, 8441988, 25198
241680, 8416800, 8442001, 25201
241681, 8416810, 8442015, 25205
241682, 8416820, 8442028, 25208
241683, 8416830, 8442042, 25212
241684, 8416840, 8442055, 25215
241685, 8416850, 8442068, 25218
241687, 8416870, 8442082, 25212
241688, 8416880, 8442095, 25215
241689, 8416890, 8442109, 25219
241690, 8416900, 8442122, 25222
241691, 8416910, 8442136, 25226
241692, 8416920, 8442149, 25229
241693, 8416930, 8442162, 25232
241694, 8416940, 8442176, 25236
241695, 8416950, 8442189, 25239
241697, 8416970, 8442203, 25233
241698, 8416980, 8442216, 25236
241699, 8416990, 8442230, 25240
241701, 8417010, 8442257, 25247
241702, 8417020, 8442270, 25250
241703, 8417030, 8442283, 25253
241704, 8417040, 8442297, 25257
241705, 8417050, 8442310, 25260
241706, 8417060, 8442324, 25264
241708, 8417080, 8442337, 25257
241709, 8417090, 8442351, 25261
241710, 8417100, 8442364, 25264
241711, 8417110, 8442378, 25268
241712, 8417120, 8442391, 25271
241713, 8417130, 8442404, 25274
241714, 8417140, 8442418, 25278
241715, 8417150, 8442431, 25281
241716, 8417160, 8446012, 28852
241718, 8417180, 8446026, 28846
241719, 8417190, 8446039, 28849
241720, 8417200, 8446052, 28852
241721, 8417210, 8446066, 28856
241722, 8417220, 8446079, 28859
241723, 8417230, 8446093, 28863
241724, 8417240, 8446106, 28866
241725, 8417250, 8446120, 28870
241726, 8417260, 8446133, 28873
241727, 8417270, 8446146, 28876
241729, 8417290, 8446160, 28870
241730, 8417300, 8446173, 28873
241731, 8417310, 8446187, 28877
241732, 8417320, 8446200, 28880
241733, 8417330, 8446214, 28884
241734, 8417340, 8446227, 28887
241735, 8417350, 8446241, 28891
241736, 8417360, 8446254, 28894
241737, 8417370, 8446267, 28897
241738, 8417380, 8446281, 28901
241740, 8417400, 8446294, 28894
241741, 8417410, 8446308, 28898
241742, 8417420, 8446321, 28901
241743, 8417430, 8446335, 28905
241744, 8417440, 8446348, 28908
241745, 8417450, 8446362, 28912
241746, 8417460, 8446375, 28915
241747, 8417470, 8446388, 28918
241748, 8417480, 8446402, 28922
241751, 8417510, 8446429, 28919
241752, 8417520, 8446442, 28922
241753, 8417530, 8446456, 28926
241754, 8417540, 8446469, 28929
241755, 8417550, 8446482, 28932
241756, 8417560, 8446496, 28936
241757, 8417570, 8446509, 28939
241758, 8417580, 8446523, 28943
241759, 8417590, 8446536, 28946
241761, 8417610, 8446550, 28940
241762, 8417620, 8446563, 28943
241763, 8417630, 8446577, 28947
241764, 8417640, 8446590, 28950
241765, 8417650, 8446603, 28953
241766, 8417660, 8446617, 28957
241767, 8417670, 8446630, 28960
241768, 8417680, 8446644, 28964
241769, 8417690, 8446657, 28967
241771, 8417710, 8446671, 28961
241772, 8417720, 8446684, 28964
241773, 8417730, 8446698, 28968
241774, 8417740, 8446711, 28971
241775, 8417750, 8446724, 28974
241776, 8417760, 8446738, 28978
241777, 8417770, 8446751, 28981
241778, 8417780, 8446765, 28985
241779, 8417790, 8446778, 28988
241780, 8417800, 8446792, 28992
241782, 8417820, 8446805, 28985
241783, 8417830, 8446818, 28988
241784, 8417840, 8446832, 28992
241785, 8417850, 8446845, 28995
241786, 8417860, 8446859, 28999
241787, 8417870, 8446872, 29002
241788, 8417880, 8446886, 29006
241789, 8417890, 8446899, 29009
241790, 8417900, 8446913, 29013
241791, 8417910, 8446926, 29016
241793, 8417930, 8446939, 29009
241794, 8417940, 8446953, 29013
241795, 8417950, 8446966, 29016
241796, 8417960, 8446980, 29020
241797, 8417970, 8446993, 29023
241798, 8417980, 8447007, 29027
241799, 8417990, 8447020, 29030
242202, 8422020, 8447047, 25027
242203, 8422030, 8447060, 25030
242204, 8422040, 8447074, 25034
242205, 8422050, 8447087, 25037
242206, 8422060, 8447101, 25041
242207, 8422070, 8447114, 25044
242208, 8422080, 8447128, 25048
242209, 8422090, 8447141, 25051
242210, 8422100, 8447154, 25054
242212, 8422120, 8447168, 25048
242213, 8422130, 8447181, 25051
242214, 8422140, 8447195, 25055
242215, 8422150, 8447208, 25058
242216, 8422160, 8447222, 25062
242217, 8422170, 8447235, 25065
242218, 8422180, 8447249, 25069
242219, 8422190, 8447262, 25072
242220, 8422200, 8447275, 25075
242221, 8422210, 8447289, 25079
242223, 8422230, 8447302, 25072
242224, 8422240, 8447316, 25076
242225, 8422250, 8447329, 25079
242226, 8422260, 8447343, 25083
242227, 8422270, 8447356, 25086
242228, 8422280, 8447370, 25090
242229, 8422290, 8447383, 25093
242230, 8422300, 8447396, 25096
242231, 8422310, 8447410, 25100
242233, 8422330, 8447423, 25093
242234, 8422340, 8447437, 25097
242235, 8422350, 8447450, 25100
242236, 8422360, 8447464, 25104
242237, 8422370, 8447477, 25107
242238, 8422380, 8447490, 25110
242239, 8422390, 8447504, 25114
242240, 8422400, 8447517, 25117
242241, 8422410, 8447531, 25121
242242, 8422420, 8447544, 25124
242244, 8422440, 8447558, 25118
242245, 8422450, 8447571, 25121
242246, 8422460, 8447585, 25125
242247, 8422470, 8447598, 25128
242248, 8422480, 8447611, 25131
242249, 8422490, 8447625, 25135
242251, 8422510, 8447652, 25142
242252, 8422520, 8447665, 25145
242253, 8422530, 8447679, 25149
242255, 8422550, 8447692, 25142
242256, 8422560, 8447706, 25146
242257, 8422570, 8447719, 25149
242258, 8422580, 8447732, 25152
242259, 8422590, 8447746, 25156
242260, 8422600, 8447759, 25159
242261, 8422610, 8447773, 25163
242262, 8422620, 8447786, 25166
242263, 8422630, 8447800, 25170
242265, 8422650, 8447813, 25163
242266, 8422660, 8447826, 25166
242267, 8422670, 8447840, 25170
242268, 8422680, 8447853, 25173
242269, 8422690, 8447867, 25177
242270, 8422700, 8447880, 25180
242271, 8422710, 8447894, 25184
242272, 8422720, 8447907, 25187
242273, 8422730, 8447921, 25191
242274, 8422740, 8447934, 25194
242276, 8422760, 8447947, 25187
242277, 8422770, 8447961, 25191
242278, 8422780, 8447974, 25194
242279, 8422790, 8447988, 25198
242280, 8422800, 8448001, 25201
242281, 8422810, 8448015, 25205
242282, 8422820, 8448028, 25208
242283, 8422830, 8448042, 25212
242284, 8422840, 8448055, 25215
242285, 8422850, 8448068, 25218
242287, 8422870, 8448082, 25212
242288, 8422880, 8448095, 25215
242289, 8422890, 8448109, 25219
242290, 8422900, 8448122, 25222
242291, 8422910, 8448136, 25226
242292, 8422920, 8448149, 25229
242293, 8422930, 8448162, 25232
242294, 8422940, 8448176, 25236
242295, 8422950, 8448189, 25239
242297, 8422970, 8448203, 25233
242298, 8422980, 8448216, 25236
242299, 8422990, 8448230, 25240
242301, 8423010, 8448257, 25247
242302, 8423020, 8448270, 25250
242303, 8423030, 8448283, 25253
242304, 8423040, 8448297, 25257
242305, 8423050, 8448310, 25260
242306, 8423060, 8448324, 25264
242308, 8423080, 8448337, 25257
242309, 8423090, 8448351, 25261
242310, 8423100, 8448364, 25264
242311, 8423110, 8448378, 25268
242312, 8423120, 8448391, 25271
242313, 8423130, 8448404, 25274
242314, 8423140, 8448418, 25278
242315, 8423150, 8448431, 25281
242316, 8423160, 8452012, 28852
242318, 8423180, 8452026, 28846
242319, 8423190, 8452039, 28849
242320, 8423200, 8452052, 28852
242321, 8423210, 8452066, 28856
242322, 8423220, 8452079, 28859
242323, 8423230, 8452093, 28863
242324, 8423240, 8452106, 28866
242325, 8423250, 8452120, 28870
242326, 8423260, 8452133, 28873
242327, 8423270, 8452146, 28876
242329, 8423290, 8452160, 28870
242330, 8423300, 8452173, 28873
242331, 8423310, 8452187, 28877
242332, 8423320, 8452200, 28880
242333, 8423330, 8452214, 28884
242334, 8423340, 8452227, 28887
242335, 8423350, 8452241, 28891
242336, 8423360, 8452254, 28894
242337, 8423370, 8452267, 28897
242338, 8423380, 8452281, 28901
242340, 8423400, 8452294, 28894
242341, 8423410, 8452308, 28898
242342, 8423420, 8452321, 28901
242343, 8423430, 8452335, 28905
242344, 8423440, 8452348, 28908
242345, 8423450, 8452362, 28912
242346, 8423460, 8452375, 28915
242347, 8423470, 8452388, 28918
242348, 8423480, 8452402, 28922
242351, 8423510, 8452429, 28919
242352, 8423520, 8452442, 28922
242353, 8423530, 8452456, 28926
242354, 8423540, 8452469, 28929
242355, 8423550, 8452482, 28932
242356, 8423560, 8452496, 28936
242357, 8423570, 8452509, 28939
242358, 8423580, 8452523, 28943
242359, 8423590, 8452536, 28946
242361, 8423610, 8452550, 28940
242362, 8423620, 8452563, 28943
242363, 8423630, 8452577, 28947
242364, 8423640, 8452590, 28950
242365, 8423650, 8452603, 28953
242366, 8423660, 8452617, 28957
242367, 8423670, 8452630, 28960
242368, 8423680, 8452644, 28964
242369, 8423690, 8452657, 28967
242371, 8423710, 8452671, 28961
242372, 8423720, 8452684, 28964
242373, 8423730, 8452698, 28968
242374, 8423740, 8452711, 28971
242375, 8423750, 8452724, 28974
242376, 8423760, 8452738, 28978
242377, 8423770, 8452751, 28981
242378, 8423780, 8452765, 28985
242379, 8423790, 8452778, 28988
242380, 8423800, 8452792, 28992
242382, 8423820, 8452805, 28985
242383, 8423830, 8452818, 28988
242384, 8423840, 8452832, 28992
242385, 8423850, 8452845, 28995
242386, 8423860, 8452859, 28999
242387, 8423870, 8452872, 29002
242388, 8423880, 8452886, 29006
242389, 8423890, 8452899, 29009
242390, 8423900, 8452913, 29013
242391, 8423910, 8452926, 29016
242393, 8423930, 8452939, 29009
242394, 8423940, 8452953, 29013
242395, 8423950, 8452966, 29016
242396, 8423960, 8452980, 29020
242397, 8423970, 8452993, 29023
242398, 8423980, 8453007, 29027
242399, 8423990, 8453020, 29030
242802, 8428020, 8453047, 25027
242803, 8428030, 8453060, 25030
242804, 8428040, 8453074, 25034
242805, 8428050, 8453087, 25037
242806, 8428060, 8453101, 25041
242807, 8428070, 8453114, 25044
242808, 8428080, 8453128, 25048
242809, 8428090, 8453141, 25051
242810, 8428100, 8453154, 25054
242812, 8428120, 8453168, 25048
242813, 8428130, 8453181, 25051
242814, 8428140, 8453195, 25055
242815, 8428150, 8453208, 25058
242816, 8428160, 8453222, 25062
242817, 8428170, 8453235, 25065
242818, 8428180, 8453249, 25069
242819, 8428190, 8453262, 25072
242820, 8428200, 8453275, 25075
242821, 8428210, 8453289, 25079
242823, 8428230, 8453302, 25072
242824, 8428240, 8453316, 25076
242825, 8428250, 8453329, 25079
242826, 8428260, 8453343, 25083
242827, 8428270, 8453356, 25086
242828, 8428280, 8453370, 25090
242829, 8428290, 8453383, 25093
242830, 8428300, 8453396, 25096
242831, 8428310, 8453410, 25100
242833, 8428330, 8453423, 25093
242834, 8428340, 8453437, 25097
242835, 8428350, 8453450, 25100
242836, 8428360, 8453464, 25104
242837, 8428370, 8453477, 25107
242838, 8428380, 8453490, 25110
242839, 8428390, 8453504, 25114
242840, 8428400, 8453517, 25117
242841, 8428410, 8453531, 25121
242842, 8428420, 8453544, 25124
242844, 8428440, 8453558, 25118
242845, 8428450, 8453571, 25121
242846, 8428460, 8453585, 25125
242847, 8428470, 8453598, 25128
242848, 8428480, 8453611, 25131
242849, 8428490, 8453625, 25135
242851, 8428510, 8453652, 25142
242852, 8428520, 8453665, 25145
242853, 8428530, 8453679, 25149
242855, 8428550, 8453692, 25142
242856, 8428560, 8453706, 25146
242857, 8428570, 8453719, 25149
242858, 8428580, 8453732, 25152
242859, 8428590, 8453746, 25156
242860, 8428600, 8453759, 25159
242861, 8428610, 8453773, 25163
242862, 8428620, 8453786, 25166
242863, 8428630, 8453800, 25170
242865, 8428650, 8453813, 25163
242866, 8428660, 8453826, 25166
242867, 8428670, 8453840, 25170
242868, 8428680, 8453853, 25173
242869, 8428690, 8453867, 25177
242870, 8428700, 8453880, 25180
242871, 8428710, 8453894, 25184
242872, 8428720, 8453907, 25187
242873, 8428730, 8453921, 25191
242874, 8428740, 8453934, 25194
242876, 8428760, 8453947, 25187
242877, 8428770, 8453961, 25191
242878, 8428780, 8453974, 25194
242879, 8428790, 8453988, 25198
242880, 8428800, 8454001, 25201
242881, 8428810, 8454015, 25205
242882, 8428820, 8454028, 25208
242883, 8428830, 8454042, 25212
242884, 8428840, 8454055, 25215
242885, 8428850, 8454068, 25218
242887, 8428870, 8454082, 25212
242888, 8428880, 8454095, 25215
242889, 8428890, 8454109, 25219
242890, 8428900, 8454122, 25222
242891, 8428910, 8454136, 25226
242892, 8428920, 8454149, 25229
242893, 8428930, 8454162, 25232
242894, 8428940, 8454176, 25236
242895, 8428950, 8454189, 25239
242897, 8428970, 8454203, 25233
242898, 8428980, 8454216, 25236
242899, 8428990, 8454230, 25240
242901, 8429010, 8454257, 25247
242902, 8429020, 8454270, 25250
242903, 8429030, 8454283, 25253
242904, 8429040, 8454297, 25257
242905, 8429050, 8454310, 25260
242906, 8429060, 8454324, 25264
242908, 8429080, 8454337, 25257
242909, 8429090, 8454351, 25261
242910, 8429100, 8454364, 25264
242911, 8429110, 8454378, 25268
242912, 8429120, 8454391, 25271
242913, 8429130, 8454404, 25274
242914, 8429140, 8454418, 25278
242915, 8429150, 8454431, 25281
242916, 8429160, 8458012, 28852
242918, 8429180, 8458026, 28846
242919, 8429190, 8458039, 28849
242920, 8429200, 8458052, 28852
242921, 8429210, 8458066, 28856
242922, 8429220, 8458079, 28859
242923, 8429230, 8458093, 28863
242924, 8429240, 8458106, 28866
242925, 8429250, 8458120, 28870
242926, 8429260, 8458133, 28873
242927, 8429270, 8458146, 28876
242929, 8429290, 8458160, 28870
242930, 8429300, 8458173, 28873
242931, 8429310, 8458187, 28877
242932, 8429320, 8458200, 28880
242933, 8429330, 8458214, 28884
242934, 8429340, 8458227, 28887
242935, 8429350, 8458241, 28891
242936, 8429360, 8458254, 28894
242937, 8429370, 8458267, 28897
242938, 8429380, 8458281, 28901
242940, 8429400, 8458294, 28894
242941, 8429410, 8458308, 28898
242942, 8429420, 8458321, 28901
242943, 8429430, 8458335, 28905
242944, 8429440, 8458348, 28908
242945, 8429450, 8458362, 28912
242946, 8429460, 8458375, 28915
242947, 8429470, 8458388, 28918
242948, 8429480, 8458402, 28922
242951, 8429510, 8458429, 28919
242952, 8429520, 8458442, 28922
242953, 8429530, 8458456, 28926
242954, 8429540, 8458469, 28929
242955, 8429550, 8458482, 28932
242956, 8429560, 8458496, 28936
242957, 8429570, 8458509, 28939
242958, 8429580, 8458523, 28943
242959, 8429590, 8458536, 28946
242961, 8429610, 8458550, 28940
242962, 8429620, 8458563, 28943
242963, 8429630, 8458577, 28947
242964, 8429640, 8458590, 28950
242965, 8429650, 8458603, 28953
242966, 8429660, 8458617, 28957
242967, 8429670, 8458630, 28960
242968, 8429680, 8458644, 28964
242969, 8429690, 8458657, 28967
242971, 8429710, 8458671, 28961
242972, 8429720, 8458684, 28964
242973, 8429730, 8458698, 28968
242974, 8429740, 8458711, 28971
242975, 8429750, 8458724, 28974
242976, 8429760, 8458738, 28978
242977, 8429770, 8458751, 28981
242978, 8429780, 8458765, 28985
242979, 8429790, 8458778, 28988
242980, 8429800, 8458792, 28992
242982, 8429820, 8458805, 28985
242983, 8429830, 8458818, 28988
242984, 8429840, 8458832, 28992
242985, 8429850, 8458845, 28995
242986, 8429860, 8458859, 28999
242987, 8429870, 8458872, 29002
242988, 8429880, 8458886, 29006
242989, 8429890, 8458899, 29009
242990, 8429900, 8458913, 29013
242991, 8429910, 8458926, 29016
242993, 8429930, 8458939, 29009
242994, 8429940, 8458953, 29013
242995, 8429950, 8458966, 29016
242996, 8429960, 8458980, 29020
242997, 8429970, 8458993, 29023
242998, 8429980, 8459007, 29027
242999, 8429990, 8459020, 29030
243402, 8434020, 8459047, 25027
243403, 8434030, 8459060, 25030
243404, 8434040, 8459074, 25034
243405, 8434050, 8459087, 25037
243406, 8434060, 8459101, 25041
243407, 8434070, 8459114, 25044
243408, 8434080, 8459128, 25048
243409, 8434090, 8459141, 25051
243410, 8434100, 8459154, 25054
243412, 8434120, 8459168, 25048
243413, 8434130, 8459181, 25051
243414, 8434140, 8459195, 25055
243415, 8434150, 8459208, 25058
243416, 8434160, 8459222, 25062
243417, 8434170, 8459235, 25065
243418, 8434180, 8459249, 25069
243419, 8434190, 8459262, 25072
243420, 8434200, 8459275, 25075
243421, 8434210, 8459289, 25079
243423, 8434230, 8459302, 25072
243424, 8434240, 8459316, 25076
243425, 8434250, 8459329, 25079
243426, 8434260, 8459343, 25083
243427, 8434270, 8459356, 25086
243428, 8434280, 8459370, 25090
243429, 8434290, 8459383, 25093
243430, 8434300, 8459396, 25096
243431, 8434310, 8459410, 25100
243433, 8434330, 8459423, 25093
243434, 8434340, 8459437, 25097
243435, 8434350, 8459450, 25100
243436, 8434360, 8459464, 25104
243437, 8434370, 8459477, 25107
243438, 8434380, 8459490, 25110
243439, 8434390, 8459504, 25114
243440, 8434400, 8459517, 25117
243441, 8434410, 8459531, 25121
243442, 8434420, 8459544, 25124
243444, 8434440, 8459558, 25118
243445, 8434450, 8459571, 25121
243446, 8434460, 8459585, 25125
243447, 8434470, 8459598, 25128
243448, 8434480, 8459611, 25131
243449, 8434490, 8459625, 25135
243451, 8434510, 8459652, 25142
243452, 8434520, 8459665, 25145
243453, 8434530, 8459679, 25149
243455, 8434550, 8459692, 25142
243456, 8434560, 8459706, 25146
243457, 8434570, 8459719, 25149
243458, 8434580, 8459732, 25152
243459, 8434590, 8459746, 25156
243460, 8434600, 8459759, 25159
243461, 8434610, 8459773, 25163
243462, 8434620, 8459786, 25166
243463, 8434630, 8459800, 25170
243465, 8434650, 8459813, 25163
243466, 8434660, 8459826, 25166
243467, 8434670, 8459840, 25170
243468, 8434680, 8459853, 25173
243469, 8434690, 8459867, 25177
243470, 8434700, 8459880, 25180
243471, 8434710, 8459894, 25184
243472, 8434720, 8459907, 25187
243473, 8434730, 8459921, 25191
243474, 8434740, 8459934, 25194
243476, 8434760, 8459947, 25187
243477, 8434770, 8459961, 25191
243478, 8434780, 8459974, 25194
243479, 8434790, 8459988, 25198
243480, 8434800, 8460001, 25201
243481, 8434810, 8460015, 25205
243482, 8434820, 8460028, 25208
243483, 8434830, 8460042, 25212
243484, 8434840, 8460055, 25215
243485, 8434850, 8460068, 25218
243487, 8434870, 8460082, 25212
243488, 8434880, 8460095, 25215
243489, 8434890, 8460109, 25219
243490, 8434900, 8460122, 25222
243491, 8434910, 8460136, 25226
243492, 8434920, 8460149, 25229
243493, 8434930, 8460162, 25232
243494, 8434940, 8460176, 25236
243495, 8434950, 8460189, 25239
243497, 8434970, 8460203, 25233
243498, 8434980, 8460216, 25236
243499, 8434990, 8460230, 25240
243501, 8435010, 8460257, 25247
243502, 8435020, 8460270, 25250
243503, 8435030, 8460283, 25253
243504, 8435040, 8460297, 25257
243505, 8435050, 8460310, 25260
243506, 8435060, 8460324, 25264
243508, 8435080, 8460337, 25257
243509, 8435090, 8460351, 25261
243510, 8435100, 8460364, 25264
243511, 8435110, 8460378, 25268
243512, 8435120, 8460391, 25271
243513, 8435130, 8460404, 25274
243514, 8435140, 8460418, 25278
243515, 8435150, 8460431, 25281
243516, 8435160, 8464012, 28852
243517, 8435170, 8464026, 28856
243519, 8435190, 8464039, 28849
243520, 8435200, 8464052, 28852
243521, 8435210, 8464066, 28856
243522, 8435220, 8464079, 28859
243523, 8435230, 8464093, 28863
243524, 8435240, 8464106, 28866
243525, 8435250, 8464120, 28870
243526, 8435260, 8464133, 28873
243527, 8435270, 8464146, 28876
243529, 8435290, 8464160, 28870
243530, 8435300, 8464173, 28873
243531, 8435310, 8464187, 28877
243532, 8435320, 8464200, 28880
243533, 8435330, 8464214, 28884
243534, 8435340, 8464227, 28887
243535, 8435350, 8464241, 28891
243536, 8435360, 8464254, 28894
243537, 8435370, 8464267, 28897
243538, 8435380, 8464281, 28901
243540, 8435400, 8464294, 28894
243541, 8435410, 8464308, 28898
243542, 8435420, 8464321, 28901
243543, 8435430, 8464335, 28905
243544, 8435440, 8464348, 28908
243545, 8435450, 8464362, 28912
243546, 8435460, 8464375, 28915
243547, 8435470, 8464388, 28918
243548, 8435480, 8464402, 28922
243551, 8435510, 8464429, 28919
243552, 8435520, 8464442, 28922
243553, 8435530, 8464456, 28926
243554, 8435540, 8464469, 28929
243555, 8435550, 8464482, 28932
243556, 8435560, 8464496, 28936
243557, 8435570, 8464509, 28939
243558, 8435580, 8464523, 28943
243559, 8435590, 8464536, 28946
243561, 8435610, 8464550, 28940
243562, 8435620, 8464563, 28943
243563, 8435630, 8464577, 28947
243564, 8435640, 8464590, 28950
243565, 8435650, 8464603, 28953
243566, 8435660, 8464617, 28957
243567, 8435670, 8464630, 28960
243568, 8435680, 8464644, 28964
243569, 8435690, 8464657, 28967
243570, 8435700, 8464671, 28971
243572, 8435720, 8464684, 28964
243573, 8435730, 8464698, 28968
243574, 8435740, 8464711, 28971
243575, 8435750, 8464724, 28974
243576, 8435760, 8464738, 28978
243577, 8435770, 8464751, 28981
243578, 8435780, 8464765, 28985
243579, 8435790, 8464778, 28988
243580, 8435800, 8464792, 28992
243582, 8435820, 8464805, 28985
243583, 8435830, 8464818, 28988
243584, 8435840, 8464832, 28992
243585, 8435850, 8464845, 28995
243586, 8435860, 8464859, 28999
243587, 8435870, 8464872, 29002
243588, 8435880, 8464886, 29006
243589, 8435890, 8464899, 29009
243590, 8435900, 8464913, 29013
243591, 8435910, 8464926, 29016
243593, 8435930, 8464939, 29009
243594, 8435940, 8464953, 29013
243595, 8435950, 8464966, 29016
243596, 8435960, 8464980, 29020
243597, 8435970, 8464993, 29023
243598, 8435980, 8465007, 29027
243599, 8435990, 8465020, 29030
244002, 8440020, 8465047, 25027
244003, 8440030, 8465060, 25030
244004, 8440040, 8465074, 25034
244005, 8440050, 8465087, 25037
244006, 8440060, 8465101, 25041
244007, 8440070, 8465114, 25044
244008, 8440080, 8465127, 25047
244009, 8440090, 8465141, 25051
244010, 8440100, 8465154, 25054
244012, 8440120, 8465168, 25048
244013, 8440130, 8465181, 25051
244014, 8440140, 8465195, 25055
244015, 8440150, 8465208, 25058
244016, 8440160, 8465222, 25062
244017, 8440170, 8465235, 25065
244018, 8440180, 8465248, 25068
244019, 8440190, 8465262, 25072
244020, 8440200, 8465275, 25075
244021, 8440210, 8465289, 25079
244023, 8440230, 8465302, 25072
244024, 8440240, 8465316, 25076
244025, 8440250, 8465329, 25079
244026, 8440260, 8465342, 25082
244027, 8440270, 8465356, 25086
244028, 8440280, 8465369, 25089
244029, 8440290, 8465383, 25093
244030, 8440300, 8465396, 25096
244031, 8440310, 8465410, 25100
244033, 8440330, 8465423, 25093
244034, 8440340, 8465437, 25097
244035, 8440350, 8465450, 25100
244036, 8440360, 8465463, 25103
244037, 8440370, 8465477, 25107
244038, 8440380, 8465490, 25110
244039, 8440390, 8465504, 25114
244040, 8440400, 8465517, 25117
244041, 8440410, 8465531, 25121
244042, 8440420, 8465544, 25124
244044, 8440440, 8465558, 25118
244045, 8440450, 8465571, 25121
244046, 8440460, 8465584, 25124
244047, 8440470, 8465598, 25128
244048, 8440480, 8465611, 25131
244049, 8440490, 8465625, 25135
244051, 8440510, 8465652, 25142
244052, 8440520, 8465665, 25145
244053, 8440530, 8465678, 25148
244055, 8440550, 8465692, 25142
244056, 8440560, 8465705, 25145
244057, 8440570, 8465719, 25149
244058, 8440580, 8465732, 25152
244059, 8440590, 8465746, 25156
244060, 8440600, 8465759, 25159
244061, 8440610, 8465773, 25163
244062, 8440620, 8465786, 25166
244063, 8440630, 8465799, 25169
244065, 8440650, 8465813, 25163
244066, 8440660, 8465826, 25166
244067, 8440670, 8465840, 25170
244068, 8440680, 8465853, 25173
244069, 8440690, 8465867, 25177
244070, 8440700, 8465880, 25180
244071, 8440710, 8465894, 25184
244072, 8440720, 8465907, 25187
244073, 8440730, 8465920, 25190
244074, 8440740, 8465934, 25194
244076, 8440760, 8465947, 25187
244077, 8440770, 8465961, 25191
244078, 8440780, 8465974, 25194
244079, 8440790, 8465988, 25198
244080, 8440800, 8466001, 25201
244081, 8440810, 8466014, 25204
244082, 8440820, 8466028, 25208
244083, 8440830, 8466041, 25211
244084, 8440840, 8466055, 25215
244085, 8440850, 8466068, 25218
244087, 8440870, 8466082, 25212
244088, 8440880, 8466095, 25215
244089, 8440890, 8466109, 25219
244090, 8440900, 8466122, 25222
244091, 8440910, 8466135, 25225
244092, 8440920, 8466149, 25229
244093, 8440930, 8466162, 25232
244094, 8440940, 8466176, 25236
244095, 8440950, 8466189, 25239
244097, 8440970, 8466203, 25233
244098, 8440980, 8466216, 25236
244099, 8440990, 8466230, 25240
244101, 8441010, 8466256, 25246
244102, 8441020, 8466270, 25250
244103, 8441030, 8466283, 25253
244104, 8441040, 8466297, 25257
244105, 8441050, 8466310, 25260
244106, 8441060, 8466324, 25264
244108, 8441080, 8466337, 25257
244109, 8441090, 8466350, 25260
244110, 8441100, 8466364, 25264
244111, 8441110, 8466377, 25267
244112, 8441120, 8466391, 25271
244113, 8441130, 8466404, 25274
244114, 8441140, 8466418, 25278
244115, 8441150, 8466431, 25281
244116, 8441160, 8470012, 28852
244118, 8441180, 8470026, 28846
244119, 8441190, 8470039, 28849
244120, 8441200, 8470052, 28852
244121, 8441210, 8470066, 28856
244122, 8441220, 8470079, 28859
244123, 8441230, 8470093, 28863
244124, 8441240, 8470106, 28866
244125, 8441250, 8470120, 28870
244126, 8441260, 8470133, 28873
244127, 8441270, 8470146, 28876
244129, 8441290, 8470160, 28870
244130, 8441300, 8470173, 28873
244131, 8441310, 8470187, 28877
244132, 8441320, 8470200, 28880
244133, 8441330, 8470214, 28884
244134, 8441340, 8470227, 28887
244135, 8441350, 8470241, 28891
244136, 8441360, 8470254, 28894
244137, 8441370, 8470267, 28897
244138, 8441380, 8470281, 28901
244140, 8441400, 8470294, 28894
244141, 8441410, 8470308, 28898
244142, 8441420, 8470321, 28901
244143, 8441430, 8470335, 28905
244144, 8441440, 8470348, 28908
244145, 8441450, 8470362, 28912
244146, 8441460, 8470375, 28915
244147, 8441470, 8470388, 28918
244148, 8441480, 8470402, 28922
244151, 8441510, 8470429, 28919
244152, 8441520, 8470442, 28922
244153, 8441530, 8470456, 28926
244154, 8441540, 8470469, 28929
244155, 8441550, 8470482, 28932
244156, 8441560, 8470496, 28936
244157, 8441570, 8470509, 28939
244158, 8441580, 8470523, 28943
244159, 8441590, 8470536, 28946
244161, 8441610, 8470550, 28940
244162, 8441620, 8470563, 28943
244163, 8441630, 8470577, 28947
244164, 8441640, 8470590, 28950
244165, 8441650, 8470603, 28953
244166, 8441660, 8470617, 28957
244167, 8441670, 8470630, 28960
244168, 8441680, 8470644, 28964
244169, 8441690, 8470657, 28967
244171, 8441710, 8470671, 28961
244172, 8441720, 8470684, 28964
244173, 8441730, 8470698, 28968
244174, 8441740, 8470711, 28971
244175, 8441750, 8470724, 28974
244176, 8441760, 8470738, 28978
244177, 8441770, 8470751, 28981
244178, 8441780, 8470765, 28985
244179, 8441790, 8470778, 28988
244180, 8441800, 8470792, 28992
244182, 8441820, 8470805, 28985
244183, 8441830, 8470818, 28988
244184, 8441840, 8470832, 28992
244185, 8441850, 8470845, 28995
244186, 8441860, 8470859, 28999
244187, 8441870, 8470872, 29002
244188, 8441880, 8470886, 29006
244189, 8441890, 8470899, 29009
244190, 8441900, 8470913, 29013
244191, 8441910, 8470926, 29016
244193, 8441930, 8470939, 29009
244194, 8441940, 8470953, 29013
244195, 8441950, 8470966, 29016
244196, 8441960, 8470980, 29020
244197, 8441970, 8470993, 29023
244198, 8441980, 8471007, 29027
244199, 8441990, 8471020, 29030
244602, 8446020, 8471047, 25027
244603, 8446030, 8471060, 25030
244604, 8446040, 8471074, 25034
244605, 8446050, 8471087, 25037
244606, 8446060, 8471101, 25041
244607, 8446070, 8471114, 25044
244608, 8446080, 8471128, 25048
244609, 8446090, 8471141, 25051
244610, 8446100, 8471154, 25054
244612, 8446120, 8471168, 25048
244613, 8446130, 8471181, 25051
244614, 8446140, 8471195, 25055
244615, 8446150, 8471208, 25058
244616, 8446160, 8471222, 25062
244617, 8446170, 8471235, 25065
244618, 8446180, 8471249, 25069
244619, 8446190, 8471262, 25072
244620, 8446200, 8471275, 25075
244621, 8446210, 8471289, 25079
244623, 8446230, 8471302, 25072
244624, 8446240, 8471316, 25076
244625, 8446250, 8471329, 25079
244626, 8446260, 8471343, 25083
244627, 8446270, 8471356, 25086
244628, 8446280, 8471370, 25090
244629, 8446290, 8471383, 25093
244630, 8446300, 8471396, 25096
244631, 8446310, 8471410, 25100
244633, 8446330, 8471423, 25093
244634, 8446340, 8471437, 25097
244635, 8446350, 8471450, 25100
244636, 8446360, 8471464, 25104
244637, 8446370, 8471477, 25107
244638, 8446380, 8471490, 25110
244639, 8446390, 8471504, 25114
244640, 8446400, 8471517, 25117
244641, 8446410, 8471531, 25121
244642, 8446420, 8471544, 25124
244644, 8446440, 8471558, 25118
244645, 8446450, 8471571, 25121
244646, 8446460, 8471585, 25125
244647, 8446470, 8471598, 25128
244648, 8446480, 8471611, 25131
244649, 8446490, 8471625, 25135
244651, 8446510, 8471652, 25142
244652, 8446520, 8471665, 25145
244653, 8446530, 8471679, 25149
244655, 8446550, 8471692, 25142
244656, 8446560, 8471706, 25146
244657, 8446570, 8471719, 25149
244658, 8446580, 8471732, 25152
244659, 8446590, 8471746, 25156
244660, 8446600, 8471759, 25159
244661, 8446610, 8471773, 25163
244662, 8446620, 8471786, 25166
244663, 8446630, 8471800, 25170
244665, 8446650, 8471813, 25163
244666, 8446660, 8471826, 25166
244667, 8446670, 8471840, 25170
244668, 8446680, 8471853, 25173
244669, 8446690, 8471867, 25177
244670, 8446700, 8471880, 25180
244671, 8446710, 8471894, 25184
244672, 8446720, 8471907, 25187
244673, 8446730, 8471921, 25191
244674, 8446740, 8471934, 25194
244676, 8446760, 8471947, 25187
244677, 8446770, 8471961, 25191
244678, 8446780, 8471974, 25194
244679, 8446790, 8471988, 25198
244680, 8446800, 8472001, 25201
244681, 8446810, 8472015, 25205
244682, 8446820, 8472028, 25208
244683, 8446830, 8472042, 25212
244684, 8446840, 8472055, 25215
244685, 8446850, 8472068, 25218
244687, 8446870, 8472082, 25212
244688, 8446880, 8472095, 25215
244689, 8446890, 8472109, 25219
244690, 8446900, 8472122, 25222
244691, 8446910, 8472136, 25226
244692, 8446920, 8472149, 25229
244693, 8446930, 8472162, 25232
244694, 8446940, 8472176, 25236
244695, 8446950, 8472189, 25239
244697, 8446970, 8472203, 25233
244698, 8446980, 8472216, 25236
244699, 8446990, 8472230, 25240
244701, 8447010, 8472257, 25247
244702, 8447020, 8472270, 25250
244703, 8447030, 8472283, 25253
244704, 8447040, 8472297, 25257
244705, 8447050, 8472310, 25260
244706, 8447060, 8472324, 25264
244708, 8447080, 8472337, 25257
244709, 8447090, 8472351, 25261
244710, 8447100, 8472364, 25264
244711, 8447110, 8472378, 25268
244712, 8447120, 8472391, 25271
244713, 8447130, 8472404, 25274
244714, 8447140, 8472418, 25278
244715, 8447150, 8472431, 25281
244716, 8447160, 8476012, 28852
244718, 8447180, 8476026, 28846
244719, 8447190, 8476039, 28849
244720, 8447200, 8476052, 28852
244721, 8447210, 8476066, 28856
244722, 8447220, 8476079, 28859
244723, 8447230, 8476093, 28863
244724, 8447240, 8476106, 28866
244725, 8447250, 8476120, 28870
244726, 8447260, 8476133, 28873
244727, 8447270, 8476146, 28876
244729, 8447290, 8476160, 28870
244730, 8447300, 8476173, 28873
244731, 8447310, 8476187, 28877
244732, 8447320, 8476200, 28880
244733, 8447330, 8476214, 28884
244734, 8447340, 8476227, 28887
244735, 8447350, 8476241, 28891
244736, 8447360, 8476254, 28894
244737, 8447370, 8476267, 28897
244738, 8447380, 8476281, 28901
244740, 8447400, 8476294, 28894
244741, 8447410, 8476308, 28898
244742, 8447420, 8476321, 28901
244743, 8447430, 8476335, 28905
244744, 8447440, 8476348, 28908
244745, 8447450, 8476362, 28912
244746, 8447460, 8476375, 28915
244747, 8447470, 8476388, 28918
244748, 8447480, 8476402, 28922
244751, 8447510, 8476429, 28919
244752, 8447520, 8476442, 28922
244753, 8447530, 8476456, 28926
244754, 8447540, 8476469, 28929
244755, 8447550, 8476482, 28932
244756, 8447560, 8476496, 28936
244757, 8447570, 8476509, 28939
244758, 8447580, 8476523, 28943
244759, 8447590, 8476536, 28946
244761, 8447610, 8476550, 28940
244762, 8447620, 8476563, 28943
244763, 8447630, 8476577, 28947
244764, 8447640, 8476590, 28950
244765, 8447650, 8476603, 28953
244766, 8447660, 8476617, 28957
244767, 8447670, 8476630, 28960
244768, 8447680, 8476644, 28964
244769, 8447690, 8476657, 28967
244771, 8447710, 8476671, 28961
244772, 8447720, 8476684, 28964
244773, 8447730, 8476698, 28968
244774, 8447740, 8476711, 28971
244775, 8447750, 8476724, 28974
244776, 8447760, 8476738, 28978
244777, 8447770, 8476751, 28981
244778, 8447780, 8476765, 28985
244779, 8447790, 8476778, 28988
244780, 8447800, 8476792, 28992
244782, 8447820, 8476805, 28985
244783, 8447830, 8476818, 28988
244784, 8447840, 8476832, 28992
244785, 8447850, 8476845, 28995
244786, 8447860, 8476859, 28999
244787, 8447870, 8476872, 29002
244788, 8447880, 8476886, 29006
244789, 8447890, 8476899, 29009
244790, 8447900, 8476913, 29013
244791, 8447910, 8476926, 29016
244793, 8447930, 8476939, 29009
244794, 8447940, 8476953, 29013
244795, 8447950, 8476966, 29016
244796, 8447960, 8476980, 29020
244797, 8447970, 8476993, 29023
244798, 8447980, 8477007, 29027
244799, 8447990, 8477020, 29030
245202, 8452020, 8477047, 25027
245203, 8452030, 8477060, 25030
245204, 8452040, 8477074, 25034
245205, 8452050, 8477087, 25037
245206, 8452060, 8477101, 25041
245207, 8452070, 8477114, 25044
245208, 8452080, 8477128, 25048
245209, 8452090, 8477141, 25051
245210, 8452100, 8477154, 25054
245212, 8452120, 8477168, 25048
245213, 8452130, 8477181, 25051
245214, 8452140, 8477195, 25055
245215, 8452150, 8477208, 25058
245216, 8452160, 8477222, 25062
245217, 8452170, 8477235, 25065
245218, 8452180, 8477249, 25069
245219, 8452190, 8477262, 25072
245220, 8452200, 8477275, 25075
245221, 8452210, 8477289, 25079
245223, 8452230, 8477302, 25072
245224, 8452240, 8477316, 25076
245225, 8452250, 8477329, 25079
245226, 8452260, 8477343, 25083
245227, 8452270, 8477356, 25086
245228, 8452280, 8477370, 25090
245229, 8452290, 8477383, 25093
245230, 8452300, 8477396, 25096
245231, 8452310, 8477410, 25100
245233, 8452330, 8477423, 25093
245234, 8452340, 8477437, 25097
245235, 8452350, 8477450, 25100
245236, 8452360, 8477464, 25104
245237, 8452370, 8477477, 25107
245238, 8452380, 8477490, 25110
245239, 8452390, 8477504, 25114
245240, 8452400, 8477517, 25117
245241, 8452410, 8477531, 25121
245242, 8452420, 8477544, 25124
245244, 8452440, 8477558, 25118
245245, 8452450, 8477571, 25121
245246, 8452460, 8477585, 25125
245247, 8452470, 8477598, 25128
245248, 8452480, 8477611, 25131
245249, 8452490, 8477625, 25135
245251, 8452510, 8477652, 25142
245252, 8452520, 8477665, 25145
245253, 8452530, 8477679, 25149
245255, 8452550, 8477692, 25142
245256, 8452560, 8477706, 25146
245257, 8452570, 8477719, 25149
245258, 8452580, 8477732, 25152
245259, 8452590, 8477746, 25156
245260, 8452600, 8477759, 25159
245261, 8452610, 8477773, 25163
245262, 8452620, 8477786, 25166
245263, 8452630, 8477800, 25170
245265, 8452650, 8477813, 25163
245266, 8452660, 8477826, 25166
245267, 8452670, 8477840, 25170
245268, 8452680, 8477853, 25173
245269, 8452690, 8477867, 25177
245270, 8452700, 8477880, 25180
245271, 8452710, 8477894, 25184
245272, 8452720, 8477907, 25187
245273, 8452730, 8477921, 25191
245274, 8452740, 8477934, 25194
245276, 8452760, 8477947, 25187
245277, 8452770, 8477961, 25191
245278, 8452780, 8477974, 25194
245279, 8452790, 8477988, 25198
245280, 8452800, 8478001, 25201
245281, 8452810, 8478015, 25205
245282, 8452820, 8478028, 25208
245283, 8452830, 8478042, 25212
245284, 8452840, 8478055, 25215
245285, 8452850, 8478068, 25218
245287, 8452870, 8478082, 25212
245288, 8452880, 8478095, 25215
245289, 8452890, 8478109, 25219
245290, 8452900, 8478122, 25222
245291, 8452910, 8478136, 25226
245292, 8452920, 8478149, 25229
245293, 8452930, 8478162, 25232
245294, 8452940, 8478176, 25236
245295, 8452950, 8478189, 25239
245297, 8452970, 8478203, 25233
245298, 8452980, 8478216, 25236
245299, 8452990, 8478230, 25240
245301, 8453010, 8478257, 25247
245302, 8453020, 8478270, 25250
245303, 8453030, 8478283, 25253
245304, 8453040, 8478297, 25257
245305, 8453050, 8478310, 25260
245306, 8453060, 8478324, 25264
245308, 8453080, 8478337, 25257
245309, 8453090, 8478351, 25261
245310, 8453100, 8478364, 25264
245311, 8453110, 8478378, 25268
245312, 8453120, 8478391, 25271
245313, 8453130, 8478404, 25274
245314, 8453140, 8478418, 25278
245315, 8453150, 8478431, 25281
245316, 8453160, 8482012, 28852
245318, 8453180, 8482026, 28846
245319, 8453190, 8482039, 28849
245320, 8453200, 8482052, 28852
245321, 8453210, 8482066, 28856
245322, 8453220, 8482079, 28859
245323, 8453230, 8482093, 28863
245324, 8453240, 8482106, 28866
245325, 8453250, 8482120, 28870
245326, 8453260, 8482133, 28873
245327, 8453270, 8482146, 28876
245329, 8453290, 8482160, 28870
245330, 8453300, 8482173, 28873
245331, 8453310, 8482187, 28877
245332, 8453320, 8482200, 28880
245333, 8453330, 8482214, 28884
245334, 8453340, 8482227, 28887
245335, 8453350, 8482241, 28891
245336, 8453360, 8482254, 28894
245337, 8453370, 8482267, 28897
245338, 8453380, 8482281, 28901
245340, 8453400, 8482294, 28894
245341, 8453410, 8482308, 28898
245342, 8453420, 8482321, 28901
245343, 8453430, 8482335, 28905
245344, 8453440, 8482348, 28908
245345, 8453450, 8482362, 28912
245346, 8453460, 8482375, 28915
245347, 8453470, 8482388, 28918
245348, 8453480, 8482402, 28922
245351, 8453510, 8482429, 28919
245352, 8453520, 8482442, 28922
245353, 8453530, 8482456, 28926
245354, 8453540, 8482469, 28929
245355, 8453550, 8482482, 28932
245356, 8453560, 8482496, 28936
245357, 8453570, 8482509, 28939
245358, 8453580, 8482523, 28943
245359, 8453590, 8482536, 28946
245361, 8453610, 8482550, 28940
245362, 8453620, 8482563, 28943
245363, 8453630, 8482577, 28947
245364, 8453640, 8482590, 28950
245365, 8453650, 8482603, 28953
245366, 8453660, 8482617, 28957
245367, 8453670, 8482630, 28960
245368, 8453680, 8482644, 28964
245369, 8453690, 8482657, 28967
245371, 8453710, 8482671, 28961
245372, 8453720, 8482684, 28964
245373, 8453730, 8482698, 28968
245374, 8453740, 8482711, 28971
245375, 8453750, 8482724, 28974
245376, 8453760, 8482738, 28978
245377, 8453770, 8482751, 28981
245378, 8453780, 8482765, 28985
245379, 8453790, 8482778, 28988
245380, 8453800, 8482792, 28992
245382, 8453820, 8482805, 28985
245383, 8453830, 8482818, 28988
245384, 8453840, 8482832, 28992
245385, 8453850, 8482845, 28995
245386, 8453860, 8482859, 28999
245387, 8453870, 8482872, 29002
245388, 8453880, 8482886, 29006
245389, 8453890, 8482899, 29009
245390, 8453900, 8482913, 29013
245391, 8453910, 8482926, 29016
245393, 8453930, 8482939, 29009
245394, 8453940, 8482953, 29013
245395, 8453950, 8482966, 29016
245396, 8453960, 8482980, 29020
245397, 8453970, 8482993, 29023
245398, 8453980, 8483007, 29027
245399, 8453990, 8483020, 29030
245802, 8458020, 8483047, 25027
245803, 8458030, 8483060, 25030
245804, 8458040, 8483074, 25034
245805, 8458050, 8483087, 25037
245806, 8458060, 8483101, 25041
245807, 8458070, 8483114, 25044
245808, 8458080, 8483128, 25048
245809, 8458090, 8483141, 25051
245810, 8458100, 8483154, 25054
245812, 8458120, 8483168, 25048
245813, 8458130, 8483181, 25051
245814, 8458140, 8483195, 25055
245815, 8458150, 8483208, 25058
245816, 8458160, 8483222, 25062
245817, 8458170, 8483235, 25065
245818, 8458180, 8483249, 25069
245819, 8458190, 8483262, 25072
245820, 8458200, 8483275, 25075
245821, 8458210, 8483289, 25079
245823, 8458230, 8483302, 25072
245824, 8458240, 8483316, 25076
245825, 8458250, 8483329, 25079
245826, 8458260, 8483343, 25083
245827, 8458270, 8483356, 25086
245828, 8458280, 8483370, 25090
245829, 8458290, 8483383, 25093
245830, 8458300, 8483396, 25096
245831, 8458310, 8483410, 25100
245833, 8458330, 8483423, 25093
245834, 8458340, 8483437, 25097
245835, 8458350, 8483450, 25100
245836, 8458360, 8483464, 25104
245837, 8458370, 8483477, 25107
245838, 8458380, 8483490, 25110
245839, 8458390, 8483504, 25114
245840, 8458400, 8483517, 25117
245841, 8458410, 8483531, 25121
245842, 8458420, 8483544, 25124
245844, 8458440, 8483558, 25118
245845, 8458450, 8483571, 25121
245846, 8458460, 8483585, 25125
245847, 8458470, 8483598, 25128
245848, 8458480, 8483611, 25131
245849, 8458490, 8483625, 25135
245851, 8458510, 8483652, 25142
245852, 8458520, 8483665, 25145
245853, 8458530, 8483679, 25149
245855, 8458550, 8483692, 25142
245856, 8458560, 8483706, 25146
245857, 8458570, 8483719, 25149
245858, 8458580, 8483732, 25152
245859, 8458590, 8483746, 25156
245860, 8458600, 8483759, 25159
245861, 8458610, 8483773, 25163
245862, 8458620, 8483786, 25166
245863, 8458630, 8483800, 25170
245865, 8458650, 8483813, 25163
245866, 8458660, 8483826, 25166
245867, 8458670, 8483840, 25170
245868, 8458680, 8483853, 25173
245869, 8458690, 8483867, 25177
245870, 8458700, 8483880, 25180
245871, 8458710, 8483894, 25184
245872, 8458720, 8483907, 25187
245873, 8458730, 8483921, 25191
245874, 8458740, 8483934, 25194
245876, 8458760, 8483947, 25187
245877, 8458770, 8483961, 25191
245878, 8458780, 8483974, 25194
245879, 8458790, 8483988, 25198
245880, 8458800, 8484001, 25201
245881, 8458810, 8484015, 25205
245882, 8458820, 8484028, 25208
245883, 8458830, 8484042, 25212
245884, 8458840, 8484055, 25215
245885, 8458850, 8484068, 25218
245887, 8458870, 8484082, 25212
245888, 8458880, 8484095, 25215
245889, 8458890, 8484109, 25219
245890, 8458900, 8484122, 25222
245891, 8458910, 8484136, 25226
245892, 8458920, 8484149, 25229
245893, 8458930, 8484162, 25232
245894, 8458940, 8484176, 25236
245895, 8458950, 8484189, 25239
245897, 8458970, 8484203, 25233
245898, 8458980, 8484216, 25236
245899, 8458990, 8484230, 25240
245901, 8459010, 8484257, 25247
245902, 8459020, 8484270, 25250
245903, 8459030, 8484283, 25253
245904, 8459040, 8484297, 25257
245905, 8459050, 8484310, 25260
245906, 8459060, 8484324, 25264
245908, 8459080, 8484337, 25257
245909, 8459090, 8484351, 25261
245910, 8459100, 8484364, 25264
245911, 8459110, 8484378, 25268
245912, 8459120, 8484391, 25271
245913, 8459130, 8484404, 25274
245914, 8459140, 8484418, 25278
245915, 8459150, 8484431, 25281
245916, 8459160, 8488012, 28852
245918, 8459180, 8488026, 28846
245919, 8459190, 8488039, 28849
245920, 8459200, 8488052, 28852
245921, 8459210, 8488066, 28856
245922, 8459220, 8488079, 28859
245923, 8459230, 8488093, 28863
245924, 8459240, 8488106, 28866
245925, 8459250, 8488120, 28870
245926, 8459260, 8488133, 28873
245927, 8459270, 8488146, 28876
245929, 8459290, 8488160, 28870
245930, 8459300, 8488173, 28873
245931, 8459310, 8488187, 28877
245932, 8459320, 8488200, 28880
245933, 8459330, 8488214, 28884
245934, 8459340, 8488227, 28887
245935, 8459350, 8488241, 28891
245936, 8459360, 8488254, 28894
245937, 8459370, 8488267, 28897
245938, 8459380, 8488281, 28901
245940, 8459400, 8488294, 28894
245941, 8459410, 8488308, 28898
245942, 8459420, 8488321, 28901
245943, 8459430, 8488335, 28905
245944, 8459440, 8488348, 28908
245945, 8459450, 8488362, 28912
245946, 8459460, 8488375, 28915
245947, 8459470, 8488388, 28918
245948, 8459480, 8488402, 28922
245951, 8459510, 8488429, 28919
245952, 8459520, 8488442, 28922
245953, 8459530, 8488456, 28926
245954, 8459540, 8488469, 28929
245955, 8459550, 8488482, 28932
245956, 8459560, 8488496, 28936
245957, 8459570, 8488509, 28939
245958, 8459580, 8488523, 28943
245959, 8459590, 8488536, 28946
245961, 8459610, 8488550, 28940
245962, 8459620, 8488563, 28943
245963, 8459630, 8488577, 28947
245964, 8459640, 8488590, 28950
245965, 8459650, 8488603, 28953
245966, 8459660, 8488617, 28957
245967, 8459670, 8488630, 28960
245968, 8459680, 8488644, 28964
245969, 8459690, 8488657, 28967
245971, 8459710, 8488671, 28961
245972, 8459720, 8488684, 28964
245973, 8459730, 8488698, 28968
245974, 8459740, 8488711, 28971
245975, 8459750, 8488724, 28974
245976, 8459760, 8488738, 28978
245977, 8459770, 8488751, 28981
245978, 8459780, 8488765, 28985
245979, 8459790, 8488778, 28988
245980, 8459800, 8488792, 28992
245982, 8459820, 8488805, 28985
245983, 8459830, 8488818, 28988
245984, 8459840, 8488832, 28992
245985, 8459850, 8488845, 28995
245986, 8459860, 8488859, 28999
245987, 8459870, 8488872, 29002
245988, 8459880, 8488886, 29006
245989, 8459890, 8488899, 29009
245990, 8459900, 8488913, 29013
245991, 8459910, 8488926, 29016
245993, 8459930, 8488939, 29009
245994, 8459940, 8488953, 29013
245995, 8459950, 8488966, 29016
245996, 8459960, 8488980, 29020
245997, 8459970, 8488993, 29023
245998, 8459980, 8489007, 29027
245999, 8459990, 8489020, 29030
246402, 8464020, 8489047, 25027
246403, 8464030, 8489060, 25030
246404, 8464040, 8489074, 25034
246405, 8464050, 8489087, 25037
246406, 8464060, 8489101, 25041
246407, 8464070, 8489114, 25044
246408, 8464080, 8489128, 25048
246409, 8464090, 8489141, 25051
246410, 8464100, 8489154, 25054
246412, 8464120, 8489168, 25048
246413, 8464130, 8489181, 25051
246414, 8464140, 8489195, 25055
246415, 8464150, 8489208, 25058
246416, 8464160, 8489222, 25062
246417, 8464170, 8489235, 25065
246418, 8464180, 8489249, 25069
246419, 8464190, 8489262, 25072
246420, 8464200, 8489275, 25075
246421, 8464210, 8489289, 25079
246423, 8464230, 8489302, 25072
246424, 8464240, 8489316, 25076
246425, 8464250, 8489329, 25079
246426, 8464260, 8489343, 25083
246427, 8464270, 8489356, 25086
246428, 8464280, 8489370, 25090
246429, 8464290, 8489383, 25093
246430, 8464300, 8489396, 25096
246431, 8464310, 8489410, 25100
246433, 8464330, 8489423, 25093
246434, 8464340, 8489437, 25097
246435, 8464350, 8489450, 25100
246436, 8464360, 8489464, 25104
246437, 8464370, 8489477, 25107
246438, 8464380, 8489490, 25110
246439, 8464390, 8489504, 25114
246440, 8464400, 8489517, 25117
246441, 8464410, 8489531, 25121
246442, 8464420, 8489544, 25124
246444, 8464440, 8489558, 25118
246445, 8464450, 8489571, 25121
246446, 8464460, 8489585, 25125
246447, 8464470, 8489598, 25128
246448, 8464480, 8489611, 25131
246449, 8464490, 8489625, 25135
246451, 8464510, 8489652, 25142
246452, 8464520, 8489665, 25145
246453, 8464530, 8489679, 25149
246455, 8464550, 8489692, 25142
246456, 8464560, 8489706, 25146
246457, 8464570, 8489719, 25149
246458, 8464580, 8489732, 25152
246459, 8464590, 8489746, 25156
246460, 8464600, 8489759, 25159
246461, 8464610, 8489773, 25163
246462, 8464620, 8489786, 25166
246463, 8464630, 8489800, 25170
246465, 8464650, 8489813, 25163
246466, 8464660, 8489826, 25166
246467, 8464670, 8489840, 25170
246468, 8464680, 8489853, 25173
246469, 8464690, 8489867, 25177
246470, 8464700, 8489880, 25180
246471, 8464710, 8489894, 25184
246472, 8464720, 8489907, 25187
246473, 8464730, 8489921, 25191
246474, 8464740, 8489934, 25194
246476, 8464760, 8489947, 25187
246477, 8464770, 8489961, 25191
246478, 8464780, 8489974, 25194
246479, 8464790, 8489988, 25198
246480, 8464800, 8490001, 25201
246481, 8464810, 8490015, 25205
246482, 8464820, 8490028, 25208
246483, 8464830, 8490042, 25212
246484, 8464840, 8490055, 25215
246485, 8464850, 8490068, 25218
246487, 8464870, 8490082, 25212
246488, 8464880, 8490095, 25215
246489, 8464890, 8490109, 25219
246490, 8464900, 8490122, 25222
246491, 8464910, 8490136, 25226
246492, 8464920, 8490149, 25229
246493, 8464930, 8490162, 25232
246494, 8464940, 8490176, 25236
246495, 8464950, 8490189, 25239
246497, 8464970, 8490203, 25233
246498, 8464980, 8490216, 25236
246499, 8464990, 8490230, 25240
246501, 8465010, 8490257, 25247
246502, 8465020, 8490270, 25250
246503, 8465030, 8490283, 25253
246504, 8465040, 8490297, 25257
246505, 8465050, 8490310, 25260
246506, 8465060, 8490324, 25264
246508, 8465080, 8490337, 25257
246509, 8465090, 8490351, 25261
246510, 8465100, 8490364, 25264
246511, 8465110, 8490378, 25268
246512, 8465120, 8490391, 25271
246513, 8465130, 8490404, 25274
246514, 8465140, 8490418, 25278
246515, 8465150, 8490431, 25281
246516, 8465160, 8494012, 28852
246517, 8465170, 8494026, 28856
246519, 8465190, 8494039, 28849
246520, 8465200, 8494052, 28852
246521, 8465210, 8494066, 28856
246522, 8465220, 8494079, 28859
246523, 8465230, 8494093, 28863
246524, 8465240, 8494106, 28866
246525, 8465250, 8494120, 28870
246526, 8465260, 8494133, 28873
246527, 8465270, 8494146, 28876
246529, 8465290, 8494160, 28870
246530, 8465300, 8494173, 28873
246531, 8465310, 8494187, 28877
246532, 8465320, 8494200, 28880
246533, 8465330, 8494214, 28884
246534, 8465340, 8494227, 28887
246535, 8465350, 8494241, 28891
246536, 8465360, 8494254, 28894
246537, 8465370, 8494267, 28897
246538, 8465380, 8494281, 28901
246540, 8465400, 8494294, 28894
246541, 8465410, 8494308, 28898
246542, 8465420, 8494321, 28901
246543, 8465430, 8494335, 28905
246544, 8465440, 8494348, 28908
246545, 8465450, 8494362, 28912
246546, 8465460, 8494375, 28915
246547, 8465470, 8494388, 28918
246548, 8465480, 8494402, 28922
246551, 8465510, 8494429, 28919
246552, 8465520, 8494442, 28922
246553, 8465530, 8494456, 28926
246554, 8465540, 8494469, 28929
246555, 8465550, 8494482, 28932
246556, 8465560, 8494496, 28936
246557, 8465570, 8494509, 28939
246558, 8465580, 8494523, 28943
246559, 8465590, 8494536, 28946
246561, 8465610, 8494550, 28940
246562, 8465620, 8494563, 28943
246563, 8465630, 8494577, 28947
246564, 8465640, 8494590, 28950
246565, 8465650, 8494603, 28953
246566, 8465660, 8494617, 28957
246567, 8465670, 8494630, 28960
246568, 8465680, 8494644, 28964
246569, 8465690, 8494657, 28967
246570, 8465700, 8494671, 28971
246572, 8465720, 8494684, 28964
246573, 8465730, 8494698, 28968
246574, 8465740, 8494711, 28971
246575, 8465750, 8494724, 28974
246576, 8465760, 8494738, 28978
246577, 8465770, 8494751, 28981
246578, 8465780, 8494765, 28985
246579, 8465790, 8494778, 28988
246580, 8465800, 8494792, 28992
246582, 8465820, 8494805, 28985
246583, 8465830, 8494818, 28988
246584, 8465840, 8494832, 28992
246585, 8465850, 8494845, 28995
246586, 8465860, 8494859, 28999
246587, 8465870, 8494872, 29002
246588, 8465880, 8494886, 29006
246589, 8465890, 8494899, 29009
246590, 8465900, 8494913, 29013
246591, 8465910, 8494926, 29016
246593, 8465930, 8494939, 29009
246594, 8465940, 8494953, 29013
246595, 8465950, 8494966, 29016
246596, 8465960, 8494980, 29020
246597, 8465970, 8494993, 29023
246598, 8465980, 8495007, 29027
246599, 8465990, 8495020, 29030
247002, 8470020, 8495047, 25027
247003, 8470030, 8495060, 25030
247004, 8470040, 8495074, 25034
247005, 8470050, 8495087, 25037
247006, 8470060, 8495101, 25041
247007, 8470070, 8495114, 25044
247008, 8470080, 8495127, 25047
247009, 8470090, 8495141, 25051
247010, 8470100, 8495154, 25054
247012, 8470120, 8495168, 25048
247013, 8470130, 8495181, 25051
247014, 8470140, 8495195, 25055
247015, 8470150, 8495208, 25058
247016, 8470160, 8495222, 25062
247017, 8470170, 8495235, 25065
247018, 8470180, 8495248, 25068
247019, 8470190, 8495262, 25072
247020, 8470200, 8495275, 25075
247021, 8470210, 8495289, 25079
247023, 8470230, 8495302, 25072
247024, 8470240, 8495316, 25076
247025, 8470250, 8495329, 25079
247026, 8470260, 8495342, 25082
247027, 8470270, 8495356, 25086
247028, 8470280, 8495369, 25089
247029, 8470290, 8495383, 25093
247030, 8470300, 8495396, 25096
247031, 8470310, 8495410, 25100
247033, 8470330, 8495423, 25093
247034, 8470340, 8495437, 25097
247035, 8470350, 8495450, 25100
247036, 8470360, 8495463, 25103
247037, 8470370, 8495477, 25107
247038, 8470380, 8495490, 25110
247039, 8470390, 8495504, 25114
247040, 8470400, 8495517, 25117
247041, 8470410, 8495531, 25121
247042, 8470420, 8495544, 25124
247044, 8470440, 8495558, 25118
247045, 8470450, 8495571, 25121
247046, 8470460, 8495584, 25124
247047, 8470470, 8495598, 25128
247048, 8470480, 8495611, 25131
247049, 8470490, 8495625, 25135
247051, 8470510, 8495652, 25142
247052, 8470520, 8495665, 25145
247053, 8470530, 8495678, 25148
247055, 8470550, 8495692, 25142
247056, 8470560, 8495705, 25145
247057, 8470570, 8495719, 25149
247058, 8470580, 8495732, 25152
247059, 8470590, 8495746, 25156
247060, 8470600, 8495759, 25159
247061, 8470610, 8495773, 25163
247062, 8470620, 8495786, 25166
247063, 8470630, 8495799, 25169
247065, 8470650, 8495813, 25163
247066, 8470660, 8495826, 25166
247067, 8470670, 8495840, 25170
247068, 8470680, 8495853, 25173
247069, 8470690, 8495867, 25177
247070, 8470700, 8495880, 25180
247071, 8470710, 8495894, 25184
247072, 8470720, 8495907, 25187
247073, 8470730, 8495920, 25190
247074, 8470740, 8495934, 25194
247076, 8470760, 8495947, 25187
247077, 8470770, 8495961, 25191
247078, 8470780, 8495974, 25194
247079, 8470790, 8495988, 25198
247080, 8470800, 8496001, 25201
247081, 8470810, 8496014, 25204
247082, 8470820, 8496028, 25208
247083, 8470830, 8496041, 25211
247084, 8470840, 8496055, 25215
247085, 8470850, 8496068, 25218
247087, 8470870, 8496082, 25212
247088, 8470880, 8496095, 25215
247089, 8470890, 8496109, 25219
247090, 8470900, 8496122, 25222
247091, 8470910, 8496135, 25225
247092, 8470920, 8496149, 25229
247093, 8470930, 8496162, 25232
247094, 8470940, 8496176, 25236
247095, 8470950, 8496189, 25239
247097, 8470970, 8496203, 25233
247098, 8470980, 8496216, 25236
247099, 8470990, 8496230, 25240
247101, 8471010, 8496256, 25246
247102, 8471020, 8496270, 25250
247103, 8471030, 8496283, 25253
247104, 8471040, 8496297, 25257
247105, 8471050, 8496310, 25260
247106, 8471060, 8496324, 25264
247108, 8471080, 8496337, 25257
247109, 8471090, 8496350, 25260
247110, 8471100, 8496364, 25264
247111, 8471110, 8496377, 25267
247112, 8471120, 8496391, 25271
247113, 8471130, 8496404, 25274
247114, 8471140, 8496418, 25278
247115, 8471150, 8496431, 25281
247116, 8471160, 8500012, 28852
247118, 8471180, 8500026, 28846
247119, 8471190, 8500039, 28849
247120, 8471200, 8500052, 28852
247121, 8471210, 8500066, 28856
247122, 8471220, 8500079, 28859
247123, 8471230, 8500093, 28863
247124, 8471240, 8500106, 28866
247125, 8471250, 8500120, 28870
247126, 8471260, 8500133, 28873
247127, 8471270, 8500146, 28876
247129, 8471290, 8500160, 28870
247130, 8471300, 8500173, 28873
247131, 8471310, 8500187, 28877
247132, 8471320, 8500200, 28880
247133, 8471330, 8500214, 28884
247134, 8471340, 8500227, 28887
247135, 8471350, 8500241, 28891
247136, 8471360, 8500254, 28894
247137, 8471370, 8500267, 28897
247138, 8471380, 8500281, 28901
247140, 8471400, 8500294, 28894
247141, 8471410, 8500308, 28898
247142, 8471420, 8500321, 28901
247143, 8471430, 8500335, 28905
247144, 8471440, 8500348, 28908
247145, 8471450, 8500362, 28912
247146, 8471460, 8500375, 28915
247147, 8471470, 8500388, 28918
247148, 8471480, 8500402, 28922
247151, 8471510, 8500429, 28919
247152, 8471520, 8500442, 28922
247153, 8471530, 8500456, 28926
247154, 8471540, 8500469, 28929
247155, 8471550, 8500482, 28932
247156, 8471560, 8500496, 28936
247157, 8471570, 8500509, 28939
247158, 8471580, 8500523, 28943
247159, 8471590, 8500536, 28946
247161, 8471610, 8500550, 28940
247162, 8471620, 8500563, 28943
247163, 8471630, 8500577, 28947
247164, 8471640, 8500590, 28950
247165, 8471650, 8500603, 28953
247166, 8471660, 8500617, 28957
247167, 8471670, 8500630, 28960
247168, 8471680, 8500644, 28964
247169, 8471690, 8500657, 28967
247171, 8471710, 8500671, 28961
247172, 8471720, 8500684, 28964
247173, 8471730, 8500698, 28968
247174, 8471740, 8500711, 28971
247175, 8471750, 8500724, 28974
247176, 8471760, 8500738, 28978
247177, 8471770, 8500751, 28981
247178, 8471780, 8500765, 28985
247179, 8471790, 8500778, 28988
247180, 8471800, 8500792, 28992
247182, 8471820, 8500805, 28985
247183, 8471830, 8500818, 28988
247184, 8471840, 8500832, 28992
247185, 8471850, 8500845, 28995
247186, 8471860, 8500859, 28999
247187, 8471870, 8500872, 29002
247188, 8471880, 8500886, 29006
247189, 8471890, 8500899, 29009
247190, 8471900, 8500913, 29013
247191, 8471910, 8500926, 29016
247193, 8471930, 8500939, 29009
247194, 8471940, 8500953, 29013
247195, 8471950, 8500966, 29016
247196, 8471960, 8500980, 29020
247197, 8471970, 8500993, 29023
247198, 8471980, 8501007, 29027
247199, 8471990, 8501020, 29030
247602, 8476020, 8501047, 25027
247603, 8476030, 8501060, 25030
247604, 8476040, 8501074, 25034
247605, 8476050, 8501087, 25037
247606, 8476060, 8501101, 25041
247607, 8476070, 8501114, 25044
247608, 8476080, 8501128, 25048
247609, 8476090, 8501141, 25051
247610, 8476100, 8501154, 25054
247612, 8476120, 8501168, 25048
247613, 8476130, 8501181, 25051
247614, 8476140, 8501195, 25055
247615, 8476150, 8501208, 25058
247616, 8476160, 8501222, 25062
247617, 8476170, 8501235, 25065
247618, 8476180, 8501249, 25069
247619, 8476190, 8501262, 25072
247620, 8476200, 8501275, 25075
247621, 8476210, 8501289, 25079
247623, 8476230, 8501302, 25072
247624, 8476240, 8501316, 25076
247625, 8476250, 8501329, 25079
247626, 8476260, 8501343, 25083
247627, 8476270, 8501356, 25086
247628, 8476280, 8501370, 25090
247629, 8476290, 8501383, 25093
247630, 8476300, 8501396, 25096
247631, 8476310, 8501410, 25100
247633, 8476330, 8501423, 25093
247634, 8476340, 8501437, 25097
247635, 8476350, 8501450, 25100
247636, 8476360, 8501464, 25104
247637, 8476370, 8501477, 25107
247638, 8476380, 8501490, 25110
247639, 8476390, 8501504, 25114
247640, 8476400, 8501517, 25117
247641, 8476410, 8501531, 25121
247642, 8476420, 8501544, 25124
247644, 8476440, 8501558, 25118
247645, 8476450, 8501571, 25121
247646, 8476460, 8501585, 25125
247647, 8476470, 8501598, 25128
247648, 8476480, 8501611, 25131
247649, 8476490, 8501625, 25135
247651, 8476510, 8501652, 25142
247652, 8476520, 8501665, 25145
247653, 8476530, 8501679, 25149
247655, 8476550, 8501692, 25142
247656, 8476560, 8501706, 25146
247657, 8476570, 8501719, 25149
247658, 8476580, 8501732, 25152
247659, 8476590, 8501746, 25156
247660, 8476600, 8501759, 25159
247661, 8476610, 8501773, 25163
247662, 8476620, 8501786, 25166
247663, 8476630, 8501800, 25170
247665, 8476650, 8501813, 25163
247666, 8476660, 8501826, 25166
247667, 8476670, 8501840, 25170
247668, 8476680, 8501853, 25173
247669, 8476690, 8501867, 25177
247670, 8476700, 8501880, 25180
247671, 8476710, 8501894, 25184
247672, 8476720, 8501907, 25187
247673, 8476730, 8501921, 25191
247674, 8476740, 8501934, 25194
247676, 8476760, 8501947, 25187
247677, 8476770, 8501961, 25191
247678, 8476780, 8501974, 25194
247679, 8476790, 8501988, 25198
247680, 8476800, 8502001, 25201
247681, 8476810, 8502015, 25205
247682, 8476820, 8502028, 25208
247683, 8476830, 8502042, 25212
247684, 8476840, 8502055, 25215
247685, 8476850, 8502068, 25218
247687, 8476870, 8502082, 25212
247688, 8476880, 8502095, 25215
247689, 8476890, 8502109, 25219
247690, 8476900, 8502122, 25222
247691, 8476910, 8502136, 25226
247692, 8476920, 8502149, 25229
247693, 8476930, 8502162, 25232
247694, 8476940, 8502176, 25236
247695, 8476950, 8502189, 25239
247697, 8476970, 8502203, 25233
247698, 8476980, 8502216, 25236
247699, 8476990, 8502230, 25240
247701, 8477010, 8502257, 25247
247702, 8477020, 8502270, 25250
247703, 8477030, 8502283, 25253
247704, 8477040, 8502297, 25257
247705, 8477050, 8502310, 25260
247706, 8477060, 8502324, 25264
247708, 8477080, 8502337, 25257
247709, 8477090, 8502351, 25261
247710, 8477100, 8502364, 25264
247711, 8477110, 8502378, 25268
247712, 8477120, 8502391, 25271
247713, 8477130, 8502404, 25274
247714, 8477140, 8502418, 25278
247715, 8477150, 8502431, 25281
247716, 8477160, 8506012, 28852
247718, 8477180, 8506026, 28846
247719, 8477190, 8506039, 28849
247720, 8477200, 8506052, 28852
247721, 8477210, 8506066, 28856
247722, 8477220, 8506079, 28859
247723, 8477230, 8506093, 28863
247724, 8477240, 8506106, 28866
247725, 8477250, 8506120, 28870
247726, 8477260, 8506133, 28873
247727, 8477270, 8506146, 28876
247729, 8477290, 8506160, 28870
247730, 8477300, 8506173, 28873
247731, 8477310, 8506187, 28877
247732, 8477320, 8506200, 28880
247733, 8477330, 8506214, 28884
247734, 8477340, 8506227, 28887
247735, 8477350, 8506241, 28891
247736, 8477360, 8506254, 28894
247737, 8477370, 8506267, 28897
247738, 8477380, 8506281, 28901
247740, 8477400, 8506294, 28894
247741, 8477410, 8506308, 28898
247742, 8477420, 8506321, 28901
247743, 8477430, 8506335, 28905
247744, 8477440, 8506348, 28908
247745, 8477450, 8506362, 28912
247746, 8477460, 8506375, 28915
247747, 8477470, 8506388, 28918
247748, 8477480, 8506402, 28922
247751, 8477510, 8506429, 28919
247752, 8477520, 8506442, 28922
247753, 8477530, 8506456, 28926
247754, 8477540, 8506469, 28929
247755, 8477550, 8506482, 28932
247756, 8477560, 8506496, 28936
247757, 8477570, 8506509, 28939
247758, 8477580, 8506523, 28943
247759, 8477590, 8506536, 28946
247761, 8477610, 8506550, 28940
247762, 8477620, 8506563, 28943
247763, 8477630, 8506577, 28947
247764, 8477640, 8506590, 28950
247765, 8477650, 8506603, 28953
247766, 8477660, 8506617, 28957
247767, 8477670, 8506630, 28960
247768, 8477680, 8506644, 28964
247769, 8477690, 8506657, 28967
247771, 8477710, 8506671, 28961
247772, 8477720, 8506684, 28964
247773, 8477730, 8506698, 28968
247774, 8477740, 8506711, 28971
247775, 8477750, 8506724, 28974
247776, 8477760, 8506738, 28978
247777, 8477770, 8506751, 28981
247778, 8477780, 8506765, 28985
247779, 8477790, 8506778, 28988
247780, 8477800, 8506792, 28992
247782, 8477820, 8506805, 28985
247783, 8477830, 8506818, 28988
247784, 8477840, 8506832, 28992
247785, 8477850, 8506845, 28995
247786, 8477860, 8506859, 28999
247787, 8477870, 8506872, 29002
247788, 8477880, 8506886, 29006
247789, 8477890, 8506899, 29009
247790, 8477900, 8506913, 29013
247791, 8477910, 8506926, 29016
247793, 8477930, 8506939, 29009
247794, 8477940, 8506953, 29013
247795, 8477950, 8506966, 29016
247796, 8477960, 8506980, 29020
247797, 8477970, 8506993, 29023
247798, 8477980, 8507007, 29027
247799, 8477990, 8507020, 29030
248202, 8482020, 8507047, 25027
248203, 8482030, 8507060, 25030
248204, 8482040, 8507074, 25034
248205, 8482050, 8507087, 25037
248206, 8482060, 8507101, 25041
248207, 8482070, 8507114, 25044
248208, 8482080, 8507128, 25048
248209, 8482090, 8507141, 25051
248210, 8482100, 8507154, 25054
248212, 8482120, 8507168, 25048
248213, 8482130, 8507181, 25051
248214, 8482140, 8507195, 25055
248215, 8482150, 8507208, 25058
248216, 8482160, 8507222, 25062
248217, 8482170, 8507235, 25065
248218, 8482180, 8507249, 25069
248219, 8482190, 8507262, 25072
248220, 8482200, 8507275, 25075
248221, 8482210, 8507289, 25079
248223, 8482230, 8507302, 25072
248224, 8482240, 8507316, 25076
248225, 8482250, 8507329, 25079
248226, 8482260, 8507343, 25083
248227, 8482270, 8507356, 25086
248228, 8482280, 8507370, 25090
248229, 8482290, 8507383, 25093
248230, 8482300, 8507396, 25096
248231, 8482310, 8507410, 25100
248233, 8482330, 8507423, 25093
248234, 8482340, 8507437, 25097
248235, 8482350, 8507450, 25100
248236, 8482360, 8507464, 25104
248237, 8482370, 8507477, 25107
248238, 8482380, 8507490, 25110
248239, 8482390, 8507504, 25114
248240, 8482400, 8507517, 25117
248241, 8482410, 8507531, 25121
248242, 8482420, 8507544, 25124
248244, 8482440, 8507558, 25118
248245, 8482450, 8507571, 25121
248246, 8482460, 8507585, 25125
248247, 8482470, 8507598, 25128
248248, 8482480, 8507611, 25131
248249, 8482490, 8507625, 25135
248251, 8482510, 8507652, 25142
248252, 8482520, 8507665, 25145
248253, 8482530, 8507679, 25149
248255, 8482550, 8507692, 25142
248256, 8482560, 8507706, 25146
248257, 8482570, 8507719, 25149
248258, 8482580, 8507732, 25152
248259, 8482590, 8507746, 25156
248260, 8482600, 8507759, 25159
248261, 8482610, 8507773, 25163
248262, 8482620, 8507786, 25166
248263, 8482630, 8507800, 25170
248265, 8482650, 8507813, 25163
248266, 8482660, 8507826, 25166
248267, 8482670, 8507840, 25170
248268, 8482680, 8507853, 25173
248269, 8482690, 8507867, 25177
248270, 8482700, 8507880, 25180
248271, 8482710, 8507894, 25184
248272, 8482720, 8507907, 25187
248273, 8482730, 8507921, 25191
248274, 8482740, 8507934, 25194
248276, 8482760, 8507947, 25187
248277, 8482770, 8507961, 25191
248278, 8482780, 8507974, 25194
248279, 8482790, 8507988, 25198
248280, 8482800, 8508001, 25201
248281, 8482810, 8508015, 25205
248282, 8482820, 8508028, 25208
248283, 8482830, 8508042, 25212
248284, 8482840, 8508055, 25215
248285, 8482850, 8508068, 25218
248287, 8482870, 8508082, 25212
248288, 8482880, 8508095, 25215
248289, 8482890, 8508109, 25219
248290, 8482900, 8508122, 25222
248291, 8482910, 8508136, 25226
248292, 8482920, 8508149, 25229
248293, 8482930, 8508162, 25232
248294, 8482940, 8508176, 25236
248295, 8482950, 8508189, 25239
248297, 8482970, 8508203, 25233
248298, 8482980, 8508216, 25236
248299, 8482990, 8508230, 25240
248301, 8483010, 8508257, 25247
248302, 8483020, 8508270, 25250
248303, 8483030, 8508283, 25253
248304, 8483040, 8508297, 25257
248305, 8483050, 8508310, 25260
248306, 8483060, 8508324, 25264
248308, 8483080, 8508337, 25257
248309, 8483090, 8508351, 25261
248310, 8483100, 8508364, 25264
248311, 8483110, 8508378, 25268
248312, 8483120, 8508391, 25271
248313, 8483130, 8508404, 25274
248314, 8483140, 8508418, 25278
248315, 8483150, 8508431, 25281
248316, 8483160, 8512012, 28852
248318, 8483180, 8512026, 28846
248319, 8483190, 8512039, 28849
248320, 8483200, 8512052, 28852
248321, 8483210, 8512066, 28856
248322, 8483220, 8512079, 28859
248323, 8483230, 8512093, 28863
248324, 8483240, 8512106, 28866
248325, 8483250, 8512120, 28870
248326, 8483260, 8512133, 28873
248327, 8483270, 8512146, 28876
248329, 8483290, 8512160, 28870
248330, 8483300, 8512173, 28873
248331, 8483310, 8512187, 28877
248332, 8483320, 8512200, 28880
248333, 8483330, 8512214, 28884
248334, 8483340, 8512227, 28887
248335, 8483350, 8512241, 28891
248336, 8483360, 8512254, 28894
248337, 8483370, 8512267, 28897
248338, 8483380, 8512281, 28901
248340, 8483400, 8512294, 28894
248341, 8483410, 8512308, 28898
248342, 8483420, 8512321, 28901
248343, 8483430, 8512335, 28905
248344, 8483440, 8512348, 28908
248345, 8483450, 8512362, 28912
248346, 8483460, 8512375, 28915
248347, 8483470, 8512388, 28918
248348, 8483480, 8512402, 28922
248351, 8483510, 8512429, 28919
248352, 8483520, 8512442, 28922
248353, 8483530, 8512456, 28926
248354, 8483540, 8512469, 28929
248355, 8483550, 8512482, 28932
248356, 8483560, 8512496, 28936
248357, 8483570, 8512509, 28939
248358, 8483580, 8512523, 28943
248359, 8483590, 8512536, 28946
248361, 8483610, 8512550, 28940
248362, 8483620, 8512563, 28943
248363, 8483630, 8512577, 28947
248364, 8483640, 8512590, 28950
248365, 8483650, 8512603, 28953
248366, 8483660, 8512617, 28957
248367, 8483670, 8512630, 28960
248368, 8483680, 8512644, 28964
248369, 8483690, 8512657, 28967
248371, 8483710, 8512671, 28961
248372, 8483720, 8512684, 28964
248373, 8483730, 8512698, 28968
248374, 8483740, 8512711, 28971
248375, 8483750, 8512724, 28974
248376, 8483760, 8512738, 28978
248377, 8483770, 8512751, 28981
248378, 8483780, 8512765, 28985
248379, 8483790, 8512778, 28988
248380, 8483800, 8512792, 28992
248382, 8483820, 8512805, 28985
248383, 8483830, 8512818, 28988
248384, 8483840, 8512832, 28992
248385, 8483850, 8512845, 28995
248386, 8483860, 8512859, 28999
248387, 8483870, 8512872, 29002
248388, 8483880, 8512886, 29006
248389, 8483890, 8512899, 29009
248390, 8483900, 8512913, 29013
248391, 8483910, 8512926, 29016
248393, 8483930, 8512939, 29009
248394, 8483940, 8512953, 29013
248395, 8483950, 8512966, 29016
248396, 8483960, 8512980, 29020
248397, 8483970, 8512993, 29023
248398, 8483980, 8513007, 29027
248399, 8483990, 8513020, 29030
248802, 8488020, 8513047, 25027
248803, 8488030, 8513060, 25030
248804, 8488040, 8513074, 25034
248805, 8488050, 8513087, 25037
248806, 8488060, 8513101, 25041
248807, 8488070, 8513114, 25044
248808, 8488080, 8513128, 25048
248809, 8488090, 8513141, 25051
248810, 8488100, 8513154, 25054
248812, 8488120, 8513168, 25048
248813, 8488130, 8513181, 25051
248814, 8488140, 8513195, 25055
248815, 8488150, 8513208, 25058
248816, 8488160, 8513222, 25062
248817, 8488170, 8513235, 25065
248818, 8488180, 8513249, 25069
248819, 8488190, 8513262, 25072
248820, 8488200, 8513275, 25075
248821, 8488210, 8513289, 25079
248823, 8488230, 8513302, 25072
248824, 8488240, 8513316, 25076
248825, 8488250, 8513329, 25079
248826, 8488260, 8513343, 25083
248827, 8488270, 8513356, 25086
248828, 8488280, 8513370, 25090
248829, 8488290, 8513383, 25093
248830, 8488300, 8513396, 25096
248831, 8488310, 8513410, 25100
248833, 8488330, 8513423, 25093
248834, 8488340, 8513437, 25097
248835, 8488350, 8513450, 25100
248836, 8488360, 8513464, 25104
248837, 8488370, 8513477, 25107
248838, 8488380, 8513490, 25110
248839, 8488390, 8513504, 25114
248840, 8488400, 8513517, 25117
248841, 8488410, 8513531, 25121
248842, 8488420, 8513544, 25124
248844, 8488440, 8513558, 25118
248845, 8488450, 8513571, 25121
248846, 8488460, 8513585, 25125
248847, 8488470, 8513598, 25128
248848, 8488480, 8513611, 25131
248849, 8488490, 8513625, 25135
248851, 8488510, 8513652, 25142
248852, 8488520, 8513665, 25145
248853, 8488530, 8513679, 25149
248855, 8488550, 8513692, 25142
248856, 8488560, 8513706, 25146
248857, 8488570, 8513719, 25149
248858, 8488580, 8513732, 25152
248859, 8488590, 8513746, 25156
248860, 8488600, 8513759, 25159
248861, 8488610, 8513773, 25163
248862, 8488620, 8513786, 25166
248863, 8488630, 8513800, 25170
248865, 8488650, 8513813, 25163
248866, 8488660, 8513826, 25166
248867, 8488670, 8513840, 25170
248868, 8488680, 8513853, 25173
248869, 8488690, 8513867, 25177
248870, 8488700, 8513880, 25180
248871, 8488710, 8513894, 25184
248872, 8488720, 8513907, 25187
248873, 8488730, 8513921, 25191
248874, 8488740, 8513934, 25194
248876, 8488760, 8513947, 25187
248877, 8488770, 8513961, 25191
248878, 8488780, 8513974, 25194
248879, 8488790, 8513988, 25198
248880, 8488800, 8514001, 25201
248881, 8488810, 8514015, 25205
248882, 8488820, 8514028, 25208
248883, 8488830, 8514042, 25212
248884, 8488840, 8514055, 25215
248885, 8488850, 8514068, 25218
248887, 8488870, 8514082, 25212
248888, 8488880, 8514095, 25215
248889, 8488890, 8514109, 25219
248890, 8488900, 8514122, 25222
248891, 8488910, 8514136, 25226
248892, 8488920, 8514149, 25229
248893, 8488930, 8514162, 25232
248894, 8488940, 8514176, 25236
248895, 8488950, 8514189, 25239
248897, 8488970, 8514203, 25233
248898, 8488980, 8514216, 25236
248899, 8488990, 8514230, 25240
248901, 8489010, 8514257, 25247
248902, 8489020, 8514270, 25250
248903, 8489030, 8514283, 25253
248904, 8489040, 8514297, 25257
248905, 8489050, 8514310, 25260
248906, 8489060, 8514324, 25264
248908, 8489080, 8514337, 25257
248909, 8489090, 8514351, 25261
248910, 8489100, 8514364, 25264
248911, 8489110, 8514378, 25268
248912, 8489120, 8514391, 25271
248913, 8489130, 8514404, 25274
248914, 8489140, 8514418, 25278
248915, 8489150, 8514431, 25281
248916, 8489160, 8518012, 28852
248918, 8489180, 8518026, 28846
248919, 8489190, 8518039, 28849
248920, 8489200, 8518052, 28852
248921, 8489210, 8518066, 28856
248922, 8489220, 8518079, 28859
248923, 8489230, 8518093, 28863
248924, 8489240, 8518106, 28866
248925, 8489250, 8518120, 28870
248926, 8489260, 8518133, 28873
248927, 8489270, 8518146, 28876
248929, 8489290, 8518160, 28870
248930, 8489300, 8518173, 28873
248931, 8489310, 8518187, 28877
248932, 8489320, 8518200, 28880
248933, 8489330, 8518214, 28884
248934, 8489340, 8518227, 28887
248935, 8489350, 8518241, 28891
248936, 8489360, 8518254, 28894
248937, 8489370, 8518267, 28897
248938, 8489380, 8518281, 28901
248940, 8489400, 8518294, 28894
248941, 8489410, 8518308, 28898
248942, 8489420, 8518321, 28901
248943, 8489430, 8518335, 28905
248944, 8489440, 8518348, 28908
248945, 8489450, 8518362, 28912
248946, 8489460, 8518375, 28915
248947, 8489470, 8518388, 28918
248948, 8489480, 8518402, 28922
248951, 8489510, 8518429, 28919
248952, 8489520, 8518442, 28922
248953, 8489530, 8518456, 28926
248954, 8489540, 8518469, 28929
248955, 8489550, 8518482, 28932
248956, 8489560, 8518496, 28936
248957, 8489570, 8518509, 28939
248958, 8489580, 8518523, 28943
248959, 8489590, 8518536, 28946
248961, 8489610, 8518550, 28940
248962, 8489620, 8518563, 28943
248963, 8489630, 8518577, 28947
248964, 8489640, 8518590, 28950
248965, 8489650, 8518603, 28953
248966, 8489660, 8518617, 28957
248967, 8489670, 8518630, 28960
248968, 8489680, 8518644, 28964
248969, 8489690, 8518657, 28967
248971, 8489710, 8518671, 28961
248972, 8489720, 8518684, 28964
248973, 8489730, 8518698, 28968
248974, 8489740, 8518711, 28971
248975, 8489750, 8518724, 28974
248976, 8489760, 8518738, 28978
248977, 8489770, 8518751, 28981
248978, 8489780, 8518765, 28985
248979, 8489790, 8518778, 28988
248980, 8489800, 8518792, 28992
248982, 8489820, 8518805, 28985
248983, 8489830, 8518818, 28988
248984, 8489840, 8518832, 28992
248985, 8489850, 8518845, 28995
248986, 8489860, 8518859, 28999
248987, 8489870, 8518872, 29002
248988, 8489880, 8518886, 29006
248989, 8489890, 8518899, 29009
248990, 8489900, 8518913, 29013
248991, 8489910, 8518926, 29016
248993, 8489930, 8518939, 29009
248994, 8489940, 8518953, 29013
248995, 8489950, 8518966, 29016
248996, 8489960, 8518980, 29020
248997, 8489970, 8518993, 29023
248998, 8489980, 8519007, 29027
248999, 8489990, 8519020, 29030
249402, 8494020, 8519047, 25027
249403, 8494030, 8519060, 25030
249404, 8494040, 8519074, 25034
249405, 8494050, 8519087, 25037
249406, 8494060, 8519101, 25041
249407, 8494070, 8519114, 25044
249408, 8494080, 8519128, 25048
249409, 8494090, 8519141, 25051
249410, 8494100, 8519154, 25054
249412, 8494120, 8519168, 25048
249413, 8494130, 8519181, 25051
249414, 8494140, 8519195, 25055
249415, 8494150, 8519208, 25058
249416, 8494160, 8519222, 25062
249417, 8494170, 8519235, 25065
249418, 8494180, 8519249, 25069
249419, 8494190, 8519262, 25072
249420, 8494200, 8519275, 25075
249421, 8494210, 8519289, 25079
249423, 8494230, 8519302, 25072
249424, 8494240, 8519316, 25076
249425, 8494250, 8519329, 25079
249426, 8494260, 8519343, 25083
249427, 8494270, 8519356, 25086
249428, 8494280, 8519370, 25090
249429, 8494290, 8519383, 25093
249430, 8494300, 8519396, 25096
249431, 8494310, 8519410, 25100
249433, 8494330, 8519423, 25093
249434, 8494340, 8519437, 25097
249435, 8494350, 8519450, 25100
249436, 8494360, 8519464, 25104
249437, 8494370, 8519477, 25107
249438, 8494380, 8519490, 25110
249439, 8494390, 8519504, 25114
249440, 8494400, 8519517, 25117
249441, 8494410, 8519531, 25121
249442, 8494420, 8519544, 25124
249444, 8494440, 8519558, 25118
249445, 8494450, 8519571, 25121
249446, 8494460, 8519585, 25125
249447, 8494470, 8519598, 25128
249448, 8494480, 8519611, 25131
249449, 8494490, 8519625, 25135
249451, 8494510, 8519652, 25142
249452, 8494520, 8519665, 25145
249453, 8494530, 8519679, 25149
249455, 8494550, 8519692, 25142
249456, 8494560, 8519706, 25146
249457, 8494570, 8519719, 25149
249458, 8494580, 8519732, 25152
249459, 8494590, 8519746, 25156
249460, 8494600, 8519759, 25159
249461, 8494610, 8519773, 25163
249462, 8494620, 8519786, 25166
249463, 8494630, 8519800, 25170
249465, 8494650, 8519813, 25163
249466, 8494660, 8519826, 25166
249467, 8494670, 8519840, 25170
249468, 8494680, 8519853, 25173
249469, 8494690, 8519867, 25177
249470, 8494700, 8519880, 25180
249471, 8494710, 8519894, 25184
249472, 8494720, 8519907, 25187
249473, 8494730, 8519921, 25191
249474, 8494740, 8519934, 25194
249476, 8494760, 8519947, 25187
249477, 8494770, 8519961, 25191
249478, 8494780, 8519974, 25194
249479, 8494790, 8519988, 25198
249480, 8494800, 8520001, 25201
249481, 8494810, 8520015, 25205
249482, 8494820, 8520028, 25208
249483, 8494830, 8520042, 25212
249484, 8494840, 8520055, 25215
249485, 8494850, 8520068, 25218
249487, 8494870, 8520082, 25212
249488, 8494880, 8520095, 25215
249489, 8494890, 8520109, 25219
249490, 8494900, 8520122, 25222
249491, 8494910, 8520136, 25226
249492, 8494920, 8520149, 25229
249493, 8494930, 8520162, 25232
249494, 8494940, 8520176, 25236
249495, 8494950, 8520189, 25239
249497, 8494970, 8520203, 25233
249498, 8494980, 8520216, 25236
249499, 8494990, 8520230, 25240
249501, 8495010, 8520257, 25247
249502, 8495020, 8520270, 25250
249503, 8495030, 8520283, 25253
249504, 8495040, 8520297, 25257
249505, 8495050, 8520310, 25260
249506, 8495060, 8520324, 25264
249508, 8495080, 8520337, 25257
249509, 8495090, 8520351, 25261
249510, 8495100, 8520364, 25264
249511, 8495110, 8520378, 25268
249512, 8495120, 8520391, 25271
249513, 8495130, 8520404, 25274
249514, 8495140, 8520418, 25278
249515, 8495150, 8520431, 25281
249516, 8495160, 8524012, 28852
249517, 8495170, 8524026, 28856
249519, 8495190, 8524039, 28849
249520, 8495200, 8524052, 28852
249521, 8495210, 8524066, 28856
249522, 8495220, 8524079, 28859
249523, 8495230, 8524093, 28863
249524, 8495240, 8524106, 28866
249525, 8495250, 8524120, 28870
249526, 8495260, 8524133, 28873
249527, 8495270, 8524146, 28876
249529, 8495290, 8524160, 28870
249530, 8495300, 8524173, 28873
249531, 8495310, 8524187, 28877
249532, 8495320, 8524200, 28880
249533, 8495330, 8524214, 28884
249534, 8495340, 8524227, 28887
249535, 8495350, 8524241, 28891
249536, 8495360, 8524254, 28894
249537, 8495370, 8524267, 28897
249538, 8495380, 8524281, 28901
249540, 8495400, 8524294, 28894
249541, 8495410, 8524308, 28898
249542, 8495420, 8524321, 28901
249543, 8495430, 8524335, 28905
249544, 8495440, 8524348, 28908
249545, 8495450, 8524362, 28912
249546, 8495460, 8524375, 28915
249547, 8495470, 8524388, 28918
249548, 8495480, 8524402, 28922
249551, 8495510, 8524429, 28919
249552, 8495520, 8524442, 28922
249553, 8495530, 8524456, 28926
249554, 8495540, 8524469, 28929
249555, 8495550, 8524482, 28932
249556, 8495560, 8524496, 28936
249557, 8495570, 8524509, 28939
249558, 8495580, 8524523, 28943
249559, 8495590, 8524536, 28946
249561, 8495610, 8524550, 28940
249562, 8495620, 8524563, 28943
249563, 8495630, 8524577, 28947
249564, 8495640, 8524590, 28950
249565, 8495650, 8524603, 28953
249566, 8495660, 8524617, 28957
249567, 8495670, 8524630, 28960
249568, 8495680, 8524644, 28964
249569, 8495690, 8524657, 28967
249570, 8495700, 8524671, 28971
249572, 8495720, 8524684, 28964
249573, 8495730, 8524698, 28968
249574, 8495740, 8524711, 28971
249575, 8495750, 8524724, 28974
249576, 8495760, 8524738, 28978
249577, 8495770, 8524751, 28981
249578, 8495780, 8524765, 28985
249579, 8495790, 8524778, 28988
249580, 8495800, 8524792, 28992
249582, 8495820, 8524805, 28985
249583, 8495830, 8524818, 28988
249584, 8495840, 8524832, 28992
249585, 8495850, 8524845, 28995
249586, 8495860, 8524859, 28999
249587, 8495870, 8524872, 29002
249588, 8495880, 8524886, 29006
249589, 8495890, 8524899, 29009
249590, 8495900, 8524913, 29013
249591, 8495910, 8524926, 29016
249593, 8495930, 8524939, 29009
249594, 8495940, 8524953, 29013
249595, 8495950, 8524966, 29016
249596, 8495960, 8524980, 29020
249597, 8495970, 8524993, 29023
249598, 8495980, 8525007, 29027
249599, 8495990, 8525020, 29030
250002, 8500020, 8525047, 25027
250003, 8500030, 8525060, 25030
250004, 8500040, 8525074, 25034
250005, 8500050, 8525087, 25037
250006, 8500060, 8525101, 25041
250007, 8500070, 8525114, 25044
250008, 8500080, 8525127, 25047
250009, 8500090, 8525141, 25051
250010, 8500100, 8525154, 25054
250012, 8500120, 8525168, 25048
250013, 8500130, 8525181, 25051
250014, 8500140, 8525195, 25055
250015, 8500150, 8525208, 25058
250016, 8500160, 8525222, 25062
250017, 8500170, 8525235, 25065
250018, 8500180, 8525248, 25068
250019, 8500190, 8525262, 25072
250020, 8500200, 8525275, 25075
250021, 8500210, 8525289, 25079
250023, 8500230, 8525302, 25072
250024, 8500240, 8525316, 25076
250025, 8500250, 8525329, 25079
250026, 8500260, 8525342, 25082
250027, 8500270, 8525356, 25086
250028, 8500280, 8525369, 25089
250029, 8500290, 8525383, 25093
250030, 8500300, 8525396, 25096
250031, 8500310, 8525410, 25100
250033, 8500330, 8525423, 25093
250034, 8500340, 8525437, 25097
250035, 8500350, 8525450, 25100
250036, 8500360, 8525463, 25103
250037, 8500370, 8525477, 25107
250038, 8500380, 8525490, 25110
250039, 8500390, 8525504, 25114
250040, 8500400, 8525517, 25117
250041, 8500410, 8525531, 25121
250042, 8500420, 8525544, 25124
250044, 8500440, 8525558, 25118
250045, 8500450, 8525571, 25121
250046, 8500460, 8525584, 25124
250047, 8500470, 8525598, 25128
250048, 8500480, 8525611, 25131
250049, 8500490, 8525625, 25135
250051, 8500510, 8525652, 25142
250052, 8500520, 8525665, 25145
250053, 8500530, 8525678, 25148
250055, 8500550, 8525692, 25142
250056, 8500560, 8525705, 25145
250057, 8500570, 8525719, 25149
250058, 8500580, 8525732, 25152
250059, 8500590, 8525746, 25156
250060, 8500600, 8525759, 25159
250061, 8500610, 8525773, 25163
250062, 8500620, 8525786, 25166
250063, 8500630, 8525799, 25169
250065, 8500650, 8525813, 25163
250066, 8500660, 8525826, 25166
250067, 8500670, 8525840, 25170
250068, 8500680, 8525853, 25173
250069, 8500690, 8525867, 25177
250070, 8500700, 8525880, 25180
250071, 8500710, 8525894, 25184
250072, 8500720, 8525907, 25187
250073, 8500730, 8525920, 25190
250074, 8500740, 8525934, 25194
250076, 8500760, 8525947, 25187
250077, 8500770, 8525961, 25191
250078, 8500780, 8525974, 25194
250079, 8500790, 8525988, 25198
250080, 8500800, 8526001, 25201
250081, 8500810, 8526014, 25204
250082, 8500820, 8526028, 25208
250083, 8500830, 8526041, 25211
250084, 8500840, 8526055, 25215
250085, 8500850, 8526068, 25218
250087, 8500870, 8526082, 25212
250088, 8500880, 8526095, 25215
250089, 8500890, 8526109, 25219
250090, 8500900, 8526122, 25222
250091, 8500910, 8526135, 25225
250092, 8500920, 8526149, 25229
250093, 8500930, 8526162, 25232
250094, 8500940, 8526176, 25236
250095, 8500950, 8526189, 25239
250097, 8500970, 8526203, 25233
250098, 8500980, 8526216, 25236
250099, 8500990, 8526230, 25240
250101, 8501010, 8526256, 25246
250102, 8501020, 8526270, 25250
250103, 8501030, 8526283, 25253
250104, 8501040, 8526297, 25257
250105, 8501050, 8526310, 25260
250106, 8501060, 8526324, 25264
250108, 8501080, 8526337, 25257
250109, 8501090, 8526350, 25260
250110, 8501100, 8526364, 25264
250111, 8501110, 8526377, 25267
250112, 8501120, 8526391, 25271
250113, 8501130, 8526404, 25274
250114, 8501140, 8526418, 25278
250115, 8501150, 8526431, 25281
250116, 8501160, 8530012, 28852
250118, 8501180, 8530026, 28846
250119, 8501190, 8530039, 28849
250120, 8501200, 8530052, 28852
250121, 8501210, 8530066, 28856
250122, 8501220, 8530079, 28859
250123, 8501230, 8530093, 28863
250124, 8501240, 8530106, 28866
250125, 8501250, 8530120, 28870
250126, 8501260, 8530133, 28873
250127, 8501270, 8530146, 28876
250129, 8501290, 8530160, 28870
250130, 8501300, 8530173, 28873
250131, 8501310, 8530187, 28877
250132, 8501320, 8530200, 28880
250133, 8501330, 8530214, 28884
250134, 8501340, 8530227, 28887
250135, 8501350, 8530241, 28891
250136, 8501360, 8530254, 28894
250137, 8501370, 8530267, 28897
250138, 8501380, 8530281, 28901
250140, 8501400, 8530294, 28894
250141, 8501410, 8530308, 28898
250142, 8501420, 8530321, 28901
250143, 8501430, 8530335, 28905
250144, 8501440, 8530348, 28908
250145, 8501450, 8530362, 28912
250146, 8501460, 8530375, 28915
250147, 8501470, 8530388, 28918
250148, 8501480, 8530402, 28922
250151, 8501510, 8530429, 28919
250152, 8501520, 8530442, 28922
250153, 8501530, 8530456, 28926
250154, 8501540, 8530469, 28929
250155, 8501550, 8530482, 28932
250156, 8501560, 8530496, 28936
250157, 8501570, 8530509, 28939
250158, 8501580, 8530523, 28943
250159, 8501590, 8530536, 28946
250161, 8501610, 8530550, 28940
250162, 8501620, 8530563, 28943
250163, 8501630, 8530577, 28947
250164, 8501640, 8530590, 28950
250165, 8501650, 8530603, 28953
250166, 8501660, 8530617, 28957
250167, 8501670, 8530630, 28960
250168, 8501680, 8530644, 28964
250169, 8501690, 8530657, 28967
250171, 8501710, 8530671, 28961
250172, 8501720, 8530684, 28964
250173, 8501730, 8530698, 28968
250174, 8501740, 8530711, 28971
250175, 8501750, 8530724, 28974
250176, 8501760, 8530738, 28978
250177, 8501770, 8530751, 28981
250178, 8501780, 8530765, 28985
250179, 8501790, 8530778, 28988
250180, 8501800, 8530792, 28992
250182, 8501820, 8530805, 28985
250183, 8501830, 8530818, 28988
250184, 8501840, 8530832, 28992
250185, 8501850, 8530845, 28995
250186, 8501860, 8530859, 28999
250187, 8501870, 8530872, 29002
250188, 8501880, 8530886, 29006
250189, 8501890, 8530899, 29009
250190, 8501900, 8530913, 29013
250191, 8501910, 8530926, 29016
250193, 8501930, 8530939, 29009
250194, 8501940, 8530953, 29013
250195, 8501950, 8530966, 29016
250196, 8501960, 8530980, 29020
250197, 8501970, 8530993, 29023
250198, 8501980, 8531007, 29027
250199, 8501990, 8531020, 29030
250602, 8506020, 8531047, 25027
250603, 8506030, 8531060, 25030
250604, 8506040, 8531074, 25034
250605, 8506050, 8531087, 25037
250606, 8506060, 8531101, 25041
250607, 8506070, 8531114, 25044
250608, 8506080, 8531128, 25048
250609, 8506090, 8531141, 25051
250610, 8506100, 8531154, 25054
250612, 8506120, 8531168, 25048
250613, 8506130, 8531181, 25051
250614, 8506140, 8531195, 25055
250615, 8506150, 8531208, 25058
250616, 8506160, 8531222, 25062
250617, 8506170, 8531235, 25065
250618, 8506180, 8531249, 25069
250619, 8506190, 8531262, 25072
250620, 8506200, 8531275, 25075
250621, 8506210, 8531289, 25079
250623, 8506230, 8531302, 25072
250624, 8506240, 8531316, 25076
250625, 8506250, 8531329, 25079
250626, 8506260, 8531343, 25083
250627, 8506270, 8531356, 25086
250628, 8506280, 8531370, 25090
250629, 8506290, 8531383, 25093
250630, 8506300, 8531396, 25096
250631, 8506310, 8531410, 25100
250633, 8506330, 8531423, 25093
250634, 8506340, 8531437, 25097
250635, 8506350, 8531450, 25100
250636, 8506360, 8531464, 25104
250637, 8506370, 8531477, 25107
250638, 8506380, 8531490, 25110
250639, 8506390, 8531504, 25114
250640, 8506400, 8531517, 25117
250641, 8506410, 8531531, 25121
250642, 8506420, 8531544, 25124
250644, 8506440, 8531558, 25118
250645, 8506450, 8531571, 25121
250646, 8506460, 8531585, 25125
250647, 8506470, 8531598, 25128
250648, 8506480, 8531611, 25131
250649, 8506490, 8531625, 25135
250651, 8506510, 8531652, 25142
250652, 8506520, 8531665, 25145
250653, 8506530, 8531679, 25149
250655, 8506550, 8531692, 25142
250656, 8506560, 8531706, 25146
250657, 8506570, 8531719, 25149
250658, 8506580, 8531732, 25152
250659, 8506590, 8531746, 25156
250660, 8506600, 8531759, 25159
250661, 8506610, 8531773, 25163
250662, 8506620, 8531786, 25166
250663, 8506630, 8531800, 25170
250665, 8506650, 8531813, 25163
250666, 8506660, 8531826, 25166
250667, 8506670, 8531840, 25170
250668, 8506680, 8531853, 25173
250669, 8506690, 8531867, 25177
250670, 8506700, 8531880, 25180
250671, 8506710, 8531894, 25184
250672, 8506720, 8531907, 25187
250673, 8506730, 8531921, 25191
250674, 8506740, 8531934, 25194
250676, 8506760, 8531947, 25187
250677, 8506770, 8531961, 25191
250678, 8506780, 8531974, 25194
250679, 8506790, 8531988, 25198
250680, 8506800, 8532001, 25201
250681, 8506810, 8532015, 25205
250682, 8506820, 8532028, 25208
250683, 8506830, 8532042, 25212
250684, 8506840, 8532055, 25215
250685, 8506850, 8532068, 25218
250687, 8506870, 8532082, 25212
250688, 8506880, 8532095, 25215
250689, 8506890, 8532109, 25219
250690, 8506900, 8532122, 25222
250691, 8506910, 8532136, 25226
250692, 8506920, 8532149, 25229
250693, 8506930, 8532162, 25232
250694, 8506940, 8532176, 25236
250695, 8506950, 8532189, 25239
250697, 8506970, 8532203, 25233
250698, 8506980, 8532216, 25236
250699, 8506990, 8532230, 25240
250701, 8507010, 8532257, 25247
250702, 8507020, 8532270, 25250
250703, 8507030, 8532283, 25253
250704, 8507040, 8532297, 25257
250705, 8507050, 8532310, 25260
250706, 8507060, 8532324, 25264
250708, 8507080, 8532337, 25257
250709, 8507090, 8532351, 25261
250710, 8507100, 8532364, 25264
250711, 8507110, 8532378, 25268
250712, 8507120, 8532391, 25271
250713, 8507130, 8532404, 25274
250714, 8507140, 8532418, 25278
250715, 8507150, 8532431, 25281
250716, 8507160, 8536012, 28852
250718, 8507180, 8536026, 28846
250719, 8507190, 8536039, 28849
250720, 8507200, 8536052, 28852
250721, 8507210, 8536066, 28856
250722, 8507220, 8536079, 28859
250723, 8507230, 8536093, 28863
250724, 8507240, 8536106, 28866
250725, 8507250, 8536120, 28870
250726, 8507260, 8536133, 28873
250727, 8507270, 8536146, 28876
250729, 8507290, 8536160, 28870
250730, 8507300, 8536173, 28873
250731, 8507310, 8536187, 28877
250732, 8507320, 8536200, 28880
250733, 8507330, 8536214, 28884
250734, 8507340, 8536227, 28887
250735, 8507350, 8536241, 28891
250736, 8507360, 8536254, 28894
250737, 8507370, 8536267, 28897
250738, 8507380, 8536281, 28901
250740, 8507400, 8536294, 28894
250741, 8507410, 8536308, 28898
250742, 8507420, 8536321, 28901
250743, 8507430, 8536335, 28905
250744, 8507440, 8536348, 28908
250745, 8507450, 8536362, 28912
250746, 8507460, 8536375, 28915
250747, 8507470, 8536388, 28918
250748, 8507480, 8536402, 28922
250751, 8507510, 8536429, 28919
250752, 8507520, 8536442, 28922
250753, 8507530, 8536456, 28926
250754, 8507540, 8536469, 28929
250755, 8507550, 8536482, 28932
250756, 8507560, 8536496, 28936
250757, 8507570, 8536509, 28939
250758, 8507580, 8536523, 28943
250759, 8507590, 8536536, 28946
250761, 8507610, 8536550, 28940
250762, 8507620, 8536563, 28943
250763, 8507630, 8536577, 28947
250764, 8507640, 8536590, 28950
250765, 8507650, 8536603, 28953
250766, 8507660, 8536617, 28957
250767, 8507670, 8536630, 28960
250768, 8507680, 8536644, 28964
250769, 8507690, 8536657, 28967
250771, 8507710, 8536671, 28961
250772, 8507720, 8536684, 28964
250773, 8507730, 8536698, 28968
250774, 8507740, 8536711, 28971
250775, 8507750, 8536724, 28974
250776, 8507760, 8536738, 28978
250777, 8507770, 8536751, 28981
250778, 8507780, 8536765, 28985
250779, 8507790, 8536778, 28988
250780, 8507800, 8536792, 28992
250782, 8507820, 8536805, 28985
250783, 8507830, 8536818, 28988
250784, 8507840, 8536832, 28992
250785, 8507850, 8536845, 28995
250786, 8507860, 8536859, 28999
250787, 8507870, 8536872, 29002
250788, 8507880, 8536886, 29006
250789, 8507890, 8536899, 29009
250790, 8507900, 8536913, 29013
250791, 8507910, 8536926, 29016
250793, 8507930, 8536939, 29009
250794, 8507940, 8536953, 29013
250795, 8507950, 8536966, 29016
250796, 8507960, 8536980, 29020
250797, 8507970, 8536993, 29023
250798, 8507980, 8537007, 29027
250799, 8507990, 8537020, 29030
251202, 8512020, 8537047, 25027
251203, 8512030, 8537060, 25030
251204, 8512040, 8537074, 25034
251205, 8512050, 8537087, 25037
251206, 8512060, 8537101, 25041
251207, 8512070, 8537114, 25044
251208, 8512080, 8537128, 25048
251209, 8512090, 8537141, 25051
251210, 8512100, 8537154, 25054
251212, 8512120, 8537168, 25048
251213, 8512130, 8537181, 25051
251214, 8512140, 8537195, 25055
251215, 8512150, 8537208, 25058
251216, 8512160, 8537222, 25062
251217, 8512170, 8537235, 25065
251218, 8512180, 8537249, 25069
251219, 8512190, 8537262, 25072
251220, 8512200, 8537275, 25075
251221, 8512210, 8537289, 25079
251223, 8512230, 8537302, 25072
251224, 8512240, 8537316, 25076
251225, 8512250, 8537329, 25079
251226, 8512260, 8537343, 25083
251227, 8512270, 8537356, 25086
251228, 8512280, 8537370, 25090
251229, 8512290, 8537383, 25093
251230, 8512300, 8537396, 25096
251231, 8512310, 8537410, 25100
251233, 8512330, 8537423, 25093
251234, 8512340, 8537437, 25097
251235, 8512350, 8537450, 25100
251236, 8512360, 8537464, 25104
251237, 8512370, 8537477, 25107
251238, 8512380, 8537490, 25110
251239, 8512390, 8537504, 25114
251240, 8512400, 8537517, 25117
251241, 8512410, 8537531, 25121
251242, 8512420, 8537544, 25124
251244, 8512440, 8537558, 25118
251245, 8512450, 8537571, 25121
251246, 8512460, 8537585, 25125
251247, 8512470, 8537598, 25128
251248, 8512480, 8537611, 25131
251249, 8512490, 8537625, 25135
251251, 8512510, 8537652, 25142
251252, 8512520, 8537665, 25145
251253, 8512530, 8537679, 25149
251255, 8512550, 8537692, 25142
251256, 8512560, 8537706, 25146
251257, 8512570, 8537719, 25149
251258, 8512580, 8537732, 25152
251259, 8512590, 8537746, 25156
251260, 8512600, 8537759, 25159
251261, 8512610, 8537773, 25163
251262, 8512620, 8537786, 25166
251263, 8512630, 8537800, 25170
251265, 8512650, 8537813, 25163
251266, 8512660, 8537826, 25166
251267, 8512670, 8537840, 25170
251268, 8512680, 8537853, 25173
251269, 8512690, 8537867, 25177
251270, 8512700, 8537880, 25180
251271, 8512710, 8537894, 25184
251272, 8512720, 8537907, 25187
251273, 8512730, 8537921, 25191
251274, 8512740, 8537934, 25194
251276, 8512760, 8537947, 25187
251277, 8512770, 8537961, 25191
251278, 8512780, 8537974, 25194
251279, 8512790, 8537988, 25198
251280, 8512800, 8538001, 25201
251281, 8512810, 8538015, 25205
251282, 8512820, 8538028, 25208
251283, 8512830, 8538042, 25212
251284, 8512840, 8538055, 25215
251285, 8512850, 8538068, 25218
251287, 8512870, 8538082, 25212
251288, 8512880, 8538095, 25215
251289, 8512890, 8538109, 25219
251290, 8512900, 8538122, 25222
251291, 8512910, 8538136, 25226
251292, 8512920, 8538149, 25229
251293, 8512930, 8538162, 25232
251294, 8512940, 8538176, 25236
251295, 8512950, 8538189, 25239
251297, 8512970, 8538203, 25233
251298, 8512980, 8538216, 25236
251299, 8512990, 8538230, 25240
251301, 8513010, 8538257, 25247
251302, 8513020, 8538270, 25250
251303, 8513030, 8538283, 25253
251304, 8513040, 8538297, 25257
251305, 8513050, 8538310, 25260
251306, 8513060, 8538324, 25264
251308, 8513080, 8538337, 25257
251309, 8513090, 8538351, 25261
251310, 8513100, 8538364, 25264
251311, 8513110, 8538378, 25268
251312, 8513120, 8538391, 25271
251313, 8513130, 8538404, 25274
251314, 8513140, 8538418, 25278
251315, 8513150, 8538431, 25281
251316, 8513160, 8542012, 28852
251318, 8513180, 8542026, 28846
251319, 8513190, 8542039, 28849
251320, 8513200, 8542052, 28852
251321, 8513210, 8542066, 28856
251322, 8513220, 8542079, 28859
251323, 8513230, 8542093, 28863
251324, 8513240, 8542106, 28866
251325, 8513250, 8542120, 28870
251326, 8513260, 8542133, 28873
251327, 8513270, 8542146, 28876
251329, 8513290, 8542160, 28870
251330, 8513300, 8542173, 28873
251331, 8513310, 8542187, 28877
251332, 8513320, 8542200, 28880
251333, 8513330, 8542214, 28884
251334, 8513340, 8542227, 28887
251335, 8513350, 8542241, 28891
251336, 8513360, 8542254, 28894
251337, 8513370, 8542267, 28897
251338, 8513380, 8542281, 28901
251340, 8513400, 8542294, 28894
251341, 8513410, 8542308, 28898
251342, 8513420, 8542321, 28901
251343, 8513430, 8542335, 28905
251344, 8513440, 8542348, 28908
251345, 8513450, 8542362, 28912
251346, 8513460, 8542375, 28915
251347, 8513470, 8542388, 28918
251348, 8513480, 8542402, 28922
251351, 8513510, 8542429, 28919
251352, 8513520, 8542442, 28922
251353, 8513530, 8542456, 28926
251354, 8513540, 8542469, 28929
251355, 8513550, 8542482, 28932
251356, 8513560, 8542496, 28936
251357, 8513570, 8542509, 28939
251358, 8513580, 8542523, 28943
251359, 8513590, 8542536, 28946
251361, 8513610, 8542550, 28940
251362, 8513620, 8542563, 28943
251363, 8513630, 8542577, 28947
251364, 8513640, 8542590, 28950
251365, 8513650, 8542603, 28953
251366, 8513660, 8542617, 28957
251367, 8513670, 8542630, 28960
251368, 8513680, 8542644, 28964
251369, 8513690, 8542657, 28967
251371, 8513710, 8542671, 28961
251372, 8513720, 8542684, 28964
251373, 8513730, 8542698, 28968
251374, 8513740, 8542711, 28971
251375, 8513750, 8542724, 28974
251376, 8513760, 8542738, 28978
251377, 8513770, 8542751, 28981
251378, 8513780, 8542765, 28985
251379, 8513790, 8542778, 28988
251380, 8513800, 8542792, 28992
251382, 8513820, 8542805, 28985
251383, 8513830, 8542818, 28988
251384, 8513840, 8542832, 28992
251385, 8513850, 8542845, 28995
251386, 8513860, 8542859, 28999
251387, 8513870, 8542872, 29002
251388, 8513880, 8542886, 29006
251389, 8513890, 8542899, 29009
251390, 8513900, 8542913, 29013
251391, 8513910, 8542926, 29016
251393, 8513930, 8542939, 29009
251394, 8513940, 8542953, 29013
251395, 8513950, 8542966, 29016
251396, 8513960, 8542980, 29020
251397, 8513970, 8542993, 29023
251398, 8513980, 8543007, 29027
251399, 8513990, 8543020, 29030
251802, 8518020, 8543047, 25027
251803, 8518030, 8543060, 25030
251804, 8518040, 8543074, 25034
251805, 8518050, 8543087, 25037
251806, 8518060, 8543101, 25041
251807, 8518070, 8543114, 25044
251808, 8518080, 8543128, 25048
251809, 8518090, 8543141, 25051
251810, 8518100, 8543154, 25054
251812, 8518120, 8543168, 25048
251813, 8518130, 8543181, 25051
251814, 8518140, 8543195, 25055
251815, 8518150, 8543208, 25058
251816, 8518160, 8543222, 25062
251817, 8518170, 8543235, 25065
251818, 8518180, 8543249, 25069
251819, 8518190, 8543262, 25072
251820, 8518200, 8543275, 25075
251821, 8518210, 8543289, 25079
251823, 8518230, 8543302, 25072
251824, 8518240, 8543316, 25076
251825, 8518250, 8543329, 25079
251826, 8518260, 8543343, 25083
251827, 8518270, 8543356, 25086
251828, 8518280, 8543370, 25090
251829, 8518290, 8543383, 25093
251830, 8518300, 8543396, 25096
251831, 8518310, 8543410, 25100
251833, 8518330, 8543423, 25093
251834, 8518340, 8543437, 25097
251835, 8518350, 8543450, 25100
251836, 8518360, 8543464, 25104
251837, 8518370, 8543477, 25107
251838, 8518380, 8543490, 25110
251839, 8518390, 8543504, 25114
251840, 8518400, 8543517, 25117
251841, 8518410, 8543531, 25121
251842, 8518420, 8543544, 25124
251844, 8518440, 8543558, 25118
251845, 8518450, 8543571, 25121
251846, 8518460, 8543585, 25125
251847, 8518470, 8543598, 25128
251848, 8518480, 8543611, 25131
251849, 8518490, 8543625, 25135
251851, 8518510, 8543652, 25142
251852, 8518520, 8543665, 25145
251853, 8518530, 8543679, 25149
251855, 8518550, 8543692, 25142
251856, 8518560, 8543706, 25146
251857, 8518570, 8543719, 25149
251858, 8518580, 8543732, 25152
251859, 8518590, 8543746, 25156
251860, 8518600, 8543759, 25159
251861, 8518610, 8543773, 25163
251862, 8518620, 8543786, 25166
251863, 8518630, 8543800, 25170
251865, 8518650, 8543813, 25163
251866, 8518660, 8543826, 25166
251867, 8518670, 8543840, 25170
251868, 8518680, 8543853, 25173
251869, 8518690, 8543867, 25177
251870, 8518700, 8543880, 25180
251871, 8518710, 8543894, 25184
251872, 8518720, 8543907, 25187
251873, 8518730, 8543921, 25191
251874, 8518740, 8543934, 25194
251876, 8518760, 8543947, 25187
251877, 8518770, 8543961, 25191
251878, 8518780, 8543974, 25194
251879, 8518790, 8543988, 25198
251880, 8518800, 8544001, 25201
251881, 8518810, 8544015, 25205
251882, 8518820, 8544028, 25208
251883, 8518830, 8544042, 25212
251884, 8518840, 8544055, 25215
251885, 8518850, 8544068, 25218
251887, 8518870, 8544082, 25212
251888, 8518880, 8544095, 25215
251889, 8518890, 8544109, 25219
251890, 8518900, 8544122, 25222
251891, 8518910, 8544136, 25226
251892, 8518920, 8544149, 25229
251893, 8518930, 8544162, 25232
251894, 8518940, 8544176, 25236
251895, 8518950, 8544189, 25239
251897, 8518970, 8544203, 25233
251898, 8518980, 8544216, 25236
251899, 8518990, 8544230, 25240
251901, 8519010, 8544257, 25247
251902, 8519020, 8544270, 25250
251903, 8519030, 8544283, 25253
251904, 8519040, 8544297, 25257
251905, 8519050, 8544310, 25260
251906, 8519060, 8544324, 25264
251908, 8519080, 8544337, 25257
251909, 8519090, 8544351, 25261
251910, 8519100, 8544364, 25264
251911, 8519110, 8544378, 25268
251912, 8519120, 8544391, 25271
251913, 8519130, 8544404, 25274
251914, 8519140, 8544418, 25278
251915, 8519150, 8544431, 25281
251916, 8519160, 8548012, 28852
251918, 8519180, 8548026, 28846
251919, 8519190, 8548039, 28849
251920, 8519200, 8548052, 28852
251921, 8519210, 8548066, 28856
251922, 8519220, 8548079, 28859
251923, 8519230, 8548093, 28863
251924, 8519240, 8548106, 28866
251925, 8519250, 8548120, 28870
251926, 8519260, 8548133, 28873
251927, 8519270, 8548146, 28876
251929, 8519290, 8548160, 28870
251930, 8519300, 8548173, 28873
251931, 8519310, 8548187, 28877
251932, 8519320, 8548200, 28880
251933, 8519330, 8548214, 28884
251934, 8519340, 8548227, 28887
251935, 8519350, 8548241, 28891
251936, 8519360, 8548254, 28894
251937, 8519370, 8548267, 28897
251938, 8519380, 8548281, 28901
251940, 8519400, 8548294, 28894
251941, 8519410, 8548308, 28898
251942, 8519420, 8548321, 28901
251943, 8519430, 8548335, 28905
251944, 8519440, 8548348, 28908
251945, 8519450, 8548362, 28912
251946, 8519460, 8548375, 28915
251947, 8519470, 8548388, 28918
251948, 8519480, 8548402, 28922
251951, 8519510, 8548429, 28919
251952, 8519520, 8548442, 28922
251953, 8519530, 8548456, 28926
251954, 8519540, 8548469, 28929
251955, 8519550, 8548482, 28932
251956, 8519560, 8548496, 28936
251957, 8519570, 8548509, 28939
251958, 8519580, 8548523, 28943
251959, 8519590, 8548536, 28946
251961, 8519610, 8548550, 28940
251962, 8519620, 8548563, 28943
251963, 8519630, 8548577, 28947
251964, 8519640, 8548590, 28950
251965, 8519650, 8548603, 28953
251966, 8519660, 8548617, 28957
251967, 8519670, 8548630, 28960
251968, 8519680, 8548644, 28964
251969, 8519690, 8548657, 28967
251971, 8519710, 8548671, 28961
251972, 8519720, 8548684, 28964
251973, 8519730, 8548698, 28968
251974, 8519740, 8548711, 28971
251975, 8519750, 8548724, 28974
251976, 8519760, 8548738, 28978
251977, 8519770, 8548751, 28981
251978, 8519780, 8548765, 28985
251979, 8519790, 8548778, 28988
251980, 8519800, 8548792, 28992
251982, 8519820, 8548805, 28985
251983, 8519830, 8548818, 28988
251984, 8519840, 8548832, 28992
251985, 8519850, 8548845, 28995
251986, 8519860, 8548859, 28999
251987, 8519870, 8548872, 29002
251988, 8519880, 8548886, 29006
251989, 8519890, 8548899, 29009
251990, 8519900, 8548913, 29013
251991, 8519910, 8548926, 29016
251993, 8519930, 8548939, 29009
251994, 8519940, 8548953, 29013
251995, 8519950, 8548966, 29016
251996, 8519960, 8548980, 29020
251997, 8519970, 8548993, 29023
251998, 8519980, 8549007, 29027
251999, 8519990, 8549020, 29030
252402, 8524020, 8549047, 25027
252403, 8524030, 8549060, 25030
252404, 8524040, 8549074, 25034
252405, 8524050, 8549087, 25037
252406, 8524060, 8549101, 25041
252407, 8524070, 8549114, 25044
252408, 8524080, 8549128, 25048
252409, 8524090, 8549141, 25051
252410, 8524100, 8549154, 25054
252412, 8524120, 8549168, 25048
252413, 8524130, 8549181, 25051
252414, 8524140, 8549195, 25055
252415, 8524150, 8549208, 25058
252416, 8524160, 8549222, 25062
252417, 8524170, 8549235, 25065
252418, 8524180, 8549249, 25069
252419, 8524190, 8549262, 25072
252420, 8524200, 8549275, 25075
252421, 8524210, 8549289, 25079
252423, 8524230, 8549302, 25072
252424, 8524240, 8549316, 25076
252425, 8524250, 8549329, 25079
252426, 8524260, 8549343, 25083
252427, 8524270, 8549356, 25086
252428, 8524280, 8549370, 25090
252429, 8524290, 8549383, 25093
252430, 8524300, 8549396, 25096
252431, 8524310, 8549410, 25100
252433, 8524330, 8549423, 25093
252434, 8524340, 8549437, 25097
252435, 8524350, 8549450, 25100
252436, 8524360, 8549464, 25104
252437, 8524370, 8549477, 25107
252438, 8524380, 8549490, 25110
252439, 8524390, 8549504, 25114
252440, 8524400, 8549517, 25117
252441, 8524410, 8549531, 25121
252442, 8524420, 8549544, 25124
252444, 8524440, 8549558, 25118
252445, 8524450, 8549571, 25121
252446, 8524460, 8549585, 25125
252447, 8524470, 8549598, 25128
252448, 8524480, 8549611, 25131
252449, 8524490, 8549625, 25135
252451, 8524510, 8549652, 25142
252452, 8524520, 8549665, 25145
252453, 8524530, 8549679, 25149
252455, 8524550, 8549692, 25142
252456, 8524560, 8549706, 25146
252457, 8524570, 8549719, 25149
252458, 8524580, 8549732, 25152
252459, 8524590, 8549746, 25156
252460, 8524600, 8549759, 25159
252461, 8524610, 8549773, 25163
252462, 8524620, 8549786, 25166
252463, 8524630, 8549800, 25170
252465, 8524650, 8549813, 25163
252466, 8524660, 8549826, 25166
252467, 8524670, 8549840, 25170
252468, 8524680, 8549853, 25173
252469, 8524690, 8549867, 25177
252470, 8524700, 8549880, 25180
252471, 8524710, 8549894, 25184
252472, 8524720, 8549907, 25187
252473, 8524730, 8549921, 25191
252474, 8524740, 8549934, 25194
252476, 8524760, 8549947, 25187
252477, 8524770, 8549961, 25191
252478, 8524780, 8549974, 25194
252479, 8524790, 8549988, 25198
252480, 8524800, 8550001, 25201
252481, 8524810, 8550015, 25205
252482, 8524820, 8550028, 25208
252483, 8524830, 8550042, 25212
252484, 8524840, 8550055, 25215
252485, 8524850, 8550068, 25218
252487, 8524870, 8550082, 25212
252488, 8524880, 8550095, 25215
252489, 8524890, 8550109, 25219
252490, 8524900, 8550122, 25222
252491, 8524910, 8550136, 25226
252492, 8524920, 8550149, 25229
252493, 8524930, 8550162, 25232
252494, 8524940, 8550176, 25236
252495, 8524950, 8550189, 25239
252497, 8524970, 8550203, 25233
252498, 8524980, 8550216, 25236
252499, 8524990, 8550230, 25240
252501, 8525010, 8550257, 25247
252502, 8525020, 8550270, 25250
252503, 8525030, 8550283, 25253
252504, 8525040, 8550297, 25257
252505, 8525050, 8550310, 25260
252506, 8525060, 8550324, 25264
252508, 8525080, 8550337, 25257
252509, 8525090, 8550351, 25261
252510, 8525100, 8550364, 25264
252511, 8525110, 8550378, 25268
252512, 8525120, 8550391, 25271
252513, 8525130, 8550404, 25274
252514, 8525140, 8550418, 25278
252515, 8525150, 8550431, 25281
252516, 8525160, 8554012, 28852
252517, 8525170, 8554026, 28856
252519, 8525190, 8554039, 28849
252520, 8525200, 8554052, 28852
252521, 8525210, 8554066, 28856
252522, 8525220, 8554079, 28859
252523, 8525230, 8554093, 28863
252524, 8525240, 8554106, 28866
252525, 8525250, 8554120, 28870
252526, 8525260, 8554133, 28873
252527, 8525270, 8554146, 28876
252529, 8525290, 8554160, 28870
252530, 8525300, 8554173, 28873
252531, 8525310, 8554187, 28877
252532, 8525320, 8554200, 28880
252533, 8525330, 8554214, 28884
252534, 8525340, 8554227, 28887
252535, 8525350, 8554241, 28891
252536, 8525360, 8554254, 28894
252537, 8525370, 8554267, 28897
252538, 8525380, 8554281, 28901
252540, 8525400, 8554294, 28894
252541, 8525410, 8554308, 28898
252542, 8525420, 8554321, 28901
252543, 8525430, 8554335, 28905
252544, 8525440, 8554348, 28908
252545, 8525450, 8554362, 28912
252546, 8525460, 8554375, 28915
252547, 8525470, 8554388, 28918
252548, 8525480, 8554402, 28922
252551, 8525510, 8554429, 28919
252552, 8525520, 8554442, 28922
252553, 8525530, 8554456, 28926
252554, 8525540, 8554469, 28929
252555, 8525550, 8554482, 28932
252556, 8525560, 8554496, 28936
252557, 8525570, 8554509, 28939
252558, 8525580, 8554523, 28943
252559, 8525590, 8554536, 28946
252561, 8525610, 8554550, 28940
252562, 8525620, 8554563, 28943
252563, 8525630, 8554577, 28947
252564, 8525640, 8554590, 28950
252565, 8525650, 8554603, 28953
252566, 8525660, 8554617, 28957
252567, 8525670, 8554630, 28960
252568, 8525680, 8554644, 28964
252569, 8525690, 8554657, 28967
252570, 8525700, 8554671, 28971
252572, 8525720, 8554684, 28964
252573, 8525730, 8554698, 28968
252574, 8525740, 8554711, 28971
252575, 8525750, 8554724, 28974
252576, 8525760, 8554738, 28978
252577, 8525770, 8554751, 28981
252578, 8525780, 8554765, 28985
252579, 8525790, 8554778, 28988
252580, 8525800, 8554792, 28992
252582, 8525820, 8554805, 28985
252583, 8525830, 8554818, 28988
252584, 8525840, 8554832, 28992
252585, 8525850, 8554845, 28995
252586, 8525860, 8554859, 28999
252587, 8525870, 8554872, 29002
252588, 8525880, 8554886, 29006
252589, 8525890, 8554899, 29009
252590, 8525900, 8554913, 29013
252591, 8525910, 8554926, 29016
252593, 8525930, 8554939, 29009
252594, 8525940, 8554953, 29013
252595, 8525950, 8554966, 29016
252596, 8525960, 8554980, 29020
252597, 8525970, 8554993, 29023
252598, 8525980, 8555007, 29027
252599, 8525990, 8555020, 29030
253002, 8530020, 8555047, 25027
253003, 8530030, 8555060, 25030
253004, 8530040, 8555074, 25034
253005, 8530050, 8555087, 25037
253006, 8530060, 8555101, 25041
253007, 8530070, 8555114, 25044
253008, 8530080, 8555127, 25047
253009, 8530090, 8555141, 25051
253010, 8530100, 8555154, 25054
253012, 8530120, 8555168, 25048
253013, 8530130, 8555181, 25051
253014, 8530140, 8555195, 25055
253015, 8530150, 8555208, 25058
253016, 8530160, 8555222, 25062
253017, 8530170, 8555235, 25065
253018, 8530180, 8555248, 25068
253019, 8530190, 8555262, 25072
253020, 8530200, 8555275, 25075
253021, 8530210, 8555289, 25079
253023, 8530230, 8555302, 25072
253024, 8530240, 8555316, 25076
253025, 8530250, 8555329, 25079
253026, 8530260, 8555342, 25082
253027, 8530270, 8555356, 25086
253028, 8530280, 8555369, 25089
253029, 8530290, 8555383, 25093
253030, 8530300, 8555396, 25096
253031, 8530310, 8555410, 25100
253033, 8530330, 8555423, 25093
253034, 8530340, 8555437, 25097
253035, 8530350, 8555450, 25100
253036, 8530360, 8555463, 25103
253037, 8530370, 8555477, 25107
253038, 8530380, 8555490, 25110
253039, 8530390, 8555504, 25114
253040, 8530400, 8555517, 25117
253041, 8530410, 8555531, 25121
253042, 8530420, 8555544, 25124
253044, 8530440, 8555558, 25118
253045, 8530450, 8555571, 25121
253046, 8530460, 8555584, 25124
253047, 8530470, 8555598, 25128
253048, 8530480, 8555611, 25131
253049, 8530490, 8555625, 25135
253051, 8530510, 8555652, 25142
253052, 8530520, 8555665, 25145
253053, 8530530, 8555678, 25148
253055, 8530550, 8555692, 25142
253056, 8530560, 8555705, 25145
253057, 8530570, 8555719, 25149
253058, 8530580, 8555732, 25152
253059, 8530590, 8555746, 25156
253060, 8530600, 8555759, 25159
253061, 8530610, 8555773, 25163
253062, 8530620, 8555786, 25166
253063, 8530630, 8555799, 25169
253065, 8530650, 8555813, 25163
253066, 8530660, 8555826, 25166
253067, 8530670, 8555840, 25170
253068, 8530680, 8555853, 25173
253069, 8530690, 8555867, 25177
253070, 8530700, 8555880, 25180
253071, 8530710, 8555894, 25184
253072, 8530720, 8555907, 25187
253073, 8530730, 8555920, 25190
253074, 8530740, 8555934, 25194
253076, 8530760, 8555947, 25187
253077, 8530770, 8555961, 25191
253078, 8530780, 8555974, 25194
253079, 8530790, 8555988, 25198
253080, 8530800, 8556001, 25201
253081, 8530810, 8556014, 25204
253082, 8530820, 8556028, 25208
253083, 8530830, 8556041, 25211
253084, 8530840, 8556055, 25215
253085, 8530850, 8556068, 25218
253087, 8530870, 8556082, 25212
253088, 8530880, 8556095, 25215
253089, 8530890, 8556109, 25219
253090, 8530900, 8556122, 25222
253091, 8530910, 8556135, 25225
253092, 8530920, 8556149, 25229
253093, 8530930, 8556162, 25232
253094, 8530940, 8556176, 25236
253095, 8530950, 8556189, 25239
253097, 8530970, 8556203, 25233
253098, 8530980, 8556216, 25236
253099, 8530990, 8556230, 25240
253101, 8531010, 8556256, 25246
253102, 8531020, 8556270, 25250
253103, 8531030, 8556283, 25253
253104, 8531040, 8556297, 25257
253105, 8531050, 8556310, 25260
253106, 8531060, 8556324, 25264
253108, 8531080, 8556337, 25257
253109, 8531090, 8556350, 25260
253110, 8531100, 8556364, 25264
253111, 8531110, 8556377, 25267
253112, 8531120, 8556391, 25271
253113, 8531130, 8556404, 25274
253114, 8531140, 8556418, 25278
253115, 8531150, 8556431, 25281
253116, 8531160, 8560012, 28852
253118, 8531180, 8560026, 28846
253119, 8531190, 8560039, 28849
253120, 8531200, 8560052, 28852
253121, 8531210, 8560066, 28856
253122, 8531220, 8560079, 28859
253123, 8531230, 8560093, 28863
253124, 8531240, 8560106, 28866
253125, 8531250, 8560120, 28870
253126, 8531260, 8560133, 28873
253127, 8531270, 8560146, 28876
253129, 8531290, 8560160, 28870
253130, 8531300, 8560173, 28873
253131, 8531310, 8560187, 28877
253132, 8531320, 8560200, 28880
253133, 8531330, 8560214, 28884
253134, 8531340, 8560227, 28887
253135, 8531350, 8560241, 28891
253136, 8531360, 8560254, 28894
253137, 8531370, 8560267, 28897
253138, 8531380, 8560281, 28901
253140, 8531400, 8560294, 28894
253141, 8531410, 8560308, 28898
253142, 8531420, 8560321, 28901
253143, 8531430, 8560335, 28905
253144, 8531440, 8560348, 28908
253145, 8531450, 8560362, 28912
253146, 8531460, 8560375, 28915
253147, 8531470, 8560388, 28918
253148, 8531480, 8560402, 28922
253151, 8531510, 8560429, 28919
253152, 8531520, 8560442, 28922
253153, 8531530, 8560456, 28926
253154, 8531540, 8560469, 28929
253155, 8531550, 8560482, 28932
253156, 8531560, 8560496, 28936
253157, 8531570, 8560509, 28939
253158, 8531580, 8560523, 28943
253159, 8531590, 8560536, 28946
253161, 8531610, 8560550, 28940
253162, 8531620, 8560563, 28943
253163, 8531630, 8560577, 28947
253164, 8531640, 8560590, 28950
253165, 8531650, 8560603, 28953
253166, 8531660, 8560617, 28957
253167, 8531670, 8560630, 28960
253168, 8531680, 8560644, 28964
253169, 8531690, 8560657, 28967
253171, 8531710, 8560671, 28961
253172, 8531720, 8560684, 28964
253173, 8531730, 8560698, 28968
253174, 8531740, 8560711, 28971
253175, 8531750, 8560724, 28974
253176, 8531760, 8560738, 28978
253177, 8531770, 8560751, 28981
253178, 8531780, 8560765, 28985
253179, 8531790, 8560778, 28988
253180, 8531800, 8560792, 28992
253182, 8531820, 8560805, 28985
253183, 8531830, 8560818, 28988
253184, 8531840, 8560832, 28992
253185, 8531850, 8560845, 28995
253186, 8531860, 8560859, 28999
253187, 8531870, 8560872, 29002
253188, 8531880, 8560886, 29006
253189, 8531890, 8560899, 29009
253190, 8531900, 8560913, 29013
253191, 8531910, 8560926, 29016
253193, 8531930, 8560939, 29009
253194, 8531940, 8560953, 29013
253195, 8531950, 8560966, 29016
253196, 8531960, 8560980, 29020
253197, 8531970, 8560993, 29023
253198, 8531980, 8561007, 29027
253199, 8531990, 8561020, 29030
253602, 8536020, 8561047, 25027
253603, 8536030, 8561060, 25030
253604, 8536040, 8561074, 25034
253605, 8536050, 8561087, 25037
253606, 8536060, 8561101, 25041
253607, 8536070, 8561114, 25044
253608, 8536080, 8561128, 25048
253609, 8536090, 8561141, 25051
253610, 8536100, 8561154, 25054
253612, 8536120, 8561168, 25048
253613, 8536130, 8561181, 25051
253614, 8536140, 8561195, 25055
253615, 8536150, 8561208, 25058
253616, 8536160, 8561222, 25062
253617, 8536170, 8561235, 25065
253618, 8536180, 8561249, 25069
253619, 8536190, 8561262, 25072
253620, 8536200, 8561275, 25075
253621, 8536210, 8561289, 25079
253623, 8536230, 8561302, 25072
253624, 8536240, 8561316, 25076
253625, 8536250, 8561329, 25079
253626, 8536260, 8561343, 25083
253627, 8536270, 8561356, 25086
253628, 8536280, 8561370, 25090
253629, 8536290, 8561383, 25093
253630, 8536300, 8561396, 25096
253631, 8536310, 8561410, 25100
253633, 8536330, 8561423, 25093
253634, 8536340, 8561437, 25097
253635, 8536350, 8561450, 25100
253636, 8536360, 8561464, 25104
253637, 8536370, 8561477, 25107
253638, 8536380, 8561490, 25110
253639, 8536390, 8561504, 25114
253640, 8536400, 8561517, 25117
253641, 8536410, 8561531, 25121
253642, 8536420, 8561544, 25124
253644, 8536440, 8561558, 25118
253645, 8536450, 8561571, 25121
253646, 8536460, 8561585, 25125
253647, 8536470, 8561598, 25128
253648, 8536480, 8561611, 25131
253649, 8536490, 8561625, 25135
253651, 8536510, 8561652, 25142
253652, 8536520, 8561665, 25145
253653, 8536530, 8561679, 25149
253655, 8536550, 8561692, 25142
253656, 8536560, 8561706, 25146
253657, 8536570, 8561719, 25149
253658, 8536580, 8561732, 25152
253659, 8536590, 8561746, 25156
253660, 8536600, 8561759, 25159
253661, 8536610, 8561773, 25163
253662, 8536620, 8561786, 25166
253663, 8536630, 8561800, 25170
253665, 8536650, 8561813, 25163
253666, 8536660, 8561826, 25166
253667, 8536670, 8561840, 25170
253668, 8536680, 8561853, 25173
253669, 8536690, 8561867, 25177
253670, 8536700, 8561880, 25180
253671, 8536710, 8561894, 25184
253672, 8536720, 8561907, 25187
253673, 8536730, 8561921, 25191
253674, 8536740, 8561934, 25194
253676, 8536760, 8561947, 25187
253677, 8536770, 8561961, 25191
253678, 8536780, 8561974, 25194
253679, 8536790, 8561988, 25198
253680, 8536800, 8562001, 25201
253681, 8536810, 8562015, 25205
253682, 8536820, 8562028, 25208
253683, 8536830, 8562042, 25212
253684, 8536840, 8562055, 25215
253685, 8536850, 8562068, 25218
253687, 8536870, 8562082, 25212
253688, 8536880, 8562095, 25215
253689, 8536890, 8562109, 25219
253690, 8536900, 8562122, 25222
253691, 8536910, 8562136, 25226
253692, 8536920, 8562149, 25229
253693, 8536930, 8562162, 25232
253694, 8536940, 8562176, 25236
253695, 8536950, 8562189, 25239
253697, 8536970, 8562203, 25233
253698, 8536980, 8562216, 25236
253699, 8536990, 8562230, 25240
253701, 8537010, 8562257, 25247
253702, 8537020, 8562270, 25250
253703, 8537030, 8562283, 25253
253704, 8537040, 8562297, 25257
253705, 8537050, 8562310, 25260
253706, 8537060, 8562324, 25264
253708, 8537080, 8562337, 25257
253709, 8537090, 8562351, 25261
253710, 8537100, 8562364, 25264
253711, 8537110, 8562378, 25268
253712, 8537120, 8562391, 25271
253713, 8537130, 8562404, 25274
253714, 8537140, 8562418, 25278
253715, 8537150, 8562431, 25281
253716, 8537160, 8566012, 28852
253718, 8537180, 8566026, 28846
253719, 8537190, 8566039, 28849
253720, 8537200, 8566052, 28852
253721, 8537210, 8566066, 28856
253722, 8537220, 8566079, 28859
253723, 8537230, 8566093, 28863
253724, 8537240, 8566106, 28866
253725, 8537250, 8566120, 28870
253726, 8537260, 8566133, 28873
253727, 8537270, 8566146, 28876
253729, 8537290, 8566160, 28870
253730, 8537300, 8566173, 28873
253731, 8537310, 8566187, 28877
253732, 8537320, 8566200, 28880
253733, 8537330, 8566214, 28884
253734, 8537340, 8566227, 28887
253735, 8537350, 8566241, 28891
253736, 8537360, 8566254, 28894
253737, 8537370, 8566267, 28897
253738, 8537380, 8566281, 28901
253740, 8537400, 8566294, 28894
253741, 8537410, 8566308, 28898
253742, 8537420, 8566321, 28901
253743, 8537430, 8566335, 28905
253744, 8537440, 8566348, 28908
253745, 8537450, 8566362, 28912
253746, 8537460, 8566375, 28915
253747, 8537470, 8566388, 28918
253748, 8537480, 8566402, 28922
253751, 8537510, 8566429, 28919
253752, 8537520, 8566442, 28922
253753, 8537530, 8566456, 28926
253754, 8537540, 8566469, 28929
253755, 8537550, 8566482, 28932
253756, 8537560, 8566496, 28936
253757, 8537570, 8566509, 28939
253758, 8537580, 8566523, 28943
253759, 8537590, 8566536, 28946
253761, 8537610, 8566550, 28940
253762, 8537620, 8566563, 28943
253763, 8537630, 8566577, 28947
253764, 8537640, 8566590, 28950
253765, 8537650, 8566603, 28953
253766, 8537660, 8566617, 28957
253767, 8537670, 8566630, 28960
253768, 8537680, 8566644, 28964
253769, 8537690, 8566657, 28967
253771, 8537710, 8566671, 28961
253772, 8537720, 8566684, 28964
253773, 8537730, 8566698, 28968
253774, 8537740, 8566711, 28971
253775, 8537750, 8566724, 28974
253776, 8537760, 8566738, 28978
253777, 8537770, 8566751, 28981
253778, 8537780, 8566765, 28985
253779, 8537790, 8566778, 28988
253780, 8537800, 8566792, 28992
253782, 8537820, 8566805, 28985
253783, 8537830, 8566818, 28988
253784, 8537840, 8566832, 28992
253785, 8537850, 8566845, 28995
253786, 8537860, 8566859, 28999
253787, 8537870, 8566872, 29002
253788, 8537880, 8566886, 29006
253789, 8537890, 8566899, 29009
253790, 8537900, 8566913, 29013
253791, 8537910, 8566926, 29016
253793, 8537930, 8566939, 29009
253794, 8537940, 8566953, 29013
253795, 8537950, 8566966, 29016
253796, 8537960, 8566980, 29020
253797, 8537970, 8566993, 29023
253798, 8537980, 8567007, 29027
253799, 8537990, 8567020, 29030
254202, 8542020, 8567047, 25027
254203, 8542030, 8567060, 25030
254204, 8542040, 8567074, 25034
254205, 8542050, 8567087, 25037
254206, 8542060, 8567101, 25041
254207, 8542070, 8567114, 25044
254208, 8542080, 8567128, 25048
254209, 8542090, 8567141, 25051
254210, 8542100, 8567154, 25054
254212, 8542120, 8567168, 25048
254213, 8542130, 8567181, 25051
254214, 8542140, 8567195, 25055
254215, 8542150, 8567208, 25058
254216, 8542160, 8567222, 25062
254217, 8542170, 8567235, 25065
254218, 8542180, 8567249, 25069
254219, 8542190, 8567262, 25072
254220, 8542200, 8567275, 25075
254221, 8542210, 8567289, 25079
254223, 8542230, 8567302, 25072
254224, 8542240, 8567316, 25076
254225, 8542250, 8567329, 25079
254226, 8542260, 8567343, 25083
254227, 8542270, 8567356, 25086
254228, 8542280, 8567370, 25090
254229, 8542290, 8567383, 25093
254230, 8542300, 8567396, 25096
254231, 8542310, 8567410, 25100
254233, 8542330, 8567423, 25093
254234, 8542340, 8567437, 25097
254235, 8542350, 8567450, 25100
254236, 8542360, 8567464, 25104
254237, 8542370, 8567477, 25107
254238, 8542380, 8567490, 25110
254239, 8542390, 8567504, 25114
254240, 8542400, 8567517, 25117
254241, 8542410, 8567531, 25121
254242, 8542420, 8567544, 25124
254244, 8542440, 8567558, 25118
254245, 8542450, 8567571, 25121
254246, 8542460, 8567585, 25125
254247, 8542470, 8567598, 25128
254248, 8542480, 8567611, 25131
254249, 8542490, 8567625, 25135
254251, 8542510, 8567652, 25142
254252, 8542520, 8567665, 25145
254253, 8542530, 8567679, 25149
254255, 8542550, 8567692, 25142
254256, 8542560, 8567706, 25146
254257, 8542570, 8567719, 25149
254258, 8542580, 8567732, 25152
254259, 8542590, 8567746, 25156
254260, 8542600, 8567759, 25159
254261, 8542610, 8567773, 25163
254262, 8542620, 8567786, 25166
254263, 8542630, 8567800, 25170
254265, 8542650, 8567813, 25163
254266, 8542660, 8567826, 25166
254267, 8542670, 8567840, 25170
254268, 8542680, 8567853, 25173
254269, 8542690, 8567867, 25177
254270, 8542700, 8567880, 25180
254271, 8542710, 8567894, 25184
254272, 8542720, 8567907, 25187
254273, 8542730, 8567921, 25191
254274, 8542740, 8567934, 25194
254276, 8542760, 8567947, 25187
254277, 8542770, 8567961, 25191
254278, 8542780, 8567974, 25194
254279, 8542790, 8567988, 25198
254280, 8542800, 8568001, 25201
254281, 8542810, 8568015, 25205
254282, 8542820, 8568028, 25208
254283, 8542830, 8568042, 25212
254284, 8542840, 8568055, 25215
254285, 8542850, 8568068, 25218
254287, 8542870, 8568082, 25212
254288, 8542880, 8568095, 25215
254289, 8542890, 8568109, 25219
254290, 8542900, 8568122, 25222
254291, 8542910, 8568136, 25226
254292, 8542920, 8568149, 25229
254293, 8542930, 8568162, 25232
254294, 8542940, 8568176, 25236
254295, 8542950, 8568189, 25239
254297, 8542970, 8568203, 25233
254298, 8542980, 8568216, 25236
254299, 8542990, 8568230, 25240
254301, 8543010, 8568257, 25247
254302, 8543020, 8568270, 25250
254303, 8543030, 8568283, 25253
254304, 8543040, 8568297, 25257
254305, 8543050, 8568310, 25260
254306, 8543060, 8568324, 25264
254308, 8543080, 8568337, 25257
254309, 8543090, 8568351, 25261
254310, 8543100, 8568364, 25264
254311, 8543110, 8568378, 25268
254312, 8543120, 8568391, 25271
254313, 8543130, 8568404, 25274
254314, 8543140, 8568418, 25278
254315, 8543150, 8568431, 25281
254316, 8543160, 8572012, 28852
254318, 8543180, 8572026, 28846
254319, 8543190, 8572039, 28849
254320, 8543200, 8572052, 28852
254321, 8543210, 8572066, 28856
254322, 8543220, 8572079, 28859
254323, 8543230, 8572093, 28863
254324, 8543240, 8572106, 28866
254325, 8543250, 8572120, 28870
254326, 8543260, 8572133, 28873
254327, 8543270, 8572146, 28876
254329, 8543290, 8572160, 28870
254330, 8543300, 8572173, 28873
254331, 8543310, 8572187, 28877
254332, 8543320, 8572200, 28880
254333, 8543330, 8572214, 28884
254334, 8543340, 8572227, 28887
254335, 8543350, 8572241, 28891
254336, 8543360, 8572254, 28894
254337, 8543370, 8572267, 28897
254338, 8543380, 8572281, 28901
254340, 8543400, 8572294, 28894
254341, 8543410, 8572308, 28898
254342, 8543420, 8572321, 28901
254343, 8543430, 8572335, 28905
254344, 8543440, 8572348, 28908
254345, 8543450, 8572362, 28912
254346, 8543460, 8572375, 28915
254347, 8543470, 8572388, 28918
254348, 8543480, 8572402, 28922
254351, 8543510, 8572429, 28919
254352, 8543520, 8572442, 28922
254353, 8543530, 8572456, 28926
254354, 8543540, 8572469, 28929
254355, 8543550, 8572482, 28932
254356, 8543560, 8572496, 28936
254357, 8543570, 8572509, 28939
254358, 8543580, 8572523, 28943
254359, 8543590, 8572536, 28946
254361, 8543610, 8572550, 28940
254362, 8543620, 8572563, 28943
254363, 8543630, 8572577, 28947
254364, 8543640, 8572590, 28950
254365, 8543650, 8572603, 28953
254366, 8543660, 8572617, 28957
254367, 8543670, 8572630, 28960
254368, 8543680, 8572644, 28964
254369, 8543690, 8572657, 28967
254371, 8543710, 8572671, 28961
254372, 8543720, 8572684, 28964
254373, 8543730, 8572698, 28968
254374, 8543740, 8572711, 28971
254375, 8543750, 8572724, 28974
254376, 8543760, 8572738, 28978
254377, 8543770, 8572751, 28981
254378, 8543780, 8572765, 28985
254379, 8543790, 8572778, 28988
254380, 8543800, 8572792, 28992
254382, 8543820, 8572805, 28985
254383, 8543830, 8572818, 28988
254384, 8543840, 8572832, 28992
254385, 8543850, 8572845, 28995
254386, 8543860, 8572859, 28999
254387, 8543870, 8572872, 29002
254388, 8543880, 8572886, 29006
254389, 8543890, 8572899, 29009
254390, 8543900, 8572913, 29013
254391, 8543910, 8572926, 29016
254393, 8543930, 8572939, 29009
254394, 8543940, 8572953, 29013
254395, 8543950, 8572966, 29016
254396, 8543960, 8572980, 29020
254397, 8543970, 8572993, 29023
254398, 8543980, 8573007, 29027
254399, 8543990, 8573020, 29030
254802, 8548020, 8573047, 25027
254803, 8548030, 8573060, 25030
254804, 8548040, 8573074, 25034
254805, 8548050, 8573087, 25037
254806, 8548060, 8573101, 25041
254807, 8548070, 8573114, 25044
254808, 8548080, 8573128, 25048
254809, 8548090, 8573141, 25051
254810, 8548100, 8573154, 25054
254812, 8548120, 8573168, 25048
254813, 8548130, 8573181, 25051
254814, 8548140, 8573195, 25055
254815, 8548150, 8573208, 25058
254816, 8548160, 8573222, 25062
254817, 8548170, 8573235, 25065
254818, 8548180, 8573249, 25069
254819, 8548190, 8573262, 25072
254820, 8548200, 8573275, 25075
254821, 8548210, 8573289, 25079
254823, 8548230, 8573302, 25072
254824, 8548240, 8573316, 25076
254825, 8548250, 8573329, 25079
254826, 8548260, 8573343, 25083
254827, 8548270, 8573356, 25086
254828, 8548280, 8573370, 25090
254829, 8548290, 8573383, 25093
254830, 8548300, 8573396, 25096
254831, 8548310, 8573410, 25100
254833, 8548330, 8573423, 25093
254834, 8548340, 8573437, 25097
254835, 8548350, 8573450, 25100
254836, 8548360, 8573464, 25104
254837, 8548370, 8573477, 25107
254838, 8548380, 8573490, 25110
254839, 8548390, 8573504, 25114
254840, 8548400, 8573517, 25117
254841, 8548410, 8573531, 25121
254842, 8548420, 8573544, 25124
254844, 8548440, 8573558, 25118
254845, 8548450, 8573571, 25121
254846, 8548460, 8573585, 25125
254847, 8548470, 8573598, 25128
254848, 8548480, 8573611, 25131
254849, 8548490, 8573625, 25135
254851, 8548510, 8573652, 25142
254852, 8548520, 8573665, 25145
254853, 8548530, 8573679, 25149
254855, 8548550, 8573692, 25142
254856, 8548560, 8573706, 25146
254857, 8548570, 8573719, 25149
254858, 8548580, 8573732, 25152
254859, 8548590, 8573746, 25156
254860, 8548600, 8573759, 25159
254861, 8548610, 8573773, 25163
254862, 8548620, 8573786, 25166
254863, 8548630, 8573800, 25170
254865, 8548650, 8573813, 25163
254866, 8548660, 8573826, 25166
254867, 8548670, 8573840, 25170
254868, 8548680, 8573853, 25173
254869, 8548690, 8573867, 25177
254870, 8548700, 8573880, 25180
254871, 8548710, 8573894, 25184
254872, 8548720, 8573907, 25187
254873, 8548730, 8573921, 25191
254874, 8548740, 8573934, 25194
254876, 8548760, 8573947, 25187
254877, 8548770, 8573961, 25191
254878, 8548780, 8573974, 25194
254879, 8548790, 8573988, 25198
254880, 8548800, 8574001, 25201
254881, 8548810, 8574015, 25205
254882, 8548820, 8574028, 25208
254883, 8548830, 8574042, 25212
254884, 8548840, 8574055, 25215
254885, 8548850, 8574068, 25218
254887, 8548870, 8574082, 25212
254888, 8548880, 8574095, 25215
254889, 8548890, 8574109, 25219
254890, 8548900, 8574122, 25222
254891, 8548910, 8574136, 25226
254892, 8548920, 8574149, 25229
254893, 8548930, 8574162, 25232
254894, 8548940, 8574176, 25236
254895, 8548950, 8574189, 25239
254897, 8548970, 8574203, 25233
254898, 8548980, 8574216, 25236
254899, 8548990, 8574230, 25240
254901, 8549010, 8574257, 25247
254902, 8549020, 8574270, 25250
254903, 8549030, 8574283, 25253
254904, 8549040, 8574297, 25257
254905, 8549050, 8574310, 25260
254906, 8549060, 8574324, 25264
254908, 8549080, 8574337, 25257
254909, 8549090, 8574351, 25261
254910, 8549100, 8574364, 25264
254911, 8549110, 8574378, 25268
254912, 8549120, 8574391, 25271
254913, 8549130, 8574404, 25274
254914, 8549140, 8574418, 25278
254915, 8549150, 8574431, 25281
254916, 8549160, 8578012, 28852
254918, 8549180, 8578026, 28846
254919, 8549190, 8578039, 28849
254920, 8549200, 8578052, 28852
254921, 8549210, 8578066, 28856
254922, 8549220, 8578079, 28859
254923, 8549230, 8578093, 28863
254924, 8549240, 8578106, 28866
254925, 8549250, 8578120, 28870
254926, 8549260, 8578133, 28873
254927, 8549270, 8578146, 28876
254929, 8549290, 8578160, 28870
254930, 8549300, 8578173, 28873
254931, 8549310, 8578187, 28877
254932, 8549320, 8578200, 28880
254933, 8549330, 8578214, 28884
254934, 8549340, 8578227, 28887
254935, 8549350, 8578241, 28891
254936, 8549360, 8578254, 28894
254937, 8549370, 8578267, 28897
254938, 8549380, 8578281, 28901
254940, 8549400, 8578294, 28894
254941, 8549410, 8578308, 28898
254942, 8549420, 8578321, 28901
254943, 8549430, 8578335, 28905
254944, 8549440, 8578348, 28908
254945, 8549450, 8578362, 28912
254946, 8549460, 8578375, 28915
254947, 8549470, 8578388, 28918
254948, 8549480, 8578402, 28922
254951, 8549510, 8578429, 28919
254952, 8549520, 8578442, 28922
254953, 8549530, 8578456, 28926
254954, 8549540, 8578469, 28929
254955, 8549550, 8578482, 28932
254956, 8549560, 8578496, 28936
254957, 8549570, 8578509, 28939
254958, 8549580, 8578523, 28943
254959, 8549590, 8578536, 28946
254961, 8549610, 8578550, 28940
254962, 8549620, 8578563, 28943
254963, 8549630, 8578577, 28947
254964, 8549640, 8578590, 28950
254965, 8549650, 8578603, 28953
254966, 8549660, 8578617, 28957
254967, 8549670, 8578630, 28960
254968, 8549680, 8578644, 28964
254969, 8549690, 8578657, 28967
254971, 8549710, 8578671, 28961
254972, 8549720, 8578684, 28964
254973, 8549730, 8578698, 28968
254974, 8549740, 8578711, 28971
254975, 8549750, 8578724, 28974
254976, 8549760, 8578738, 28978
254977, 8549770, 8578751, 28981
254978, 8549780, 8578765, 28985
254979, 8549790, 8578778, 28988
254980, 8549800, 8578792, 28992
254982, 8549820, 8578805, 28985
254983, 8549830, 8578818, 28988
254984, 8549840, 8578832, 28992
254985, 8549850, 8578845, 28995
254986, 8549860, 8578859, 28999
254987, 8549870, 8578872, 29002
254988, 8549880, 8578886, 29006
254989, 8549890, 8578899, 29009
254990, 8549900, 8578913, 29013
254991, 8549910, 8578926, 29016
254993, 8549930, 8578939, 29009
254994, 8549940, 8578953, 29013
254995, 8549950, 8578966, 29016
254996, 8549960, 8578980, 29020
254997, 8549970, 8578993, 29023
254998, 8549980, 8579007, 29027
254999, 8549990, 8579020, 29030
255402, 8554020, 8579047, 25027
255403, 8554030, 8579060, 25030
255404, 8554040, 8579074, 25034
255405, 8554050, 8579087, 25037
255406, 8554060, 8579101, 25041
255407, 8554070, 8579114, 25044
255408, 8554080, 8579128, 25048
255409, 8554090, 8579141, 25051
255410, 8554100, 8579154, 25054
255412, 8554120, 8579168, 25048
255413, 8554130, 8579181, 25051
255414, 8554140, 8579195, 25055
255415, 8554150, 8579208, 25058
255416, 8554160, 8579222, 25062
255417, 8554170, 8579235, 25065
255418, 8554180, 8579249, 25069
255419, 8554190, 8579262, 25072
255420, 8554200, 8579275, 25075
255421, 8554210, 8579289, 25079
255423, 8554230, 8579302, 25072
255424, 8554240, 8579316, 25076
255425, 8554250, 8579329, 25079
255426, 8554260, 8579343, 25083
255427, 8554270, 8579356, 25086
255428, 8554280, 8579370, 25090
255429, 8554290, 8579383, 25093
255430, 8554300, 8579396, 25096
255431, 8554310, 8579410, 25100
255433, 8554330, 8579423, 25093
255434, 8554340, 8579437, 25097
255435, 8554350, 8579450, 25100
255436, 8554360, 8579464, 25104
255437, 8554370, 8579477, 25107
255438, 8554380, 8579490, 25110
255439, 8554390, 8579504, 25114
255440, 8554400, 8579517, 25117
255441, 8554410, 8579531, 25121
255442, 8554420, 8579544, 25124
255444, 8554440, 8579558, 25118
255445, 8554450, 8579571, 25121
255446, 8554460, 8579585, 25125
255447, 8554470, 8579598, 25128
255448, 8554480, 8579611, 25131
255449, 8554490, 8579625, 25135
255451, 8554510, 8579652, 25142
255452, 8554520, 8579665, 25145
255453, 8554530, 8579679, 25149
255455, 8554550, 8579692, 25142
255456, 8554560, 8579706, 25146
255457, 8554570, 8579719, 25149
255458, 8554580, 8579732, 25152
255459, 8554590, 8579746, 25156
255460, 8554600, 8579759, 25159
255461, 8554610, 8579773, 25163
255462, 8554620, 8579786, 25166
255463, 8554630, 8579800, 25170
255465, 8554650, 8579813, 25163
255466, 8554660, 8579826, 25166
255467, 8554670, 8579840, 25170
255468, 8554680, 8579853, 25173
255469, 8554690, 8579867, 25177
255470, 8554700, 8579880, 25180
255471, 8554710, 8579894, 25184
255472, 8554720, 8579907, 25187
255473, 8554730, 8579921, 25191
255474, 8554740, 8579934, 25194
255476, 8554760, 8579947, 25187
255477, 8554770, 8579961, 25191
255478, 8554780, 8579974, 25194
255479, 8554790, 8579988, 25198
255480, 8554800, 8580001, 25201
255481, 8554810, 8580015, 25205
255482, 8554820, 8580028, 25208
255483, 8554830, 8580042, 25212
255484, 8554840, 8580055, 25215
255485, 8554850, 8580068, 25218
255487, 8554870, 8580082, 25212
255488, 8554880, 8580095, 25215
255489, 8554890, 8580109, 25219
255490, 8554900, 8580122, 25222
255491, 8554910, 8580136, 25226
255492, 8554920, 8580149, 25229
255493, 8554930, 8580162, 25232
255494, 8554940, 8580176, 25236
255495, 8554950, 8580189, 25239
255497, 8554970, 8580203, 25233
255498, 8554980, 8580216, 25236
255499, 8554990, 8580230, 25240
255501, 8555010, 8580257, 25247
255502, 8555020, 8580270, 25250
255503, 8555030, 8580283, 25253
255504, 8555040, 8580297, 25257
255505, 8555050, 8580310, 25260
255506, 8555060, 8580324, 25264
255508, 8555080, 8580337, 25257
255509, 8555090, 8580351, 25261
255510, 8555100, 8580364, 25264
255511, 8555110, 8580378, 25268
255512, 8555120, 8580391, 25271
255513, 8555130, 8580404, 25274
255514, 8555140, 8580418, 25278
255515, 8555150, 8580431, 25281
255516, 8555160, 8584012, 28852
255517, 8555170, 8584026, 28856
255519, 8555190, 8584039, 28849
255520, 8555200, 8584052, 28852
255521, 8555210, 8584066, 28856
255522, 8555220, 8584079, 28859
255523, 8555230, 8584093, 28863
255524, 8555240, 8584106, 28866
255525, 8555250, 8584120, 28870
255526, 8555260, 8584133, 28873
255527, 8555270, 8584146, 28876
255529, 8555290, 8584160, 28870
255530, 8555300, 8584173, 28873
255531, 8555310, 8584187, 28877
255532, 8555320, 8584200, 28880
255533, 8555330, 8584214, 28884
255534, 8555340, 8584227, 28887
255535, 8555350, 8584241, 28891
255536, 8555360, 8584254, 28894
255537, 8555370, 8584267, 28897
255538, 8555380, 8584281, 28901
255540, 8555400, 8584294, 28894
255541, 8555410, 8584308, 28898
255542, 8555420, 8584321, 28901
255543, 8555430, 8584335, 28905
255544, 8555440, 8584348, 28908
255545, 8555450, 8584362, 28912
255546, 8555460, 8584375, 28915
255547, 8555470, 8584388, 28918
255548, 8555480, 8584402, 28922
255551, 8555510, 8584429, 28919
255552, 8555520, 8584442, 28922
255553, 8555530, 8584456, 28926
255554, 8555540, 8584469, 28929
255555, 8555550, 8584482, 28932
255556, 8555560, 8584496, 28936
255557, 8555570, 8584509, 28939
255558, 8555580, 8584523, 28943
255559, 8555590, 8584536, 28946
255561, 8555610, 8584550, 28940
255562, 8555620, 8584563, 28943
255563, 8555630, 8584577, 28947
255564, 8555640, 8584590, 28950
255565, 8555650, 8584603, 28953
255566, 8555660, 8584617, 28957
255567, 8555670, 8584630, 28960
255568, 8555680, 8584644, 28964
255569, 8555690, 8584657, 28967
255570, 8555700, 8584671, 28971
255572, 8555720, 8584684, 28964
255573, 8555730, 8584698, 28968
255574, 8555740, 8584711, 28971
255575, 8555750, 8584724, 28974
255576, 8555760, 8584738, 28978
255577, 8555770, 8584751, 28981
255578, 8555780, 8584765, 28985
255579, 8555790, 8584778, 28988
255580, 8555800, 8584792, 28992
255582, 8555820, 8584805, 28985
255583, 8555830, 8584818, 28988
255584, 8555840, 8584832, 28992
255585, 8555850, 8584845, 28995
255586, 8555860, 8584859, 28999
255587, 8555870, 8584872, 29002
255588, 8555880, 8584886, 29006
255589, 8555890, 8584899, 29009
255590, 8555900, 8584913, 29013
255591, 8555910, 8584926, 29016
255593, 8555930, 8584939, 29009
255594, 8555940, 8584953, 29013
255595, 8555950, 8584966, 29016
255596, 8555960, 8584980, 29020
255597, 8555970, 8584993, 29023
255598, 8555980, 8585007, 29027
255599, 8555990, 8585020, 29030
256002, 8560020, 8585047, 25027
256003, 8560030, 8585060, 25030
256004, 8560040, 8585074, 25034
256005, 8560050, 8585087, 25037
256006, 8560060, 8585101, 25041
256007, 8560070, 8585114, 25044
256008, 8560080, 8585127, 25047
256009, 8560090, 8585141, 25051
256010, 8560100, 8585154, 25054
256012, 8560120, 8585168, 25048
256013, 8560130, 8585181, 25051
256014, 8560140, 8585195, 25055
256015, 8560150, 8585208, 25058
256016, 8560160, 8585222, 25062
256017, 8560170, 8585235, 25065
256018, 8560180, 8585248, 25068
256019, 8560190, 8585262, 25072
256020, 8560200, 8585275, 25075
256021, 8560210, 8585289, 25079
256023, 8560230, 8585302, 25072
256024, 8560240, 8585316, 25076
256025, 8560250, 8585329, 25079
256026, 8560260, 8585342, 25082
256027, 8560270, 8585356, 25086
256028, 8560280, 8585369, 25089
256029, 8560290, 8585383, 25093
256030, 8560300, 8585396, 25096
256031, 8560310, 8585410, 25100
256033, 8560330, 8585423, 25093
256034, 8560340, 8585437, 25097
256035, 8560350, 8585450, 25100
256036, 8560360, 8585463, 25103
256037, 8560370, 8585477, 25107
256038, 8560380, 8585490, 25110
256039, 8560390, 8585504, 25114
256040, 8560400, 8585517, 25117
256041, 8560410, 8585531, 25121
256042, 8560420, 8585544, 25124
256044, 8560440, 8585558, 25118
256045, 8560450, 8585571, 25121
256046, 8560460, 8585584, 25124
256047, 8560470, 8585598, 25128
256048, 8560480, 8585611, 25131
256049, 8560490, 8585625, 25135
256051, 8560510, 8585652, 25142
256052, 8560520, 8585665, 25145
256053, 8560530, 8585678, 25148
256055, 8560550, 8585692, 25142
256056, 8560560, 8585705, 25145
256057, 8560570, 8585719, 25149
256058, 8560580, 8585732, 25152
256059, 8560590, 8585746, 25156
256060, 8560600, 8585759, 25159
256061, 8560610, 8585773, 25163
256062, 8560620, 8585786, 25166
256063, 8560630, 8585799, 25169
256065, 8560650, 8585813, 25163
256066, 8560660, 8585826, 25166
256067, 8560670, 8585840, 25170
256068, 8560680, 8585853, 25173
256069, 8560690, 8585867, 25177
256070, 8560700, 8585880, 25180
256071, 8560710, 8585894, 25184
256072, 8560720, 8585907, 25187
256073, 8560730, 8585920, 25190
256074, 8560740, 8585934, 25194
256076, 8560760, 8585947, 25187
256077, 8560770, 8585961, 25191
256078, 8560780, 8585974, 25194
256079, 8560790, 8585988, 25198
256080, 8560800, 8586001, 25201
256081, 8560810, 8586014, 25204
256082, 8560820, 8586028, 25208
256083, 8560830, 8586041, 25211
256084, 8560840, 8586055, 25215
256085, 8560850, 8586068, 25218
256087, 8560870, 8586082, 25212
256088, 8560880, 8586095, 25215
256089, 8560890, 8586109, 25219
256090, 8560900, 8586122, 25222
256091, 8560910, 8586135, 25225
256092, 8560920, 8586149, 25229
256093, 8560930, 8586162, 25232
256094, 8560940, 8586176, 25236
256095, 8560950, 8586189, 25239
256097, 8560970, 8586203, 25233
256098, 8560980, 8586216, 25236
256099, 8560990, 8586230, 25240
256101, 8561010, 8586256, 25246
256102, 8561020, 8586270, 25250
256103, 8561030, 8586283, 25253
256104, 8561040, 8586297, 25257
256105, 8561050, 8586310, 25260
256106, 8561060, 8586324, 25264
256108, 8561080, 8586337, 25257
256109, 8561090, 8586350, 25260
256110, 8561100, 8586364, 25264
256111, 8561110, 8586377, 25267
256112, 8561120, 8586391, 25271
256113, 8561130, 8586404, 25274
256114, 8561140, 8586418, 25278
256115, 8561150, 8586431, 25281
256116, 8561160, 8590012, 28852
256118, 8561180, 8590026, 28846
256119, 8561190, 8590039, 28849
256120, 8561200, 8590052, 28852
256121, 8561210, 8590066, 28856
256122, 8561220, 8590079, 28859
256123, 8561230, 8590093, 28863
256124, 8561240, 8590106, 28866
256125, 8561250, 8590120, 28870
256126, 8561260, 8590133, 28873
256127, 8561270, 8590146, 28876
256129, 8561290, 8590160, 28870
256130, 8561300, 8590173, 28873
256131, 8561310, 8590187, 28877
256132, 8561320, 8590200, 28880
256133, 8561330, 8590214, 28884
256134, 8561340, 8590227, 28887
256135, 8561350, 8590241, 28891
256136, 8561360, 8590254, 28894
256137, 8561370, 8590267, 28897
256138, 8561380, 8590281, 28901
256140, 8561400, 8590294, 28894
256141, 8561410, 8590308, 28898
256142, 8561420, 8590321, 28901
256143, 8561430, 8590335, 28905
256144, 8561440, 8590348, 28908
256145, 8561450, 8590362, 28912
256146, 8561460, 8590375, 28915
256147, 8561470, 8590388, 28918
256148, 8561480, 8590402, 28922
256151, 8561510, 8590429, 28919
256152, 8561520, 8590442, 28922
256153, 8561530, 8590456, 28926
256154, 8561540, 8590469, 28929
256155, 8561550, 8590482, 28932
256156, 8561560, 8590496, 28936
256157, 8561570, 8590509, 28939
256158, 8561580, 8590523, 28943
256159, 8561590, 8590536, 28946
256161, 8561610, 8590550, 28940
256162, 8561620, 8590563, 28943
256163, 8561630, 8590577, 28947
256164, 8561640, 8590590, 28950
256165, 8561650, 8590603, 28953
256166, 8561660, 8590617, 28957
256167, 8561670, 8590630, 28960
256168, 8561680, 8590644, 28964
256169, 8561690, 8590657, 28967
256171, 8561710, 8590671, 28961
256172, 8561720, 8590684, 28964
256173, 8561730, 8590698, 28968
256174, 8561740, 8590711, 28971
256175, 8561750, 8590724, 28974
256176, 8561760, 8590738, 28978
256177, 8561770, 8590751, 28981
256178, 8561780, 8590765, 28985
256179, 8561790, 8590778, 28988
256180, 8561800, 8590792, 28992
256182, 8561820, 8590805, 28985
256183, 8561830, 8590818, 28988
256184, 8561840, 8590832, 28992
256185, 8561850, 8590845, 28995
256186, 8561860, 8590859, 28999
256187, 8561870, 8590872, 29002
256188, 8561880, 8590886, 29006
256189, 8561890, 8590899, 29009
256190, 8561900, 8590913, 29013
256191, 8561910, 8590926, 29016
256193, 8561930, 8590939, 29009
256194, 8561940, 8590953, 29013
256195, 8561950, 8590966, 29016
256196, 8561960, 8590980, 29020
256197, 8561970, 8590993, 29023
256198, 8561980, 8591007, 29027
256199, 8561990, 8591020, 29030
256602, 8566020, 8591047, 25027
256603, 8566030, 8591060, 25030
256604, 8566040, 8591074, 25034
256605, 8566050, 8591087, 25037
256606, 8566060, 8591101, 25041
256607, 8566070, 8591114, 25044
256608, 8566080, 8591128, 25048
256609, 8566090, 8591141, 25051
256610, 8566100, 8591154, 25054
256612, 8566120, 8591168, 25048
256613, 8566130, 8591181, 25051
256614, 8566140, 8591195, 25055
256615, 8566150, 8591208, 25058
256616, 8566160, 8591222, 25062
256617, 8566170, 8591235, 25065
256618, 8566180, 8591249, 25069
256619, 8566190, 8591262, 25072
256620, 8566200, 8591275, 25075
256621, 8566210, 8591289, 25079
256623, 8566230, 8591302, 25072
256624, 8566240, 8591316, 25076
256625, 8566250, 8591329, 25079
256626, 8566260, 8591343, 25083
256627, 8566270, 8591356, 25086
256628, 8566280, 8591370, 25090
256629, 8566290, 8591383, 25093
256630, 8566300, 8591396, 25096
256631, 8566310, 8591410, 25100
256633, 8566330, 8591423, 25093
256634, 8566340, 8591437, 25097
256635, 8566350, 8591450, 25100
256636, 8566360, 8591464, 25104
256637, 8566370, 8591477, 25107
256638, 8566380, 8591490, 25110
256639, 8566390, 8591504, 25114
256640, 8566400, 8591517, 25117
256641, 8566410, 8591531, 25121
256642, 8566420, 8591544, 25124
256644, 8566440, 8591558, 25118
256645, 8566450, 8591571, 25121
256646, 8566460, 8591585, 25125
256647, 8566470, 8591598, 25128
256648, 8566480, 8591611, 25131
256649, 8566490, 8591625, 25135
256651, 8566510, 8591652, 25142
256652, 8566520, 8591665, 25145
256653, 8566530, 8591679, 25149
256655, 8566550, 8591692, 25142
256656, 8566560, 8591706, 25146
256657, 8566570, 8591719, 25149
256658, 8566580, 8591732, 25152
256659, 8566590, 8591746, 25156
256660, 8566600, 8591759, 25159
256661, 8566610, 8591773, 25163
256662, 8566620, 8591786, 25166
256663, 8566630, 8591800, 25170
256665, 8566650, 8591813, 25163
256666, 8566660, 8591826, 25166
256667, 8566670, 8591840, 25170
256668, 8566680, 8591853, 25173
256669, 8566690, 8591867, 25177
256670, 8566700, 8591880, 25180
256671, 8566710, 8591894, 25184
256672, 8566720, 8591907, 25187
256673, 8566730, 8591921, 25191
256674, 8566740, 8591934, 25194
256676, 8566760, 8591947, 25187
256677, 8566770, 8591961, 25191
256678, 8566780, 8591974, 25194
256679, 8566790, 8591988, 25198
256680, 8566800, 8592001, 25201
256681, 8566810, 8592015, 25205
256682, 8566820, 8592028, 25208
256683, 8566830, 8592042, 25212
256684, 8566840, 8592055, 25215
256685, 8566850, 8592068, 25218
256687, 8566870, 8592082, 25212
256688, 8566880, 8592095, 25215
256689, 8566890, 8592109, 25219
256690, 8566900, 8592122, 25222
256691, 8566910, 8592136, 25226
256692, 8566920, 8592149, 25229
256693, 8566930, 8592162, 25232
256694, 8566940, 8592176, 25236
256695, 8566950, 8592189, 25239
256697, 8566970, 8592203, 25233
256698, 8566980, 8592216, 25236
256699, 8566990, 8592230, 25240
256701, 8567010, 8592257, 25247
256702, 8567020, 8592270, 25250
256703, 8567030, 8592283, 25253
256704, 8567040, 8592297, 25257
256705, 8567050, 8592310, 25260
256706, 8567060, 8592324, 25264
256708, 8567080, 8592337, 25257
256709, 8567090, 8592351, 25261
256710, 8567100, 8592364, 25264
256711, 8567110, 8592378, 25268
256712, 8567120, 8592391, 25271
256713, 8567130, 8592404, 25274
256714, 8567140, 8592418, 25278
256715, 8567150, 8592431, 25281
256716, 8567160, 8596012, 28852
256718, 8567180, 8596026, 28846
256719, 8567190, 8596039, 28849
256720, 8567200, 8596052, 28852
256721, 8567210, 8596066, 28856
256722, 8567220, 8596079, 28859
256723, 8567230, 8596093, 28863
256724, 8567240, 8596106, 28866
256725, 8567250, 8596120, 28870
256726, 8567260, 8596133, 28873
256727, 8567270, 8596146, 28876
256729, 8567290, 8596160, 28870
256730, 8567300, 8596173, 28873
256731, 8567310, 8596187, 28877
256732, 8567320, 8596200, 28880
256733, 8567330, 8596214, 28884
256734, 8567340, 8596227, 28887
256735, 8567350, 8596241, 28891
256736, 8567360, 8596254, 28894
256737, 8567370, 8596267, 28897
256738, 8567380, 8596281, 28901
256740, 8567400, 8596294, 28894
256741, 8567410, 8596308, 28898
256742, 8567420, 8596321, 28901
256743, 8567430, 8596335, 28905
256744, 8567440, 8596348, 28908
256745, 8567450, 8596362, 28912
256746, 8567460, 8596375, 28915
256747, 8567470, 8596388, 28918
256748, 8567480, 8596402, 28922
256751, 8567510, 8596429, 28919
256752, 8567520, 8596442, 28922
256753, 8567530, 8596456, 28926
256754, 8567540, 8596469, 28929
256755, 8567550, 8596482, 28932
256756, 8567560, 8596496, 28936
256757, 8567570, 8596509, 28939
256758, 8567580, 8596523, 28943
256759, 8567590, 8596536, 28946
256761, 8567610, 8596550, 28940
256762, 8567620, 8596563, 28943
256763, 8567630, 8596577, 28947
256764, 8567640, 8596590, 28950
256765, 8567650, 8596603, 28953
256766, 8567660, 8596617, 28957
256767, 8567670, 8596630, 28960
256768, 8567680, 8596644, 28964
256769, 8567690, 8596657, 28967
256771, 8567710, 8596671, 28961
256772, 8567720, 8596684, 28964
256773, 8567730, 8596698, 28968
256774, 8567740, 8596711, 28971
256775, 8567750, 8596724, 28974
256776, 8567760, 8596738, 28978
256777, 8567770, 8596751, 28981
256778, 8567780, 8596765, 28985
256779, 8567790, 8596778, 28988
256780, 8567800, 8596792, 28992
256782, 8567820, 8596805, 28985
256783, 8567830, 8596818, 28988
256784, 8567840, 8596832, 28992
256785, 8567850, 8596845, 28995
256786, 8567860, 8596859, 28999
256787, 8567870, 8596872, 29002
256788, 8567880, 8596886, 29006
256789, 8567890, 8596899, 29009
256790, 8567900, 8596913, 29013
256791, 8567910, 8596926, 29016
256793, 8567930, 8596939, 29009
256794, 8567940, 8596953, 29013
256795, 8567950, 8596966, 29016
256796, 8567960, 8596980, 29020
256797, 8567970, 8596993, 29023
256798, 8567980, 8597007, 29027
256799, 8567990, 8597020, 29030
257202, 8572020, 8597047, 25027
257203, 8572030, 8597060, 25030
257204, 8572040, 8597074, 25034
257205, 8572050, 8597087, 25037
257206, 8572060, 8597101, 25041
257207, 8572070, 8597114, 25044
257208, 8572080, 8597128, 25048
257209, 8572090, 8597141, 25051
257210, 8572100, 8597154, 25054
257212, 8572120, 8597168, 25048
257213, 8572130, 8597181, 25051
257214, 8572140, 8597195, 25055
257215, 8572150, 8597208, 25058
257216, 8572160, 8597222, 25062
257217, 8572170, 8597235, 25065
257218, 8572180, 8597249, 25069
257219, 8572190, 8597262, 25072
257220, 8572200, 8597275, 25075
257221, 8572210, 8597289, 25079
257223, 8572230, 8597302, 25072
257224, 8572240, 8597316, 25076
257225, 8572250, 8597329, 25079
257226, 8572260, 8597343, 25083
257227, 8572270, 8597356, 25086
257228, 8572280, 8597370, 25090
257229, 8572290, 8597383, 25093
257230, 8572300, 8597396, 25096
257231, 8572310, 8597410, 25100
257233, 8572330, 8597423, 25093
257234, 8572340, 8597437, 25097
257235, 8572350, 8597450, 25100
257236, 8572360, 8597464, 25104
257237, 8572370, 8597477, 25107
257238, 8572380, 8597490, 25110
257239, 8572390, 8597504, 25114
257240, 8572400, 8597517, 25117
257241, 8572410, 8597531, 25121
257242, 8572420, 8597544, 25124
257244, 8572440, 8597558, 25118
257245, 8572450, 8597571, 25121
257246, 8572460, 8597585, 25125
257247, 8572470, 8597598, 25128
257248, 8572480, 8597611, 25131
257249, 8572490, 8597625, 25135
257251, 8572510, 8597652, 25142
257252, 8572520, 8597665, 25145
257253, 8572530, 8597679, 25149
257255, 8572550, 8597692, 25142
257256, 8572560, 8597706, 25146
257257, 8572570, 8597719, 25149
257258, 8572580, 8597732, 25152
257259, 8572590, 8597746, 25156
257260, 8572600, 8597759, 25159
257261, 8572610, 8597773, 25163
257262, 8572620, 8597786, 25166
257263, 8572630, 8597800, 25170
257265, 8572650, 8597813, 25163
257266, 8572660, 8597826, 25166
257267, 8572670, 8597840, 25170
257268, 8572680, 8597853, 25173
257269, 8572690, 8597867, 25177
257270, 8572700, 8597880, 25180
257271, 8572710, 8597894, 25184
257272, 8572720, 8597907, 25187
257273, 8572730, 8597921, 25191
257274, 8572740, 8597934, 25194
257276, 8572760, 8597947, 25187
257277, 8572770, 8597961, 25191
257278, 8572780, 8597974, 25194
257279, 8572790, 8597988, 25198
257280, 8572800, 8598001, 25201
257281, 8572810, 8598015, 25205
257282, 8572820, 8598028, 25208
257283, 8572830, 8598042, 25212
257284, 8572840, 8598055, 25215
257285, 8572850, 8598068, 25218
257287, 8572870, 8598082, 25212
257288, 8572880, 8598095, 25215
257289, 8572890, 8598109, 25219
257290, 8572900, 8598122, 25222
257291, 8572910, 8598136, 25226
257292, 8572920, 8598149, 25229
257293, 8572930, 8598162, 25232
257294, 8572940, 8598176, 25236
257295, 8572950, 8598189, 25239
257297, 8572970, 8598203, 25233
257298, 8572980, 8598216, 25236
257299, 8572990, 8598230, 25240
257301, 8573010, 8598257, 25247
257302, 8573020, 8598270, 25250
257303, 8573030, 8598283, 25253
257304, 8573040, 8598297, 25257
257305, 8573050, 8598310, 25260
257306, 8573060, 8598324, 25264
257308, 8573080, 8598337, 25257
257309, 8573090, 8598351, 25261
257310, 8573100, 8598364, 25264
257311, 8573110, 8598378, 25268
257312, 8573120, 8598391, 25271
257313, 8573130, 8598404, 25274
257314, 8573140, 8598418, 25278
257315, 8573150, 8598431, 25281
257316, 8573160, 8602012, 28852
257318, 8573180, 8602026, 28846
257319, 8573190, 8602039, 28849
257320, 8573200, 8602052, 28852
257321, 8573210, 8602066, 28856
257322, 8573220, 8602079, 28859
257323, 8573230, 8602093, 28863
257324, 8573240, 8602106, 28866
257325, 8573250, 8602120, 28870
257326, 8573260, 8602133, 28873
257327, 8573270, 8602146, 28876
257329, 8573290, 8602160, 28870
257330, 8573300, 8602173, 28873
257331, 8573310, 8602187, 28877
257332, 8573320, 8602200, 28880
257333, 8573330, 8602214, 28884
257334, 8573340, 8602227, 28887
257335, 8573350, 8602241, 28891
257336, 8573360, 8602254, 28894
257337, 8573370, 8602267, 28897
257338, 8573380, 8602281, 28901
257340, 8573400, 8602294, 28894
257341, 8573410, 8602308, 28898
257342, 8573420, 8602321, 28901
257343, 8573430, 8602335, 28905
257344, 8573440, 8602348, 28908
257345, 8573450, 8602362, 28912
257346, 8573460, 8602375, 28915
257347, 8573470, 8602388, 28918
257348, 8573480, 8602402, 28922
257351, 8573510, 8602429, 28919
257352, 8573520, 8602442, 28922
257353, 8573530, 8602456, 28926
257354, 8573540, 8602469, 28929
257355, 8573550, 8602482, 28932
257356, 8573560, 8602496, 28936
257357, 8573570, 8602509, 28939
257358, 8573580, 8602523, 28943
257359, 8573590, 8602536, 28946
257361, 8573610, 8602550, 28940
257362, 8573620, 8602563, 28943
257363, 8573630, 8602577, 28947
257364, 8573640, 8602590, 28950
257365, 8573650, 8602603, 28953
257366, 8573660, 8602617, 28957
257367, 8573670, 8602630, 28960
257368, 8573680, 8602644, 28964
257369, 8573690, 8602657, 28967
257371, 8573710, 8602671, 28961
257372, 8573720, 8602684, 28964
257373, 8573730, 8602698, 28968
257374, 8573740, 8602711, 28971
257375, 8573750, 8602724, 28974
257376, 8573760, 8602738, 28978
257377, 8573770, 8602751, 28981
257378, 8573780, 8602765, 28985
257379, 8573790, 8602778, 28988
257380, 8573800, 8602792, 28992
257382, 8573820, 8602805, 28985
257383, 8573830, 8602818, 28988
257384, 8573840, 8602832, 28992
257385, 8573850, 8602845, 28995
257386, 8573860, 8602859, 28999
257387, 8573870, 8602872, 29002
257388, 8573880, 8602886, 29006
257389, 8573890, 8602899, 29009
257390, 8573900, 8602913, 29013
257391, 8573910, 8602926, 29016
257393, 8573930, 8602939, 29009
257394, 8573940, 8602953, 29013
257395, 8573950, 8602966, 29016
257396, 8573960, 8602980, 29020
257397, 8573970, 8602993, 29023
257398, 8573980, 8603007, 29027
257399, 8573990, 8603020, 29030
257802, 8578020, 8603047, 25027
257803, 8578030, 8603060, 25030
257804, 8578040, 8603074, 25034
257805, 8578050, 8603087, 25037
257806, 8578060, 8603101, 25041
257807, 8578070, 8603114, 25044
257808, 8578080, 8603128, 25048
257809, 8578090, 8603141, 25051
257810, 8578100, 8603154, 25054
257812, 8578120, 8603168, 25048
257813, 8578130, 8603181, 25051
257814, 8578140, 8603195, 25055
257815, 8578150, 8603208, 25058
257816, 8578160, 8603222, 25062
257817, 8578170, 8603235, 25065
257818, 8578180, 8603249, 25069
257819, 8578190, 8603262, 25072
257820, 8578200, 8603275, 25075
257821, 8578210, 8603289, 25079
257823, 8578230, 8603302, 25072
257824, 8578240, 8603316, 25076
257825, 8578250, 8603329, 25079
257826, 8578260, 8603343, 25083
257827, 8578270, 8603356, 25086
257828, 8578280, 8603370, 25090
257829, 8578290, 8603383, 25093
257830, 8578300, 8603396, 25096
257831, 8578310, 8603410, 25100
257833, 8578330, 8603423, 25093
257834, 8578340, 8603437, 25097
257835, 8578350, 8603450, 25100
257836, 8578360, 8603464, 25104
257837, 8578370, 8603477, 25107
257838, 8578380, 8603490, 25110
257839, 8578390, 8603504, 25114
257840, 8578400, 8603517, 25117
257841, 8578410, 8603531, 25121
257842, 8578420, 8603544, 25124
257844, 8578440, 8603558, 25118
257845, 8578450, 8603571, 25121
257846, 8578460, 8603585, 25125
257847, 8578470, 8603598, 25128
257848, 8578480, 8603611, 25131
257849, 8578490, 8603625, 25135
257851, 8578510, 8603652, 25142
257852, 8578520, 8603665, 25145
257853, 8578530, 8603679, 25149
257855, 8578550, 8603692, 25142
257856, 8578560, 8603706, 25146
257857, 8578570, 8603719, 25149
257858, 8578580, 8603732, 25152
257859, 8578590, 8603746, 25156
257860, 8578600, 8603759, 25159
257861, 8578610, 8603773, 25163
257862, 8578620, 8603786, 25166
257863, 8578630, 8603800, 25170
257865, 8578650, 8603813, 25163
257866, 8578660, 8603826, 25166
257867, 8578670, 8603840, 25170
257868, 8578680, 8603853, 25173
257869, 8578690, 8603867, 25177
257870, 8578700, 8603880, 25180
257871, 8578710, 8603894, 25184
257872, 8578720, 8603907, 25187
257873, 8578730, 8603921, 25191
257874, 8578740, 8603934, 25194
257876, 8578760, 8603947, 25187
257877, 8578770, 8603961, 25191
257878, 8578780, 8603974, 25194
257879, 8578790, 8603988, 25198
257880, 8578800, 8604001, 25201
257881, 8578810, 8604015, 25205
257882, 8578820, 8604028, 25208
257883, 8578830, 8604042, 25212
257884, 8578840, 8604055, 25215
257885, 8578850, 8604068, 25218
257887, 8578870, 8604082, 25212
257888, 8578880, 8604095, 25215
257889, 8578890, 8604109, 25219
257890, 8578900, 8604122, 25222
257891, 8578910, 8604136, 25226
257892, 8578920, 8604149, 25229
257893, 8578930, 8604162, 25232
257894, 8578940, 8604176, 25236
257895, 8578950, 8604189, 25239
257897, 8578970, 8604203, 25233
257898, 8578980, 8604216, 25236
257899, 8578990, 8604230, 25240
257901, 8579010, 8604257, 25247
257902, 8579020, 8604270, 25250
257903, 8579030, 8604283, 25253
257904, 8579040, 8604297, 25257
257905, 8579050, 8604310, 25260
257906, 8579060, 8604324, 25264
257908, 8579080, 8604337, 25257
257909, 8579090, 8604351, 25261
257910, 8579100, 8604364, 25264
257911, 8579110, 8604378, 25268
257912, 8579120, 8604391, 25271
257913, 8579130, 8604404, 25274
257914, 8579140, 8604418, 25278
257915, 8579150, 8604431, 25281
257916, 8579160, 8608012, 28852
257918, 8579180, 8608026, 28846
257919, 8579190, 8608039, 28849
257920, 8579200, 8608052, 28852
257921, 8579210, 8608066, 28856
257922, 8579220, 8608079, 28859
257923, 8579230, 8608093, 28863
257924, 8579240, 8608106, 28866
257925, 8579250, 8608120, 28870
257926, 8579260, 8608133, 28873
257927, 8579270, 8608146, 28876
257929, 8579290, 8608160, 28870
257930, 8579300, 8608173, 28873
257931, 8579310, 8608187, 28877
257932, 8579320, 8608200, 28880
257933, 8579330, 8608214, 28884
257934, 8579340, 8608227, 28887
257935, 8579350, 8608241, 28891
257936, 8579360, 8608254, 28894
257937, 8579370, 8608267, 28897
257938, 8579380, 8608281, 28901
257940, 8579400, 8608294, 28894
257941, 8579410, 8608308, 28898
257942, 8579420, 8608321, 28901
257943, 8579430, 8608335, 28905
257944, 8579440, 8608348, 28908
257945, 8579450, 8608362, 28912
257946, 8579460, 8608375, 28915
257947, 8579470, 8608388, 28918
257948, 8579480, 8608402, 28922
257951, 8579510, 8608429, 28919
257952, 8579520, 8608442, 28922
257953, 8579530, 8608456, 28926
257954, 8579540, 8608469, 28929
257955, 8579550, 8608482, 28932
257956, 8579560, 8608496, 28936
257957, 8579570, 8608509, 28939
257958, 8579580, 8608523, 28943
257959, 8579590, 8608536, 28946
257961, 8579610, 8608550, 28940
257962, 8579620, 8608563, 28943
257963, 8579630, 8608577, 28947
257964, 8579640, 8608590, 28950
257965, 8579650, 8608603, 28953
257966, 8579660, 8608617, 28957
257967, 8579670, 8608630, 28960
257968, 8579680, 8608644, 28964
257969, 8579690, 8608657, 28967
257971, 8579710, 8608671, 28961
257972, 8579720, 8608684, 28964
257973, 8579730, 8608698, 28968
257974, 8579740, 8608711, 28971
257975, 8579750, 8608724, 28974
257976, 8579760, 8608738, 28978
257977, 8579770, 8608751, 28981
257978, 8579780, 8608765, 28985
257979, 8579790, 8608778, 28988
257980, 8579800, 8608792, 28992
257982, 8579820, 8608805, 28985
257983, 8579830, 8608818, 28988
257984, 8579840, 8608832, 28992
257985, 8579850, 8608845, 28995
257986, 8579860, 8608859, 28999
257987, 8579870, 8608872, 29002
257988, 8579880, 8608886, 29006
257989, 8579890, 8608899, 29009
257990, 8579900, 8608913, 29013
257991, 8579910, 8608926, 29016
257993, 8579930, 8608939, 29009
257994, 8579940, 8608953, 29013
257995, 8579950, 8608966, 29016
257996, 8579960, 8608980, 29020
257997, 8579970, 8608993, 29023
257998, 8579980, 8609007, 29027
257999, 8579990, 8609020, 29030
258402, 8584020, 8609047, 25027
258403, 8584030, 8609060, 25030
258404, 8584040, 8609074, 25034
258405, 8584050, 8609087, 25037
258406, 8584060, 8609101, 25041
258407, 8584070, 8609114, 25044
258408, 8584080, 8609128, 25048
258409, 8584090, 8609141, 25051
258410, 8584100, 8609154, 25054
258412, 8584120, 8609168, 25048
258413, 8584130, 8609181, 25051
258414, 8584140, 8609195, 25055
258415, 8584150, 8609208, 25058
258416, 8584160, 8609222, 25062
258417, 8584170, 8609235, 25065
258418, 8584180, 8609249, 25069
258419, 8584190, 8609262, 25072
258420, 8584200, 8609275, 25075
258421, 8584210, 8609289, 25079
258423, 8584230, 8609302, 25072
258424, 8584240, 8609316, 25076
258425, 8584250, 8609329, 25079
258426, 8584260, 8609343, 25083
258427, 8584270, 8609356, 25086
258428, 8584280, 8609370, 25090
258429, 8584290, 8609383, 25093
258430, 8584300, 8609396, 25096
258431, 8584310, 8609410, 25100
258433, 8584330, 8609423, 25093
258434, 8584340, 8609437, 25097
258435, 8584350, 8609450, 25100
258436, 8584360, 8609464, 25104
258437, 8584370, 8609477, 25107
258438, 8584380, 8609490, 25110
258439, 8584390, 8609504, 25114
258440, 8584400, 8609517, 25117
258441, 8584410, 8609531, 25121
258442, 8584420, 8609544, 25124
258444, 8584440, 8609558, 25118
258445, 8584450, 8609571, 25121
258446, 8584460, 8609585, 25125
258447, 8584470, 8609598, 25128
258448, 8584480, 8609611, 25131
258449, 8584490, 8609625, 25135
258451, 8584510, 8609652, 25142
258452, 8584520, 8609665, 25145
258453, 8584530, 8609679, 25149
258455, 8584550, 8609692, 25142
258456, 8584560, 8609706, 25146
258457, 8584570, 8609719, 25149
258458, 8584580, 8609732, 25152
258459, 8584590, 8609746, 25156
258460, 8584600, 8609759, 25159
258461, 8584610, 8609773, 25163
258462, 8584620, 8609786, 25166
258463, 8584630, 8609800, 25170
258465, 8584650, 8609813, 25163
258466, 8584660, 8609826, 25166
258467, 8584670, 8609840, 25170
258468, 8584680, 8609853, 25173
258469, 8584690, 8609867, 25177
258470, 8584700, 8609880, 25180
258471, 8584710, 8609894, 25184
258472, 8584720, 8609907, 25187
258473, 8584730, 8609921, 25191
258474, 8584740, 8609934, 25194
258476, 8584760, 8609947, 25187
258477, 8584770, 8609961, 25191
258478, 8584780, 8609974, 25194
258479, 8584790, 8609988, 25198
258480, 8584800, 8610001, 25201
258481, 8584810, 8610015, 25205
258482, 8584820, 8610028, 25208
258483, 8584830, 8610042, 25212
258484, 8584840, 8610055, 25215
258485, 8584850, 8610068, 25218
258487, 8584870, 8610082, 25212
258488, 8584880, 8610095, 25215
258489, 8584890, 8610109, 25219
258490, 8584900, 8610122, 25222
258491, 8584910, 8610136, 25226
258492, 8584920, 8610149, 25229
258493, 8584930, 8610162, 25232
258494, 8584940, 8610176, 25236
258495, 8584950, 8610189, 25239
258497, 8584970, 8610203, 25233
258498, 8584980, 8610216, 25236
258499, 8584990, 8610230, 25240
258501, 8585010, 8610257, 25247
258502, 8585020, 8610270, 25250
258503, 8585030, 8610283, 25253
258504, 8585040, 8610297, 25257
258505, 8585050, 8610310, 25260
258506, 8585060, 8610324, 25264
258508, 8585080, 8610337, 25257
258509, 8585090, 8610351, 25261
258510, 8585100, 8610364, 25264
258511, 8585110, 8610378, 25268
258512, 8585120, 8610391, 25271
258513, 8585130, 8610404, 25274
258514, 8585140, 8610418, 25278
258515, 8585150, 8610431, 25281
258516, 8585160, 8614012, 28852
258517, 8585170, 8614026, 28856
258519, 8585190, 8614039, 28849
258520, 8585200, 8614052, 28852
258521, 8585210, 8614066, 28856
258522, 8585220, 8614079, 28859
258523, 8585230, 8614093, 28863
258524, 8585240, 8614106, 28866
258525, 8585250, 8614120, 28870
258526, 8585260, 8614133, 28873
258527, 8585270, 8614146, 28876
258529, 8585290, 8614160, 28870
258530, 8585300, 8614173, 28873
258531, 8585310, 8614187, 28877
258532, 8585320, 8614200, 28880
258533, 8585330, 8614214, 28884
258534, 8585340, 8614227, 28887
258535, 8585350, 8614241, 28891
258536, 8585360, 8614254, 28894
258537, 8585370, 8614267, 28897
258538, 8585380, 8614281, 28901
258540, 8585400, 8614294, 28894
258541, 8585410, 8614308, 28898
258542, 8585420, 8614321, 28901
258543, 8585430, 8614335, 28905
258544, 8585440, 8614348, 28908
258545, 8585450, 8614362, 28912
258546, 8585460, 8614375, 28915
258547, 8585470, 8614388, 28918
258548, 8585480, 8614402, 28922
258551, 8585510, 8614429, 28919
258552, 8585520, 8614442, 28922
258553, 8585530, 8614456, 28926
258554, 8585540, 8614469, 28929
258555, 8585550, 8614482, 28932
258556, 8585560, 8614496, 28936
258557, 8585570, 8614509, 28939
258558, 8585580, 8614523, 28943
258559, 8585590, 8614536, 28946
258561, 8585610, 8614550, 28940
258562, 8585620, 8614563, 28943
258563, 8585630, 8614577, 28947
258564, 8585640, 8614590, 28950
258565, 8585650, 8614603, 28953
258566, 8585660, 8614617, 28957
258567, 8585670, 8614630, 28960
258568, 8585680, 8614644, 28964
258569, 8585690, 8614657, 28967
258570, 8585700, 8614671, 28971
258572, 8585720, 8614684, 28964
258573, 8585730, 8614698, 28968
258574, 8585740, 8614711, 28971
258575, 8585750, 8614724, 28974
258576, 8585760, 8614738, 28978
258577, 8585770, 8614751, 28981
258578, 8585780, 8614765, 28985
258579, 8585790, 8614778, 28988
258580, 8585800, 8614792, 28992
258582, 8585820, 8614805, 28985
258583, 8585830, 8614818, 28988
258584, 8585840, 8614832, 28992
258585, 8585850, 8614845, 28995
258586, 8585860, 8614859, 28999
258587, 8585870, 8614872, 29002
258588, 8585880, 8614886, 29006
258589, 8585890, 8614899, 29009
258590, 8585900, 8614913, 29013
258591, 8585910, 8614926, 29016
258593, 8585930, 8614939, 29009
258594, 8585940, 8614953, 29013
258595, 8585950, 8614966, 29016
258596, 8585960, 8614980, 29020
258597, 8585970, 8614993, 29023
258598, 8585980, 8615007, 29027
258599, 8585990, 8615020, 29030
259002, 8590020, 8615047, 25027
259003, 8590030, 8615060, 25030
259004, 8590040, 8615074, 25034
259005, 8590050, 8615087, 25037
259006, 8590060, 8615101, 25041
259007, 8590070, 8615114, 25044
259008, 8590080, 8615127, 25047
259009, 8590090, 8615141, 25051
259010, 8590100, 8615154, 25054
259012, 8590120, 8615168, 25048
259013, 8590130, 8615181, 25051
259014, 8590140, 8615195, 25055
259015, 8590150, 8615208, 25058
259016, 8590160, 8615222, 25062
259017, 8590170, 8615235, 25065
259018, 8590180, 8615248, 25068
259019, 8590190, 8615262, 25072
259020, 8590200, 8615275, 25075
259021, 8590210, 8615289, 25079
259023, 8590230, 8615302, 25072
259024, 8590240, 8615316, 25076
259025, 8590250, 8615329, 25079
259026, 8590260, 8615342, 25082
259027, 8590270, 8615356, 25086
259028, 8590280, 8615369, 25089
259029, 8590290, 8615383, 25093
259030, 8590300, 8615396, 25096
259031, 8590310, 8615410, 25100
259033, 8590330, 8615423, 25093
259034, 8590340, 8615437, 25097
259035, 8590350, 8615450, 25100
259036, 8590360, 8615463, 25103
259037, 8590370, 8615477, 25107
259038, 8590380, 8615490, 25110
259039, 8590390, 8615504, 25114
259040, 8590400, 8615517, 25117
259041, 8590410, 8615531, 25121
259042, 8590420, 8615544, 25124
259044, 8590440, 8615558, 25118
259045, 8590450, 8615571, 25121
259046, 8590460, 8615584, 25124
259047, 8590470, 8615598, 25128
259048, 8590480, 8615611, 25131
259049, 8590490, 8615625, 25135
259051, 8590510, 8615652, 25142
259052, 8590520, 8615665, 25145
259053, 8590530, 8615678, 25148
259055, 8590550, 8615692, 25142
259056, 8590560, 8615705, 25145
259057, 8590570, 8615719, 25149
259058, 8590580, 8615732, 25152
259059, 8590590, 8615746, 25156
259060, 8590600, 8615759, 25159
259061, 8590610, 8615773, 25163
259062, 8590620, 8615786, 25166
259063, 8590630, 8615799, 25169
259065, 8590650, 8615813, 25163
259066, 8590660, 8615826, 25166
259067, 8590670, 8615840, 25170
259068, 8590680, 8615853, 25173
259069, 8590690, 8615867, 25177
259070, 8590700, 8615880, 25180
259071, 8590710, 8615894, 25184
259072, 8590720, 8615907, 25187
259073, 8590730, 8615920, 25190
259074, 8590740, 8615934, 25194
259076, 8590760, 8615947, 25187
259077, 8590770, 8615961, 25191
259078, 8590780, 8615974, 25194
259079, 8590790, 8615988, 25198
259080, 8590800, 8616001, 25201
259081, 8590810, 8616014, 25204
259082, 8590820, 8616028, 25208
259083, 8590830, 8616041, 25211
259084, 8590840, 8616055, 25215
259085, 8590850, 8616068, 25218
259087, 8590870, 8616082, 25212
259088, 8590880, 8616095, 25215
259089, 8590890, 8616109, 25219
259090, 8590900, 8616122, 25222
259091, 8590910, 8616135, 25225
259092, 8590920, 8616149, 25229
259093, 8590930, 8616162, 25232
259094, 8590940, 8616176, 25236
259095, 8590950, 8616189, 25239
259097, 8590970, 8616203, 25233
259098, 8590980, 8616216, 25236
259099, 8590990, 8616230, 25240
259101, 8591010, 8616256, 25246
259102, 8591020, 8616270, 25250
259103, 8591030, 8616283, 25253
259104, 8591040, 8616297, 25257
259105, 8591050, 8616310, 25260
259106, 8591060, 8616324, 25264
259108, 8591080, 8616337, 25257
259109, 8591090, 8616350, 25260
259110, 8591100, 8616364, 25264
259111, 8591110, 8616377, 25267
259112, 8591120, 8616391, 25271
259113, 8591130, 8616404, 25274
259114, 8591140, 8616418, 25278
259115, 8591150, 8616431, 25281
259116, 8591160, 8620012, 28852
259118, 8591180, 8620026, 28846
259119, 8591190, 8620039, 28849
259120, 8591200, 8620052, 28852
259121, 8591210, 8620066, 28856
259122, 8591220, 8620079, 28859
259123, 8591230, 8620093, 28863
259124, 8591240, 8620106, 28866
259125, 8591250, 8620120, 28870
259126, 8591260, 8620133, 28873
259127, 8591270, 8620146, 28876
259129, 8591290, 8620160, 28870
259130, 8591300, 8620173, 28873
259131, 8591310, 8620187, 28877
259132, 8591320, 8620200, 28880
259133, 8591330, 8620214, 28884
259134, 8591340, 8620227, 28887
259135, 8591350, 8620241, 28891
259136, 8591360, 8620254, 28894
259137, 8591370, 8620267, 28897
259138, 8591380, 8620281, 28901
259140, 8591400, 8620294, 28894
259141, 8591410, 8620308, 28898
259142, 8591420, 8620321, 28901
259143, 8591430, 8620335, 28905
259144, 8591440, 8620348, 28908
259145, 8591450, 8620362, 28912
259146, 8591460, 8620375, 28915
259147, 8591470, 8620388, 28918
259148, 8591480, 8620402, 28922
259151, 8591510, 8620429, 28919
259152, 8591520, 8620442, 28922
259153, 8591530, 8620456, 28926
259154, 8591540, 8620469, 28929
259155, 8591550, 8620482, 28932
259156, 8591560, 8620496, 28936
259157, 8591570, 8620509, 28939
259158, 8591580, 8620523, 28943
259159, 8591590, 8620536, 28946
259161, 8591610, 8620550, 28940
259162, 8591620, 8620563, 28943
259163, 8591630, 8620577, 28947
259164, 8591640, 8620590, 28950
259165, 8591650, 8620603, 28953
259166, 8591660, 8620617, 28957
259167, 8591670, 8620630, 28960
259168, 8591680, 8620644, 28964
259169, 8591690, 8620657, 28967
259171, 8591710, 8620671, 28961
259172, 8591720, 8620684, 28964
259173, 8591730, 8620698, 28968
259174, 8591740, 8620711, 28971
259175, 8591750, 8620724, 28974
259176, 8591760, 8620738, 28978
259177, 8591770, 8620751, 28981
259178, 8591780, 8620765, 28985
259179, 8591790, 8620778, 28988
259180, 8591800, 8620792, 28992
259182, 8591820, 8620805, 28985
259183, 8591830, 8620818, 28988
259184, 8591840, 8620832, 28992
259185, 8591850, 8620845, 28995
259186, 8591860, 8620859, 28999
259187, 8591870, 8620872, 29002
259188, 8591880, 8620886, 29006
259189, 8591890, 8620899, 29009
259190, 8591900, 8620913, 29013
259191, 8591910, 8620926, 29016
259193, 8591930, 8620939, 29009
259194, 8591940, 8620953, 29013
259195, 8591950, 8620966, 29016
259196, 8591960, 8620980, 29020
259197, 8591970, 8620993, 29023
259198, 8591980, 8621007, 29027
259199, 8591990, 8621020, 29030
259602, 8596020, 8621047, 25027
259603, 8596030, 8621060, 25030
259604, 8596040, 8621074, 25034
259605, 8596050, 8621087, 25037
259606, 8596060, 8621101, 25041
259607, 8596070, 8621114, 25044
259608, 8596080, 8621128, 25048
259609, 8596090, 8621141, 25051
259610, 8596100, 8621154, 25054
259612, 8596120, 8621168, 25048
259613, 8596130, 8621181, 25051
259614, 8596140, 8621195, 25055
259615, 8596150, 8621208, 25058
259616, 8596160, 8621222, 25062
259617, 8596170, 8621235, 25065
259618, 8596180, 8621249, 25069
259619, 8596190, 8621262, 25072
259620, 8596200, 8621275, 25075
259621, 8596210, 8621289, 25079
259623, 8596230, 8621302, 25072
259624, 8596240, 8621316, 25076
259625, 8596250, 8621329, 25079
259626, 8596260, 8621343, 25083
259627, 8596270, 8621356, 25086
259628, 8596280, 8621370, 25090
259629, 8596290, 8621383, 25093
259630, 8596300, 8621396, 25096
259631, 8596310, 8621410, 25100
259633, 8596330, 8621423, 25093
259634, 8596340, 8621437, 25097
259635, 8596350, 8621450, 25100
259636, 8596360, 8621464, 25104
259637, 8596370, 8621477, 25107
259638, 8596380, 8621490, 25110
259639, 8596390, 8621504, 25114
259640, 8596400, 8621517, 25117
259641, 8596410, 8621531, 25121
259642, 8596420, 8621544, 25124
259644, 8596440, 8621558, 25118
259645, 8596450, 8621571, 25121
259646, 8596460, 8621585, 25125
259647, 8596470, 8621598, 25128
259648, 8596480, 8621611, 25131
259649, 8596490, 8621625, 25135
259651, 8596510, 8621652, 25142
259652, 8596520, 8621665, 25145
259653, 8596530, 8621679, 25149
259655, 8596550, 8621692, 25142
259656, 8596560, 8621706, 25146
259657, 8596570, 8621719, 25149
259658, 8596580, 8621732, 25152
259659, 8596590, 8621746, 25156
259660, 8596600, 8621759, 25159
259661, 8596610, 8621773, 25163
259662, 8596620, 8621786, 25166
259663, 8596630, 8621800, 25170
259665, 8596650, 8621813, 25163
259666, 8596660, 8621826, 25166
259667, 8596670, 8621840, 25170
259668, 8596680, 8621853, 25173
259669, 8596690, 8621867, 25177
259670, 8596700, 8621880, 25180
259671, 8596710, 8621894, 25184
259672, 8596720, 8621907, 25187
259673, 8596730, 8621921, 25191
259674, 8596740, 8621934, 25194
259676, 8596760, 8621947, 25187
259677, 8596770, 8621961, 25191
259678, 8596780, 8621974, 25194
259679, 8596790, 8621988, 25198
259680, 8596800, 8622001, 25201
259681, 8596810, 8622015, 25205
259682, 8596820, 8622028, 25208
259683, 8596830, 8622042, 25212
259684, 8596840, 8622055, 25215
259685, 8596850, 8622068, 25218
259687, 8596870, 8622082, 25212
259688, 8596880, 8622095, 25215
259689, 8596890, 8622109, 25219
259690, 8596900, 8622122, 25222
259691, 8596910, 8622136, 25226
259692, 8596920, 8622149, 25229
259693, 8596930, 8622162, 25232
259694, 8596940, 8622176, 25236
259695, 8596950, 8622189, 25239
259697, 8596970, 8622203, 25233
259698, 8596980, 8622216, 25236
259699, 8596990, 8622230, 25240
259701, 8597010, 8622257, 25247
259702, 8597020, 8622270, 25250
259703, 8597030, 8622283, 25253
259704, 8597040, 8622297, 25257
259705, 8597050, 8622310, 25260
259706, 8597060, 8622324, 25264
259708, 8597080, 8622337, 25257
259709, 8597090, 8622351, 25261
259710, 8597100, 8622364, 25264
259711, 8597110, 8622378, 25268
259712, 8597120, 8622391, 25271
259713, 8597130, 8622404, 25274
259714, 8597140, 8622418, 25278
259715, 8597150, 8622431, 25281
259716, 8597160, 8626012, 28852
259718, 8597180, 8626026, 28846
259719, 8597190, 8626039, 28849
259720, 8597200, 8626052, 28852
259721, 8597210, 8626066, 28856
259722, 8597220, 8626079, 28859
259723, 8597230, 8626093, 28863
259724, 8597240, 8626106, 28866
259725, 8597250, 8626120, 28870
259726, 8597260, 8626133, 28873
259727, 8597270, 8626146, 28876
259729, 8597290, 8626160, 28870
259730, 8597300, 8626173, 28873
259731, 8597310, 8626187, 28877
259732, 8597320, 8626200, 28880
259733, 8597330, 8626214, 28884
259734, 8597340, 8626227, 28887
259735, 8597350, 8626241, 28891
259736, 8597360, 8626254, 28894
259737, 8597370, 8626267, 28897
259738, 8597380, 8626281, 28901
259740, 8597400, 8626294, 28894
259741, 8597410, 8626308, 28898
259742, 8597420, 8626321, 28901
259743, 8597430, 8626335, 28905
259744, 8597440, 8626348, 28908
259745, 8597450, 8626362, 28912
259746, 8597460, 8626375, 28915
259747, 8597470, 8626388, 28918
259748, 8597480, 8626402, 28922
259751, 8597510, 8626429, 28919
259752, 8597520, 8626442, 28922
259753, 8597530, 8626456, 28926
259754, 8597540, 8626469, 28929
259755, 8597550, 8626482, 28932
259756, 8597560, 8626496, 28936
259757, 8597570, 8626509, 28939
259758, 8597580, 8626523, 28943
259759, 8597590, 8626536, 28946
259761, 8597610, 8626550, 28940
259762, 8597620, 8626563, 28943
259763, 8597630, 8626577, 28947
259764, 8597640, 8626590, 28950
259765, 8597650, 8626603, 28953
259766, 8597660, 8626617, 28957
259767, 8597670, 8626630, 28960
259768, 8597680, 8626644, 28964
259769, 8597690, 8626657, 28967
259771, 8597710, 8626671, 28961
259772, 8597720, 8626684, 28964
259773, 8597730, 8626698, 28968
259774, 8597740, 8626711, 28971
259775, 8597750, 8626724, 28974
259776, 8597760, 8626738, 28978
259777, 8597770, 8626751, 28981
259778, 8597780, 8626765, 28985
259779, 8597790, 8626778, 28988
259780, 8597800, 8626792, 28992
259782, 8597820, 8626805, 28985
259783, 8597830, 8626818, 28988
259784, 8597840, 8626832, 28992
259785, 8597850, 8626845, 28995
259786, 8597860, 8626859, 28999
259787, 8597870, 8626872, 29002
259788, 8597880, 8626886, 29006
259789, 8597890, 8626899, 29009
259790, 8597900, 8626913, 29013
259791, 8597910, 8626926, 29016
259793, 8597930, 8626939, 29009
259794, 8597940, 8626953, 29013
259795, 8597950, 8626966, 29016
259796, 8597960, 8626980, 29020
259797, 8597970, 8626993, 29023
259798, 8597980, 8627007, 29027
259799, 8597990, 8627020, 29030
260202, 8602020, 8627047, 25027
260203, 8602030, 8627060, 25030
260204, 8602040, 8627074, 25034
260205, 8602050, 8627087, 25037
260206, 8602060, 8627101, 25041
260207, 8602070, 8627114, 25044
260208, 8602080, 8627128, 25048
260209, 8602090, 8627141, 25051
260210, 8602100, 8627154, 25054
260212, 8602120, 8627168, 25048
260213, 8602130, 8627181, 25051
260214, 8602140, 8627195, 25055
260215, 8602150, 8627208, 25058
260216, 8602160, 8627222, 25062
260217, 8602170, 8627235, 25065
260218, 8602180, 8627249, 25069
260219, 8602190, 8627262, 25072
260220, 8602200, 8627275, 25075
260221, 8602210, 8627289, 25079
260223, 8602230, 8627302, 25072
260224, 8602240, 8627316, 25076
260225, 8602250, 8627329, 25079
260226, 8602260, 8627343, 25083
260227, 8602270, 8627356, 25086
260228, 8602280, 8627370, 25090
260229, 8602290, 8627383, 25093
260230, 8602300, 8627396, 25096
260231, 8602310, 8627410, 25100
260233, 8602330, 8627423, 25093
260234, 8602340, 8627437, 25097
260235, 8602350, 8627450, 25100
260236, 8602360, 8627464, 25104
260237, 8602370, 8627477, 25107
260238, 8602380, 8627490, 25110
260239, 8602390, 8627504, 25114
260240, 8602400, 8627517, 25117
260241, 8602410, 8627531, 25121
260242, 8602420, 8627544, 25124
260244, 8602440, 8627558, 25118
260245, 8602450, 8627571, 25121
260246, 8602460, 8627585, 25125
260247, 8602470, 8627598, 25128
260248, 8602480, 8627611, 25131
260249, 8602490, 8627625, 25135
260251, 8602510, 8627652, 25142
260252, 8602520, 8627665, 25145
260253, 8602530, 8627679, 25149
260255, 8602550, 8627692, 25142
260256, 8602560, 8627706, 25146
260257, 8602570, 8627719, 25149
260258, 8602580, 8627732, 25152
260259, 8602590, 8627746, 25156
260260, 8602600, 8627759, 25159
260261, 8602610, 8627773, 25163
260262, 8602620, 8627786, 25166
260263, 8602630, 8627800, 25170
260265, 8602650, 8627813, 25163
260266, 8602660, 8627826, 25166
260267, 8602670, 8627840, 25170
260268, 8602680, 8627853, 25173
260269, 8602690, 8627867, 25177
260270, 8602700, 8627880, 25180
260271, 8602710, 8627894, 25184
260272, 8602720, 8627907, 25187
260273, 8602730, 8627921, 25191
260274, 8602740, 8627934, 25194
260276, 8602760, 8627947, 25187
260277, 8602770, 8627961, 25191
260278, 8602780, 8627974, 25194
260279, 8602790, 8627988, 25198
260280, 8602800, 8628001, 25201
260281, 8602810, 8628015, 25205
260282, 8602820, 8628028, 25208
260283, 8602830, 8628042, 25212
260284, 8602840, 8628055, 25215
260285, 8602850, 8628068, 25218
260287, 8602870, 8628082, 25212
260288, 8602880, 8628095, 25215
260289, 8602890, 8628109, 25219
260290, 8602900, 8628122, 25222
260291, 8602910, 8628136, 25226
260292, 8602920, 8628149, 25229
260293, 8602930, 8628162, 25232
260294, 8602940, 8628176, 25236
260295, 8602950, 8628189, 25239
260297, 8602970, 8628203, 25233
260298, 8602980, 8628216, 25236
260299, 8602990, 8628230, 25240
260301, 8603010, 8628257, 25247
260302, 8603020, 8628270, 25250
260303, 8603030, 8628283, 25253
260304, 8603040, 8628297, 25257
260305, 8603050, 8628310, 25260
260306, 8603060, 8628324, 25264
260308, 8603080, 8628337, 25257
260309, 8603090, 8628351, 25261
260310, 8603100, 8628364, 25264
260311, 8603110, 8628378, 25268
260312, 8603120, 8628391, 25271
260313, 8603130, 8628404, 25274
260314, 8603140, 8628418, 25278
260315, 8603150, 8628431, 25281
260316, 8603160, 8632012, 28852
260318, 8603180, 8632026, 28846
260319, 8603190, 8632039, 28849
260320, 8603200, 8632052, 28852
260321, 8603210, 8632066, 28856
260322, 8603220, 8632079, 28859
260323, 8603230, 8632093, 28863
260324, 8603240, 8632106, 28866
260325, 8603250, 8632120, 28870
260326, 8603260, 8632133, 28873
260327, 8603270, 8632146, 28876
260329, 8603290, 8632160, 28870
260330, 8603300, 8632173, 28873
260331, 8603310, 8632187, 28877
260332, 8603320, 8632200, 28880
260333, 8603330, 8632214, 28884
260334, 8603340, 8632227, 28887
260335, 8603350, 8632241, 28891
260336, 8603360, 8632254, 28894
260337, 8603370, 8632267, 28897
260338, 8603380, 8632281, 28901
260340, 8603400, 8632294, 28894
260341, 8603410, 8632308, 28898
260342, 8603420, 8632321, 28901
260343, 8603430, 8632335, 28905
260344, 8603440, 8632348, 28908
260345, 8603450, 8632362, 28912
260346, 8603460, 8632375, 28915
260347, 8603470, 8632388, 28918
260348, 8603480, 8632402, 28922
260351, 8603510, 8632429, 28919
260352, 8603520, 8632442, 28922
260353, 8603530, 8632456, 28926
260354, 8603540, 8632469, 28929
260355, 8603550, 8632482, 28932
260356, 8603560, 8632496, 28936
260357, 8603570, 8632509, 28939
260358, 8603580, 8632523, 28943
260359, 8603590, 8632536, 28946
260361, 8603610, 8632550, 28940
260362, 8603620, 8632563, 28943
260363, 8603630, 8632577, 28947
260364, 8603640, 8632590, 28950
260365, 8603650, 8632603, 28953
260366, 8603660, 8632617, 28957
260367, 8603670, 8632630, 28960
260368, 8603680, 8632644, 28964
260369, 8603690, 8632657, 28967
260371, 8603710, 8632671, 28961
260372, 8603720, 8632684, 28964
260373, 8603730, 8632698, 28968
260374, 8603740, 8632711, 28971
260375, 8603750, 8632724, 28974
260376, 8603760, 8632738, 28978
260377, 8603770, 8632751, 28981
260378, 8603780, 8632765, 28985
260379, 8603790, 8632778, 28988
260380, 8603800, 8632792, 28992
260382, 8603820, 8632805, 28985
260383, 8603830, 8632818, 28988
260384, 8603840, 8632832, 28992
260385, 8603850, 8632845, 28995
260386, 8603860, 8632859, 28999
260387, 8603870, 8632872, 29002
260388, 8603880, 8632886, 29006
260389, 8603890, 8632899, 29009
260390, 8603900, 8632913, 29013
260391, 8603910, 8632926, 29016
260393, 8603930, 8632939, 29009
260394, 8603940, 8632953, 29013
260395, 8603950, 8632966, 29016
260396, 8603960, 8632980, 29020
260397, 8603970, 8632993, 29023
260398, 8603980, 8633007, 29027
260399, 8603990, 8633020, 29030
260802, 8608020, 8633047, 25027
260803, 8608030, 8633060, 25030
260804, 8608040, 8633074, 25034
260805, 8608050, 8633087, 25037
260806, 8608060, 8633101, 25041
260807, 8608070, 8633114, 25044
260808, 8608080, 8633128, 25048
260809, 8608090, 8633141, 25051
260810, 8608100, 8633154, 25054
260812, 8608120, 8633168, 25048
260813, 8608130, 8633181, 25051
260814, 8608140, 8633195, 25055
260815, 8608150, 8633208, 25058
260816, 8608160, 8633222, 25062
260817, 8608170, 8633235, 25065
260818, 8608180, 8633249, 25069
260819, 8608190, 8633262, 25072
260820, 8608200, 8633275, 25075
260821, 8608210, 8633289, 25079
260823, 8608230, 8633302, 25072
260824, 8608240, 8633316, 25076
260825, 8608250, 8633329, 25079
260826, 8608260, 8633343, 25083
260827, 8608270, 8633356, 25086
260828, 8608280, 8633370, 25090
260829, 8608290, 8633383, 25093
260830, 8608300, 8633396, 25096
260831, 8608310, 8633410, 25100
260833, 8608330, 8633423, 25093
260834, 8608340, 8633437, 25097
260835, 8608350, 8633450, 25100
260836, 8608360, 8633464, 25104
260837, 8608370, 8633477, 25107
260838, 8608380, 8633490, 25110
260839, 8608390, 8633504, 25114
260840, 8608400, 8633517, 25117
260841, 8608410, 8633531, 25121
260842, 8608420, 8633544, 25124
260844, 8608440, 8633558, 25118
260845, 8608450, 8633571, 25121
260846, 8608460, 8633585, 25125
260847, 8608470, 8633598, 25128
260848, 8608480, 8633611, 25131
260849, 8608490, 8633625, 25135
260851, 8608510, 8633652, 25142
260852, 8608520, 8633665, 25145
260853, 8608530, 8633679, 25149
260855, 8608550, 8633692, 25142
260856, 8608560, 8633706, 25146
260857, 8608570, 8633719, 25149
260858, 8608580, 8633732, 25152
260859, 8608590, 8633746, 25156
260860, 8608600, 8633759, 25159
260861, 8608610, 8633773, 25163
260862, 8608620, 8633786, 25166
260863, 8608630, 8633800, 25170
260865, 8608650, 8633813, 25163
260866, 8608660, 8633826, 25166
260867, 8608670, 8633840, 25170
260868, 8608680, 8633853, 25173
260869, 8608690, 8633867, 25177
260870, 8608700, 8633880, 25180
260871, 8608710, 8633894, 25184
260872, 8608720, 8633907, 25187
260873, 8608730, 8633921, 25191
260874, 8608740, 8633934, 25194
260876, 8608760, 8633947, 25187
260877, 8608770, 8633961, 25191
260878, 8608780, 8633974, 25194
260879, 8608790, 8633988, 25198
260880, 8608800, 8634001, 25201
260881, 8608810, 8634015, 25205
260882, 8608820, 8634028, 25208
260883, 8608830, 8634042, 25212
260884, 8608840, 8634055, 25215
260885, 8608850, 8634068, 25218
260887, 8608870, 8634082, 25212
260888, 8608880, 8634095, 25215
260889, 8608890, 8634109, 25219
260890, 8608900, 8634122, 25222
260891, 8608910, 8634136, 25226
260892, 8608920, 8634149, 25229
260893, 8608930, 8634162, 25232
260894, 8608940, 8634176, 25236
260895, 8608950, 8634189, 25239
260897, 8608970, 8634203, 25233
260898, 8608980, 8634216, 25236
260899, 8608990, 8634230, 25240
260901, 8609010, 8634257, 25247
260902, 8609020, 8634270, 25250
260903, 8609030, 8634283, 25253
260904, 8609040, 8634297, 25257
260905, 8609050, 8634310, 25260
260906, 8609060, 8634324, 25264
260908, 8609080, 8634337, 25257
260909, 8609090, 8634351, 25261
260910, 8609100, 8634364, 25264
260911, 8609110, 8634378, 25268
260912, 8609120, 8634391, 25271
260913, 8609130, 8634404, 25274
260914, 8609140, 8634418, 25278
260915, 8609150, 8634431, 25281
260916, 8609160, 8638012, 28852
260918, 8609180, 8638026, 28846
260919, 8609190, 8638039, 28849
260920, 8609200, 8638052, 28852
260921, 8609210, 8638066, 28856
260922, 8609220, 8638079, 28859
260923, 8609230, 8638093, 28863
260924, 8609240, 8638106, 28866
260925, 8609250, 8638120, 28870
260926, 8609260, 8638133, 28873
260927, 8609270, 8638146, 28876
260929, 8609290, 8638160, 28870
260930, 8609300, 8638173, 28873
260931, 8609310, 8638187, 28877
260932, 8609320, 8638200, 28880
260933, 8609330, 8638214, 28884
260934, 8609340, 8638227, 28887
260935, 8609350, 8638241, 28891
260936, 8609360, 8638254, 28894
260937, 8609370, 8638267, 28897
260938, 8609380, 8638281, 28901
260940, 8609400, 8638294, 28894
260941, 8609410, 8638308, 28898
260942, 8609420, 8638321, 28901
260943, 8609430, 8638335, 28905
260944, 8609440, 8638348, 28908
260945, 8609450, 8638362, 28912
260946, 8609460, 8638375, 28915
260947, 8609470, 8638388, 28918
260948, 8609480, 8638402, 28922
260951, 8609510, 8638429, 28919
260952, 8609520, 8638442, 28922
260953, 8609530, 8638456, 28926
260954, 8609540, 8638469, 28929
260955, 8609550, 8638482, 28932
260956, 8609560, 8638496, 28936
260957, 8609570, 8638509, 28939
260958, 8609580, 8638523, 28943
260959, 8609590, 8638536, 28946
260961, 8609610, 8638550, 28940
260962, 8609620, 8638563, 28943
260963, 8609630, 8638577, 28947
260964, 8609640, 8638590, 28950
260965, 8609650, 8638603, 28953
260966, 8609660, 8638617, 28957
260967, 8609670, 8638630, 28960
260968, 8609680, 8638644, 28964
260969, 8609690, 8638657, 28967
260971, 8609710, 8638671, 28961
260972, 8609720, 8638684, 28964
260973, 8609730, 8638698, 28968
260974, 8609740, 8638711, 28971
260975, 8609750, 8638724, 28974
260976, 8609760, 8638738, 28978
260977, 8609770, 8638751, 28981
260978, 8609780, 8638765, 28985
260979, 8609790, 8638778, 28988
260980, 8609800, 8638792, 28992
260982, 8609820, 8638805, 28985
260983, 8609830, 8638818, 28988
260984, 8609840, 8638832, 28992
260985, 8609850, 8638845, 28995
260986, 8609860, 8638859, 28999
260987, 8609870, 8638872, 29002
260988, 8609880, 8638886, 29006
260989, 8609890, 8638899, 29009
260990, 8609900, 8638913, 29013
260991, 8609910, 8638926, 29016
260993, 8609930, 8638939, 29009
260994, 8609940, 8638953, 29013
260995, 8609950, 8638966, 29016
260996, 8609960, 8638980, 29020
260997, 8609970, 8638993, 29023
260998, 8609980, 8639007, 29027
260999, 8609990, 8639020, 29030
261402, 8614020, 8639047, 25027
261403, 8614030, 8639060, 25030
261404, 8614040, 8639074, 25034
261405, 8614050, 8639087, 25037
261406, 8614060, 8639101, 25041
261407, 8614070, 8639114, 25044
261408, 8614080, 8639128, 25048
261409, 8614090, 8639141, 25051
261410, 8614100, 8639154, 25054
261412, 8614120, 8639168, 25048
261413, 8614130, 8639181, 25051
261414, 8614140, 8639195, 25055
261415, 8614150, 8639208, 25058
261416, 8614160, 8639222, 25062
261417, 8614170, 8639235, 25065
261418, 8614180, 8639249, 25069
261419, 8614190, 8639262, 25072
261420, 8614200, 8639275, 25075
261421, 8614210, 8639289, 25079
261423, 8614230, 8639302, 25072
261424, 8614240, 8639316, 25076
261425, 8614250, 8639329, 25079
261426, 8614260, 8639343, 25083
261427, 8614270, 8639356, 25086
261428, 8614280, 8639370, 25090
261429, 8614290, 8639383, 25093
261430, 8614300, 8639396, 25096
261431, 8614310, 8639410, 25100
261433, 8614330, 8639423, 25093
261434, 8614340, 8639437, 25097
261435, 8614350, 8639450, 25100
261436, 8614360, 8639464, 25104
261437, 8614370, 8639477, 25107
261438, 8614380, 8639490, 25110
261439, 8614390, 8639504, 25114
261440, 8614400, 8639517, 25117
261441, 8614410, 8639531, 25121
261442, 8614420, 8639544, 25124
261444, 8614440, 8639558, 25118
261445, 8614450, 8639571, 25121
261446, 8614460, 8639585, 25125
261447, 8614470, 8639598, 25128
261448, 8614480, 8639611, 25131
261449, 8614490, 8639625, 25135
261451, 8614510, 8639652, 25142
261452, 8614520, 8639665, 25145
261453, 8614530, 8639679, 25149
261455, 8614550, 8639692, 25142
261456, 8614560, 8639706, 25146
261457, 8614570, 8639719, 25149
261458, 8614580, 8639732, 25152
261459, 8614590, 8639746, 25156
261460, 8614600, 8639759, 25159
261461, 8614610, 8639773, 25163
261462, 8614620, 8639786, 25166
261463, 8614630, 8639800, 25170
261465, 8614650, 8639813, 25163
261466, 8614660, 8639826, 25166
261467, 8614670, 8639840, 25170
261468, 8614680, 8639853, 25173
261469, 8614690, 8639867, 25177
261470, 8614700, 8639880, 25180
261471, 8614710, 8639894, 25184
261472, 8614720, 8639907, 25187
261473, 8614730, 8639921, 25191
261474, 8614740, 8639934, 25194
261476, 8614760, 8639947, 25187
261477, 8614770, 8639961, 25191
261478, 8614780, 8639974, 25194
261479, 8614790, 8639988, 25198
261480, 8614800, 8640001, 25201
261481, 8614810, 8640015, 25205
261482, 8614820, 8640028, 25208
261483, 8614830, 8640042, 25212
261484, 8614840, 8640055, 25215
261485, 8614850, 8640068, 25218
261487, 8614870, 8640082, 25212
261488, 8614880, 8640095, 25215
261489, 8614890, 8640109, 25219
261490, 8614900, 8640122, 25222
261491, 8614910, 8640136, 25226
261492, 8614920, 8640149, 25229
261493, 8614930, 8640162, 25232
261494, 8614940, 8640176, 25236
261495, 8614950, 8640189, 25239
261497, 8614970, 8640203, 25233
261498, 8614980, 8640216, 25236
261499, 8614990, 8640230, 25240
261501, 8615010, 8640257, 25247
261502, 8615020, 8640270, 25250
261503, 8615030, 8640283, 25253
261504, 8615040, 8640297, 25257
261505, 8615050, 8640310, 25260
261506, 8615060, 8640324, 25264
261508, 8615080, 8640337, 25257
261509, 8615090, 8640351, 25261
261510, 8615100, 8640364, 25264
261511, 8615110, 8640378, 25268
261512, 8615120, 8640391, 25271
261513, 8615130, 8640404, 25274
261514, 8615140, 8640418, 25278
261515, 8615150, 8640431, 25281
261516, 8615160, 8644012, 28852
261517, 8615170, 8644026, 28856
261519, 8615190, 8644039, 28849
261520, 8615200, 8644052, 28852
261521, 8615210, 8644066, 28856
261522, 8615220, 8644079, 28859
261523, 8615230, 8644093, 28863
261524, 8615240, 8644106, 28866
261525, 8615250, 8644120, 28870
261526, 8615260, 8644133, 28873
261527, 8615270, 8644146, 28876
261529, 8615290, 8644160, 28870
261530, 8615300, 8644173, 28873
261531, 8615310, 8644187, 28877
261532, 8615320, 8644200, 28880
261533, 8615330, 8644214, 28884
261534, 8615340, 8644227, 28887
261535, 8615350, 8644241, 28891
261536, 8615360, 8644254, 28894
261537, 8615370, 8644267, 28897
261538, 8615380, 8644281, 28901
261540, 8615400, 8644294, 28894
261541, 8615410, 8644308, 28898
261542, 8615420, 8644321, 28901
261543, 8615430, 8644335, 28905
261544, 8615440, 8644348, 28908
261545, 8615450, 8644362, 28912
261546, 8615460, 8644375, 28915
261547, 8615470, 8644388, 28918
261548, 8615480, 8644402, 28922
261551, 8615510, 8644429, 28919
261552, 8615520, 8644442, 28922
261553, 8615530, 8644456, 28926
261554, 8615540, 8644469, 28929
261555, 8615550, 8644482, 28932
261556, 8615560, 8644496, 28936
261557, 8615570, 8644509, 28939
261558, 8615580, 8644523, 28943
261559, 8615590, 8644536, 28946
261561, 8615610, 8644550, 28940
261562, 8615620, 8644563, 28943
261563, 8615630, 8644577, 28947
261564, 8615640, 8644590, 28950
261565, 8615650, 8644603, 28953
261566, 8615660, 8644617, 28957
261567, 8615670, 8644630, 28960
261568, 8615680, 8644644, 28964
261569, 8615690, 8644657, 28967
261570, 8615700, 8644671, 28971
261572, 8615720, 8644684, 28964
261573, 8615730, 8644698, 28968
261574, 8615740, 8644711, 28971
261575, 8615750, 8644724, 28974
261576, 8615760, 8644738, 28978
261577, 8615770, 8644751, 28981
261578, 8615780, 8644765, 28985
261579, 8615790, 8644778, 28988
261580, 8615800, 8644792, 28992
261582, 8615820, 8644805, 28985
261583, 8615830, 8644818, 28988
261584, 8615840, 8644832, 28992
261585, 8615850, 8644845, 28995
261586, 8615860, 8644859, 28999
261587, 8615870, 8644872, 29002
261588, 8615880, 8644886, 29006
261589, 8615890, 8644899, 29009
261590, 8615900, 8644913, 29013
261591, 8615910, 8644926, 29016
261593, 8615930, 8644939, 29009
261594, 8615940, 8644953, 29013
261595, 8615950, 8644966, 29016
261596, 8615960, 8644980, 29020
261597, 8615970, 8644993, 29023
261598, 8615980, 8645007, 29027
261599, 8615990, 8645020, 29030
262002, 8620020, 8645047, 25027
262003, 8620030, 8645060, 25030
262004, 8620040, 8645074, 25034
262005, 8620050, 8645087, 25037
262006, 8620060, 8645101, 25041
262007, 8620070, 8645114, 25044
262008, 8620080, 8645127, 25047
262009, 8620090, 8645141, 25051
262010, 8620100, 8645154, 25054
262012, 8620120, 8645168, 25048
262013, 8620130, 8645181, 25051
262014, 8620140, 8645195, 25055
262015, 8620150, 8645208, 25058
262016, 8620160, 8645222, 25062
262017, 8620170, 8645235, 25065
262018, 8620180, 8645248, 25068
262019, 8620190, 8645262, 25072
262020, 8620200, 8645275, 25075
262021, 8620210, 8645289, 25079
262023, 8620230, 8645302, 25072
262024, 8620240, 8645316, 25076
262025, 8620250, 8645329, 25079
262026, 8620260, 8645342, 25082
262027, 8620270, 8645356, 25086
262028, 8620280, 8645369, 25089
262029, 8620290, 8645383, 25093
262030, 8620300, 8645396, 25096
262031, 8620310, 8645410, 25100
262033, 8620330, 8645423, 25093
262034, 8620340, 8645437, 25097
262035, 8620350, 8645450, 25100
262036, 8620360, 8645463, 25103
262037, 8620370, 8645477, 25107
262038, 8620380, 8645490, 25110
262039, 8620390, 8645504, 25114
262040, 8620400, 8645517, 25117
262041, 8620410, 8645531, 25121
262042, 8620420, 8645544, 25124
262044, 8620440, 8645558, 25118
262045, 8620450, 8645571, 25121
262046, 8620460, 8645584, 25124
262047, 8620470, 8645598, 25128
262048, 8620480, 8645611, 25131
262049, 8620490, 8645625, 25135
262051, 8620510, 8645652, 25142
262052, 8620520, 8645665, 25145
262053, 8620530, 8645678, 25148
262055, 8620550, 8645692, 25142
262056, 8620560, 8645705, 25145
262057, 8620570, 8645719, 25149
262058, 8620580, 8645732, 25152
262059, 8620590, 8645746, 25156
262060, 8620600, 8645759, 25159
262061, 8620610, 8645773, 25163
262062, 8620620, 8645786, 25166
262063, 8620630, 8645799, 25169
262065, 8620650, 8645813, 25163
262066, 8620660, 8645826, 25166
262067, 8620670, 8645840, 25170
262068, 8620680, 8645853, 25173
262069, 8620690, 8645867, 25177
262070, 8620700, 8645880, 25180
262071, 8620710, 8645894, 25184
262072, 8620720, 8645907, 25187
262073, 8620730, 8645920, 25190
262074, 8620740, 8645934, 25194
262076, 8620760, 8645947, 25187
262077, 8620770, 8645961, 25191
262078, 8620780, 8645974, 25194
262079, 8620790, 8645988, 25198
262080, 8620800, 8646001, 25201
262081, 8620810, 8646014, 25204
262082, 8620820, 8646028, 25208
262083, 8620830, 8646041, 25211
262084, 8620840, 8646055, 25215
262085, 8620850, 8646068, 25218
262087, 8620870, 8646082, 25212
262088, 8620880, 8646095, 25215
262089, 8620890, 8646109, 25219
262090, 8620900, 8646122, 25222
262091, 8620910, 8646135, 25225
262092, 8620920, 8646149, 25229
262093, 8620930, 8646162, 25232
262094, 8620940, 8646176, 25236
262095, 8620950, 8646189, 25239
262097, 8620970, 8646203, 25233
262098, 8620980, 8646216, 25236
262099, 8620990, 8646230, 25240
262101, 8621010, 8646256, 25246
262102, 8621020, 8646270, 25250
262103, 8621030, 8646283, 25253
262104, 8621040, 8646297, 25257
262105, 8621050, 8646310, 25260
262106, 8621060, 8646324, 25264
262108, 8621080, 8646337, 25257
262109, 8621090, 8646350, 25260
262110, 8621100, 8646364, 25264
262111, 8621110, 8646377, 25267
262112, 8621120, 8646391, 25271
262113, 8621130, 8646404, 25274
262114, 8621140, 8646418, 25278
262115, 8621150, 8646431, 25281
262116, 8621160, 8650012, 28852
262118, 8621180, 8650026, 28846
262119, 8621190, 8650039, 28849
262120, 8621200, 8650052, 28852
262121, 8621210, 8650066, 28856
262122, 8621220, 8650079, 28859
262123, 8621230, 8650093, 28863
262124, 8621240, 8650106, 28866
262125, 8621250, 8650120, 28870
262126, 8621260, 8650133, 28873
262127, 8621270, 8650146, 28876
262129, 8621290, 8650160, 28870
262130, 8621300, 8650173, 28873
262131, 8621310, 8650187, 28877
262132, 8621320, 8650200, 28880
262133, 8621330, 8650214, 28884
262134, 8621340, 8650227, 28887
262135, 8621350, 8650241, 28891
262136, 8621360, 8650254, 28894
262137, 8621370, 8650267, 28897
262138, 8621380, 8650281, 28901
262140, 8621400, 8650294, 28894
262141, 8621410, 8650308, 28898
262142, 8621420, 8650321, 28901
262143, 8621430, 8650335, 28905
262144, 8621440, 8650348, 28908
262145, 8621450, 8650362, 28912
262146, 8621460, 8650375, 28915
262147, 8621470, 8650388, 28918
262148, 8621480, 8650402, 28922
262151, 8621510, 8650429, 28919
262152, 8621520, 8650442, 28922
262153, 8621530, 8650456, 28926
262154, 8621540, 8650469, 28929
262155, 8621550, 8650482, 28932
262156, 8621560, 8650496, 28936
262157, 8621570, 8650509, 28939
262158, 8621580, 8650523, 28943
262159, 8621590, 8650536, 28946
262161, 8621610, 8650550, 28940
262162, 8621620, 8650563, 28943
262163, 8621630, 8650577, 28947
262164, 8621640, 8650590, 28950
262165, 8621650, 8650603, 28953
262166, 8621660, 8650617, 28957
262167, 8621670, 8650630, 28960
262168, 8621680, 8650644, 28964
262169, 8621690, 8650657, 28967
262171, 8621710, 8650671, 28961
262172, 8621720, 8650684, 28964
262173, 8621730, 8650698, 28968
262174, 8621740, 8650711, 28971
262175, 8621750, 8650724, 28974
262176, 8621760, 8650738, 28978
262177, 8621770, 8650751, 28981
262178, 8621780, 8650765, 28985
262179, 8621790, 8650778, 28988
262180, 8621800, 8650792, 28992
262182, 8621820, 8650805, 28985
262183, 8621830, 8650818, 28988
262184, 8621840, 8650832, 28992
262185, 8621850, 8650845, 28995
262186, 8621860, 8650859, 28999
262187, 8621870, 8650872, 29002
262188, 8621880, 8650886, 29006
262189, 8621890, 8650899, 29009
262190, 8621900, 8650913, 29013
262191, 8621910, 8650926, 29016
262193, 8621930, 8650939, 29009
262194, 8621940, 8650953, 29013
262195, 8621950, 8650966, 29016
262196, 8621960, 8650980, 29020
262197, 8621970, 8650993, 29023
262198, 8621980, 8651007, 29027
262199, 8621990, 8651020, 29030
262602, 8626020, 8651047, 25027
262603, 8626030, 8651060, 25030
262604, 8626040, 8651074, 25034
262605, 8626050, 8651087, 25037
262606, 8626060, 8651101, 25041
262607, 8626070, 8651114, 25044
262608, 8626080, 8651128, 25048
262609, 8626090, 8651141, 25051
262610, 8626100, 8651154, 25054
262612, 8626120, 8651168, 25048
262613, 8626130, 8651181, 25051
262614, 8626140, 8651195, 25055
262615, 8626150, 8651208, 25058
262616, 8626160, 8651222, 25062
262617, 8626170, 8651235, 25065
262618, 8626180, 8651249, 25069
262619, 8626190, 8651262, 25072
262620, 8626200, 8651275, 25075
262621, 8626210, 8651289, 25079
262623, 8626230, 8651302, 25072
262624, 8626240, 8651316, 25076
262625, 8626250, 8651329, 25079
262626, 8626260, 8651343, 25083
262627, 8626270, 8651356, 25086
262628, 8626280, 8651370, 25090
262629, 8626290, 8651383, 25093
262630, 8626300, 8651396, 25096
262631, 8626310, 8651410, 25100
262633, 8626330, 8651423, 25093
262634, 8626340, 8651437, 25097
262635, 8626350, 8651450, 25100
262636, 8626360, 8651464, 25104
262637, 8626370, 8651477, 25107
262638, 8626380, 8651490, 25110
262639, 8626390, 8651504, 25114
262640, 8626400, 8651517, 25117
262641, 8626410, 8651531, 25121
262642, 8626420, 8651544, 25124
262644, 8626440, 8651558, 25118
262645, 8626450, 8651571, 25121
262646, 8626460, 8651585, 25125
262647, 8626470, 8651598, 25128
262648, 8626480, 8651611, 25131
262649, 8626490, 8651625, 25135
262651, 8626510, 8651652, 25142
262652, 8626520, 8651665, 25145
262653, 8626530, 8651679, 25149
262655, 8626550, 8651692, 25142
262656, 8626560, 8651706, 25146
262657, 8626570, 8651719, 25149
262658, 8626580, 8651732, 25152
262659, 8626590, 8651746, 25156
262660, 8626600, 8651759, 25159
262661, 8626610, 8651773, 25163
262662, 8626620, 8651786, 25166
262663, 8626630, 8651800, 25170
262665, 8626650, 8651813, 25163
262666, 8626660, 8651826, 25166
262667, 8626670, 8651840, 25170
262668, 8626680, 8651853, 25173
262669, 8626690, 8651867, 25177
262670, 8626700, 8651880, 25180
262671, 8626710, 8651894, 25184
262672, 8626720, 8651907, 25187
262673, 8626730, 8651921, 25191
262674, 8626740, 8651934, 25194
262676, 8626760, 8651947, 25187
262677, 8626770, 8651961, 25191
262678, 8626780, 8651974, 25194
262679, 8626790, 8651988, 25198
262680, 8626800, 8652001, 25201
262681, 8626810, 8652015, 25205
262682, 8626820, 8652028, 25208
262683, 8626830, 8652042, 25212
262684, 8626840, 8652055, 25215
262685, 8626850, 8652068, 25218
262687, 8626870, 8652082, 25212
262688, 8626880, 8652095, 25215
262689, 8626890, 8652109, 25219
262690, 8626900, 8652122, 25222
262691, 8626910, 8652136, 25226
262692, 8626920, 8652149, 25229
262693, 8626930, 8652162, 25232
262694, 8626940, 8652176, 25236
262695, 8626950, 8652189, 25239
262697, 8626970, 8652203, 25233
262698, 8626980, 8652216, 25236
262699, 8626990, 8652230, 25240
262701, 8627010, 8652257, 25247
262702, 8627020, 8652270, 25250
262703, 8627030, 8652283, 25253
262704, 8627040, 8652297, 25257
262705, 8627050, 8652310, 25260
262706, 8627060, 8652324, 25264
262708, 8627080, 8652337, 25257
262709, 8627090, 8652351, 25261
262710, 8627100, 8652364, 25264
262711, 8627110, 8652378, 25268
262712, 8627120, 8652391, 25271
262713, 8627130, 8652404, 25274
262714, 8627140, 8652418, 25278
262715, 8627150, 8652431, 25281
262716, 8627160, 8656012, 28852
262718, 8627180, 8656026, 28846
262719, 8627190, 8656039, 28849
262720, 8627200, 8656052, 28852
262721, 8627210, 8656066, 28856
262722, 8627220, 8656079, 28859
262723, 8627230, 8656093, 28863
262724, 8627240, 8656106, 28866
262725, 8627250, 8656120, 28870
262726, 8627260, 8656133, 28873
262727, 8627270, 8656146, 28876
262729, 8627290, 8656160, 28870
262730, 8627300, 8656173, 28873
262731, 8627310, 8656187, 28877
262732, 8627320, 8656200, 28880
262733, 8627330, 8656214, 28884
262734, 8627340, 8656227, 28887
262735, 8627350, 8656241, 28891
262736, 8627360, 8656254, 28894
262737, 8627370, 8656267, 28897
262738, 8627380, 8656281, 28901
262740, 8627400, 8656294, 28894
262741, 8627410, 8656308, 28898
262742, 8627420, 8656321, 28901
262743, 8627430, 8656335, 28905
262744, 8627440, 8656348, 28908
262745, 8627450, 8656362, 28912
262746, 8627460, 8656375, 28915
262747, 8627470, 8656388, 28918
262748, 8627480, 8656402, 28922
262751, 8627510, 8656429, 28919
262752, 8627520, 8656442, 28922
262753, 8627530, 8656456, 28926
262754, 8627540, 8656469, 28929
262755, 8627550, 8656482, 28932
262756, 8627560, 8656496, 28936
262757, 8627570, 8656509, 28939
262758, 8627580, 8656523, 28943
262759, 8627590, 8656536, 28946
262761, 8627610, 8656550, 28940
262762, 8627620, 8656563, 28943
262763, 8627630, 8656577, 28947
262764, 8627640, 8656590, 28950
262765, 8627650, 8656603, 28953
262766, 8627660, 8656617, 28957
262767, 8627670, 8656630, 28960
262768, 8627680, 8656644, 28964
262769, 8627690, 8656657, 28967
262771, 8627710, 8656671, 28961
262772, 8627720, 8656684, 28964
262773, 8627730, 8656698, 28968
262774, 8627740, 8656711, 28971
262775, 8627750, 8656724, 28974
262776, 8627760, 8656738, 28978
262777, 8627770, 8656751, 28981
262778, 8627780, 8656765, 28985
262779, 8627790, 8656778, 28988
262780, 8627800, 8656792, 28992
262782, 8627820, 8656805, 28985
262783, 8627830, 8656818, 28988
262784, 8627840, 8656832, 28992
262785, 8627850, 8656845, 28995
262786, 8627860, 8656859, 28999
262787, 8627870, 8656872, 29002
262788, 8627880, 8656886, 29006
262789, 8627890, 8656899, 29009
262790, 8627900, 8656913, 29013
262791, 8627910, 8656926, 29016
262793, 8627930, 8656939, 29009
262794, 8627940, 8656953, 29013
262795, 8627950, 8656966, 29016
262796, 8627960, 8656980, 29020
262797, 8627970, 8656993, 29023
262798, 8627980, 8657007, 29027
262799, 8627990, 8657020, 29030
263202, 8632020, 8657047, 25027
263203, 8632030, 8657060, 25030
263204, 8632040, 8657074, 25034
263205, 8632050, 8657087, 25037
263206, 8632060, 8657101, 25041
263207, 8632070, 8657114, 25044
263208, 8632080, 8657128, 25048
263209, 8632090, 8657141, 25051
263210, 8632100, 8657154, 25054
263212, 8632120, 8657168, 25048
263213, 8632130, 8657181, 25051
263214, 8632140, 8657195, 25055
263215, 8632150, 8657208, 25058
263216, 8632160, 8657222, 25062
263217, 8632170, 8657235, 25065
263218, 8632180, 8657249, 25069
263219, 8632190, 8657262, 25072
263220, 8632200, 8657275, 25075
263221, 8632210, 8657289, 25079
263223, 8632230, 8657302, 25072
263224, 8632240, 8657316, 25076
263225, 8632250, 8657329, 25079
263226, 8632260, 8657343, 25083
263227, 8632270, 8657356, 25086
263228, 8632280, 8657370, 25090
263229, 8632290, 8657383, 25093
263230, 8632300, 8657396, 25096
263231, 8632310, 8657410, 25100
263233, 8632330, 8657423, 25093
263234, 8632340, 8657437, 25097
263235, 8632350, 8657450, 25100
263236, 8632360, 8657464, 25104
263237, 8632370, 8657477, 25107
263238, 8632380, 8657490, 25110
263239, 8632390, 8657504, 25114
263240, 8632400, 8657517, 25117
263241, 8632410, 8657531, 25121
263242, 8632420, 8657544, 25124
263244, 8632440, 8657558, 25118
263245, 8632450, 8657571, 25121
263246, 8632460, 8657585, 25125
263247, 8632470, 8657598, 25128
263248, 8632480, 8657611, 25131
263249, 8632490, 8657625, 25135
263251, 8632510, 8657652, 25142
263252, 8632520, 8657665, 25145
263253, 8632530, 8657679, 25149
263255, 8632550, 8657692, 25142
263256, 8632560, 8657706, 25146
263257, 8632570, 8657719, 25149
263258, 8632580, 8657732, 25152
263259, 8632590, 8657746, 25156
263260, 8632600, 8657759, 25159
263261, 8632610, 8657773, 25163
263262, 8632620, 8657786, 25166
263263, 8632630, 8657800, 25170
263265, 8632650, 8657813, 25163
263266, 8632660, 8657826, 25166
263267, 8632670, 8657840, 25170
263268, 8632680, 8657853, 25173
263269, 8632690, 8657867, 25177
263270, 8632700, 8657880, 25180
263271, 8632710, 8657894, 25184
263272, 8632720, 8657907, 25187
263273, 8632730, 8657921, 25191
263274, 8632740, 8657934, 25194
263276, 8632760, 8657947, 25187
263277, 8632770, 8657961, 25191
263278, 8632780, 8657974, 25194
263279, 8632790, 8657988, 25198
263280, 8632800, 8658001, 25201
263281, 8632810, 8658015, 25205
263282, 8632820, 8658028, 25208
263283, 8632830, 8658042, 25212
263284, 8632840, 8658055, 25215
263285, 8632850, 8658068, 25218
263287, 8632870, 8658082, 25212
263288, 8632880, 8658095, 25215
263289, 8632890, 8658109, 25219
263290, 8632900, 8658122, 25222
263291, 8632910, 8658136, 25226
263292, 8632920, 8658149, 25229
263293, 8632930, 8658162, 25232
263294, 8632940, 8658176, 25236
263295, 8632950, 8658189, 25239
263297, 8632970, 8658203, 25233
263298, 8632980, 8658216, 25236
263299, 8632990, 8658230, 25240
263301, 8633010, 8658257, 25247
263302, 8633020, 8658270, 25250
263303, 8633030, 8658283, 25253
263304, 8633040, 8658297, 25257
263305, 8633050, 8658310, 25260
263306, 8633060, 8658324, 25264
263308, 8633080, 8658337, 25257
263309, 8633090, 8658351, 25261
263310, 8633100, 8658364, 25264
263311, 8633110, 8658378, 25268
263312, 8633120, 8658391, 25271
263313, 8633130, 8658404, 25274
263314, 8633140, 8658418, 25278
263315, 8633150, 8658431, 25281
263316, 8633160, 8662012, 28852
263318, 8633180, 8662026, 28846
263319, 8633190, 8662039, 28849
263320, 8633200, 8662052, 28852
263321, 8633210, 8662066, 28856
263322, 8633220, 8662079, 28859
263323, 8633230, 8662093, 28863
263324, 8633240, 8662106, 28866
263325, 8633250, 8662120, 28870
263326, 8633260, 8662133, 28873
263327, 8633270, 8662146, 28876
263329, 8633290, 8662160, 28870
263330, 8633300, 8662173, 28873
263331, 8633310, 8662187, 28877
263332, 8633320, 8662200, 28880
263333, 8633330, 8662214, 28884
263334, 8633340, 8662227, 28887
263335, 8633350, 8662241, 28891
263336, 8633360, 8662254, 28894
263337, 8633370, 8662267, 28897
263338, 8633380, 8662281, 28901
263340, 8633400, 8662294, 28894
263341, 8633410, 8662308, 28898
263342, 8633420, 8662321, 28901
263343, 8633430, 8662335, 28905
263344, 8633440, 8662348, 28908
263345, 8633450, 8662362, 28912
263346, 8633460, 8662375, 28915
263347, 8633470, 8662388, 28918
263348, 8633480, 8662402, 28922
263351, 8633510, 8662429, 28919
263352, 8633520, 8662442, 28922
263353, 8633530, 8662456, 28926
263354, 8633540, 8662469, 28929
263355, 8633550, 8662482, 28932
263356, 8633560, 8662496, 28936
263357, 8633570, 8662509, 28939
263358, 8633580, 8662523, 28943
263359, 8633590, 8662536, 28946
263361, 8633610, 8662550, 28940
263362, 8633620, 8662563, 28943
263363, 8633630, 8662577, 28947
263364, 8633640, 8662590, 28950
263365, 8633650, 8662603, 28953
263366, 8633660, 8662617, 28957
263367, 8633670, 8662630, 28960
263368, 8633680, 8662644, 28964
263369, 8633690, 8662657, 28967
263371, 8633710, 8662671, 28961
263372, 8633720, 8662684, 28964
263373, 8633730, 8662698, 28968
263374, 8633740, 8662711, 28971
263375, 8633750, 8662724, 28974
263376, 8633760, 8662738, 28978
263377, 8633770, 8662751, 28981
263378, 8633780, 8662765, 28985
263379, 8633790, 8662778, 28988
263380, 8633800, 8662792, 28992
263382, 8633820, 8662805, 28985
263383, 8633830, 8662818, 28988
263384, 8633840, 8662832, 28992
263385, 8633850, 8662845, 28995
263386, 8633860, 8662859, 28999
263387, 8633870, 8662872, 29002
263388, 8633880, 8662886, 29006
263389, 8633890, 8662899, 29009
263390, 8633900, 8662913, 29013
263391, 8633910, 8662926, 29016
263393, 8633930, 8662939, 29009
263394, 8633940, 8662953, 29013
263395, 8633950, 8662966, 29016
263396, 8633960, 8662980, 29020
263397, 8633970, 8662993, 29023
263398, 8633980, 8663007, 29027
263399, 8633990, 8663020, 29030
263802, 8638020, 8663047, 25027
263803, 8638030, 8663060, 25030
263804, 8638040, 8663074, 25034
263805, 8638050, 8663087, 25037
263806, 8638060, 8663101, 25041
263807, 8638070, 8663114, 25044
263808, 8638080, 8663128, 25048
263809, 8638090, 8663141, 25051
263810, 8638100, 8663154, 25054
263812, 8638120, 8663168, 25048
263813, 8638130, 8663181, 25051
263814, 8638140, 8663195, 25055
263815, 8638150, 8663208, 25058
263816, 8638160, 8663222, 25062
263817, 8638170, 8663235, 25065
263818, 8638180, 8663249, 25069
263819, 8638190, 8663262, 25072
263820, 8638200, 8663275, 25075
263821, 8638210, 8663289, 25079
263823, 8638230, 8663302, 25072
263824, 8638240, 8663316, 25076
263825, 8638250, 8663329, 25079
263826, 8638260, 8663343, 25083
263827, 8638270, 8663356, 25086
263828, 8638280, 8663370, 25090
263829, 8638290, 8663383, 25093
263830, 8638300, 8663396, 25096
263831, 8638310, 8663410, 25100
263833, 8638330, 8663423, 25093
263834, 8638340, 8663437, 25097
263835, 8638350, 8663450, 25100
263836, 8638360, 8663464, 25104
263837, 8638370, 8663477, 25107
263838, 8638380, 8663490, 25110
263839, 8638390, 8663504, 25114
263840, 8638400, 8663517, 25117
263841, 8638410, 8663531, 25121
263842, 8638420, 8663544, 25124
263844, 8638440, 8663558, 25118
263845, 8638450, 8663571, 25121
263846, 8638460, 8663585, 25125
263847, 8638470, 8663598, 25128
263848, 8638480, 8663611, 25131
263849, 8638490, 8663625, 25135
263851, 8638510, 8663652, 25142
263852, 8638520, 8663665, 25145
263853, 8638530, 8663679, 25149
263855, 8638550, 8663692, 25142
263856, 8638560, 8663706, 25146
263857, 8638570, 8663719, 25149
263858, 8638580, 8663732, 25152
263859, 8638590, 8663746, 25156
263860, 8638600, 8663759, 25159
263861, 8638610, 8663773, 25163
263862, 8638620, 8663786, 25166
263863, 8638630, 8663800, 25170
263865, 8638650, 8663813, 25163
263866, 8638660, 8663826, 25166
263867, 8638670, 8663840, 25170
263868, 8638680, 8663853, 25173
263869, 8638690, 8663867, 25177
263870, 8638700, 8663880, 25180
263871, 8638710, 8663894, 25184
263872, 8638720, 8663907, 25187
263873, 8638730, 8663921, 25191
263874, 8638740, 8663934, 25194
263876, 8638760, 8663947, 25187
263877, 8638770, 8663961, 25191
263878, 8638780, 8663974, 25194
263879, 8638790, 8663988, 25198
263880, 8638800, 8664001, 25201
263881, 8638810, 8664015, 25205
263882, 8638820, 8664028, 25208
263883, 8638830, 8664042, 25212
263884, 8638840, 8664055, 25215
263885, 8638850, 8664068, 25218
263887, 8638870, 8664082, 25212
263888, 8638880, 8664095, 25215
263889, 8638890, 8664109, 25219
263890, 8638900, 8664122, 25222
263891, 8638910, 8664136, 25226
263892, 8638920, 8664149, 25229
263893, 8638930, 8664162, 25232
263894, 8638940, 8664176, 25236
263895, 8638950, 8664189, 25239
263897, 8638970, 8664203, 25233
263898, 8638980, 8664216, 25236
263899, 8638990, 8664230, 25240
263901, 8639010, 8664257, 25247
263902, 8639020, 8664270, 25250
263903, 8639030, 8664283, 25253
263904, 8639040, 8664297, 25257
263905, 8639050, 8664310, 25260
263906, 8639060, 8664324, 25264
263908, 8639080, 8664337, 25257
263909, 8639090, 8664351, 25261
263910, 8639100, 8664364, 25264
263911, 8639110, 8664378, 25268
263912, 8639120, 8664391, 25271
263913, 8639130, 8664404, 25274
263914, 8639140, 8664418, 25278
263915, 8639150, 8664431, 25281
263916, 8639160, 8668012, 28852
263918, 8639180, 8668026, 28846
263919, 8639190, 8668039, 28849
263920, 8639200, 8668052, 28852
263921, 8639210, 8668066, 28856
263922, 8639220, 8668079, 28859
263923, 8639230, 8668093, 28863
263924, 8639240, 8668106, 28866
263925, 8639250, 8668120, 28870
263926, 8639260, 8668133, 28873
263927, 8639270, 8668146, 28876
263929, 8639290, 8668160, 28870
263930, 8639300, 8668173, 28873
263931, 8639310, 8668187, 28877
263932, 8639320, 8668200, 28880
263933, 8639330, 8668214, 28884
263934, 8639340, 8668227, 28887
263935, 8639350, 8668241, 28891
263936, 8639360, 8668254, 28894
263937, 8639370, 8668267, 28897
263938, 8639380, 8668281, 28901
263940, 8639400, 8668294, 28894
263941, 8639410, 8668308, 28898
263942, 8639420, 8668321, 28901
263943, 8639430, 8668335, 28905
263944, 8639440, 8668348, 28908
263945, 8639450, 8668362, 28912
263946, 8639460, 8668375, 28915
263947, 8639470, 8668388, 28918
263948, 8639480, 8668402, 28922
263951, 8639510, 8668429, 28919
263952, 8639520, 8668442, 28922
263953, 8639530, 8668456, 28926
263954, 8639540, 8668469, 28929
263955, 8639550, 8668482, 28932
263956, 8639560, 8668496, 28936
263957, 8639570, 8668509, 28939
263958, 8639580, 8668523, 28943
263959, 8639590, 8668536, 28946
263961, 8639610, 8668550, 28940
263962, 8639620, 8668563, 28943
263963, 8639630, 8668577, 28947
263964, 8639640, 8668590, 28950
263965, 8639650, 8668603, 28953
263966, 8639660, 8668617, 28957
263967, 8639670, 8668630, 28960
263968, 8639680, 8668644, 28964
263969, 8639690, 8668657, 28967
263971, 8639710, 8668671, 28961
263972, 8639720, 8668684, 28964
263973, 8639730, 8668698, 28968
263974, 8639740, 8668711, 28971
263975, 8639750, 8668724, 28974
263976, 8639760, 8668738, 28978
263977, 8639770, 8668751, 28981
263978, 8639780, 8668765, 28985
263979, 8639790, 8668778, 28988
263980, 8639800, 8668792, 28992
263982, 8639820, 8668805, 28985
263983, 8639830, 8668818, 28988
263984, 8639840, 8668832, 28992
263985, 8639850, 8668845, 28995
263986, 8639860, 8668859, 28999
263987, 8639870, 8668872, 29002
263988, 8639880, 8668886, 29006
263989, 8639890, 8668899, 29009
263990, 8639900, 8668913, 29013
263991, 8639910, 8668926, 29016
263993, 8639930, 8668939, 29009
263994, 8639940, 8668953, 29013
263995, 8639950, 8668966, 29016
263996, 8639960, 8668980, 29020
263997, 8639970, 8668993, 29023
263998, 8639980, 8669007, 29027
263999, 8639990, 8669020, 29030
264402, 8644020, 8669047, 25027
264403, 8644030, 8669060, 25030
264404, 8644040, 8669074, 25034
264405, 8644050, 8669087, 25037
264406, 8644060, 8669101, 25041
264407, 8644070, 8669114, 25044
264408, 8644080, 8669128, 25048
264409, 8644090, 8669141, 25051
264410, 8644100, 8669154, 25054
264412, 8644120, 8669168, 25048
264413, 8644130, 8669181, 25051
264414, 8644140, 8669195, 25055
264415, 8644150, 8669208, 25058
264416, 8644160, 8669222, 25062
264417, 8644170, 8669235, 25065
264418, 8644180, 8669249, 25069
264419, 8644190, 8669262, 25072
264420, 8644200, 8669275, 25075
264421, 8644210, 8669289, 25079
264423, 8644230, 8669302, 25072
264424, 8644240, 8669316, 25076
264425, 8644250, 8669329, 25079
264426, 8644260, 8669343, 25083
264427, 8644270, 8669356, 25086
264428, 8644280, 8669370, 25090
264429, 8644290, 8669383, 25093
264430, 8644300, 8669396, 25096
264431, 8644310, 8669410, 25100
264433, 8644330, 8669423, 25093
264434, 8644340, 8669437, 25097
264435, 8644350, 8669450, 25100
264436, 8644360, 8669464, 25104
264437, 8644370, 8669477, 25107
264438, 8644380, 8669490, 25110
264439, 8644390, 8669504, 25114
264440, 8644400, 8669517, 25117
264441, 8644410, 8669531, 25121
264442, 8644420, 8669544, 25124
264444, 8644440, 8669558, 25118
264445, 8644450, 8669571, 25121
264446, 8644460, 8669585, 25125
264447, 8644470, 8669598, 25128
264448, 8644480, 8669611, 25131
264449, 8644490, 8669625, 25135
264451, 8644510, 8669652, 25142
264452, 8644520, 8669665, 25145
264453, 8644530, 8669679, 25149
264455, 8644550, 8669692, 25142
264456, 8644560, 8669706, 25146
264457, 8644570, 8669719, 25149
264458, 8644580, 8669732, 25152
264459, 8644590, 8669746, 25156
264460, 8644600, 8669759, 25159
264461, 8644610, 8669773, 25163
264462, 8644620, 8669786, 25166
264463, 8644630, 8669800, 25170
264465, 8644650, 8669813, 25163
264466, 8644660, 8669826, 25166
264467, 8644670, 8669840, 25170
264468, 8644680, 8669853, 25173
264469, 8644690, 8669867, 25177
264470, 8644700, 8669880, 25180
264471, 8644710, 8669894, 25184
264472, 8644720, 8669907, 25187
264473, 8644730, 8669921, 25191
264474, 8644740, 8669934, 25194
264476, 8644760, 8669947, 25187
264477, 8644770, 8669961, 25191
264478, 8644780, 8669974, 25194
264479, 8644790, 8669988, 25198
264480, 8644800, 8670001, 25201
264481, 8644810, 8670015, 25205
264482, 8644820, 8670028, 25208
264483, 8644830, 8670042, 25212
264484, 8644840, 8670055, 25215
264485, 8644850, 8670068, 25218
264487, 8644870, 8670082, 25212
264488, 8644880, 8670095, 25215
264489, 8644890, 8670109, 25219
264490, 8644900, 8670122, 25222
264491, 8644910, 8670136, 25226
264492, 8644920, 8670149, 25229
264493, 8644930, 8670162, 25232
264494, 8644940, 8670176, 25236
264495, 8644950, 8670189, 25239
264497, 8644970, 8670203, 25233
264498, 8644980, 8670216, 25236
264499, 8644990, 8670230, 25240
264501, 8645010, 8670257, 25247
264502, 8645020, 8670270, 25250
264503, 8645030, 8670283, 25253
264504, 8645040, 8670297, 25257
264505, 8645050, 8670310, 25260
264506, 8645060, 8670324, 25264
264508, 8645080, 8670337, 25257
264509, 8645090, 8670351, 25261
264510, 8645100, 8670364, 25264
264511, 8645110, 8670378, 25268
264512, 8645120, 8670391, 25271
264513, 8645130, 8670404, 25274
264514, 8645140, 8670418, 25278
264515, 8645150, 8670431, 25281
264516, 8645160, 8674012, 28852
264517, 8645170, 8674026, 28856
264519, 8645190, 8674039, 28849
264520, 8645200, 8674052, 28852
264521, 8645210, 8674066, 28856
264522, 8645220, 8674079, 28859
264523, 8645230, 8674093, 28863
264524, 8645240, 8674106, 28866
264525, 8645250, 8674120, 28870
264526, 8645260, 8674133, 28873
264527, 8645270, 8674146, 28876
264529, 8645290, 8674160, 28870
264530, 8645300, 8674173, 28873
264531, 8645310, 8674187, 28877
264532, 8645320, 8674200, 28880
264533, 8645330, 8674214, 28884
264534, 8645340, 8674227, 28887
264535, 8645350, 8674241, 28891
264536, 8645360, 8674254, 28894
264537, 8645370, 8674267, 28897
264538, 8645380, 8674281, 28901
264540, 8645400, 8674294, 28894
264541, 8645410, 8674308, 28898
264542, 8645420, 8674321, 28901
264543, 8645430, 8674335, 28905
264544, 8645440, 8674348, 28908
264545, 8645450, 8674362, 28912
264546, 8645460, 8674375, 28915
264547, 8645470, 8674388, 28918
264548, 8645480, 8674402, 28922
264551, 8645510, 8674429, 28919
264552, 8645520, 8674442, 28922
264553, 8645530, 8674456, 28926
264554, 8645540, 8674469, 28929
264555, 8645550, 8674482, 28932
264556, 8645560, 8674496, 28936
264557, 8645570, 8674509, 28939
264558, 8645580, 8674523, 28943
264559, 8645590, 8674536, 28946
264561, 8645610, 8674550, 28940
264562, 8645620, 8674563, 28943
264563, 8645630, 8674577, 28947
264564, 8645640, 8674590, 28950
264565, 8645650, 8674603, 28953
264566, 8645660, 8674617, 28957
264567, 8645670, 8674630, 28960
264568, 8645680, 8674644, 28964
264569, 8645690, 8674657, 28967
264570, 8645700, 8674671, 28971
264572, 8645720, 8674684, 28964
264573, 8645730, 8674698, 28968
264574, 8645740, 8674711, 28971
264575, 8645750, 8674724, 28974
264576, 8645760, 8674738, 28978
264577, 8645770, 8674751, 28981
264578, 8645780, 8674765, 28985
264579, 8645790, 8674778, 28988
264580, 8645800, 8674792, 28992
264582, 8645820, 8674805, 28985
264583, 8645830, 8674818, 28988
264584, 8645840, 8674832, 28992
264585, 8645850, 8674845, 28995
264586, 8645860, 8674859, 28999
264587, 8645870, 8674872, 29002
264588, 8645880, 8674886, 29006
264589, 8645890, 8674899, 29009
264590, 8645900, 8674913, 29013
264591, 8645910, 8674926, 29016
264593, 8645930, 8674939, 29009
264594, 8645940, 8674953, 29013
264595, 8645950, 8674966, 29016
264596, 8645960, 8674980, 29020
264597, 8645970, 8674993, 29023
264598, 8645980, 8675007, 29027
264599, 8645990, 8675020, 29030
265002, 8650020, 8675047, 25027
265003, 8650030, 8675060, 25030
265004, 8650040, 8675074, 25034
265005, 8650050, 8675087, 25037
265006, 8650060, 8675101, 25041
265007, 8650070, 8675114, 25044
265008, 8650080, 8675127, 25047
265009, 8650090, 8675141, 25051
265010, 8650100, 8675154, 25054
265012, 8650120, 8675168, 25048
265013, 8650130, 8675181, 25051
265014, 8650140, 8675195, 25055
265015, 8650150, 8675208, 25058
265016, 8650160, 8675222, 25062
265017, 8650170, 8675235, 25065
265018, 8650180, 8675248, 25068
265019, 8650190, 8675262, 25072
265020, 8650200, 8675275, 25075
265021, 8650210, 8675289, 25079
265023, 8650230, 8675302, 25072
265024, 8650240, 8675316, 25076
265025, 8650250, 8675329, 25079
265026, 8650260, 8675342, 25082
265027, 8650270, 8675356, 25086
265028, 8650280, 8675369, 25089
265029, 8650290, 8675383, 25093
265030, 8650300, 8675396, 25096
265031, 8650310, 8675410, 25100
265033, 8650330, 8675423, 25093
265034, 8650340, 8675437, 25097
265035, 8650350, 8675450, 25100
265036, 8650360, 8675463, 25103
265037, 8650370, 8675477, 25107
265038, 8650380, 8675490, 25110
265039, 8650390, 8675504, 25114
265040, 8650400, 8675517, 25117
265041, 8650410, 8675531, 25121
265042, 8650420, 8675544, 25124
265044, 8650440, 8675558, 25118
265045, 8650450, 8675571, 25121
265046, 8650460, 8675584, 25124
265047, 8650470, 8675598, 25128
265048, 8650480, 8675611, 25131
265049, 8650490, 8675625, 25135
265051, 8650510, 8675652, 25142
265052, 8650520, 8675665, 25145
265053, 8650530, 8675678, 25148
265055, 8650550, 8675692, 25142
265056, 8650560, 8675705, 25145
265057, 8650570, 8675719, 25149
265058, 8650580, 8675732, 25152
265059, 8650590, 8675746, 25156
265060, 8650600, 8675759, 25159
265061, 8650610, 8675773, 25163
265062, 8650620, 8675786, 25166
265063, 8650630, 8675799, 25169
265065, 8650650, 8675813, 25163
265066, 8650660, 8675826, 25166
265067, 8650670, 8675840, 25170
265068, 8650680, 8675853, 25173
265069, 8650690, 8675867, 25177
265070, 8650700, 8675880, 25180
265071, 8650710, 8675894, 25184
265072, 8650720, 8675907, 25187
265073, 8650730, 8675920, 25190
265074, 8650740, 8675934, 25194
265076, 8650760, 8675947, 25187
265077, 8650770, 8675961, 25191
265078, 8650780, 8675974, 25194
265079, 8650790, 8675988, 25198
265080, 8650800, 8676001, 25201
265081, 8650810, 8676014, 25204
265082, 8650820, 8676028, 25208
265083, 8650830, 8676041, 25211
265084, 8650840, 8676055, 25215
265085, 8650850, 8676068, 25218
265087, 8650870, 8676082, 25212
265088, 8650880, 8676095, 25215
265089, 8650890, 8676109, 25219
265090, 8650900, 8676122, 25222
265091, 8650910, 8676135, 25225
265092, 8650920, 8676149, 25229
265093, 8650930, 8676162, 25232
265094, 8650940, 8676176, 25236
265095, 8650950, 8676189, 25239
265097, 8650970, 8676203, 25233
265098, 8650980, 8676216, 25236
265099, 8650990, 8676230, 25240
265101, 8651010, 8676256, 25246
265102, 8651020, 8676270, 25250
265103, 8651030, 8676283, 25253
265104, 8651040, 8676297, 25257
265105, 8651050, 8676310, 25260
265106, 8651060, 8676324, 25264
265108, 8651080, 8676337, 25257
265109, 8651090, 8676350, 25260
265110, 8651100, 8676364, 25264
265111, 8651110, 8676377, 25267
265112, 8651120, 8676391, 25271
265113, 8651130, 8676404, 25274
265114, 8651140, 8676418, 25278
265115, 8651150, 8676431, 25281
265116, 8651160, 8680012, 28852
265118, 8651180, 8680026, 28846
265119, 8651190, 8680039, 28849
265120, 8651200, 8680052, 28852
265121, 8651210, 8680066, 28856
265122, 8651220, 8680079, 28859
265123, 8651230, 8680093, 28863
265124, 8651240, 8680106, 28866
265125, 8651250, 8680120, 28870
265126, 8651260, 8680133, 28873
265127, 8651270, 8680146, 28876
265129, 8651290, 8680160, 28870
265130, 8651300, 8680173, 28873
265131, 8651310, 8680187, 28877
265132, 8651320, 8680200, 28880
265133, 8651330, 8680214, 28884
265134, 8651340, 8680227, 28887
265135, 8651350, 8680241, 28891
265136, 8651360, 8680254, 28894
265137, 8651370, 8680267, 28897
265138, 8651380, 8680281, 28901
265140, 8651400, 8680294, 28894
265141, 8651410, 8680308, 28898
265142, 8651420, 8680321, 28901
265143, 8651430, 8680335, 28905
265144, 8651440, 8680348, 28908
265145, 8651450, 8680362, 28912
265146, 8651460, 8680375, 28915
265147, 8651470, 8680388, 28918
265148, 8651480, 8680402, 28922
265151, 8651510, 8680429, 28919
265152, 8651520, 8680442, 28922
265153, 8651530, 8680456, 28926
265154, 8651540, 8680469, 28929
265155, 8651550, 8680482, 28932
265156, 8651560, 8680496, 28936
265157, 8651570, 8680509, 28939
265158, 8651580, 8680523, 28943
265159, 8651590, 8680536, 28946
265161, 8651610, 8680550, 28940
265162, 8651620, 8680563, 28943
265163, 8651630, 8680577, 28947
265164, 8651640, 8680590, 28950
265165, 8651650, 8680603, 28953
265166, 8651660, 8680617, 28957
265167, 8651670, 8680630, 28960
265168, 8651680, 8680644, 28964
265169, 8651690, 8680657, 28967
265171, 8651710, 8680671, 28961
265172, 8651720, 8680684, 28964
265173, 8651730, 8680698, 28968
265174, 8651740, 8680711, 28971
265175, 8651750, 8680724, 28974
265176, 8651760, 8680738, 28978
265177, 8651770, 8680751, 28981
265178, 8651780, 8680765, 28985
265179, 8651790, 8680778, 28988
265180, 8651800, 8680792, 28992
265182, 8651820, 8680805, 28985
265183, 8651830, 8680818, 28988
265184, 8651840, 8680832, 28992
265185, 8651850, 8680845, 28995
265186, 8651860, 8680859, 28999
265187, 8651870, 8680872, 29002
265188, 8651880, 8680886, 29006
265189, 8651890, 8680899, 29009
265190, 8651900, 8680913, 29013
265191, 8651910, 8680926, 29016
265193, 8651930, 8680939, 29009
265194, 8651940, 8680953, 29013
265195, 8651950, 8680966, 29016
265196, 8651960, 8680980, 29020
265197, 8651970, 8680993, 29023
265198, 8651980, 8681007, 29027
265199, 8651990, 8681020, 29030
265602, 8656020, 8681047, 25027
265603, 8656030, 8681060, 25030
265604, 8656040, 8681074, 25034
265605, 8656050, 8681087, 25037
265606, 8656060, 8681101, 25041
265607, 8656070, 8681114, 25044
265608, 8656080, 8681128, 25048
265609, 8656090, 8681141, 25051
265610, 8656100, 8681154, 25054
265612, 8656120, 8681168, 25048
265613, 8656130, 8681181, 25051
265614, 8656140, 8681195, 25055
265615, 8656150, 8681208, 25058
265616, 8656160, 8681222, 25062
265617, 8656170, 8681235, 25065
265618, 8656180, 8681249, 25069
265619, 8656190, 8681262, 25072
265620, 8656200, 8681275, 25075
265621, 8656210, 8681289, 25079
265623, 8656230, 8681302, 25072
265624, 8656240, 8681316, 25076
265625, 8656250, 8681329, 25079
265626, 8656260, 8681343, 25083
265627, 8656270, 8681356, 25086
265628, 8656280, 8681370, 25090
265629, 8656290, 8681383, 25093
265630, 8656300, 8681396, 25096
265631, 8656310, 8681410, 25100
265633, 8656330, 8681423, 25093
265634, 8656340, 8681437, 25097
265635, 8656350, 8681450, 25100
265636, 8656360, 8681464, 25104
265637, 8656370, 8681477, 25107
265638, 8656380, 8681490, 25110
265639, 8656390, 8681504, 25114
265640, 8656400, 8681517, 25117
265641, 8656410, 8681531, 25121
265642, 8656420, 8681544, 25124
265644, 8656440, 8681558, 25118
265645, 8656450, 8681571, 25121
265646, 8656460, 8681585, 25125
265647, 8656470, 8681598, 25128
265648, 8656480, 8681611, 25131
265649, 8656490, 8681625, 25135
265651, 8656510, 8681652, 25142
265652, 8656520, 8681665, 25145
265653, 8656530, 8681679, 25149
265655, 8656550, 8681692, 25142
265656, 8656560, 8681706, 25146
265657, 8656570, 8681719, 25149
265658, 8656580, 8681732, 25152
265659, 8656590, 8681746, 25156
265660, 8656600, 8681759, 25159
265661, 8656610, 8681773, 25163
265662, 8656620, 8681786, 25166
265663, 8656630, 8681800, 25170
265665, 8656650, 8681813, 25163
265666, 8656660, 8681826, 25166
265667, 8656670, 8681840, 25170
265668, 8656680, 8681853, 25173
265669, 8656690, 8681867, 25177
265670, 8656700, 8681880, 25180
265671, 8656710, 8681894, 25184
265672, 8656720, 8681907, 25187
265673, 8656730, 8681921, 25191
265674, 8656740, 8681934, 25194
265676, 8656760, 8681947, 25187
265677, 8656770, 8681961, 25191
265678, 8656780, 8681974, 25194
265679, 8656790, 8681988, 25198
265680, 8656800, 8682001, 25201
265681, 8656810, 8682015, 25205
265682, 8656820, 8682028, 25208
265683, 8656830, 8682042, 25212
265684, 8656840, 8682055, 25215
265685, 8656850, 8682068, 25218
265687, 8656870, 8682082, 25212
265688, 8656880, 8682095, 25215
265689, 8656890, 8682109, 25219
265690, 8656900, 8682122, 25222
265691, 8656910, 8682136, 25226
265692, 8656920, 8682149, 25229
265693, 8656930, 8682162, 25232
265694, 8656940, 8682176, 25236
265695, 8656950, 8682189, 25239
265697, 8656970, 8682203, 25233
265698, 8656980, 8682216, 25236
265699, 8656990, 8682230, 25240
265701, 8657010, 8682257, 25247
265702, 8657020, 8682270, 25250
265703, 8657030, 8682283, 25253
265704, 8657040, 8682297, 25257
265705, 8657050, 8682310, 25260
265706, 8657060, 8682324, 25264
265708, 8657080, 8682337, 25257
265709, 8657090, 8682351, 25261
265710, 8657100, 8682364, 25264
265711, 8657110, 8682378, 25268
265712, 8657120, 8682391, 25271
265713, 8657130, 8682404, 25274
265714, 8657140, 8682418, 25278
265715, 8657150, 8682431, 25281
265716, 8657160, 8686012, 28852
265718, 8657180, 8686026, 28846
265719, 8657190, 8686039, 28849
265720, 8657200, 8686052, 28852
265721, 8657210, 8686066, 28856
265722, 8657220, 8686079, 28859
265723, 8657230, 8686093, 28863
265724, 8657240, 8686106, 28866
265725, 8657250, 8686120, 28870
265726, 8657260, 8686133, 28873
265727, 8657270, 8686146, 28876
265729, 8657290, 8686160, 28870
265730, 8657300, 8686173, 28873
265731, 8657310, 8686187, 28877
265732, 8657320, 8686200, 28880
265733, 8657330, 8686214, 28884
265734, 8657340, 8686227, 28887
265735, 8657350, 8686241, 28891
265736, 8657360, 8686254, 28894
265737, 8657370, 8686267, 28897
265738, 8657380, 8686281, 28901
265740, 8657400, 8686294, 28894
265741, 8657410, 8686308, 28898
265742, 8657420, 8686321, 28901
265743, 8657430, 8686335, 28905
265744, 8657440, 8686348, 28908
265745, 8657450, 8686362, 28912
265746, 8657460, 8686375, 28915
265747, 8657470, 8686388, 28918
265748, 8657480, 8686402, 28922
265751, 8657510, 8686429, 28919
265752, 8657520, 8686442, 28922
265753, 8657530, 8686456, 28926
265754, 8657540, 8686469, 28929
265755, 8657550, 8686482, 28932
265756, 8657560, 8686496, 28936
265757, 8657570, 8686509, 28939
265758, 8657580, 8686523, 28943
265759, 8657590, 8686536, 28946
265761, 8657610, 8686550, 28940
265762, 8657620, 8686563, 28943
265763, 8657630, 8686577, 28947
265764, 8657640, 8686590, 28950
265765, 8657650, 8686603, 28953
265766, 8657660, 8686617, 28957
265767, 8657670, 8686630, 28960
265768, 8657680, 8686644, 28964
265769, 8657690, 8686657, 28967
265771, 8657710, 8686671, 28961
265772, 8657720, 8686684, 28964
265773, 8657730, 8686698, 28968
265774, 8657740, 8686711, 28971
265775, 8657750, 8686724, 28974
265776, 8657760, 8686738, 28978
265777, 8657770, 8686751, 28981
265778, 8657780, 8686765, 28985
265779, 8657790, 8686778, 28988
265780, 8657800, 8686792, 28992
265782, 8657820, 8686805, 28985
265783, 8657830, 8686818, 28988
265784, 8657840, 8686832, 28992
265785, 8657850, 8686845, 28995
265786, 8657860, 8686859, 28999
265787, 8657870, 8686872, 29002
265788, 8657880, 8686886, 29006
265789, 8657890, 8686899, 29009
265790, 8657900, 8686913, 29013
265791, 8657910, 8686926, 29016
265793, 8657930, 8686939, 29009
265794, 8657940, 8686953, 29013
265795, 8657950, 8686966, 29016
265796, 8657960, 8686980, 29020
265797, 8657970, 8686993, 29023
265798, 8657980, 8687007, 29027
265799, 8657990, 8687020, 29030
266202, 8662020, 8687047, 25027
266203, 8662030, 8687060, 25030
266204, 8662040, 8687074, 25034
266205, 8662050, 8687087, 25037
266206, 8662060, 8687101, 25041
266207, 8662070, 8687114, 25044
266208, 8662080, 8687128, 25048
266209, 8662090, 8687141, 25051
266210, 8662100, 8687154, 25054
266212, 8662120, 8687168, 25048
266213, 8662130, 8687181, 25051
266214, 8662140, 8687195, 25055
266215, 8662150, 8687208, 25058
266216, 8662160, 8687222, 25062
266217, 8662170, 8687235, 25065
266218, 8662180, 8687249, 25069
266219, 8662190, 8687262, 25072
266220, 8662200, 8687275, 25075
266221, 8662210, 8687289, 25079
266223, 8662230, 8687302, 25072
266224, 8662240, 8687316, 25076
266225, 8662250, 8687329, 25079
266226, 8662260, 8687343, 25083
266227, 8662270, 8687356, 25086
266228, 8662280, 8687370, 25090
266229, 8662290, 8687383, 25093
266230, 8662300, 8687396, 25096
266231, 8662310, 8687410, 25100
266233, 8662330, 8687423, 25093
266234, 8662340, 8687437, 25097
266235, 8662350, 8687450, 25100
266236, 8662360, 8687464, 25104
266237, 8662370, 8687477, 25107
266238, 8662380, 8687490, 25110
266239, 8662390, 8687504, 25114
266240, 8662400, 8687517, 25117
266241, 8662410, 8687531, 25121
266242, 8662420, 8687544, 25124
266244, 8662440, 8687558, 25118
266245, 8662450, 8687571, 25121
266246, 8662460, 8687585, 25125
266247, 8662470, 8687598, 25128
266248, 8662480, 8687611, 25131
266249, 8662490, 8687625, 25135
266251, 8662510, 8687652, 25142
266252, 8662520, 8687665, 25145
266253, 8662530, 8687679, 25149
266255, 8662550, 8687692, 25142
266256, 8662560, 8687706, 25146
266257, 8662570, 8687719, 25149
266258, 8662580, 8687732, 25152
266259, 8662590, 8687746, 25156
266260, 8662600, 8687759, 25159
266261, 8662610, 8687773, 25163
266262, 8662620, 8687786, 25166
266263, 8662630, 8687800, 25170
266265, 8662650, 8687813, 25163
266266, 8662660, 8687826, 25166
266267, 8662670, 8687840, 25170
266268, 8662680, 8687853, 25173
266269, 8662690, 8687867, 25177
266270, 8662700, 8687880, 25180
266271, 8662710, 8687894, 25184
266272, 8662720, 8687907, 25187
266273, 8662730, 8687921, 25191
266274, 8662740, 8687934, 25194
266276, 8662760, 8687947, 25187
266277, 8662770, 8687961, 25191
266278, 8662780, 8687974, 25194
266279, 8662790, 8687988, 25198
266280, 8662800, 8688001, 25201
266281, 8662810, 8688015, 25205
266282, 8662820, 8688028, 25208
266283, 8662830, 8688042, 25212
266284, 8662840, 8688055, 25215
266285, 8662850, 8688068, 25218
266287, 8662870, 8688082, 25212
266288, 8662880, 8688095, 25215
266289, 8662890, 8688109, 25219
266290, 8662900, 8688122, 25222
266291, 8662910, 8688136, 25226
266292, 8662920, 8688149, 25229
266293, 8662930, 8688162, 25232
266294, 8662940, 8688176, 25236
266295, 8662950, 8688189, 25239
266297, 8662970, 8688203, 25233
266298, 8662980, 8688216, 25236
266299, 8662990, 8688230, 25240
266301, 8663010, 8688257, 25247
266302, 8663020, 8688270, 25250
266303, 8663030, 8688283, 25253
266304, 8663040, 8688297, 25257
266305, 8663050, 8688310, 25260
266306, 8663060, 8688324, 25264
266308, 8663080, 8688337, 25257
266309, 8663090, 8688351, 25261
266310, 8663100, 8688364, 25264
266311, 8663110, 8688378, 25268
266312, 8663120, 8688391, 25271
266313, 8663130, 8688404, 25274
266314, 8663140, 8688418, 25278
266315, 8663150, 8688431, 25281
266316, 8663160, 8692012, 28852
266318, 8663180, 8692026, 28846
266319, 8663190, 8692039, 28849
266320, 8663200, 8692052, 28852
266321, 8663210, 8692066, 28856
266322, 8663220, 8692079, 28859
266323, 8663230, 8692093, 28863
266324, 8663240, 8692106, 28866
266325, 8663250, 8692120, 28870
266326, 8663260, 8692133, 28873
266327, 8663270, 8692146, 28876
266329, 8663290, 8692160, 28870
266330, 8663300, 8692173, 28873
266331, 8663310, 8692187, 28877
266332, 8663320, 8692200, 28880
266333, 8663330, 8692214, 28884
266334, 8663340, 8692227, 28887
266335, 8663350, 8692241, 28891
266336, 8663360, 8692254, 28894
266337, 8663370, 8692267, 28897
266338, 8663380, 8692281, 28901
266340, 8663400, 8692294, 28894
266341, 8663410, 8692308, 28898
266342, 8663420, 8692321, 28901
266343, 8663430, 8692335, 28905
266344, 8663440, 8692348, 28908
266345, 8663450, 8692362, 28912
266346, 8663460, 8692375, 28915
266347, 8663470, 8692388, 28918
266348, 8663480, 8692402, 28922
266351, 8663510, 8692429, 28919
266352, 8663520, 8692442, 28922
266353, 8663530, 8692456, 28926
266354, 8663540, 8692469, 28929
266355, 8663550, 8692482, 28932
266356, 8663560, 8692496, 28936
266357, 8663570, 8692509, 28939
266358, 8663580, 8692523, 28943
266359, 8663590, 8692536, 28946
266361, 8663610, 8692550, 28940
266362, 8663620, 8692563, 28943
266363, 8663630, 8692577, 28947
266364, 8663640, 8692590, 28950
266365, 8663650, 8692603, 28953
266366, 8663660, 8692617, 28957
266367, 8663670, 8692630, 28960
266368, 8663680, 8692644, 28964
266369, 8663690, 8692657, 28967
266371, 8663710, 8692671, 28961
266372, 8663720, 8692684, 28964
266373, 8663730, 8692698, 28968
266374, 8663740, 8692711, 28971
266375, 8663750, 8692724, 28974
266376, 8663760, 8692738, 28978
266377, 8663770, 8692751, 28981
266378, 8663780, 8692765, 28985
266379, 8663790, 8692778, 28988
266380, 8663800, 8692792, 28992
266382, 8663820, 8692805, 28985
266383, 8663830, 8692818, 28988
266384, 8663840, 8692832, 28992
266385, 8663850, 8692845, 28995
266386, 8663860, 8692859, 28999
266387, 8663870, 8692872, 29002
266388, 8663880, 8692886, 29006
266389, 8663890, 8692899, 29009
266390, 8663900, 8692913, 29013
266391, 8663910, 8692926, 29016
266393, 8663930, 8692939, 29009
266394, 8663940, 8692953, 29013
266395, 8663950, 8692966, 29016
266396, 8663960, 8692980, 29020
266397, 8663970, 8692993, 29023
266398, 8663980, 8693007, 29027
266399, 8663990, 8693020, 29030
266802, 8668020, 8693047, 25027
266803, 8668030, 8693060, 25030
266804, 8668040, 8693074, 25034
266805, 8668050, 8693087, 25037
266806, 8668060, 8693101, 25041
266807, 8668070, 8693114, 25044
266808, 8668080, 8693128, 25048
266809, 8668090, 8693141, 25051
266810, 8668100, 8693154, 25054
266812, 8668120, 8693168, 25048
266813, 8668130, 8693181, 25051
266814, 8668140, 8693195, 25055
266815, 8668150, 8693208, 25058
266816, 8668160, 8693222, 25062
266817, 8668170, 8693235, 25065
266818, 8668180, 8693249, 25069
266819, 8668190, 8693262, 25072
266820, 8668200, 8693275, 25075
266821, 8668210, 8693289, 25079
266823, 8668230, 8693302, 25072
266824, 8668240, 8693316, 25076
266825, 8668250, 8693329, 25079
266826, 8668260, 8693343, 25083
266827, 8668270, 8693356, 25086
266828, 8668280, 8693370, 25090
266829, 8668290, 8693383, 25093
266830, 8668300, 8693396, 25096
266831, 8668310, 8693410, 25100
266833, 8668330, 8693423, 25093
266834, 8668340, 8693437, 25097
266835, 8668350, 8693450, 25100
266836, 8668360, 8693464, 25104
266837, 8668370, 8693477, 25107
266838, 8668380, 8693490, 25110
266839, 8668390, 8693504, 25114
266840, 8668400, 8693517, 25117
266841, 8668410, 8693531, 25121
266842, 8668420, 8693544, 25124
266844, 8668440, 8693558, 25118
266845, 8668450, 8693571, 25121
266846, 8668460, 8693585, 25125
266847, 8668470, 8693598, 25128
266848, 8668480, 8693611, 25131
266849, 8668490, 8693625, 25135
266851, 8668510, 8693652, 25142
266852, 8668520, 8693665, 25145
266853, 8668530, 8693679, 25149
266855, 8668550, 8693692, 25142
266856, 8668560, 8693706, 25146
266857, 8668570, 8693719, 25149
266858, 8668580, 8693732, 25152
266859, 8668590, 8693746, 25156
266860, 8668600, 8693759, 25159
266861, 8668610, 8693773, 25163
266862, 8668620, 8693786, 25166
266863, 8668630, 8693800, 25170
266865, 8668650, 8693813, 25163
266866, 8668660, 8693826, 25166
266867, 8668670, 8693840, 25170
266868, 8668680, 8693853, 25173
266869, 8668690, 8693867, 25177
266870, 8668700, 8693880, 25180
266871, 8668710, 8693894, 25184
266872, 8668720, 8693907, 25187
266873, 8668730, 8693921, 25191
266874, 8668740, 8693934, 25194
266876, 8668760, 8693947, 25187
266877, 8668770, 8693961, 25191
266878, 8668780, 8693974, 25194
266879, 8668790, 8693988, 25198
266880, 8668800, 8694001, 25201
266881, 8668810, 8694015, 25205
266882, 8668820, 8694028, 25208
266883, 8668830, 8694042, 25212
266884, 8668840, 8694055, 25215
266885, 8668850, 8694068, 25218
266887, 8668870, 8694082, 25212
266888, 8668880, 8694095, 25215
266889, 8668890, 8694109, 25219
266890, 8668900, 8694122, 25222
266891, 8668910, 8694136, 25226
266892, 8668920, 8694149, 25229
266893, 8668930, 8694162, 25232
266894, 8668940, 8694176, 25236
266895, 8668950, 8694189, 25239
266897, 8668970, 8694203, 25233
266898, 8668980, 8694216, 25236
266899, 8668990, 8694230, 25240
266901, 8669010, 8694257, 25247
266902, 8669020, 8694270, 25250
266903, 8669030, 8694283, 25253
266904, 8669040, 8694297, 25257
266905, 8669050, 8694310, 25260
266906, 8669060, 8694324, 25264
266908, 8669080, 8694337, 25257
266909, 8669090, 8694351, 25261
266910, 8669100, 8694364, 25264
266911, 8669110, 8694378, 25268
266912, 8669120, 8694391, 25271
266913, 8669130, 8694404, 25274
266914, 8669140, 8694418, 25278
266915, 8669150, 8694431, 25281
266916, 8669160, 8698012, 28852
266918, 8669180, 8698026, 28846
266919, 8669190, 8698039, 28849
266920, 8669200, 8698052, 28852
266921, 8669210, 8698066, 28856
266922, 8669220, 8698079, 28859
266923, 8669230, 8698093, 28863
266924, 8669240, 8698106, 28866
266925, 8669250, 8698120, 28870
266926, 8669260, 8698133, 28873
266927, 8669270, 8698146, 28876
266929, 8669290, 8698160, 28870
266930, 8669300, 8698173, 28873
266931, 8669310, 8698187, 28877
266932, 8669320, 8698200, 28880
266933, 8669330, 8698214, 28884
266934, 8669340, 8698227, 28887
266935, 8669350, 8698241, 28891
266936, 8669360, 8698254, 28894
266937, 8669370, 8698267, 28897
266938, 8669380, 8698281, 28901
266940, 8669400, 8698294, 28894
266941, 8669410, 8698308, 28898
266942, 8669420, 8698321, 28901
266943, 8669430, 8698335, 28905
266944, 8669440, 8698348, 28908
266945, 8669450, 8698362, 28912
266946, 8669460, 8698375, 28915
266947, 8669470, 8698388, 28918
266948, 8669480, 8698402, 28922
266951, 8669510, 8698429, 28919
266952, 8669520, 8698442, 28922
266953, 8669530, 8698456, 28926
266954, 8669540, 8698469, 28929
266955, 8669550, 8698482, 28932
266956, 8669560, 8698496, 28936
266957, 8669570, 8698509, 28939
266958, 8669580, 8698523, 28943
266959, 8669590, 8698536, 28946
266961, 8669610, 8698550, 28940
266962, 8669620, 8698563, 28943
266963, 8669630, 8698577, 28947
266964, 8669640, 8698590, 28950
266965, 8669650, 8698603, 28953
266966, 8669660, 8698617, 28957
266967, 8669670, 8698630, 28960
266968, 8669680, 8698644, 28964
266969, 8669690, 8698657, 28967
266971, 8669710, 8698671, 28961
266972, 8669720, 8698684, 28964
266973, 8669730, 8698698, 28968
266974, 8669740, 8698711, 28971
266975, 8669750, 8698724, 28974
266976, 8669760, 8698738, 28978
266977, 8669770, 8698751, 28981
266978, 8669780, 8698765, 28985
266979, 8669790, 8698778, 28988
266980, 8669800, 8698792, 28992
266982, 8669820, 8698805, 28985
266983, 8669830, 8698818, 28988
266984, 8669840, 8698832, 28992
266985, 8669850, 8698845, 28995
266986, 8669860, 8698859, 28999
266987, 8669870, 8698872, 29002
266988, 8669880, 8698886, 29006
266989, 8669890, 8698899, 29009
266990, 8669900, 8698913, 29013
266991, 8669910, 8698926, 29016
266993, 8669930, 8698939, 29009
266994, 8669940, 8698953, 29013
266995, 8669950, 8698966, 29016
266996, 8669960, 8698980, 29020
266997, 8669970, 8698993, 29023
266998, 8669980, 8699007, 29027
266999, 8669990, 8699020, 29030
267402, 8674020, 8699047, 25027
267403, 8674030, 8699060, 25030
267404, 8674040, 8699074, 25034
267405, 8674050, 8699087, 25037
267406, 8674060, 8699101, 25041
267407, 8674070, 8699114, 25044
267408, 8674080, 8699128, 25048
267409, 8674090, 8699141, 25051
267410, 8674100, 8699154, 25054
267412, 8674120, 8699168, 25048
267413, 8674130, 8699181, 25051
267414, 8674140, 8699195, 25055
267415, 8674150, 8699208, 25058
267416, 8674160, 8699222, 25062
267417, 8674170, 8699235, 25065
267418, 8674180, 8699249, 25069
267419, 8674190, 8699262, 25072
267420, 8674200, 8699275, 25075
267421, 8674210, 8699289, 25079
267423, 8674230, 8699302, 25072
267424, 8674240, 8699316, 25076
267425, 8674250, 8699329, 25079
267426, 8674260, 8699343, 25083
267427, 8674270, 8699356, 25086
267428, 8674280, 8699370, 25090
267429, 8674290, 8699383, 25093
267430, 8674300, 8699396, 25096
267431, 8674310, 8699410, 25100
267433, 8674330, 8699423, 25093
267434, 8674340, 8699437, 25097
267435, 8674350, 8699450, 25100
267436, 8674360, 8699464, 25104
267437, 8674370, 8699477, 25107
267438, 8674380, 8699490, 25110
267439, 8674390, 8699504, 25114
267440, 8674400, 8699517, 25117
267441, 8674410, 8699531, 25121
267442, 8674420, 8699544, 25124
267444, 8674440, 8699558, 25118
267445, 8674450, 8699571, 25121
267446, 8674460, 8699585, 25125
267447, 8674470, 8699598, 25128
267448, 8674480, 8699611, 25131
267449, 8674490, 8699625, 25135
267451, 8674510, 8699652, 25142
267452, 8674520, 8699665, 25145
267453, 8674530, 8699679, 25149
267455, 8674550, 8699692, 25142
267456, 8674560, 8699706, 25146
267457, 8674570, 8699719, 25149
267458, 8674580, 8699732, 25152
267459, 8674590, 8699746, 25156
267460, 8674600, 8699759, 25159
267461, 8674610, 8699773, 25163
267462, 8674620, 8699786, 25166
267463, 8674630, 8699800, 25170
267465, 8674650, 8699813, 25163
267466, 8674660, 8699826, 25166
267467, 8674670, 8699840, 25170
267468, 8674680, 8699853, 25173
267469, 8674690, 8699867, 25177
267470, 8674700, 8699880, 25180
267471, 8674710, 8699894, 25184
267472, 8674720, 8699907, 25187
267473, 8674730, 8699921, 25191
267474, 8674740, 8699934, 25194
267476, 8674760, 8699947, 25187
267477, 8674770, 8699961, 25191
267478, 8674780, 8699974, 25194
267479, 8674790, 8699988, 25198
267480, 8674800, 8700001, 25201
267481, 8674810, 8700015, 25205
267482, 8674820, 8700028, 25208
267483, 8674830, 8700042, 25212
267484, 8674840, 8700055, 25215
267485, 8674850, 8700068, 25218
267487, 8674870, 8700082, 25212
267488, 8674880, 8700095, 25215
267489, 8674890, 8700109, 25219
267490, 8674900, 8700122, 25222
267491, 8674910, 8700136, 25226
267492, 8674920, 8700149, 25229
267493, 8674930, 8700162, 25232
267494, 8674940, 8700176, 25236
267495, 8674950, 8700189, 25239
267497, 8674970, 8700203, 25233
267498, 8674980, 8700216, 25236
267499, 8674990, 8700230, 25240
267501, 8675010, 8700257, 25247
267502, 8675020, 8700270, 25250
267503, 8675030, 8700283, 25253
267504, 8675040, 8700297, 25257
267505, 8675050, 8700310, 25260
267506, 8675060, 8700324, 25264
267508, 8675080, 8700337, 25257
267509, 8675090, 8700351, 25261
267510, 8675100, 8700364, 25264
267511, 8675110, 8700378, 25268
267512, 8675120, 8700391, 25271
267513, 8675130, 8700404, 25274
267514, 8675140, 8700418, 25278
267515, 8675150, 8700431, 25281
267516, 8675160, 8704012, 28852
267517, 8675170, 8704026, 28856
267519, 8675190, 8704039, 28849
267520, 8675200, 8704052, 28852
267521, 8675210, 8704066, 28856
267522, 8675220, 8704079, 28859
267523, 8675230, 8704093, 28863
267524, 8675240, 8704106, 28866
267525, 8675250, 8704120, 28870
267526, 8675260, 8704133, 28873
267527, 8675270, 8704146, 28876
267529, 8675290, 8704160, 28870
267530, 8675300, 8704173, 28873
267531, 8675310, 8704187, 28877
267532, 8675320, 8704200, 28880
267533, 8675330, 8704214, 28884
267534, 8675340, 8704227, 28887
267535, 8675350, 8704241, 28891
267536, 8675360, 8704254, 28894
267537, 8675370, 8704267, 28897
267538, 8675380, 8704281, 28901
267540, 8675400, 8704294, 28894
267541, 8675410, 8704308, 28898
267542, 8675420, 8704321, 28901
267543, 8675430, 8704335, 28905
267544, 8675440, 8704348, 28908
267545, 8675450, 8704362, 28912
267546, 8675460, 8704375, 28915
267547, 8675470, 8704388, 28918
267548, 8675480, 8704402, 28922
267551, 8675510, 8704429, 28919
267552, 8675520, 8704442, 28922
267553, 8675530, 8704456, 28926
267554, 8675540, 8704469, 28929
267555, 8675550, 8704482, 28932
267556, 8675560, 8704496, 28936
267557, 8675570, 8704509, 28939
267558, 8675580, 8704523, 28943
267559, 8675590, 8704536, 28946
267561, 8675610, 8704550, 28940
267562, 8675620, 8704563, 28943
267563, 8675630, 8704577, 28947
267564, 8675640, 8704590, 28950
267565, 8675650, 8704603, 28953
267566, 8675660, 8704617, 28957
267567, 8675670, 8704630, 28960
267568, 8675680, 8704644, 28964
267569, 8675690, 8704657, 28967
267570, 8675700, 8704671, 28971
267572, 8675720, 8704684, 28964
267573, 8675730, 8704698, 28968
267574, 8675740, 8704711, 28971
267575, 8675750, 8704724, 28974
267576, 8675760, 8704738, 28978
267577, 8675770, 8704751, 28981
267578, 8675780, 8704765, 28985
267579, 8675790, 8704778, 28988
267580, 8675800, 8704792, 28992
267582, 8675820, 8704805, 28985
267583, 8675830, 8704818, 28988
267584, 8675840, 8704832, 28992
267585, 8675850, 8704845, 28995
267586, 8675860, 8704859, 28999
267587, 8675870, 8704872, 29002
267588, 8675880, 8704886, 29006
267589, 8675890, 8704899, 29009
267590, 8675900, 8704913, 29013
267591, 8675910, 8704926, 29016
267593, 8675930, 8704939, 29009
267594, 8675940, 8704953, 29013
267595, 8675950, 8704966, 29016
267596, 8675960, 8704980, 29020
267597, 8675970, 8704993, 29023
267598, 8675980, 8705007, 29027
267599, 8675990, 8705020, 29030
268002, 8680020, 8705047, 25027
268003, 8680030, 8705060, 25030
268004, 8680040, 8705074, 25034
268005, 8680050, 8705087, 25037
268006, 8680060, 8705101, 25041
268007, 8680070, 8705114, 25044
268008, 8680080, 8705127, 25047
268009, 8680090, 8705141, 25051
268010, 8680100, 8705154, 25054
268012, 8680120, 8705168, 25048
268013, 8680130, 8705181, 25051
268014, 8680140, 8705195, 25055
268015, 8680150, 8705208, 25058
268016, 8680160, 8705222, 25062
268017, 8680170, 8705235, 25065
268018, 8680180, 8705248, 25068
268019, 8680190, 8705262, 25072
268020, 8680200, 8705275, 25075
268021, 8680210, 8705289, 25079
268023, 8680230, 8705302, 25072
268024, 8680240, 8705316, 25076
268025, 8680250, 8705329, 25079
268026, 8680260, 8705342, 25082
268027, 8680270, 8705356, 25086
268028, 8680280, 8705369, 25089
268029, 8680290, 8705383, 25093
268030, 8680300, 8705396, 25096
268031, 8680310, 8705410, 25100
268033, 8680330, 8705423, 25093
268034, 8680340, 8705437, 25097
268035, 8680350, 8705450, 25100
268036, 8680360, 8705463, 25103
268037, 8680370, 8705477, 25107
268038, 8680380, 8705490, 25110
268039, 8680390, 8705504, 25114
268040, 8680400, 8705517, 25117
268041, 8680410, 8705531, 25121
268042, 8680420, 8705544, 25124
268044, 8680440, 8705558, 25118
268045, 8680450, 8705571, 25121
268046, 8680460, 8705584, 25124
268047, 8680470, 8705598, 25128
268048, 8680480, 8705611, 25131
268049, 8680490, 8705625, 25135
268051, 8680510, 8705652, 25142
268052, 8680520, 8705665, 25145
268053, 8680530, 8705678, 25148
268055, 8680550, 8705692, 25142
268056, 8680560, 8705705, 25145
268057, 8680570, 8705719, 25149
268058, 8680580, 8705732, 25152
268059, 8680590, 8705746, 25156
268060, 8680600, 8705759, 25159
268061, 8680610, 8705773, 25163
268062, 8680620, 8705786, 25166
268063, 8680630, 8705799, 25169
268065, 8680650, 8705813, 25163
268066, 8680660, 8705826, 25166
268067, 8680670, 8705840, 25170
268068, 8680680, 8705853, 25173
268069, 8680690, 8705867, 25177
268070, 8680700, 8705880, 25180
268071, 8680710, 8705894, 25184
268072, 8680720, 8705907, 25187
268073, 8680730, 8705920, 25190
268074, 8680740, 8705934, 25194
268076, 8680760, 8705947, 25187
268077, 8680770, 8705961, 25191
268078, 8680780, 8705974, 25194
268079, 8680790, 8705988, 25198
268080, 8680800, 8706001, 25201
268081, 8680810, 8706014, 25204
268082, 8680820, 8706028, 25208
268083, 8680830, 8706041, 25211
268084, 8680840, 8706055, 25215
268085, 8680850, 8706068, 25218
268087, 8680870, 8706082, 25212
268088, 8680880, 8706095, 25215
268089, 8680890, 8706109, 25219
268090, 8680900, 8706122, 25222
268091, 8680910, 8706135, 25225
268092, 8680920, 8706149, 25229
268093, 8680930, 8706162, 25232
268094, 8680940, 8706176, 25236
268095, 8680950, 8706189, 25239
268097, 8680970, 8706203, 25233
268098, 8680980, 8706216, 25236
268099, 8680990, 8706230, 25240
268101, 8681010, 8706256, 25246
268102, 8681020, 8706270, 25250
268103, 8681030, 8706283, 25253
268104, 8681040, 8706297, 25257
268105, 8681050, 8706310, 25260
268106, 8681060, 8706324, 25264
268108, 8681080, 8706337, 25257
268109, 8681090, 8706350, 25260
268110, 8681100, 8706364, 25264
268111, 8681110, 8706377, 25267
268112, 8681120, 8706391, 25271
268113, 8681130, 8706404, 25274
268114, 8681140, 8706418, 25278
268115, 8681150, 8706431, 25281
268116, 8681160, 8710012, 28852
268118, 8681180, 8710026, 28846
268119, 8681190, 8710039, 28849
268120, 8681200, 8710052, 28852
268121, 8681210, 8710066, 28856
268122, 8681220, 8710079, 28859
268123, 8681230, 8710093, 28863
268124, 8681240, 8710106, 28866
268125, 8681250, 8710120, 28870
268126, 8681260, 8710133, 28873
268127, 8681270, 8710146, 28876
268129, 8681290, 8710160, 28870
268130, 8681300, 8710173, 28873
268131, 8681310, 8710187, 28877
268132, 8681320, 8710200, 28880
268133, 8681330, 8710214, 28884
268134, 8681340, 8710227, 28887
268135, 8681350, 8710241, 28891
268136, 8681360, 8710254, 28894
268137, 8681370, 8710267, 28897
268138, 8681380, 8710281, 28901
268140, 8681400, 8710294, 28894
268141, 8681410, 8710308, 28898
268142, 8681420, 8710321, 28901
268143, 8681430, 8710335, 28905
268144, 8681440, 8710348, 28908
268145, 8681450, 8710362, 28912
268146, 8681460, 8710375, 28915
268147, 8681470, 8710388, 28918
268148, 8681480, 8710402, 28922
268151, 8681510, 8710429, 28919
268152, 8681520, 8710442, 28922
268153, 8681530, 8710456, 28926
268154, 8681540, 8710469, 28929
268155, 8681550, 8710482, 28932
268156, 8681560, 8710496, 28936
268157, 8681570, 8710509, 28939
268158, 8681580, 8710523, 28943
268159, 8681590, 8710536, 28946
268161, 8681610, 8710550, 28940
268162, 8681620, 8710563, 28943
268163, 8681630, 8710577, 28947
268164, 8681640, 8710590, 28950
268165, 8681650, 8710603, 28953
268166, 8681660, 8710617, 28957
268167, 8681670, 8710630, 28960
268168, 8681680, 8710644, 28964
268169, 8681690, 8710657, 28967
268171, 8681710, 8710671, 28961
268172, 8681720, 8710684, 28964
268173, 8681730, 8710698, 28968
268174, 8681740, 8710711, 28971
268175, 8681750, 8710724, 28974
268176, 8681760, 8710738, 28978
268177, 8681770, 8710751, 28981
268178, 8681780, 8710765, 28985
268179, 8681790, 8710778, 28988
268180, 8681800, 8710792, 28992
268182, 8681820, 8710805, 28985
268183, 8681830, 8710818, 28988
268184, 8681840, 8710832, 28992
268185, 8681850, 8710845, 28995
268186, 8681860, 8710859, 28999
268187, 8681870, 8710872, 29002
268188, 8681880, 8710886, 29006
268189, 8681890, 8710899, 29009
268190, 8681900, 8710913, 29013
268191, 8681910, 8710926, 29016
268193, 8681930, 8710939, 29009
268194, 8681940, 8710953, 29013
268195, 8681950, 8710966, 29016
268196, 8681960, 8710980, 29020
268197, 8681970, 8710993, 29023
268198, 8681980, 8711007, 29027
268199, 8681990, 8711020, 29030
268602, 8686020, 8711047, 25027
268603, 8686030, 8711060, 25030
268604, 8686040, 8711074, 25034
268605, 8686050, 8711087, 25037
268606, 8686060, 8711101, 25041
268607, 8686070, 8711114, 25044
268608, 8686080, 8711128, 25048
268609, 8686090, 8711141, 25051
268610, 8686100, 8711154, 25054
268612, 8686120, 8711168, 25048
268613, 8686130, 8711181, 25051
268614, 8686140, 8711195, 25055
268615, 8686150, 8711208, 25058
268616, 8686160, 8711222, 25062
268617, 8686170, 8711235, 25065
268618, 8686180, 8711249, 25069
268619, 8686190, 8711262, 25072
268620, 8686200, 8711275, 25075
268621, 8686210, 8711289, 25079
268623, 8686230, 8711302, 25072
268624, 8686240, 8711316, 25076
268625, 8686250, 8711329, 25079
268626, 8686260, 8711343, 25083
268627, 8686270, 8711356, 25086
268628, 8686280, 8711370, 25090
268629, 8686290, 8711383, 25093
268630, 8686300, 8711396, 25096
268631, 8686310, 8711410, 25100
268633, 8686330, 8711423, 25093
268634, 8686340, 8711437, 25097
268635, 8686350, 8711450, 25100
268636, 8686360, 8711464, 25104
268637, 8686370, 8711477, 25107
268638, 8686380, 8711490, 25110
268639, 8686390, 8711504, 25114
268640, 8686400, 8711517, 25117
268641, 8686410, 8711531, 25121
268642, 8686420, 8711544, 25124
268644, 8686440, 8711558, 25118
268645, 8686450, 8711571, 25121
268646, 8686460, 8711585, 25125
268647, 8686470, 8711598, 25128
268648, 8686480, 8711611, 25131
268649, 8686490, 8711625, 25135
268651, 8686510, 8711652, 25142
268652, 8686520, 8711665, 25145
268653, 8686530, 8711679, 25149
268655, 8686550, 8711692, 25142
268656, 8686560, 8711706, 25146
268657, 8686570, 8711719, 25149
268658, 8686580, 8711732, 25152
268659, 8686590, 8711746, 25156
268660, 8686600, 8711759, 25159
268661, 8686610, 8711773, 25163
268662, 8686620, 8711786, 25166
268663, 8686630, 8711800, 25170
268665, 8686650, 8711813, 25163
268666, 8686660, 8711826, 25166
268667, 8686670, 8711840, 25170
268668, 8686680, 8711853, 25173
268669, 8686690, 8711867, 25177
268670, 8686700, 8711880, 25180
268671, 8686710, 8711894, 25184
268672, 8686720, 8711907, 25187
268673, 8686730, 8711921, 25191
268674, 8686740, 8711934, 25194
268676, 8686760, 8711947, 25187
268677, 8686770, 8711961, 25191
268678, 8686780, 8711974, 25194
268679, 8686790, 8711988, 25198
268680, 8686800, 8712001, 25201
268681, 8686810, 8712015, 25205
268682, 8686820, 8712028, 25208
268683, 8686830, 8712042, 25212
268684, 8686840, 8712055, 25215
268685, 8686850, 8712068, 25218
268687, 8686870, 8712082, 25212
268688, 8686880, 8712095, 25215
268689, 8686890, 8712109, 25219
268690, 8686900, 8712122, 25222
268691, 8686910, 8712136, 25226
268692, 8686920, 8712149, 25229
268693, 8686930, 8712162, 25232
268694, 8686940, 8712176, 25236
268695, 8686950, 8712189, 25239
268697, 8686970, 8712203, 25233
268698, 8686980, 8712216, 25236
268699, 8686990, 8712230, 25240
268701, 8687010, 8712257, 25247
268702, 8687020, 8712270, 25250
268703, 8687030, 8712283, 25253
268704, 8687040, 8712297, 25257
268705, 8687050, 8712310, 25260
268706, 8687060, 8712324, 25264
268708, 8687080, 8712337, 25257
268709, 8687090, 8712351, 25261
268710, 8687100, 8712364, 25264
268711, 8687110, 8712378, 25268
268712, 8687120, 8712391, 25271
268713, 8687130, 8712404, 25274
268714, 8687140, 8712418, 25278
268715, 8687150, 8712431, 25281
268716, 8687160, 8716012, 28852
268718, 8687180, 8716026, 28846
268719, 8687190, 8716039, 28849
268720, 8687200, 8716052, 28852
268721, 8687210, 8716066, 28856
268722, 8687220, 8716079, 28859
268723, 8687230, 8716093, 28863
268724, 8687240, 8716106, 28866
268725, 8687250, 8716120, 28870
268726, 8687260, 8716133, 28873
268727, 8687270, 8716146, 28876
268729, 8687290, 8716160, 28870
268730, 8687300, 8716173, 28873
268731, 8687310, 8716187, 28877
268732, 8687320, 8716200, 28880
268733, 8687330, 8716214, 28884
268734, 8687340, 8716227, 28887
268735, 8687350, 8716241, 28891
268736, 8687360, 8716254, 28894
268737, 8687370, 8716267, 28897
268738, 8687380, 8716281, 28901
268740, 8687400, 8716294, 28894
268741, 8687410, 8716308, 28898
268742, 8687420, 8716321, 28901
268743, 8687430, 8716335, 28905
268744, 8687440, 8716348, 28908
268745, 8687450, 8716362, 28912
268746, 8687460, 8716375, 28915
268747, 8687470, 8716388, 28918
268748, 8687480, 8716402, 28922
268751, 8687510, 8716429, 28919
268752, 8687520, 8716442, 28922
268753, 8687530, 8716456, 28926
268754, 8687540, 8716469, 28929
268755, 8687550, 8716482, 28932
268756, 8687560, 8716496, 28936
268757, 8687570, 8716509, 28939
268758, 8687580, 8716523, 28943
268759, 8687590, 8716536, 28946
268761, 8687610, 8716550, 28940
268762, 8687620, 8716563, 28943
268763, 8687630, 8716577, 28947
268764, 8687640, 8716590, 28950
268765, 8687650, 8716603, 28953
268766, 8687660, 8716617, 28957
268767, 8687670, 8716630, 28960
268768, 8687680, 8716644, 28964
268769, 8687690, 8716657, 28967
268771, 8687710, 8716671, 28961
268772, 8687720, 8716684, 28964
268773, 8687730, 8716698, 28968
268774, 8687740, 8716711, 28971
268775, 8687750, 8716724, 28974
268776, 8687760, 8716738, 28978
268777, 8687770, 8716751, 28981
268778, 8687780, 8716765, 28985
268779, 8687790, 8716778, 28988
268780, 8687800, 8716792, 28992
268782, 8687820, 8716805, 28985
268783, 8687830, 8716818, 28988
268784, 8687840, 8716832, 28992
268785, 8687850, 8716845, 28995
268786, 8687860, 8716859, 28999
268787, 8687870, 8716872, 29002
268788, 8687880, 8716886, 29006
268789, 8687890, 8716899, 29009
268790, 8687900, 8716913, 29013
268791, 8687910, 8716926, 29016
268793, 8687930, 8716939, 29009
268794, 8687940, 8716953, 29013
268795, 8687950, 8716966, 29016
268796, 8687960, 8716980, 29020
268797, 8687970, 8716993, 29023
268798, 8687980, 8717007, 29027
268799, 8687990, 8717020, 29030
269202, 8692020, 8717047, 25027
269203, 8692030, 8717060, 25030
269204, 8692040, 8717074, 25034
269205, 8692050, 8717087, 25037
269206, 8692060, 8717101, 25041
269207, 8692070, 8717114, 25044
269208, 8692080, 8717128, 25048
269209, 8692090, 8717141, 25051
269210, 8692100, 8717154, 25054
269212, 8692120, 8717168, 25048
269213, 8692130, 8717181, 25051
269214, 8692140, 8717195, 25055
269215, 8692150, 8717208, 25058
269216, 8692160, 8717222, 25062
269217, 8692170, 8717235, 25065
269218, 8692180, 8717249, 25069
269219, 8692190, 8717262, 25072
269220, 8692200, 8717275, 25075
269221, 8692210, 8717289, 25079
269223, 8692230, 8717302, 25072
269224, 8692240, 8717316, 25076
269225, 8692250, 8717329, 25079
269226, 8692260, 8717343, 25083
269227, 8692270, 8717356, 25086
269228, 8692280, 8717370, 25090
269229, 8692290, 8717383, 25093
269230, 8692300, 8717396, 25096
269231, 8692310, 8717410, 25100
269233, 8692330, 8717423, 25093
269234, 8692340, 8717437, 25097
269235, 8692350, 8717450, 25100
269236, 8692360, 8717464, 25104
269237, 8692370, 8717477, 25107
269238, 8692380, 8717490, 25110
269239, 8692390, 8717504, 25114
269240, 8692400, 8717517, 25117
269241, 8692410, 8717531, 25121
269242, 8692420, 8717544, 25124
269244, 8692440, 8717558, 25118
269245, 8692450, 8717571, 25121
269246, 8692460, 8717585, 25125
269247, 8692470, 8717598, 25128
269248, 8692480, 8717611, 25131
269249, 8692490, 8717625, 25135
269251, 8692510, 8717652, 25142
269252, 8692520, 8717665, 25145
269253, 8692530, 8717679, 25149
269255, 8692550, 8717692, 25142
269256, 8692560, 8717706, 25146
269257, 8692570, 8717719, 25149
269258, 8692580, 8717732, 25152
269259, 8692590, 8717746, 25156
269260, 8692600, 8717759, 25159
269261, 8692610, 8717773, 25163
269262, 8692620, 8717786, 25166
269263, 8692630, 8717800, 25170
269265, 8692650, 8717813, 25163
269266, 8692660, 8717826, 25166
269267, 8692670, 8717840, 25170
269268, 8692680, 8717853, 25173
269269, 8692690, 8717867, 25177
269270, 8692700, 8717880, 25180
269271, 8692710, 8717894, 25184
269272, 8692720, 8717907, 25187
269273, 8692730, 8717921, 25191
269274, 8692740, 8717934, 25194
269276, 8692760, 8717947, 25187
269277, 8692770, 8717961, 25191
269278, 8692780, 8717974, 25194
269279, 8692790, 8717988, 25198
269280, 8692800, 8718001, 25201
269281, 8692810, 8718015, 25205
269282, 8692820, 8718028, 25208
269283, 8692830, 8718042, 25212
269284, 8692840, 8718055, 25215
269285, 8692850, 8718068, 25218
269287, 8692870, 8718082, 25212
269288, 8692880, 8718095, 25215
269289, 8692890, 8718109, 25219
269290, 8692900, 8718122, 25222
269291, 8692910, 8718136, 25226
269292, 8692920, 8718149, 25229
269293, 8692930, 8718162, 25232
269294, 8692940, 8718176, 25236
269295, 8692950, 8718189, 25239
269297, 8692970, 8718203, 25233
269298, 8692980, 8718216, 25236
269299, 8692990, 8718230, 25240
269301, 8693010, 8718257, 25247
269302, 8693020, 8718270, 25250
269303, 8693030, 8718283, 25253
269304, 8693040, 8718297, 25257
269305, 8693050, 8718310, 25260
269306, 8693060, 8718324, 25264
269308, 8693080, 8718337, 25257
269309, 8693090, 8718351, 25261
269310, 8693100, 8718364, 25264
269311, 8693110, 8718378, 25268
269312, 8693120, 8718391, 25271
269313, 8693130, 8718404, 25274
269314, 8693140, 8718418, 25278
269315, 8693150, 8718431, 25281
269316, 8693160, 8722012, 28852
269318, 8693180, 8722026, 28846
269319, 8693190, 8722039, 28849
269320, 8693200, 8722052, 28852
269321, 8693210, 8722066, 28856
269322, 8693220, 8722079, 28859
269323, 8693230, 8722093, 28863
269324, 8693240, 8722106, 28866
269325, 8693250, 8722120, 28870
269326, 8693260, 8722133, 28873
269327, 8693270, 8722146, 28876
269329, 8693290, 8722160, 28870
269330, 8693300, 8722173, 28873
269331, 8693310, 8722187, 28877
269332, 8693320, 8722200, 28880
269333, 8693330, 8722214, 28884
269334, 8693340, 8722227, 28887
269335, 8693350, 8722241, 28891
269336, 8693360, 8722254, 28894
269337, 8693370, 8722267, 28897
269338, 8693380, 8722281, 28901
269340, 8693400, 8722294, 28894
269341, 8693410, 8722308, 28898
269342, 8693420, 8722321, 28901
269343, 8693430, 8722335, 28905
269344, 8693440, 8722348, 28908
269345, 8693450, 8722362, 28912
269346, 8693460, 8722375, 28915
269347, 8693470, 8722388, 28918
269348, 8693480, 8722402, 28922
269351, 8693510, 8722429, 28919
269352, 8693520, 8722442, 28922
269353, 8693530, 8722456, 28926
269354, 8693540, 8722469, 28929
269355, 8693550, 8722482, 28932
269356, 8693560, 8722496, 28936
269357, 8693570, 8722509, 28939
269358, 8693580, 8722523, 28943
269359, 8693590, 8722536, 28946
269361, 8693610, 8722550, 28940
269362, 8693620, 8722563, 28943
269363, 8693630, 8722577, 28947
269364, 8693640, 8722590, 28950
269365, 8693650, 8722603, 28953
269366, 8693660, 8722617, 28957
269367, 8693670, 8722630, 28960
269368, 8693680, 8722644, 28964
269369, 8693690, 8722657, 28967
269371, 8693710, 8722671, 28961
269372, 8693720, 8722684, 28964
269373, 8693730, 8722698, 28968
269374, 8693740, 8722711, 28971
269375, 8693750, 8722724, 28974
269376, 8693760, 8722738, 28978
269377, 8693770, 8722751, 28981
269378, 8693780, 8722765, 28985
269379, 8693790, 8722778, 28988
269380, 8693800, 8722792, 28992
269382, 8693820, 8722805, 28985
269383, 8693830, 8722818, 28988
269384, 8693840, 8722832, 28992
269385, 8693850, 8722845, 28995
269386, 8693860, 8722859, 28999
269387, 8693870, 8722872, 29002
269388, 8693880, 8722886, 29006
269389, 8693890, 8722899, 29009
269390, 8693900, 8722913, 29013
269391, 8693910, 8722926, 29016
269393, 8693930, 8722939, 29009
269394, 8693940, 8722953, 29013
269395, 8693950, 8722966, 29016
269396, 8693960, 8722980, 29020
269397, 8693970, 8722993, 29023
269398, 8693980, 8723007, 29027
269399, 8693990, 8723020, 29030
269802, 8698020, 8723047, 25027
269803, 8698030, 8723060, 25030
269804, 8698040, 8723074, 25034
269805, 8698050, 8723087, 25037
269806, 8698060, 8723101, 25041
269807, 8698070, 8723114, 25044
269808, 8698080, 8723128, 25048
269809, 8698090, 8723141, 25051
269810, 8698100, 8723154, 25054
269812, 8698120, 8723168, 25048
269813, 8698130, 8723181, 25051
269814, 8698140, 8723195, 25055
269815, 8698150, 8723208, 25058
269816, 8698160, 8723222, 25062
269817, 8698170, 8723235, 25065
269818, 8698180, 8723249, 25069
269819, 8698190, 8723262, 25072
269820, 8698200, 8723275, 25075
269821, 8698210, 8723289, 25079
269823, 8698230, 8723302, 25072
269824, 8698240, 8723316, 25076
269825, 8698250, 8723329, 25079
269826, 8698260, 8723343, 25083
269827, 8698270, 8723356, 25086
269828, 8698280, 8723370, 25090
269829, 8698290, 8723383, 25093
269830, 8698300, 8723396, 25096
269831, 8698310, 8723410, 25100
269833, 8698330, 8723423, 25093
269834, 8698340, 8723437, 25097
269835, 8698350, 8723450, 25100
269836, 8698360, 8723464, 25104
269837, 8698370, 8723477, 25107
269838, 8698380, 8723490, 25110
269839, 8698390, 8723504, 25114
269840, 8698400, 8723517, 25117
269841, 8698410, 8723531, 25121
269842, 8698420, 8723544, 25124
269844, 8698440, 8723558, 25118
269845, 8698450, 8723571, 25121
269846, 8698460, 8723585, 25125
269847, 8698470, 8723598, 25128
269848, 8698480, 8723611, 25131
269849, 8698490, 8723625, 25135
269851, 8698510, 8723652, 25142
269852, 8698520, 8723665, 25145
269853, 8698530, 8723679, 25149
269855, 8698550, 8723692, 25142
269856, 8698560, 8723706, 25146
269857, 8698570, 8723719, 25149
269858, 8698580, 8723732, 25152
269859, 8698590, 8723746, 25156
269860, 8698600, 8723759, 25159
269861, 8698610, 8723773, 25163
269862, 8698620, 8723786, 25166
269863, 8698630, 8723800, 25170
269865, 8698650, 8723813, 25163
269866, 8698660, 8723826, 25166
269867, 8698670, 8723840, 25170
269868, 8698680, 8723853, 25173
269869, 8698690, 8723867, 25177
269870, 8698700, 8723880, 25180
269871, 8698710, 8723894, 25184
269872, 8698720, 8723907, 25187
269873, 8698730, 8723921, 25191
269874, 8698740, 8723934, 25194
269876, 8698760, 8723947, 25187
269877, 8698770, 8723961, 25191
269878, 8698780, 8723974, 25194
269879, 8698790, 8723988, 25198
269880, 8698800, 8724001, 25201
269881, 8698810, 8724015, 25205
269882, 8698820, 8724028, 25208
269883, 8698830, 8724042, 25212
269884, 8698840, 8724055, 25215
269885, 8698850, 8724068, 25218
269887, 8698870, 8724082, 25212
269888, 8698880, 8724095, 25215
269889, 8698890, 8724109, 25219
269890, 8698900, 8724122, 25222
269891, 8698910, 8724136, 25226
269892, 8698920, 8724149, 25229
269893, 8698930, 8724162, 25232
269894, 8698940, 8724176, 25236
269895, 8698950, 8724189, 25239
269897, 8698970, 8724203, 25233
269898, 8698980, 8724216, 25236
269899, 8698990, 8724230, 25240
269901, 8699010, 8724257, 25247
269902, 8699020, 8724270, 25250
269903, 8699030, 8724283, 25253
269904, 8699040, 8724297, 25257
269905, 8699050, 8724310, 25260
269906, 8699060, 8724324, 25264
269908, 8699080, 8724337, 25257
269909, 8699090, 8724351, 25261
269910, 8699100, 8724364, 25264
269911, 8699110, 8724378, 25268
269912, 8699120, 8724391, 25271
269913, 8699130, 8724404, 25274
269914, 8699140, 8724418, 25278
269915, 8699150, 8724431, 25281
269916, 8699160, 8728012, 28852
269918, 8699180, 8728026, 28846
269919, 8699190, 8728039, 28849
269920, 8699200, 8728052, 28852
269921, 8699210, 8728066, 28856
269922, 8699220, 8728079, 28859
269923, 8699230, 8728093, 28863
269924, 8699240, 8728106, 28866
269925, 8699250, 8728120, 28870
269926, 8699260, 8728133, 28873
269927, 8699270, 8728146, 28876
269929, 8699290, 8728160, 28870
269930, 8699300, 8728173, 28873
269931, 8699310, 8728187, 28877
269932, 8699320, 8728200, 28880
269933, 8699330, 8728214, 28884
269934, 8699340, 8728227, 28887
269935, 8699350, 8728241, 28891
269936, 8699360, 8728254, 28894
269937, 8699370, 8728267, 28897
269938, 8699380, 8728281, 28901
269940, 8699400, 8728294, 28894
269941, 8699410, 8728308, 28898
269942, 8699420, 8728321, 28901
269943, 8699430, 8728335, 28905
269944, 8699440, 8728348, 28908
269945, 8699450, 8728362, 28912
269946, 8699460, 8728375, 28915
269947, 8699470, 8728388, 28918
269948, 8699480, 8728402, 28922
269951, 8699510, 8728429, 28919
269952, 8699520, 8728442, 28922
269953, 8699530, 8728456, 28926
269954, 8699540, 8728469, 28929
269955, 8699550, 8728482, 28932
269956, 8699560, 8728496, 28936
269957, 8699570, 8728509, 28939
269958, 8699580, 8728523, 28943
269959, 8699590, 8728536, 28946
269961, 8699610, 8728550, 28940
269962, 8699620, 8728563, 28943
269963, 8699630, 8728577, 28947
269964, 8699640, 8728590, 28950
269965, 8699650, 8728603, 28953
269966, 8699660, 8728617, 28957
269967, 8699670, 8728630, 28960
269968, 8699680, 8728644, 28964
269969, 8699690, 8728657, 28967
269971, 8699710, 8728671, 28961
269972, 8699720, 8728684, 28964
269973, 8699730, 8728698, 28968
269974, 8699740, 8728711, 28971
269975, 8699750, 8728724, 28974
269976, 8699760, 8728738, 28978
269977, 8699770, 8728751, 28981
269978, 8699780, 8728765, 28985
269979, 8699790, 8728778, 28988
269980, 8699800, 8728792, 28992
269982, 8699820, 8728805, 28985
269983, 8699830, 8728818, 28988
269984, 8699840, 8728832, 28992
269985, 8699850, 8728845, 28995
269986, 8699860, 8728859, 28999
269987, 8699870, 8728872, 29002
269988, 8699880, 8728886, 29006
269989, 8699890, 8728899, 29009
269990, 8699900, 8728913, 29013
269991, 8699910, 8728926, 29016
269993, 8699930, 8728939, 29009
269994, 8699940, 8728953, 29013
269995, 8699950, 8728966, 29016
269996, 8699960, 8728980, 29020
269997, 8699970, 8728993, 29023
269998, 8699980, 8729007, 29027
269999, 8699990, 8729020, 29030
270402, 8704020, 8729047, 25027
270403, 8704030, 8729060, 25030
270404, 8704040, 8729074, 25034
270405, 8704050, 8729087, 25037
270406, 8704060, 8729101, 25041
270407, 8704070, 8729114, 25044
270408, 8704080, 8729128, 25048
270409, 8704090, 8729141, 25051
270410, 8704100, 8729154, 25054
270412, 8704120, 8729168, 25048
270413, 8704130, 8729181, 25051
270414, 8704140, 8729195, 25055
270415, 8704150, 8729208, 25058
270416, 8704160, 8729222, 25062
270417, 8704170, 8729235, 25065
270418, 8704180, 8729249, 25069
270419, 8704190, 8729262, 25072
270420, 8704200, 8729275, 25075
270421, 8704210, 8729289, 25079
270423, 8704230, 8729302, 25072
270424, 8704240, 8729316, 25076
270425, 8704250, 8729329, 25079
270426, 8704260, 8729343, 25083
270427, 8704270, 8729356, 25086
270428, 8704280, 8729370, 25090
270429, 8704290, 8729383, 25093
270430, 8704300, 8729396, 25096
270431, 8704310, 8729410, 25100
270433, 8704330, 8729423, 25093
270434, 8704340, 8729437, 25097
270435, 8704350, 8729450, 25100
270436, 8704360, 8729464, 25104
270437, 8704370, 8729477, 25107
270438, 8704380, 8729490, 25110
270439, 8704390, 8729504, 25114
270440, 8704400, 8729517, 25117
270441, 8704410, 8729531, 25121
270442, 8704420, 8729544, 25124
270444, 8704440, 8729558, 25118
270445, 8704450, 8729571, 25121
270446, 8704460, 8729585, 25125
270447, 8704470, 8729598, 25128
270448, 8704480, 8729611, 25131
270449, 8704490, 8729625, 25135
270451, 8704510, 8729652, 25142
270452, 8704520, 8729665, 25145
270453, 8704530, 8729679, 25149
270455, 8704550, 8729692, 25142
270456, 8704560, 8729706, 25146
270457, 8704570, 8729719, 25149
270458, 8704580, 8729732, 25152
270459, 8704590, 8729746, 25156
270460, 8704600, 8729759, 25159
270461, 8704610, 8729773, 25163
270462, 8704620, 8729786, 25166
270463, 8704630, 8729800, 25170
270465, 8704650, 8729813, 25163
270466, 8704660, 8729826, 25166
270467, 8704670, 8729840, 25170
270468, 8704680, 8729853, 25173
270469, 8704690, 8729867, 25177
270470, 8704700, 8729880, 25180
270471, 8704710, 8729894, 25184
270472, 8704720, 8729907, 25187
270473, 8704730, 8729921, 25191
270474, 8704740, 8729934, 25194
270476, 8704760, 8729947, 25187
270477, 8704770, 8729961, 25191
270478, 8704780, 8729974, 25194
270479, 8704790, 8729988, 25198
270480, 8704800, 8730001, 25201
270481, 8704810, 8730015, 25205
270482, 8704820, 8730028, 25208
270483, 8704830, 8730042, 25212
270484, 8704840, 8730055, 25215
270485, 8704850, 8730068, 25218
270487, 8704870, 8730082, 25212
270488, 8704880, 8730095, 25215
270489, 8704890, 8730109, 25219
270490, 8704900, 8730122, 25222
270491, 8704910, 8730136, 25226
270492, 8704920, 8730149, 25229
270493, 8704930, 8730162, 25232
270494, 8704940, 8730176, 25236
270495, 8704950, 8730189, 25239
270497, 8704970, 8730203, 25233
270498, 8704980, 8730216, 25236
270499, 8704990, 8730230, 25240
270501, 8705010, 8730257, 25247
270502, 8705020, 8730270, 25250
270503, 8705030, 8730283, 25253
270504, 8705040, 8730297, 25257
270505, 8705050, 8730310, 25260
270506, 8705060, 8730324, 25264
270508, 8705080, 8730337, 25257
270509, 8705090, 8730351, 25261
270510, 8705100, 8730364, 25264
270511, 8705110, 8730378, 25268
270512, 8705120, 8730391, 25271
270513, 8705130, 8730404, 25274
270514, 8705140, 8730418, 25278
270515, 8705150, 8730431, 25281
270516, 8705160, 8734012, 28852
270517, 8705170, 8734026, 28856
270519, 8705190, 8734039, 28849
270520, 8705200, 8734052, 28852
270521, 8705210, 8734066, 28856
270522, 8705220, 8734079, 28859
270523, 8705230, 8734093, 28863
270524, 8705240, 8734106, 28866
270525, 8705250, 8734120, 28870
270526, 8705260, 8734133, 28873
270527, 8705270, 8734146, 28876
270529, 8705290, 8734160, 28870
270530, 8705300, 8734173, 28873
270531, 8705310, 8734187, 28877
270532, 8705320, 8734200, 28880
270533, 8705330, 8734214, 28884
270534, 8705340, 8734227, 28887
270535, 8705350, 8734241, 28891
270536, 8705360, 8734254, 28894
270537, 8705370, 8734267, 28897
270538, 8705380, 8734281, 28901
270540, 8705400, 8734294, 28894
270541, 8705410, 8734308, 28898
270542, 8705420, 8734321, 28901
270543, 8705430, 8734335, 28905
270544, 8705440, 8734348, 28908
270545, 8705450, 8734362, 28912
270546, 8705460, 8734375, 28915
270547, 8705470, 8734388, 28918
270548, 8705480, 8734402, 28922
270551, 8705510, 8734429, 28919
270552, 8705520, 8734442, 28922
270553, 8705530, 8734456, 28926
270554, 8705540, 8734469, 28929
270555, 8705550, 8734482, 28932
270556, 8705560, 8734496, 28936
270557, 8705570, 8734509, 28939
270558, 8705580, 8734523, 28943
270559, 8705590, 8734536, 28946
270561, 8705610, 8734550, 28940
270562, 8705620, 8734563, 28943
270563, 8705630, 8734577, 28947
270564, 8705640, 8734590, 28950
270565, 8705650, 8734603, 28953
270566, 8705660, 8734617, 28957
270567, 8705670, 8734630, 28960
270568, 8705680, 8734644, 28964
270569, 8705690, 8734657, 28967
270570, 8705700, 8734671, 28971
270572, 8705720, 8734684, 28964
270573, 8705730, 8734698, 28968
270574, 8705740, 8734711, 28971
270575, 8705750, 8734724, 28974
270576, 8705760, 8734738, 28978
270577, 8705770, 8734751, 28981
270578, 8705780, 8734765, 28985
270579, 8705790, 8734778, 28988
270580, 8705800, 8734792, 28992
270582, 8705820, 8734805, 28985
270583, 8705830, 8734818, 28988
270584, 8705840, 8734832, 28992
270585, 8705850, 8734845, 28995
270586, 8705860, 8734859, 28999
270587, 8705870, 8734872, 29002
270588, 8705880, 8734886, 29006
270589, 8705890, 8734899, 29009
270590, 8705900, 8734913, 29013
270591, 8705910, 8734926, 29016
270593, 8705930, 8734939, 29009
270594, 8705940, 8734953, 29013
270595, 8705950, 8734966, 29016
270596, 8705960, 8734980, 29020
270597, 8705970, 8734993, 29023
270598, 8705980, 8735007, 29027
270599, 8705990, 8735020, 29030
271002, 8710020, 8735047, 25027
271003, 8710030, 8735060, 25030
271004, 8710040, 8735074, 25034
271005, 8710050, 8735087, 25037
271006, 8710060, 8735101, 25041
271007, 8710070, 8735114, 25044
271008, 8710080, 8735127, 25047
271009, 8710090, 8735141, 25051
271010, 8710100, 8735154, 25054
271012, 8710120, 8735168, 25048
271013, 8710130, 8735181, 25051
271014, 8710140, 8735195, 25055
271015, 8710150, 8735208, 25058
271016, 8710160, 8735222, 25062
271017, 8710170, 8735235, 25065
271018, 8710180, 8735248, 25068
271019, 8710190, 8735262, 25072
271020, 8710200, 8735275, 25075
271021, 8710210, 8735289, 25079
271023, 8710230, 8735302, 25072
271024, 8710240, 8735316, 25076
271025, 8710250, 8735329, 25079
271026, 8710260, 8735342, 25082
271027, 8710270, 8735356, 25086
271028, 8710280, 8735369, 25089
271029, 8710290, 8735383, 25093
271030, 8710300, 8735396, 25096
271031, 8710310, 8735410, 25100
271033, 8710330, 8735423, 25093
271034, 8710340, 8735437, 25097
271035, 8710350, 8735450, 25100
271036, 8710360, 8735463, 25103
271037, 8710370, 8735477, 25107
271038, 8710380, 8735490, 25110
271039, 8710390, 8735504, 25114
271040, 8710400, 8735517, 25117
271041, 8710410, 8735531, 25121
271042, 8710420, 8735544, 25124
271044, 8710440, 8735558, 25118
271045, 8710450, 8735571, 25121
271046, 8710460, 8735584, 25124
271047, 8710470, 8735598, 25128
271048, 8710480, 8735611, 25131
271049, 8710490, 8735625, 25135
271051, 8710510, 8735652, 25142
271052, 8710520, 8735665, 25145
271053, 8710530, 8735678, 25148
271055, 8710550, 8735692, 25142
271056, 8710560, 8735705, 25145
271057, 8710570, 8735719, 25149
271058, 8710580, 8735732, 25152
271059, 8710590, 8735746, 25156
271060, 8710600, 8735759, 25159
271061, 8710610, 8735773, 25163
271062, 8710620, 8735786, 25166
271063, 8710630, 8735799, 25169
271065, 8710650, 8735813, 25163
271066, 8710660, 8735826, 25166
271067, 8710670, 8735840, 25170
271068, 8710680, 8735853, 25173
271069, 8710690, 8735867, 25177
271070, 8710700, 8735880, 25180
271071, 8710710, 8735894, 25184
271072, 8710720, 8735907, 25187
271073, 8710730, 8735920, 25190
271074, 8710740, 8735934, 25194
271076, 8710760, 8735947, 25187
271077, 8710770, 8735961, 25191
271078, 8710780, 8735974, 25194
271079, 8710790, 8735988, 25198
271080, 8710800, 8736001, 25201
271081, 8710810, 8736014, 25204
271082, 8710820, 8736028, 25208
271083, 8710830, 8736041, 25211
271084, 8710840, 8736055, 25215
271085, 8710850, 8736068, 25218
271087, 8710870, 8736082, 25212
271088, 8710880, 8736095, 25215
271089, 8710890, 8736109, 25219
271090, 8710900, 8736122, 25222
271091, 8710910, 8736135, 25225
271092, 8710920, 8736149, 25229
271093, 8710930, 8736162, 25232
271094, 8710940, 8736176, 25236
271095, 8710950, 8736189, 25239
271097, 8710970, 8736203, 25233
271098, 8710980, 8736216, 25236
271099, 8710990, 8736230, 25240
271101, 8711010, 8736256, 25246
271102, 8711020, 8736270, 25250
271103, 8711030, 8736283, 25253
271104, 8711040, 8736297, 25257
271105, 8711050, 8736310, 25260
271106, 8711060, 8736324, 25264
271108, 8711080, 8736337, 25257
271109, 8711090, 8736350, 25260
271110, 8711100, 8736364, 25264
271111, 8711110, 8736377, 25267
271112, 8711120, 8736391, 25271
271113, 8711130, 8736404, 25274
271114, 8711140, 8736418, 25278
271115, 8711150, 8736431, 25281
271116, 8711160, 8740012, 28852
271118, 8711180, 8740026, 28846
271119, 8711190, 8740039, 28849
271120, 8711200, 8740052, 28852
271121, 8711210, 8740066, 28856
271122, 8711220, 8740079, 28859
271123, 8711230, 8740093, 28863
271124, 8711240, 8740106, 28866
271125, 8711250, 8740120, 28870
271126, 8711260, 8740133, 28873
271127, 8711270, 8740146, 28876
271129, 8711290, 8740160, 28870
271130, 8711300, 8740173, 28873
271131, 8711310, 8740187, 28877
271132, 8711320, 8740200, 28880
271133, 8711330, 8740214, 28884
271134, 8711340, 8740227, 28887
271135, 8711350, 8740241, 28891
271136, 8711360, 8740254, 28894
271137, 8711370, 8740267, 28897
271138, 8711380, 8740281, 28901
271140, 8711400, 8740294, 28894
271141, 8711410, 8740308, 28898
271142, 8711420, 8740321, 28901
271143, 8711430, 8740335, 28905
271144, 8711440, 8740348, 28908
271145, 8711450, 8740362, 28912
271146, 8711460, 8740375, 28915
271147, 8711470, 8740388, 28918
271148, 8711480, 8740402, 28922
271151, 8711510, 8740429, 28919
271152, 8711520, 8740442, 28922
271153, 8711530, 8740456, 28926
271154, 8711540, 8740469, 28929
271155, 8711550, 8740482, 28932
271156, 8711560, 8740496, 28936
271157, 8711570, 8740509, 28939
271158, 8711580, 8740523, 28943
271159, 8711590, 8740536, 28946
271161, 8711610, 8740550, 28940
271162, 8711620, 8740563, 28943
271163, 8711630, 8740577, 28947
271164, 8711640, 8740590, 28950
271165, 8711650, 8740603, 28953
271166, 8711660, 8740617, 28957
271167, 8711670, 8740630, 28960
271168, 8711680, 8740644, 28964
271169, 8711690, 8740657, 28967
271171, 8711710, 8740671, 28961
271172, 8711720, 8740684, 28964
271173, 8711730, 8740698, 28968
271174, 8711740, 8740711, 28971
271175, 8711750, 8740724, 28974
271176, 8711760, 8740738, 28978
271177, 8711770, 8740751, 28981
271178, 8711780, 8740765, 28985
271179, 8711790, 8740778, 28988
271180, 8711800, 8740792, 28992
271182, 8711820, 8740805, 28985
271183, 8711830, 8740818, 28988
271184, 8711840, 8740832, 28992
271185, 8711850, 8740845, 28995
271186, 8711860, 8740859, 28999
271187, 8711870, 8740872, 29002
271188, 8711880, 8740886, 29006
271189, 8711890, 8740899, 29009
271190, 8711900, 8740913, 29013
271191, 8711910, 8740926, 29016
271193, 8711930, 8740939, 29009
271194, 8711940, 8740953, 29013
271195, 8711950, 8740966, 29016
271196, 8711960, 8740980, 29020
271197, 8711970, 8740993, 29023
271198, 8711980, 8741007, 29027
271199, 8711990, 8741020, 29030
271602, 8716020, 8741047, 25027
271603, 8716030, 8741060, 25030
271604, 8716040, 8741074, 25034
271605, 8716050, 8741087, 25037
271606, 8716060, 8741101, 25041
271607, 8716070, 8741114, 25044
271608, 8716080, 8741128, 25048
271609, 8716090, 8741141, 25051
271610, 8716100, 8741154, 25054
271612, 8716120, 8741168, 25048
271613, 8716130, 8741181, 25051
271614, 8716140, 8741195, 25055
271615, 8716150, 8741208, 25058
271616, 8716160, 8741222, 25062
271617, 8716170, 8741235, 25065
271618, 8716180, 8741249, 25069
271619, 8716190, 8741262, 25072
271620, 8716200, 8741275, 25075
271621, 8716210, 8741289, 25079
271623, 8716230, 8741302, 25072
271624, 8716240, 8741316, 25076
271625, 8716250, 8741329, 25079
271626, 8716260, 8741343, 25083
271627, 8716270, 8741356, 25086
271628, 8716280, 8741370, 25090
271629, 8716290, 8741383, 25093
271630, 8716300, 8741396, 25096
271631, 8716310, 8741410, 25100
271633, 8716330, 8741423, 25093
271634, 8716340, 8741437, 25097
271635, 8716350, 8741450, 25100
271636, 8716360, 8741464, 25104
271637, 8716370, 8741477, 25107
271638, 8716380, 8741490, 25110
271639, 8716390, 8741504, 25114
271640, 8716400, 8741517, 25117
271641, 8716410, 8741531, 25121
271642, 8716420, 8741544, 25124
271644, 8716440, 8741558, 25118
271645, 8716450, 8741571, 25121
271646, 8716460, 8741585, 25125
271647, 8716470, 8741598, 25128
271648, 8716480, 8741611, 25131
271649, 8716490, 8741625, 25135
271651, 8716510, 8741652, 25142
271652, 8716520, 8741665, 25145
271653, 8716530, 8741679, 25149
271655, 8716550, 8741692, 25142
271656, 8716560, 8741706, 25146
271657, 8716570, 8741719, 25149
271658, 8716580, 8741732, 25152
271659, 8716590, 8741746, 25156
271660, 8716600, 8741759, 25159
271661, 8716610, 8741773, 25163
271662, 8716620, 8741786, 25166
271663, 8716630, 8741800, 25170
271665, 8716650, 8741813, 25163
271666, 8716660, 8741826, 25166
271667, 8716670, 8741840, 25170
271668, 8716680, 8741853, 25173
271669, 8716690, 8741867, 25177
271670, 8716700, 8741880, 25180
271671, 8716710, 8741894, 25184
271672, 8716720, 8741907, 25187
271673, 8716730, 8741921, 25191
271674, 8716740, 8741934, 25194
271676, 8716760, 8741947, 25187
271677, 8716770, 8741961, 25191
271678, 8716780, 8741974, 25194
271679, 8716790, 8741988, 25198
271680, 8716800, 8742001, 25201
271681, 8716810, 8742015, 25205
271682, 8716820, 8742028, 25208
271683, 8716830, 8742042, 25212
271684, 8716840, 8742055, 25215
271685, 8716850, 8742068, 25218
271687, 8716870, 8742082, 25212
271688, 8716880, 8742095, 25215
271689, 8716890, 8742109, 25219
271690, 8716900, 8742122, 25222
271691, 8716910, 8742136, 25226
271692, 8716920, 8742149, 25229
271693, 8716930, 8742162, 25232
271694, 8716940, 8742176, 25236
271695, 8716950, 8742189, 25239
271697, 8716970, 8742203, 25233
271698, 8716980, 8742216, 25236
271699, 8716990, 8742230, 25240
271701, 8717010, 8742257, 25247
271702, 8717020, 8742270, 25250
271703, 8717030, 8742283, 25253
271704, 8717040, 8742297, 25257
271705, 8717050, 8742310, 25260
271706, 8717060, 8742324, 25264
271708, 8717080, 8742337, 25257
271709, 8717090, 8742351, 25261
271710, 8717100, 8742364, 25264
271711, 8717110, 8742378, 25268
271712, 8717120, 8742391, 25271
271713, 8717130, 8742404, 25274
271714, 8717140, 8742418, 25278
271715, 8717150, 8742431, 25281
271716, 8717160, 8746012, 28852
271718, 8717180, 8746026, 28846
271719, 8717190, 8746039, 28849
271720, 8717200, 8746052, 28852
271721, 8717210, 8746066, 28856
271722, 8717220, 8746079, 28859
271723, 8717230, 8746093, 28863
271724, 8717240, 8746106, 28866
271725, 8717250, 8746120, 28870
271726, 8717260, 8746133, 28873
271727, 8717270, 8746146, 28876
271729, 8717290, 8746160, 28870
271730, 8717300, 8746173, 28873
271731, 8717310, 8746187, 28877
271732, 8717320, 8746200, 28880
271733, 8717330, 8746214, 28884
271734, 8717340, 8746227, 28887
271735, 8717350, 8746241, 28891
271736, 8717360, 8746254, 28894
271737, 8717370, 8746267, 28897
271738, 8717380, 8746281, 28901
271740, 8717400, 8746294, 28894
271741, 8717410, 8746308, 28898
271742, 8717420, 8746321, 28901
271743, 8717430, 8746335, 28905
271744, 8717440, 8746348, 28908
271745, 8717450, 8746362, 28912
271746, 8717460, 8746375, 28915
271747, 8717470, 8746388, 28918
271748, 8717480, 8746402, 28922
271751, 8717510, 8746429, 28919
271752, 8717520, 8746442, 28922
271753, 8717530, 8746456, 28926
271754, 8717540, 8746469, 28929
271755, 8717550, 8746482, 28932
271756, 8717560, 8746496, 28936
271757, 8717570, 8746509, 28939
271758, 8717580, 8746523, 28943
271759, 8717590, 8746536, 28946
271761, 8717610, 8746550, 28940
271762, 8717620, 8746563, 28943
271763, 8717630, 8746577, 28947
271764, 8717640, 8746590, 28950
271765, 8717650, 8746603, 28953
271766, 8717660, 8746617, 28957
271767, 8717670, 8746630, 28960
271768, 8717680, 8746644, 28964
271769, 8717690, 8746657, 28967
271771, 8717710, 8746671, 28961
271772, 8717720, 8746684, 28964
271773, 8717730, 8746698, 28968
271774, 8717740, 8746711, 28971
271775, 8717750, 8746724, 28974
271776, 8717760, 8746738, 28978
271777, 8717770, 8746751, 28981
271778, 8717780, 8746765, 28985
271779, 8717790, 8746778, 28988
271780, 8717800, 8746792, 28992
271782, 8717820, 8746805, 28985
271783, 8717830, 8746818, 28988
271784, 8717840, 8746832, 28992
271785, 8717850, 8746845, 28995
271786, 8717860, 8746859, 28999
271787, 8717870, 8746872, 29002
271788, 8717880, 8746886, 29006
271789, 8717890, 8746899, 29009
271790, 8717900, 8746913, 29013
271791, 8717910, 8746926, 29016
271793, 8717930, 8746939, 29009
271794, 8717940, 8746953, 29013
271795, 8717950, 8746966, 29016
271796, 8717960, 8746980, 29020
271797, 8717970, 8746993, 29023
271798, 8717980, 8747007, 29027
271799, 8717990, 8747020, 29030
272202, 8722020, 8747047, 25027
272203, 8722030, 8747060, 25030
272204, 8722040, 8747074, 25034
272205, 8722050, 8747087, 25037
272206, 8722060, 8747101, 25041
272207, 8722070, 8747114, 25044
272208, 8722080, 8747128, 25048
272209, 8722090, 8747141, 25051
272210, 8722100, 8747154, 25054
272212, 8722120, 8747168, 25048
272213, 8722130, 8747181, 25051
272214, 8722140, 8747195, 25055
272215, 8722150, 8747208, 25058
272216, 8722160, 8747222, 25062
272217, 8722170, 8747235, 25065
272218, 8722180, 8747249, 25069
272219, 8722190, 8747262, 25072
272220, 8722200, 8747275, 25075
272221, 8722210, 8747289, 25079
272223, 8722230, 8747302, 25072
272224, 8722240, 8747316, 25076
272225, 8722250, 8747329, 25079
272226, 8722260, 8747343, 25083
272227, 8722270, 8747356, 25086
272228, 8722280, 8747370, 25090
272229, 8722290, 8747383, 25093
272230, 8722300, 8747396, 25096
272231, 8722310, 8747410, 25100
272233, 8722330, 8747423, 25093
272234, 8722340, 8747437, 25097
272235, 8722350, 8747450, 25100
272236, 8722360, 8747464, 25104
272237, 8722370, 8747477, 25107
272238, 8722380, 8747490, 25110
272239, 8722390, 8747504, 25114
272240, 8722400, 8747517, 25117
272241, 8722410, 8747531, 25121
272242, 8722420, 8747544, 25124
272244, 8722440, 8747558, 25118
272245, 8722450, 8747571, 25121
272246, 8722460, 8747585, 25125
272247, 8722470, 8747598, 25128
272248, 8722480, 8747611, 25131
272249, 8722490, 8747625, 25135
272251, 8722510, 8747652, 25142
272252, 8722520, 8747665, 25145
272253, 8722530, 8747679, 25149
272255, 8722550, 8747692, 25142
272256, 8722560, 8747706, 25146
272257, 8722570, 8747719, 25149
272258, 8722580, 8747732, 25152
272259, 8722590, 8747746, 25156
272260, 8722600, 8747759, 25159
272261, 8722610, 8747773, 25163
272262, 8722620, 8747786, 25166
272263, 8722630, 8747800, 25170
272265, 8722650, 8747813, 25163
272266, 8722660, 8747826, 25166
272267, 8722670, 8747840, 25170
272268, 8722680, 8747853, 25173
272269, 8722690, 8747867, 25177
272270, 8722700, 8747880, 25180
272271, 8722710, 8747894, 25184
272272, 8722720, 8747907, 25187
272273, 8722730, 8747921, 25191
272274, 8722740, 8747934, 25194
272276, 8722760, 8747947, 25187
272277, 8722770, 8747961, 25191
272278, 8722780, 8747974, 25194
272279, 8722790, 8747988, 25198
272280, 8722800, 8748001, 25201
272281, 8722810, 8748015, 25205
272282, 8722820, 8748028, 25208
272283, 8722830, 8748042, 25212
272284, 8722840, 8748055, 25215
272285, 8722850, 8748068, 25218
272287, 8722870, 8748082, 25212
272288, 8722880, 8748095, 25215
272289, 8722890, 8748109, 25219
272290, 8722900, 8748122, 25222
272291, 8722910, 8748136, 25226
272292, 8722920, 8748149, 25229
272293, 8722930, 8748162, 25232
272294, 8722940, 8748176, 25236
272295, 8722950, 8748189, 25239
272297, 8722970, 8748203, 25233
272298, 8722980, 8748216, 25236
272299, 8722990, 8748230, 25240
272301, 8723010, 8748257, 25247
272302, 8723020, 8748270, 25250
272303, 8723030, 8748283, 25253
272304, 8723040, 8748297, 25257
272305, 8723050, 8748310, 25260
272306, 8723060, 8748324, 25264
272308, 8723080, 8748337, 25257
272309, 8723090, 8748351, 25261
272310, 8723100, 8748364, 25264
272311, 8723110, 8748378, 25268
272312, 8723120, 8748391, 25271
272313, 8723130, 8748404, 25274
272314, 8723140, 8748418, 25278
272315, 8723150, 8748431, 25281
272316, 8723160, 8752012, 28852
272318, 8723180, 8752026, 28846
272319, 8723190, 8752039, 28849
272320, 8723200, 8752052, 28852
272321, 8723210, 8752066, 28856
272322, 8723220, 8752079, 28859
272323, 8723230, 8752093, 28863
272324, 8723240, 8752106, 28866
272325, 8723250, 8752120, 28870
272326, 8723260, 8752133, 28873
272327, 8723270, 8752146, 28876
272329, 8723290, 8752160, 28870
272330, 8723300, 8752173, 28873
272331, 8723310, 8752187, 28877
272332, 8723320, 8752200, 28880
272333, 8723330, 8752214, 28884
272334, 8723340, 8752227, 28887
272335, 8723350, 8752241, 28891
272336, 8723360, 8752254, 28894
272337, 8723370, 8752267, 28897
272338, 8723380, 8752281, 28901
272340, 8723400, 8752294, 28894
272341, 8723410, 8752308, 28898
272342, 8723420, 8752321, 28901
272343, 8723430, 8752335, 28905
272344, 8723440, 8752348, 28908
272345, 8723450, 8752362, 28912
272346, 8723460, 8752375, 28915
272347, 8723470, 8752388, 28918
272348, 8723480, 8752402, 28922
272351, 8723510, 8752429, 28919
272352, 8723520, 8752442, 28922
272353, 8723530, 8752456, 28926
272354, 8723540, 8752469, 28929
272355, 8723550, 8752482, 28932
272356, 8723560, 8752496, 28936
272357, 8723570, 8752509, 28939
272358, 8723580, 8752523, 28943
272359, 8723590, 8752536, 28946
272361, 8723610, 8752550, 28940
272362, 8723620, 8752563, 28943
272363, 8723630, 8752577, 28947
272364, 8723640, 8752590, 28950
272365, 8723650, 8752603, 28953
272366, 8723660, 8752617, 28957
272367, 8723670, 8752630, 28960
272368, 8723680, 8752644, 28964
272369, 8723690, 8752657, 28967
272371, 8723710, 8752671, 28961
272372, 8723720, 8752684, 28964
272373, 8723730, 8752698, 28968
272374, 8723740, 8752711, 28971
272375, 8723750, 8752724, 28974
272376, 8723760, 8752738, 28978
272377, 8723770, 8752751, 28981
272378, 8723780, 8752765, 28985
272379, 8723790, 8752778, 28988
272380, 8723800, 8752792, 28992
272382, 8723820, 8752805, 28985
272383, 8723830, 8752818, 28988
272384, 8723840, 8752832, 28992
272385, 8723850, 8752845, 28995
272386, 8723860, 8752859, 28999
272387, 8723870, 8752872, 29002
272388, 8723880, 8752886, 29006
272389, 8723890, 8752899, 29009
272390, 8723900, 8752913, 29013
272391, 8723910, 8752926, 29016
272393, 8723930, 8752939, 29009
272394, 8723940, 8752953, 29013
272395, 8723950, 8752966, 29016
272396, 8723960, 8752980, 29020
272397, 8723970, 8752993, 29023
272398, 8723980, 8753007, 29027
272399, 8723990, 8753020, 29030
272802, 8728020, 8753047, 25027
272803, 8728030, 8753060, 25030
272804, 8728040, 8753074, 25034
272805, 8728050, 8753087, 25037
272806, 8728060, 8753101, 25041
272807, 8728070, 8753114, 25044
272808, 8728080, 8753128, 25048
272809, 8728090, 8753141, 25051
272810, 8728100, 8753154, 25054
272812, 8728120, 8753168, 25048
272813, 8728130, 8753181, 25051
272814, 8728140, 8753195, 25055
272815, 8728150, 8753208, 25058
272816, 8728160, 8753222, 25062
272817, 8728170, 8753235, 25065
272818, 8728180, 8753249, 25069
272819, 8728190, 8753262, 25072
272820, 8728200, 8753275, 25075
272821, 8728210, 8753289, 25079
272823, 8728230, 8753302, 25072
272824, 8728240, 8753316, 25076
272825, 8728250, 8753329, 25079
272826, 8728260, 8753343, 25083
272827, 8728270, 8753356, 25086
272828, 8728280, 8753370, 25090
272829, 8728290, 8753383, 25093
272830, 8728300, 8753396, 25096
272831, 8728310, 8753410, 25100
272833, 8728330, 8753423, 25093
272834, 8728340, 8753437, 25097
272835, 8728350, 8753450, 25100
272836, 8728360, 8753464, 25104
272837, 8728370, 8753477, 25107
272838, 8728380, 8753490, 25110
272839, 8728390, 8753504, 25114
272840, 8728400, 8753517, 25117
272841, 8728410, 8753531, 25121
272842, 8728420, 8753544, 25124
272844, 8728440, 8753558, 25118
272845, 8728450, 8753571, 25121
272846, 8728460, 8753585, 25125
272847, 8728470, 8753598, 25128
272848, 8728480, 8753611, 25131
272849, 8728490, 8753625, 25135
272851, 8728510, 8753652, 25142
272852, 8728520, 8753665, 25145
272853, 8728530, 8753679, 25149
272855, 8728550, 8753692, 25142
272856, 8728560, 8753706, 25146
272857, 8728570, 8753719, 25149
272858, 8728580, 8753732, 25152
272859, 8728590, 8753746, 25156
272860, 8728600, 8753759, 25159
272861, 8728610, 8753773, 25163
272862, 8728620, 8753786, 25166
272863, 8728630, 8753800, 25170
272865, 8728650, 8753813, 25163
272866, 8728660, 8753826, 25166
272867, 8728670, 8753840, 25170
272868, 8728680, 8753853, 25173
272869, 8728690, 8753867, 25177
272870, 8728700, 8753880, 25180
272871, 8728710, 8753894, 25184
272872, 8728720, 8753907, 25187
272873, 8728730, 8753921, 25191
272874, 8728740, 8753934, 25194
272876, 8728760, 8753947, 25187
272877, 8728770, 8753961, 25191
272878, 8728780, 8753974, 25194
272879, 8728790, 8753988, 25198
272880, 8728800, 8754001, 25201
272881, 8728810, 8754015, 25205
272882, 8728820, 8754028, 25208
272883, 8728830, 8754042, 25212
272884, 8728840, 8754055, 25215
272885, 8728850, 8754068, 25218
272887, 8728870, 8754082, 25212
272888, 8728880, 8754095, 25215
272889, 8728890, 8754109, 25219
272890, 8728900, 8754122, 25222
272891, 8728910, 8754136, 25226
272892, 8728920, 8754149, 25229
272893, 8728930, 8754162, 25232
272894, 8728940, 8754176, 25236
272895, 8728950, 8754189, 25239
272897, 8728970, 8754203, 25233
272898, 8728980, 8754216, 25236
272899, 8728990, 8754230, 25240
272901, 8729010, 8754257, 25247
272902, 8729020, 8754270, 25250
272903, 8729030, 8754283, 25253
272904, 8729040, 8754297, 25257
272905, 8729050, 8754310, 25260
272906, 8729060, 8754324, 25264
272908, 8729080, 8754337, 25257
272909, 8729090, 8754351, 25261
272910, 8729100, 8754364, 25264
272911, 8729110, 8754378, 25268
272912, 8729120, 8754391, 25271
272913, 8729130, 8754404, 25274
272914, 8729140, 8754418, 25278
272915, 8729150, 8754431, 25281
272916, 8729160, 8758012, 28852
272918, 8729180, 8758026, 28846
272919, 8729190, 8758039, 28849
272920, 8729200, 8758052, 28852
272921, 8729210, 8758066, 28856
272922, 8729220, 8758079, 28859
272923, 8729230, 8758093, 28863
272924, 8729240, 8758106, 28866
272925, 8729250, 8758120, 28870
272926, 8729260, 8758133, 28873
272927, 8729270, 8758146, 28876
272929, 8729290, 8758160, 28870
272930, 8729300, 8758173, 28873
272931, 8729310, 8758187, 28877
272932, 8729320, 8758200, 28880
272933, 8729330, 8758214, 28884
272934, 8729340, 8758227, 28887
272935, 8729350, 8758241, 28891
272936, 8729360, 8758254, 28894
272937, 8729370, 8758267, 28897
272938, 8729380, 8758281, 28901
272940, 8729400, 8758294, 28894
272941, 8729410, 8758308, 28898
272942, 8729420, 8758321, 28901
272943, 8729430, 8758335, 28905
272944, 8729440, 8758348, 28908
272945, 8729450, 8758362, 28912
272946, 8729460, 8758375, 28915
272947, 8729470, 8758388, 28918
272948, 8729480, 8758402, 28922
272951, 8729510, 8758429, 28919
272952, 8729520, 8758442, 28922
272953, 8729530, 8758456, 28926
272954, 8729540, 8758469, 28929
272955, 8729550, 8758482, 28932
272956, 8729560, 8758496, 28936
272957, 8729570, 8758509, 28939
272958, 8729580, 8758523, 28943
272959, 8729590, 8758536, 28946
272961, 8729610, 8758550, 28940
272962, 8729620, 8758563, 28943
272963, 8729630, 8758577, 28947
272964, 8729640, 8758590, 28950
272965, 8729650, 8758603, 28953
272966, 8729660, 8758617, 28957
272967, 8729670, 8758630, 28960
272968, 8729680, 8758644, 28964
272969, 8729690, 8758657, 28967
272971, 8729710, 8758671, 28961
272972, 8729720, 8758684, 28964
272973, 8729730, 8758698, 28968
272974, 8729740, 8758711, 28971
272975, 8729750, 8758724, 28974
272976, 8729760, 8758738, 28978
272977, 8729770, 8758751, 28981
272978, 8729780, 8758765, 28985
272979, 8729790, 8758778, 28988
272980, 8729800, 8758792, 28992
272982, 8729820, 8758805, 28985
272983, 8729830, 8758818, 28988
272984, 8729840, 8758832, 28992
272985, 8729850, 8758845, 28995
272986, 8729860, 8758859, 28999
272987, 8729870, 8758872, 29002
272988, 8729880, 8758886, 29006
272989, 8729890, 8758899, 29009
272990, 8729900, 8758913, 29013
272991, 8729910, 8758926, 29016
272993, 8729930, 8758939, 29009
272994, 8729940, 8758953, 29013
272995, 8729950, 8758966, 29016
272996, 8729960, 8758980, 29020
272997, 8729970, 8758993, 29023
272998, 8729980, 8759007, 29027
272999, 8729990, 8759020, 29030
273402, 8734020, 8759047, 25027
273403, 8734030, 8759060, 25030
273404, 8734040, 8759074, 25034
273405, 8734050, 8759087, 25037
273406, 8734060, 8759101, 25041
273407, 8734070, 8759114, 25044
273408, 8734080, 8759128, 25048
273409, 8734090, 8759141, 25051
273410, 8734100, 8759154, 25054
273412, 8734120, 8759168, 25048
273413, 8734130, 8759181, 25051
273414, 8734140, 8759195, 25055
273415, 8734150, 8759208, 25058
273416, 8734160, 8759222, 25062
273417, 8734170, 8759235, 25065
273418, 8734180, 8759249, 25069
273419, 8734190, 8759262, 25072
273420, 8734200, 8759275, 25075
273421, 8734210, 8759289, 25079
273423, 8734230, 8759302, 25072
273424, 8734240, 8759316, 25076
273425, 8734250, 8759329, 25079
273426, 8734260, 8759343, 25083
273427, 8734270, 8759356, 25086
273428, 8734280, 8759370, 25090
273429, 8734290, 8759383, 25093
273430, 8734300, 8759396, 25096
273431, 8734310, 8759410, 25100
273433, 8734330, 8759423, 25093
273434, 8734340, 8759437, 25097
273435, 8734350, 8759450, 25100
273436, 8734360, 8759464, 25104
273437, 8734370, 8759477, 25107
273438, 8734380, 8759490, 25110
273439, 8734390, 8759504, 25114
273440, 8734400, 8759517, 25117
273441, 8734410, 8759531, 25121
273442, 8734420, 8759544, 25124
273444, 8734440, 8759558, 25118
273445, 8734450, 8759571, 25121
273446, 8734460, 8759585, 25125
273447, 8734470, 8759598, 25128
273448, 8734480, 8759611, 25131
273449, 8734490, 8759625, 25135
273451, 8734510, 8759652, 25142
273452, 8734520, 8759665, 25145
273453, 8734530, 8759679, 25149
273455, 8734550, 8759692, 25142
273456, 8734560, 8759706, 25146
273457, 8734570, 8759719, 25149
273458, 8734580, 8759732, 25152
273459, 8734590, 8759746, 25156
273460, 8734600, 8759759, 25159
273461, 8734610, 8759773, 25163
273462, 8734620, 8759786, 25166
273463, 8734630, 8759800, 25170
273465, 8734650, 8759813, 25163
273466, 8734660, 8759826, 25166
273467, 8734670, 8759840, 25170
273468, 8734680, 8759853, 25173
273469, 8734690, 8759867, 25177
273470, 8734700, 8759880, 25180
273471, 8734710, 8759894, 25184
273472, 8734720, 8759907, 25187
273473, 8734730, 8759921, 25191
273474, 8734740, 8759934, 25194
273476, 8734760, 8759947, 25187
273477, 8734770, 8759961, 25191
273478, 8734780, 8759974, 25194
273479, 8734790, 8759988, 25198
273480, 8734800, 8760001, 25201
273481, 8734810, 8760015, 25205
273482, 8734820, 8760028, 25208
273483, 8734830, 8760042, 25212
273484, 8734840, 8760055, 25215
273485, 8734850, 8760068, 25218
273487, 8734870, 8760082, 25212
273488, 8734880, 8760095, 25215
273489, 8734890, 8760109, 25219
273490, 8734900, 8760122, 25222
273491, 8734910, 8760136, 25226
273492, 8734920, 8760149, 25229
273493, 8734930, 8760162, 25232
273494, 8734940, 8760176, 25236
273495, 8734950, 8760189, 25239
273497, 8734970, 8760203, 25233
273498, 8734980, 8760216, 25236
273499, 8734990, 8760230, 25240
273501, 8735010, 8760257, 25247
273502, 8735020, 8760270, 25250
273503, 8735030, 8760283, 25253
273504, 8735040, 8760297, 25257
273505, 8735050, 8760310, 25260
273506, 8735060, 8760324, 25264
273508, 8735080, 8760337, 25257
273509, 8735090, 8760351, 25261
273510, 8735100, 8760364, 25264
273511, 8735110, 8760378, 25268
273512, 8735120, 8760391, 25271
273513, 8735130, 8760404, 25274
273514, 8735140, 8760418, 25278
273515, 8735150, 8760431, 25281
273516, 8735160, 8764012, 28852
273517, 8735170, 8764026, 28856
273519, 8735190, 8764039, 28849
273520, 8735200, 8764052, 28852
273521, 8735210, 8764066, 28856
273522, 8735220, 8764079, 28859
273523, 8735230, 8764093, 28863
273524, 8735240, 8764106, 28866
273525, 8735250, 8764120, 28870
273526, 8735260, 8764133, 28873
273527, 8735270, 8764146, 28876
273529, 8735290, 8764160, 28870
273530, 8735300, 8764173, 28873
273531, 8735310, 8764187, 28877
273532, 8735320, 8764200, 28880
273533, 8735330, 8764214, 28884
273534, 8735340, 8764227, 28887
273535, 8735350, 8764241, 28891
273536, 8735360, 8764254, 28894
273537, 8735370, 8764267, 28897
273538, 8735380, 8764281, 28901
273540, 8735400, 8764294, 28894
273541, 8735410, 8764308, 28898
273542, 8735420, 8764321, 28901
273543, 8735430, 8764335, 28905
273544, 8735440, 8764348, 28908
273545, 8735450, 8764362, 28912
273546, 8735460, 8764375, 28915
273547, 8735470, 8764388, 28918
273548, 8735480, 8764402, 28922
273551, 8735510, 8764429, 28919
273552, 8735520, 8764442, 28922
273553, 8735530, 8764456, 28926
273554, 8735540, 8764469, 28929
273555, 8735550, 8764482, 28932
273556, 8735560, 8764496, 28936
273557, 8735570, 8764509, 28939
273558, 8735580, 8764523, 28943
273559, 8735590, 8764536, 28946
273561, 8735610, 8764550, 28940
273562, 8735620, 8764563, 28943
273563, 8735630, 8764577, 28947
273564, 8735640, 8764590, 28950
273565, 8735650, 8764603, 28953
273566, 8735660, 8764617, 28957
273567, 8735670, 8764630, 28960
273568, 8735680, 8764644, 28964
273569, 8735690, 8764657, 28967
273570, 8735700, 8764671, 28971
273572, 8735720, 8764684, 28964
273573, 8735730, 8764698, 28968
273574, 8735740, 8764711, 28971
273575, 8735750, 8764724, 28974
273576, 8735760, 8764738, 28978
273577, 8735770, 8764751, 28981
273578, 8735780, 8764765, 28985
273579, 8735790, 8764778, 28988
273580, 8735800, 8764792, 28992
273582, 8735820, 8764805, 28985
273583, 8735830, 8764818, 28988
273584, 8735840, 8764832, 28992
273585, 8735850, 8764845, 28995
273586, 8735860, 8764859, 28999
273587, 8735870, 8764872, 29002
273588, 8735880, 8764886, 29006
273589, 8735890, 8764899, 29009
273590, 8735900, 8764913, 29013
273591, 8735910, 8764926, 29016
273593, 8735930, 8764939, 29009
273594, 8735940, 8764953, 29013
273595, 8735950, 8764966, 29016
273596, 8735960, 8764980, 29020
273597, 8735970, 8764993, 29023
273598, 8735980, 8765007, 29027
273599, 8735990, 8765020, 29030
274002, 8740020, 8765047, 25027
274003, 8740030, 8765060, 25030
274004, 8740040, 8765074, 25034
274005, 8740050, 8765087, 25037
274006, 8740060, 8765101, 25041
274007, 8740070, 8765114, 25044
274008, 8740080, 8765127, 25047
274009, 8740090, 8765141, 25051
274010, 8740100, 8765154, 25054
274012, 8740120, 8765168, 25048
274013, 8740130, 8765181, 25051
274014, 8740140, 8765195, 25055
274015, 8740150, 8765208, 25058
274016, 8740160, 8765222, 25062
274017, 8740170, 8765235, 25065
274018, 8740180, 8765248, 25068
274019, 8740190, 8765262, 25072
274020, 8740200, 8765275, 25075
274021, 8740210, 8765289, 25079
274023, 8740230, 8765302, 25072
274024, 8740240, 8765316, 25076
274025, 8740250, 8765329, 25079
274026, 8740260, 8765342, 25082
274027, 8740270, 8765356, 25086
274028, 8740280, 8765369, 25089
274029, 8740290, 8765383, 25093
274030, 8740300, 8765396, 25096
274031, 8740310, 8765410, 25100
274033, 8740330, 8765423, 25093
274034, 8740340, 8765437, 25097
274035, 8740350, 8765450, 25100
274036, 8740360, 8765463, 25103
274037, 8740370, 8765477, 25107
274038, 8740380, 8765490, 25110
274039, 8740390, 8765504, 25114
274040, 8740400, 8765517, 25117
274041, 8740410, 8765531, 25121
274042, 8740420, 8765544, 25124
274044, 8740440, 8765558, 25118
274045, 8740450, 8765571, 25121
274046, 8740460, 8765584, 25124
274047, 8740470, 8765598, 25128
274048, 8740480, 8765611, 25131
274049, 8740490, 8765625, 25135
274051, 8740510, 8765652, 25142
274052, 8740520, 8765665, 25145
274053, 8740530, 8765678, 25148
274055, 8740550, 8765692, 25142
274056, 8740560, 8765705, 25145
274057, 8740570, 8765719, 25149
274058, 8740580, 8765732, 25152
274059, 8740590, 8765746, 25156
274060, 8740600, 8765759, 25159
274061, 8740610, 8765773, 25163
274062, 8740620, 8765786, 25166
274063, 8740630, 8765799, 25169
274065, 8740650, 8765813, 25163
274066, 8740660, 8765826, 25166
274067, 8740670, 8765840, 25170
274068, 8740680, 8765853, 25173
274069, 8740690, 8765867, 25177
274070, 8740700, 8765880, 25180
274071, 8740710, 8765894, 25184
274072, 8740720, 8765907, 25187
274073, 8740730, 8765920, 25190
274074, 8740740, 8765934, 25194
274076, 8740760, 8765947, 25187
274077, 8740770, 8765961, 25191
274078, 8740780, 8765974, 25194
274079, 8740790, 8765988, 25198
274080, 8740800, 8766001, 25201
274081, 8740810, 8766014, 25204
274082, 8740820, 8766028, 25208
274083, 8740830, 8766041, 25211
274084, 8740840, 8766055, 25215
274085, 8740850, 8766068, 25218
274087, 8740870, 8766082, 25212
274088, 8740880, 8766095, 25215
274089, 8740890, 8766109, 25219
274090, 8740900, 8766122, 25222
274091, 8740910, 8766135, 25225
274092, 8740920, 8766149, 25229
274093, 8740930, 8766162, 25232
274094, 8740940, 8766176, 25236
274095, 8740950, 8766189, 25239
274097, 8740970, 8766203, 25233
274098, 8740980, 8766216, 25236
274099, 8740990, 8766230, 25240
274101, 8741010, 8766256, 25246
274102, 8741020, 8766270, 25250
274103, 8741030, 8766283, 25253
274104, 8741040, 8766297, 25257
274105, 8741050, 8766310, 25260
274106, 8741060, 8766324, 25264
274108, 8741080, 8766337, 25257
274109, 8741090, 8766350, 25260
274110, 8741100, 8766364, 25264
274111, 8741110, 8766377, 25267
274112, 8741120, 8766391, 25271
274113, 8741130, 8766404, 25274
274114, 8741140, 8766418, 25278
274115, 8741150, 8766431, 25281
274116, 8741160, 8770012, 28852
274118, 8741180, 8770026, 28846
274119, 8741190, 8770039, 28849
274120, 8741200, 8770052, 28852
274121, 8741210, 8770066, 28856
274122, 8741220, 8770079, 28859
274123, 8741230, 8770093, 28863
274124, 8741240, 8770106, 28866
274125, 8741250, 8770120, 28870
274126, 8741260, 8770133, 28873
274127, 8741270, 8770146, 28876
274129, 8741290, 8770160, 28870
274130, 8741300, 8770173, 28873
274131, 8741310, 8770187, 28877
274132, 8741320, 8770200, 28880
274133, 8741330, 8770214, 28884
274134, 8741340, 8770227, 28887
274135, 8741350, 8770241, 28891
274136, 8741360, 8770254, 28894
274137, 8741370, 8770267, 28897
274138, 8741380, 8770281, 28901
274140, 8741400, 8770294, 28894
274141, 8741410, 8770308, 28898
274142, 8741420, 8770321, 28901
274143, 8741430, 8770335, 28905
274144, 8741440, 8770348, 28908
274145, 8741450, 8770362, 28912
274146, 8741460, 8770375, 28915
274147, 8741470, 8770388, 28918
274148, 8741480, 8770402, 28922
274151, 8741510, 8770429, 28919
274152, 8741520, 8770442, 28922
274153, 8741530, 8770456, 28926
274154, 8741540, 8770469, 28929
274155, 8741550, 8770482, 28932
274156, 8741560, 8770496, 28936
274157, 8741570, 8770509, 28939
274158, 8741580, 8770523, 28943
274159, 8741590, 8770536, 28946
274161, 8741610, 8770550, 28940
274162, 8741620, 8770563, 28943
274163, 8741630, 8770577, 28947
274164, 8741640, 8770590, 28950
274165, 8741650, 8770603, 28953
274166, 8741660, 8770617, 28957
274167, 8741670, 8770630, 28960
274168, 8741680, 8770644, 28964
274169, 8741690, 8770657, 28967
274171, 8741710, 8770671, 28961
274172, 8741720, 8770684, 28964
274173, 8741730, 8770698, 28968
274174, 8741740, 8770711, 28971
274175, 8741750, 8770724, 28974
274176, 8741760, 8770738, 28978
274177, 8741770, 8770751, 28981
274178, 8741780, 8770765, 28985
274179, 8741790, 8770778, 28988
274180, 8741800, 8770792, 28992
274182, 8741820, 8770805, 28985
274183, 8741830, 8770818, 28988
274184, 8741840, 8770832, 28992
274185, 8741850, 8770845, 28995
274186, 8741860, 8770859, 28999
274187, 8741870, 8770872, 29002
274188, 8741880, 8770886, 29006
274189, 8741890, 8770899, 29009
274190, 8741900, 8770913, 29013
274191, 8741910, 8770926, 29016
274193, 8741930, 8770939, 29009
274194, 8741940, 8770953, 29013
274195, 8741950, 8770966, 29016
274196, 8741960, 8770980, 29020
274197, 8741970, 8770993, 29023
274198, 8741980, 8771007, 29027
274199, 8741990, 8771020, 29030
274602, 8746020, 8771047, 25027
274603, 8746030, 8771060, 25030
274604, 8746040, 8771074, 25034
274605, 8746050, 8771087, 25037
274606, 8746060, 8771101, 25041
274607, 8746070, 8771114, 25044
274608, 8746080, 8771128, 25048
274609, 8746090, 8771141, 25051
274610, 8746100, 8771154, 25054
274612, 8746120, 8771168, 25048
274613, 8746130, 8771181, 25051
274614, 8746140, 8771195, 25055
274615, 8746150, 8771208, 25058
274616, 8746160, 8771222, 25062
274617, 8746170, 8771235, 25065
274618, 8746180, 8771249, 25069
274619, 8746190, 8771262, 25072
274620, 8746200, 8771275, 25075
274621, 8746210, 8771289, 25079
274623, 8746230, 8771302, 25072
274624, 8746240, 8771316, 25076
274625, 8746250, 8771329, 25079
274626, 8746260, 8771343, 25083
274627, 8746270, 8771356, 25086
274628, 8746280, 8771370, 25090
274629, 8746290, 8771383, 25093
274630, 8746300, 8771396, 25096
274631, 8746310, 8771410, 25100
274633, 8746330, 8771423, 25093
274634, 8746340, 8771437, 25097
274635, 8746350, 8771450, 25100
274636, 8746360, 8771464, 25104
274637, 8746370, 8771477, 25107
274638, 8746380, 8771490, 25110
274639, 8746390, 8771504, 25114
274640, 8746400, 8771517, 25117
274641, 8746410, 8771531, 25121
274642, 8746420, 8771544, 25124
274644, 8746440, 8771558, 25118
274645, 8746450, 8771571, 25121
274646, 8746460, 8771585, 25125
274647, 8746470, 8771598, 25128
274648, 8746480, 8771611, 25131
274649, 8746490, 8771625, 25135
274651, 8746510, 8771652, 25142
274652, 8746520, 8771665, 25145
274653, 8746530, 8771679, 25149
274655, 8746550, 8771692, 25142
274656, 8746560, 8771706, 25146
274657, 8746570, 8771719, 25149
274658, 8746580, 8771732, 25152
274659, 8746590, 8771746, 25156
274660, 8746600, 8771759, 25159
274661, 8746610, 8771773, 25163
274662, 8746620, 8771786, 25166
274663, 8746630, 8771800, 25170
274665, 8746650, 8771813, 25163
274666, 8746660, 8771826, 25166
274667, 8746670, 8771840, 25170
274668, 8746680, 8771853, 25173
274669, 8746690, 8771867, 25177
274670, 8746700, 8771880, 25180
274671, 8746710, 8771894, 25184
274672, 8746720, 8771907, 25187
274673, 8746730, 8771921, 25191
274674, 8746740, 8771934, 25194
274676, 8746760, 8771947, 25187
274677, 8746770, 8771961, 25191
274678, 8746780, 8771974, 25194
274679, 8746790, 8771988, 25198
274680, 8746800, 8772001, 25201
274681, 8746810, 8772015, 25205
274682, 8746820, 8772028, 25208
274683, 8746830, 8772042, 25212
274684, 8746840, 8772055, 25215
274685, 8746850, 8772068, 25218
274687, 8746870, 8772082, 25212
274688, 8746880, 8772095, 25215
274689, 8746890, 8772109, 25219
274690, 8746900, 8772122, 25222
274691, 8746910, 8772136, 25226
274692, 8746920, 8772149, 25229
274693, 8746930, 8772162, 25232
274694, 8746940, 8772176, 25236
274695, 8746950, 8772189, 25239
274697, 8746970, 8772203, 25233
274698, 8746980, 8772216, 25236
274699, 8746990, 8772230, 25240
274701, 8747010, 8772257, 25247
274702, 8747020, 8772270, 25250
274703, 8747030, 8772283, 25253
274704, 8747040, 8772297, 25257
274705, 8747050, 8772310, 25260
274706, 8747060, 8772324, 25264
274708, 8747080, 8772337, 25257
274709, 8747090, 8772351, 25261
274710, 8747100, 8772364, 25264
274711, 8747110, 8772378, 25268
274712, 8747120, 8772391, 25271
274713, 8747130, 8772404, 25274
274714, 8747140, 8772418, 25278
274715, 8747150, 8772431, 25281
274716, 8747160, 8776012, 28852
274718, 8747180, 8776026, 28846
274719, 8747190, 8776039, 28849
274720, 8747200, 8776052, 28852
274721, 8747210, 8776066, 28856
274722, 8747220, 8776079, 28859
274723, 8747230, 8776093, 28863
274724, 8747240, 8776106, 28866
274725, 8747250, 8776120, 28870
274726, 8747260, 8776133, 28873
274727, 8747270, 8776146, 28876
274729, 8747290, 8776160, 28870
274730, 8747300, 8776173, 28873
274731, 8747310, 8776187, 28877
274732, 8747320, 8776200, 28880
274733, 8747330, 8776214, 28884
274734, 8747340, 8776227, 28887
274735, 8747350, 8776241, 28891
274736, 8747360, 8776254, 28894
274737, 8747370, 8776267, 28897
274738, 8747380, 8776281, 28901
274740, 8747400, 8776294, 28894
274741, 8747410, 8776308, 28898
274742, 8747420, 8776321, 28901
274743, 8747430, 8776335, 28905
274744, 8747440, 8776348, 28908
274745, 8747450, 8776362, 28912
274746, 8747460, 8776375, 28915
274747, 8747470, 8776388, 28918
274748, 8747480, 8776402, 28922
274751, 8747510, 8776429, 28919
274752, 8747520, 8776442, 28922
274753, 8747530, 8776456, 28926
274754, 8747540, 8776469, 28929
274755, 8747550, 8776482, 28932
274756, 8747560, 8776496, 28936
274757, 8747570, 8776509, 28939
274758, 8747580, 8776523, 28943
274759, 8747590, 8776536, 28946
274761, 8747610, 8776550, 28940
274762, 8747620, 8776563, 28943
274763, 8747630, 8776577, 28947
274764, 8747640, 8776590, 28950
274765, 8747650, 8776603, 28953
274766, 8747660, 8776617, 28957
274767, 8747670, 8776630, 28960
274768, 8747680, 8776644, 28964
274769, 8747690, 8776657, 28967
274771, 8747710, 8776671, 28961
274772, 8747720, 8776684, 28964
274773, 8747730, 8776698, 28968
274774, 8747740, 8776711, 28971
274775, 8747750, 8776724, 28974
274776, 8747760, 8776738, 28978
274777, 8747770, 8776751, 28981
274778, 8747780, 8776765, 28985
274779, 8747790, 8776778, 28988
274780, 8747800, 8776792, 28992
274782, 8747820, 8776805, 28985
274783, 8747830, 8776818, 28988
274784, 8747840, 8776832, 28992
274785, 8747850, 8776845, 28995
274786, 8747860, 8776859, 28999
274787, 8747870, 8776872, 29002
274788, 8747880, 8776886, 29006
274789, 8747890, 8776899, 29009
274790, 8747900, 8776913, 29013
274791, 8747910, 8776926, 29016
274793, 8747930, 8776939, 29009
274794, 8747940, 8776953, 29013
274795, 8747950, 8776966, 29016
274796, 8747960, 8776980, 29020
274797, 8747970, 8776993, 29023
274798, 8747980, 8777007, 29027
274799, 8747990, 8777020, 29030
275202, 8752020, 8777047, 25027
275203, 8752030, 8777060, 25030
275204, 8752040, 8777074, 25034
275205, 8752050, 8777087, 25037
275206, 8752060, 8777101, 25041
275207, 8752070, 8777114, 25044
275208, 8752080, 8777128, 25048
275209, 8752090, 8777141, 25051
275210, 8752100, 8777154, 25054
275212, 8752120, 8777168, 25048
275213, 8752130, 8777181, 25051
275214, 8752140, 8777195, 25055
275215, 8752150, 8777208, 25058
275216, 8752160, 8777222, 25062
275217, 8752170, 8777235, 25065
275218, 8752180, 8777249, 25069
275219, 8752190, 8777262, 25072
275220, 8752200, 8777275, 25075
275221, 8752210, 8777289, 25079
275223, 8752230, 8777302, 25072
275224, 8752240, 8777316, 25076
275225, 8752250, 8777329, 25079
275226, 8752260, 8777343, 25083
275227, 8752270, 8777356, 25086
275228, 8752280, 8777370, 25090
275229, 8752290, 8777383, 25093
275230, 8752300, 8777396, 25096
275231, 8752310, 8777410, 25100
275233, 8752330, 8777423, 25093
275234, 8752340, 8777437, 25097
275235, 8752350, 8777450, 25100
275236, 8752360, 8777464, 25104
275237, 8752370, 8777477, 25107
275238, 8752380, 8777490, 25110
275239, 8752390, 8777504, 25114
275240, 8752400, 8777517, 25117
275241, 8752410, 8777531, 25121
275242, 8752420, 8777544, 25124
275244, 8752440, 8777558, 25118
275245, 8752450, 8777571, 25121
275246, 8752460, 8777585, 25125
275247, 8752470, 8777598, 25128
275248, 8752480, 8777611, 25131
275249, 8752490, 8777625, 25135
275251, 8752510, 8777652, 25142
275252, 8752520, 8777665, 25145
275253, 8752530, 8777679, 25149
275255, 8752550, 8777692, 25142
275256, 8752560, 8777706, 25146
275257, 8752570, 8777719, 25149
275258, 8752580, 8777732, 25152
275259, 8752590, 8777746, 25156
275260, 8752600, 8777759, 25159
275261, 8752610, 8777773, 25163
275262, 8752620, 8777786, 25166
275263, 8752630, 8777800, 25170
275265, 8752650, 8777813, 25163
275266, 8752660, 8777826, 25166
275267, 8752670, 8777840, 25170
275268, 8752680, 8777853, 25173
275269, 8752690, 8777867, 25177
275270, 8752700, 8777880, 25180
275271, 8752710, 8777894, 25184
275272, 8752720, 8777907, 25187
275273, 8752730, 8777921, 25191
275274, 8752740, 8777934, 25194
275276, 8752760, 8777947, 25187
275277, 8752770, 8777961, 25191
275278, 8752780, 8777974, 25194
275279, 8752790, 8777988, 25198
275280, 8752800, 8778001, 25201
275281, 8752810, 8778015, 25205
275282, 8752820, 8778028, 25208
275283, 8752830, 8778042, 25212
275284, 8752840, 8778055, 25215
275285, 8752850, 8778068, 25218
275287, 8752870, 8778082, 25212
275288, 8752880, 8778095, 25215
275289, 8752890, 8778109, 25219
275290, 8752900, 8778122, 25222
275291, 8752910, 8778136, 25226
275292, 8752920, 8778149, 25229
275293, 8752930, 8778162, 25232
275294, 8752940, 8778176, 25236
275295, 8752950, 8778189, 25239
275297, 8752970, 8778203, 25233
275298, 8752980, 8778216, 25236
275299, 8752990, 8778230, 25240
275301, 8753010, 8778257, 25247
275302, 8753020, 8778270, 25250
275303, 8753030, 8778283, 25253
275304, 8753040, 8778297, 25257
275305, 8753050, 8778310, 25260
275306, 8753060, 8778324, 25264
275308, 8753080, 8778337, 25257
275309, 8753090, 8778351, 25261
275310, 8753100, 8778364, 25264
275311, 8753110, 8778378, 25268
275312, 8753120, 8778391, 25271
275313, 8753130, 8778404, 25274
275314, 8753140, 8778418, 25278
275315, 8753150, 8778431, 25281
275316, 8753160, 8782012, 28852
275318, 8753180, 8782026, 28846
275319, 8753190, 8782039, 28849
275320, 8753200, 8782052, 28852
275321, 8753210, 8782066, 28856
275322, 8753220, 8782079, 28859
275323, 8753230, 8782093, 28863
275324, 8753240, 8782106, 28866
275325, 8753250, 8782120, 28870
275326, 8753260, 8782133, 28873
275327, 8753270, 8782146, 28876
275329, 8753290, 8782160, 28870
275330, 8753300, 8782173, 28873
275331, 8753310, 8782187, 28877
275332, 8753320, 8782200, 28880
275333, 8753330, 8782214, 28884
275334, 8753340, 8782227, 28887
275335, 8753350, 8782241, 28891
275336, 8753360, 8782254, 28894
275337, 8753370, 8782267, 28897
275338, 8753380, 8782281, 28901
275340, 8753400, 8782294, 28894
275341, 8753410, 8782308, 28898
275342, 8753420, 8782321, 28901
275343, 8753430, 8782335, 28905
275344, 8753440, 8782348, 28908
275345, 8753450, 8782362, 28912
275346, 8753460, 8782375, 28915
275347, 8753470, 8782388, 28918
275348, 8753480, 8782402, 28922
275351, 8753510, 8782429, 28919
275352, 8753520, 8782442, 28922
275353, 8753530, 8782456, 28926
275354, 8753540, 8782469, 28929
275355, 8753550, 8782482, 28932
275356, 8753560, 8782496, 28936
275357, 8753570, 8782509, 28939
275358, 8753580, 8782523, 28943
275359, 8753590, 8782536, 28946
275361, 8753610, 8782550, 28940
275362, 8753620, 8782563, 28943
275363, 8753630, 8782577, 28947
275364, 8753640, 8782590, 28950
275365, 8753650, 8782603, 28953
275366, 8753660, 8782617, 28957
275367, 8753670, 8782630, 28960
275368, 8753680, 8782644, 28964
275369, 8753690, 8782657, 28967
275371, 8753710, 8782671, 28961
275372, 8753720, 8782684, 28964
275373, 8753730, 8782698, 28968
275374, 8753740, 8782711, 28971
275375, 8753750, 8782724, 28974
275376, 8753760, 8782738, 28978
275377, 8753770, 8782751, 28981
275378, 8753780, 8782765, 28985
275379, 8753790, 8782778, 28988
275380, 8753800, 8782792, 28992
275382, 8753820, 8782805, 28985
275383, 8753830, 8782818, 28988
275384, 8753840, 8782832, 28992
275385, 8753850, 8782845, 28995
275386, 8753860, 8782859, 28999
275387, 8753870, 8782872, 29002
275388, 8753880, 8782886, 29006
275389, 8753890, 8782899, 29009
275390, 8753900, 8782913, 29013
275391, 8753910, 8782926, 29016
275393, 8753930, 8782939, 29009
275394, 8753940, 8782953, 29013
275395, 8753950, 8782966, 29016
275396, 8753960, 8782980, 29020
275397, 8753970, 8782993, 29023
275398, 8753980, 8783007, 29027
275399, 8753990, 8783020, 29030
275802, 8758020, 8783047, 25027
275803, 8758030, 8783060, 25030
275804, 8758040, 8783074, 25034
275805, 8758050, 8783087, 25037
275806, 8758060, 8783101, 25041
275807, 8758070, 8783114, 25044
275808, 8758080, 8783128, 25048
275809, 8758090, 8783141, 25051
275810, 8758100, 8783154, 25054
275812, 8758120, 8783168, 25048
275813, 8758130, 8783181, 25051
275814, 8758140, 8783195, 25055
275815, 8758150, 8783208, 25058
275816, 8758160, 8783222, 25062
275817, 8758170, 8783235, 25065
275818, 8758180, 8783249, 25069
275819, 8758190, 8783262, 25072
275820, 8758200, 8783275, 25075
275821, 8758210, 8783289, 25079
275823, 8758230, 8783302, 25072
275824, 8758240, 8783316, 25076
275825, 8758250, 8783329, 25079
275826, 8758260, 8783343, 25083
275827, 8758270, 8783356, 25086
275828, 8758280, 8783370, 25090
275829, 8758290, 8783383, 25093
275830, 8758300, 8783396, 25096
275831, 8758310, 8783410, 25100
275833, 8758330, 8783423, 25093
275834, 8758340, 8783437, 25097
275835, 8758350, 8783450, 25100
275836, 8758360, 8783464, 25104
275837, 8758370, 8783477, 25107
275838, 8758380, 8783490, 25110
275839, 8758390, 8783504, 25114
275840, 8758400, 8783517, 25117
275841, 8758410, 8783531, 25121
275842, 8758420, 8783544, 25124
275844, 8758440, 8783558, 25118
275845, 8758450, 8783571, 25121
275846, 8758460, 8783585, 25125
275847, 8758470, 8783598, 25128
275848, 8758480, 8783611, 25131
275849, 8758490, 8783625, 25135
275851, 8758510, 8783652, 25142
275852, 8758520, 8783665, 25145
275853, 8758530, 8783679, 25149
275855, 8758550, 8783692, 25142
275856, 8758560, 8783706, 25146
275857, 8758570, 8783719, 25149
275858, 8758580, 8783732, 25152
275859, 8758590, 8783746, 25156
275860, 8758600, 8783759, 25159
275861, 8758610, 8783773, 25163
275862, 8758620, 8783786, 25166
275863, 8758630, 8783800, 25170
275865, 8758650, 8783813, 25163
275866, 8758660, 8783826, 25166
275867, 8758670, 8783840, 25170
275868, 8758680, 8783853, 25173
275869, 8758690, 8783867, 25177
275870, 8758700, 8783880, 25180
275871, 8758710, 8783894, 25184
275872, 8758720, 8783907, 25187
275873, 8758730, 8783921, 25191
275874, 8758740, 8783934, 25194
275876, 8758760, 8783947, 25187
275877, 8758770, 8783961, 25191
275878, 8758780, 8783974, 25194
275879, 8758790, 8783988, 25198
275880, 8758800, 8784001, 25201
275881, 8758810, 8784015, 25205
275882, 8758820, 8784028, 25208
275883, 8758830, 8784042, 25212
275884, 8758840, 8784055, 25215
275885, 8758850, 8784068, 25218
275887, 8758870, 8784082, 25212
275888, 8758880, 8784095, 25215
275889, 8758890, 8784109, 25219
275890, 8758900, 8784122, 25222
275891, 8758910, 8784136, 25226
275892, 8758920, 8784149, 25229
275893, 8758930, 8784162, 25232
275894, 8758940, 8784176, 25236
275895, 8758950, 8784189, 25239
275897, 8758970, 8784203, 25233
275898, 8758980, 8784216, 25236
275899, 8758990, 8784230, 25240
275901, 8759010, 8784257, 25247
275902, 8759020, 8784270, 25250
275903, 8759030, 8784283, 25253
275904, 8759040, 8784297, 25257
275905, 8759050, 8784310, 25260
275906, 8759060, 8784324, 25264
275908, 8759080, 8784337, 25257
275909, 8759090, 8784351, 25261
275910, 8759100, 8784364, 25264
275911, 8759110, 8784378, 25268
275912, 8759120, 8784391, 25271
275913, 8759130, 8784404, 25274
275914, 8759140, 8784418, 25278
275915, 8759150, 8784431, 25281
275916, 8759160, 8788012, 28852
275918, 8759180, 8788026, 28846
275919, 8759190, 8788039, 28849
275920, 8759200, 8788052, 28852
275921, 8759210, 8788066, 28856
275922, 8759220, 8788079, 28859
275923, 8759230, 8788093, 28863
275924, 8759240, 8788106, 28866
275925, 8759250, 8788120, 28870
275926, 8759260, 8788133, 28873
275927, 8759270, 8788146, 28876
275929, 8759290, 8788160, 28870
275930, 8759300, 8788173, 28873
275931, 8759310, 8788187, 28877
275932, 8759320, 8788200, 28880
275933, 8759330, 8788214, 28884
275934, 8759340, 8788227, 28887
275935, 8759350, 8788241, 28891
275936, 8759360, 8788254, 28894
275937, 8759370, 8788267, 28897
275938, 8759380, 8788281, 28901
275940, 8759400, 8788294, 28894
275941, 8759410, 8788308, 28898
275942, 8759420, 8788321, 28901
275943, 8759430, 8788335, 28905
275944, 8759440, 8788348, 28908
275945, 8759450, 8788362, 28912
275946, 8759460, 8788375, 28915
275947, 8759470, 8788388, 28918
275948, 8759480, 8788402, 28922
275951, 8759510, 8788429, 28919
275952, 8759520, 8788442, 28922
275953, 8759530, 8788456, 28926
275954, 8759540, 8788469, 28929
275955, 8759550, 8788482, 28932
275956, 8759560, 8788496, 28936
275957, 8759570, 8788509, 28939
275958, 8759580, 8788523, 28943
275959, 8759590, 8788536, 28946
275961, 8759610, 8788550, 28940
275962, 8759620, 8788563, 28943
275963, 8759630, 8788577, 28947
275964, 8759640, 8788590, 28950
275965, 8759650, 8788603, 28953
275966, 8759660, 8788617, 28957
275967, 8759670, 8788630, 28960
275968, 8759680, 8788644, 28964
275969, 8759690, 8788657, 28967
275971, 8759710, 8788671, 28961
275972, 8759720, 8788684, 28964
275973, 8759730, 8788698, 28968
275974, 8759740, 8788711, 28971
275975, 8759750, 8788724, 28974
275976, 8759760, 8788738, 28978
275977, 8759770, 8788751, 28981
275978, 8759780, 8788765, 28985
275979, 8759790, 8788778, 28988
275980, 8759800, 8788792, 28992
275982, 8759820, 8788805, 28985
275983, 8759830, 8788818, 28988
275984, 8759840, 8788832, 28992
275985, 8759850, 8788845, 28995
275986, 8759860, 8788859, 28999
275987, 8759870, 8788872, 29002
275988, 8759880, 8788886, 29006
275989, 8759890, 8788899, 29009
275990, 8759900, 8788913, 29013
275991, 8759910, 8788926, 29016
275993, 8759930, 8788939, 29009
275994, 8759940, 8788953, 29013
275995, 8759950, 8788966, 29016
275996, 8759960, 8788980, 29020
275997, 8759970, 8788993, 29023
275998, 8759980, 8789007, 29027
275999, 8759990, 8789020, 29030
276402, 8764020, 8789047, 25027
276403, 8764030, 8789060, 25030
276404, 8764040, 8789074, 25034
276405, 8764050, 8789087, 25037
276406, 8764060, 8789101, 25041
276407, 8764070, 8789114, 25044
276408, 8764080, 8789128, 25048
276409, 8764090, 8789141, 25051
276410, 8764100, 8789154, 25054
276412, 8764120, 8789168, 25048
276413, 8764130, 8789181, 25051
276414, 8764140, 8789195, 25055
276415, 8764150, 8789208, 25058
276416, 8764160, 8789222, 25062
276417, 8764170, 8789235, 25065
276418, 8764180, 8789249, 25069
276419, 8764190, 8789262, 25072
276420, 8764200, 8789275, 25075
276421, 8764210, 8789289, 25079
276423, 8764230, 8789302, 25072
276424, 8764240, 8789316, 25076
276425, 8764250, 8789329, 25079
276426, 8764260, 8789343, 25083
276427, 8764270, 8789356, 25086
276428, 8764280, 8789370, 25090
276429, 8764290, 8789383, 25093
276430, 8764300, 8789396, 25096
276431, 8764310, 8789410, 25100
276433, 8764330, 8789423, 25093
276434, 8764340, 8789437, 25097
276435, 8764350, 8789450, 25100
276436, 8764360, 8789464, 25104
276437, 8764370, 8789477, 25107
276438, 8764380, 8789490, 25110
276439, 8764390, 8789504, 25114
276440, 8764400, 8789517, 25117
276441, 8764410, 8789531, 25121
276442, 8764420, 8789544, 25124
276444, 8764440, 8789558, 25118
276445, 8764450, 8789571, 25121
276446, 8764460, 8789585, 25125
276447, 8764470, 8789598, 25128
276448, 8764480, 8789611, 25131
276449, 8764490, 8789625, 25135
276451, 8764510, 8789652, 25142
276452, 8764520, 8789665, 25145
276453, 8764530, 8789679, 25149
276455, 8764550, 8789692, 25142
276456, 8764560, 8789706, 25146
276457, 8764570, 8789719, 25149
276458, 8764580, 8789732, 25152
276459, 8764590, 8789746, 25156
276460, 8764600, 8789759, 25159
276461, 8764610, 8789773, 25163
276462, 8764620, 8789786, 25166
276463, 8764630, 8789800, 25170
276465, 8764650, 8789813, 25163
276466, 8764660, 8789826, 25166
276467, 8764670, 8789840, 25170
276468, 8764680, 8789853, 25173
276469, 8764690, 8789867, 25177
276470, 8764700, 8789880, 25180
276471, 8764710, 8789894, 25184
276472, 8764720, 8789907, 25187
276473, 8764730, 8789921, 25191
276474, 8764740, 8789934, 25194
276476, 8764760, 8789947, 25187
276477, 8764770, 8789961, 25191
276478, 8764780, 8789974, 25194
276479, 8764790, 8789988, 25198
276480, 8764800, 8790001, 25201
276481, 8764810, 8790015, 25205
276482, 8764820, 8790028, 25208
276483, 8764830, 8790042, 25212
276484, 8764840, 8790055, 25215
276485, 8764850, 8790068, 25218
276487, 8764870, 8790082, 25212
276488, 8764880, 8790095, 25215
276489, 8764890, 8790109, 25219
276490, 8764900, 8790122, 25222
276491, 8764910, 8790136, 25226
276492, 8764920, 8790149, 25229
276493, 8764930, 8790162, 25232
276494, 8764940, 8790176, 25236
276495, 8764950, 8790189, 25239
276497, 8764970, 8790203, 25233
276498, 8764980, 8790216, 25236
276499, 8764990, 8790230, 25240
276501, 8765010, 8790257, 25247
276502, 8765020, 8790270, 25250
276503, 8765030, 8790283, 25253
276504, 8765040, 8790297, 25257
276505, 8765050, 8790310, 25260
276506, 8765060, 8790324, 25264
276508, 8765080, 8790337, 25257
276509, 8765090, 8790351, 25261
276510, 8765100, 8790364, 25264
276511, 8765110, 8790378, 25268
276512, 8765120, 8790391, 25271
276513, 8765130, 8790404, 25274
276514, 8765140, 8790418, 25278
276515, 8765150, 8790431, 25281
276516, 8765160, 8794012, 28852
276517, 8765170, 8794026, 28856
276519, 8765190, 8794039, 28849
276520, 8765200, 8794052, 28852
276521, 8765210, 8794066, 28856
276522, 8765220, 8794079, 28859
276523, 8765230, 8794093, 28863
276524, 8765240, 8794106, 28866
276525, 8765250, 8794120, 28870
276526, 8765260, 8794133, 28873
276527, 8765270, 8794146, 28876
276529, 8765290, 8794160, 28870
276530, 8765300, 8794173, 28873
276531, 8765310, 8794187, 28877
276532, 8765320, 8794200, 28880
276533, 8765330, 8794214, 28884
276534, 8765340, 8794227, 28887
276535, 8765350, 8794241, 28891
276536, 8765360, 8794254, 28894
276537, 8765370, 8794267, 28897
276538, 8765380, 8794281, 28901
276540, 8765400, 8794294, 28894
276541, 8765410, 8794308, 28898
276542, 8765420, 8794321, 28901
276543, 8765430, 8794335, 28905
276544, 8765440, 8794348, 28908
276545, 8765450, 8794362, 28912
276546, 8765460, 8794375, 28915
276547, 8765470, 8794388, 28918
276548, 8765480, 8794402, 28922
276551, 8765510, 8794429, 28919
276552, 8765520, 8794442, 28922
276553, 8765530, 8794456, 28926
276554, 8765540, 8794469, 28929
276555, 8765550, 8794482, 28932
276556, 8765560, 8794496, 28936
276557, 8765570, 8794509, 28939
276558, 8765580, 8794523, 28943
276559, 8765590, 8794536, 28946
276561, 8765610, 8794550, 28940
276562, 8765620, 8794563, 28943
276563, 8765630, 8794577, 28947
276564, 8765640, 8794590, 28950
276565, 8765650, 8794603, 28953
276566, 8765660, 8794617, 28957
276567, 8765670, 8794630, 28960
276568, 8765680, 8794644, 28964
276569, 8765690, 8794657, 28967
276570, 8765700, 8794671, 28971
276572, 8765720, 8794684, 28964
276573, 8765730, 8794698, 28968
276574, 8765740, 8794711, 28971
276575, 8765750, 8794724, 28974
276576, 8765760, 8794738, 28978
276577, 8765770, 8794751, 28981
276578, 8765780, 8794765, 28985
276579, 8765790, 8794778, 28988
276580, 8765800, 8794792, 28992
276582, 8765820, 8794805, 28985
276583, 8765830, 8794818, 28988
276584, 8765840, 8794832, 28992
276585, 8765850, 8794845, 28995
276586, 8765860, 8794859, 28999
276587, 8765870, 8794872, 29002
276588, 8765880, 8794886, 29006
276589, 8765890, 8794899, 29009
276590, 8765900, 8794913, 29013
276591, 8765910, 8794926, 29016
276593, 8765930, 8794939, 29009
276594, 8765940, 8794953, 29013
276595, 8765950, 8794966, 29016
276596, 8765960, 8794980, 29020
276597, 8765970, 8794993, 29023
276598, 8765980, 8795007, 29027
276599, 8765990, 8795020, 29030
277002, 8770020, 8795047, 25027
277003, 8770030, 8795060, 25030
277004, 8770040, 8795074, 25034
277005, 8770050, 8795087, 25037
277006, 8770060, 8795101, 25041
277007, 8770070, 8795114, 25044
277008, 8770080, 8795127, 25047
277009, 8770090, 8795141, 25051
277010, 8770100, 8795154, 25054
277012, 8770120, 8795168, 25048
277013, 8770130, 8795181, 25051
277014, 8770140, 8795195, 25055
277015, 8770150, 8795208, 25058
277016, 8770160, 8795222, 25062
277017, 8770170, 8795235, 25065
277018, 8770180, 8795248, 25068
277019, 8770190, 8795262, 25072
277020, 8770200, 8795275, 25075
277021, 8770210, 8795289, 25079
277023, 8770230, 8795302, 25072
277024, 8770240, 8795316, 25076
277025, 8770250, 8795329, 25079
277026, 8770260, 8795342, 25082
277027, 8770270, 8795356, 25086
277028, 8770280, 8795369, 25089
277029, 8770290, 8795383, 25093
277030, 8770300, 8795396, 25096
277031, 8770310, 8795410, 25100
277033, 8770330, 8795423, 25093
277034, 8770340, 8795437, 25097
277035, 8770350, 8795450, 25100
277036, 8770360, 8795463, 25103
277037, 8770370, 8795477, 25107
277038, 8770380, 8795490, 25110
277039, 8770390, 8795504, 25114
277040, 8770400, 8795517, 25117
277041, 8770410, 8795531, 25121
277042, 8770420, 8795544, 25124
277044, 8770440, 8795558, 25118
277045, 8770450, 8795571, 25121
277046, 8770460, 8795584, 25124
277047, 8770470, 8795598, 25128
277048, 8770480, 8795611, 25131
277049, 8770490, 8795625, 25135
277051, 8770510, 8795652, 25142
277052, 8770520, 8795665, 25145
277053, 8770530, 8795678, 25148
277055, 8770550, 8795692, 25142
277056, 8770560, 8795705, 25145
277057, 8770570, 8795719, 25149
277058, 8770580, 8795732, 25152
277059, 8770590, 8795746, 25156
277060, 8770600, 8795759, 25159
277061, 8770610, 8795773, 25163
277062, 8770620, 8795786, 25166
277063, 8770630, 8795799, 25169
277065, 8770650, 8795813, 25163
277066, 8770660, 8795826, 25166
277067, 8770670, 8795840, 25170
277068, 8770680, 8795853, 25173
277069, 8770690, 8795867, 25177
277070, 8770700, 8795880, 25180
277071, 8770710, 8795894, 25184
277072, 8770720, 8795907, 25187
277073, 8770730, 8795920, 25190
277074, 8770740, 8795934, 25194
277076, 8770760, 8795947, 25187
277077, 8770770, 8795961, 25191
277078, 8770780, 8795974, 25194
277079, 8770790, 8795988, 25198
277080, 8770800, 8796001, 25201
277081, 8770810, 8796014, 25204
277082, 8770820, 8796028, 25208
277083, 8770830, 8796041, 25211
277084, 8770840, 8796055, 25215
277085, 8770850, 8796068, 25218
277087, 8770870, 8796082, 25212
277088, 8770880, 8796095, 25215
277089, 8770890, 8796109, 25219
277090, 8770900, 8796122, 25222
277091, 8770910, 8796135, 25225
277092, 8770920, 8796149, 25229
277093, 8770930, 8796162, 25232
277094, 8770940, 8796176, 25236
277095, 8770950, 8796189, 25239
277097, 8770970, 8796203, 25233
277098, 8770980, 8796216, 25236
277099, 8770990, 8796230, 25240
277101, 8771010, 8796256, 25246
277102, 8771020, 8796270, 25250
277103, 8771030, 8796283, 25253
277104, 8771040, 8796297, 25257
277105, 8771050, 8796310, 25260
277106, 8771060, 8796324, 25264
277108, 8771080, 8796337, 25257
277109, 8771090, 8796350, 25260
277110, 8771100, 8796364, 25264
277111, 8771110, 8796377, 25267
277112, 8771120, 8796391, 25271
277113, 8771130, 8796404, 25274
277114, 8771140, 8796418, 25278
277115, 8771150, 8796431, 25281
277116, 8771160, 8800012, 28852
277118, 8771180, 8800026, 28846
277119, 8771190, 8800039, 28849
277120, 8771200, 8800052, 28852
277121, 8771210, 8800066, 28856
277122, 8771220, 8800079, 28859
277123, 8771230, 8800093, 28863
277124, 8771240, 8800106, 28866
277125, 8771250, 8800120, 28870
277126, 8771260, 8800133, 28873
277127, 8771270, 8800146, 28876
277129, 8771290, 8800160, 28870
277130, 8771300, 8800173, 28873
277131, 8771310, 8800187, 28877
277132, 8771320, 8800200, 28880
277133, 8771330, 8800214, 28884
277134, 8771340, 8800227, 28887
277135, 8771350, 8800241, 28891
277136, 8771360, 8800254, 28894
277137, 8771370, 8800267, 28897
277138, 8771380, 8800281, 28901
277140, 8771400, 8800294, 28894
277141, 8771410, 8800308, 28898
277142, 8771420, 8800321, 28901
277143, 8771430, 8800335, 28905
277144, 8771440, 8800348, 28908
277145, 8771450, 8800362, 28912
277146, 8771460, 8800375, 28915
277147, 8771470, 8800388, 28918
277148, 8771480, 8800402, 28922
277151, 8771510, 8800429, 28919
277152, 8771520, 8800442, 28922
277153, 8771530, 8800456, 28926
277154, 8771540, 8800469, 28929
277155, 8771550, 8800482, 28932
277156, 8771560, 8800496, 28936
277157, 8771570, 8800509, 28939
277158, 8771580, 8800523, 28943
277159, 8771590, 8800536, 28946
277161, 8771610, 8800550, 28940
277162, 8771620, 8800563, 28943
277163, 8771630, 8800577, 28947
277164, 8771640, 8800590, 28950
277165, 8771650, 8800603, 28953
277166, 8771660, 8800617, 28957
277167, 8771670, 8800630, 28960
277168, 8771680, 8800644, 28964
277169, 8771690, 8800657, 28967
277171, 8771710, 8800671, 28961
277172, 8771720, 8800684, 28964
277173, 8771730, 8800698, 28968
277174, 8771740, 8800711, 28971
277175, 8771750, 8800724, 28974
277176, 8771760, 8800738, 28978
277177, 8771770, 8800751, 28981
277178, 8771780, 8800765, 28985
277179, 8771790, 8800778, 28988
277180, 8771800, 8800792, 28992
277182, 8771820, 8800805, 28985
277183, 8771830, 8800818, 28988
277184, 8771840, 8800832, 28992
277185, 8771850, 8800845, 28995
277186, 8771860, 8800859, 28999
277187, 8771870, 8800872, 29002
277188, 8771880, 8800886, 29006
277189, 8771890, 8800899, 29009
277190, 8771900, 8800913, 29013
277191, 8771910, 8800926, 29016
277193, 8771930, 8800939, 29009
277194, 8771940, 8800953, 29013
277195, 8771950, 8800966, 29016
277196, 8771960, 8800980, 29020
277197, 8771970, 8800993, 29023
277198, 8771980, 8801007, 29027
277199, 8771990, 8801020, 29030
277602, 8776020, 8801047, 25027
277603, 8776030, 8801060, 25030
277604, 8776040, 8801074, 25034
277605, 8776050, 8801087, 25037
277606, 8776060, 8801101, 25041
277607, 8776070, 8801114, 25044
277608, 8776080, 8801128, 25048
277609, 8776090, 8801141, 25051
277610, 8776100, 8801154, 25054
277612, 8776120, 8801168, 25048
277613, 8776130, 8801181, 25051
277614, 8776140, 8801195, 25055
277615, 8776150, 8801208, 25058
277616, 8776160, 8801222, 25062
277617, 8776170, 8801235, 25065
277618, 8776180, 8801249, 25069
277619, 8776190, 8801262, 25072
277620, 8776200, 8801275, 25075
277621, 8776210, 8801289, 25079
277623, 8776230, 8801302, 25072
277624, 8776240, 8801316, 25076
277625, 8776250, 8801329, 25079
277626, 8776260, 8801343, 25083
277627, 8776270, 8801356, 25086
277628, 8776280, 8801370, 25090
277629, 8776290, 8801383, 25093
277630, 8776300, 8801396, 25096
277631, 8776310, 8801410, 25100
277633, 8776330, 8801423, 25093
277634, 8776340, 8801437, 25097
277635, 8776350, 8801450, 25100
277636, 8776360, 8801464, 25104
277637, 8776370, 8801477, 25107
277638, 8776380, 8801490, 25110
277639, 8776390, 8801504, 25114
277640, 8776400, 8801517, 25117
277641, 8776410, 8801531, 25121
277642, 8776420, 8801544, 25124
277644, 8776440, 8801558, 25118
277645, 8776450, 8801571, 25121
277646, 8776460, 8801585, 25125
277647, 8776470, 8801598, 25128
277648, 8776480, 8801611, 25131
277649, 8776490, 8801625, 25135
277651, 8776510, 8801652, 25142
277652, 8776520, 8801665, 25145
277653, 8776530, 8801679, 25149
277655, 8776550, 8801692, 25142
277656, 8776560, 8801706, 25146
277657, 8776570, 8801719, 25149
277658, 8776580, 8801732, 25152
277659, 8776590, 8801746, 25156
277660, 8776600, 8801759, 25159
277661, 8776610, 8801773, 25163
277662, 8776620, 8801786, 25166
277663, 8776630, 8801800, 25170
277665, 8776650, 8801813, 25163
277666, 8776660, 8801826, 25166
277667, 8776670, 8801840, 25170
277668, 8776680, 8801853, 25173
277669, 8776690, 8801867, 25177
277670, 8776700, 8801880, 25180
277671, 8776710, 8801894, 25184
277672, 8776720, 8801907, 25187
277673, 8776730, 8801921, 25191
277674, 8776740, 8801934, 25194
277676, 8776760, 8801947, 25187
277677, 8776770, 8801961, 25191
277678, 8776780, 8801974, 25194
277679, 8776790, 8801988, 25198
277680, 8776800, 8802001, 25201
277681, 8776810, 8802015, 25205
277682, 8776820, 8802028, 25208
277683, 8776830, 8802042, 25212
277684, 8776840, 8802055, 25215
277685, 8776850, 8802068, 25218
277687, 8776870, 8802082, 25212
277688, 8776880, 8802095, 25215
277689, 8776890, 8802109, 25219
277690, 8776900, 8802122, 25222
277691, 8776910, 8802136, 25226
277692, 8776920, 8802149, 25229
277693, 8776930, 8802162, 25232
277694, 8776940, 8802176, 25236
277695, 8776950, 8802189, 25239
277697, 8776970, 8802203, 25233
277698, 8776980, 8802216, 25236
277699, 8776990, 8802230, 25240
277701, 8777010, 8802257, 25247
277702, 8777020, 8802270, 25250
277703, 8777030, 8802283, 25253
277704, 8777040, 8802297, 25257
277705, 8777050, 8802310, 25260
277706, 8777060, 8802324, 25264
277708, 8777080, 8802337, 25257
277709, 8777090, 8802351, 25261
277710, 8777100, 8802364, 25264
277711, 8777110, 8802378, 25268
277712, 8777120, 8802391, 25271
277713, 8777130, 8802404, 25274
277714, 8777140, 8802418, 25278
277715, 8777150, 8802431, 25281
277716, 8777160, 8806012, 28852
277718, 8777180, 8806026, 28846
277719, 8777190, 8806039, 28849
277720, 8777200, 8806052, 28852
277721, 8777210, 8806066, 28856
277722, 8777220, 8806079, 28859
277723, 8777230, 8806093, 28863
277724, 8777240, 8806106, 28866
277725, 8777250, 8806120, 28870
277726, 8777260, 8806133, 28873
277727, 8777270, 8806146, 28876
277729, 8777290, 8806160, 28870
277730, 8777300, 8806173, 28873
277731, 8777310, 8806187, 28877
277732, 8777320, 8806200, 28880
277733, 8777330, 8806214, 28884
277734, 8777340, 8806227, 28887
277735, 8777350, 8806241, 28891
277736, 8777360, 8806254, 28894
277737, 8777370, 8806267, 28897
277738, 8777380, 8806281, 28901
277740, 8777400, 8806294, 28894
277741, 8777410, 8806308, 28898
277742, 8777420, 8806321, 28901
277743, 8777430, 8806335, 28905
277744, 8777440, 8806348, 28908
277745, 8777450, 8806362, 28912
277746, 8777460, 8806375, 28915
277747, 8777470, 8806388, 28918
277748, 8777480, 8806402, 28922
277751, 8777510, 8806429, 28919
277752, 8777520, 8806442, 28922
277753, 8777530, 8806456, 28926
277754, 8777540, 8806469, 28929
277755, 8777550, 8806482, 28932
277756, 8777560, 8806496, 28936
277757, 8777570, 8806509, 28939
277758, 8777580, 8806523, 28943
277759, 8777590, 8806536, 28946
277761, 8777610, 8806550, 28940
277762, 8777620, 8806563, 28943
277763, 8777630, 8806577, 28947
277764, 8777640, 8806590, 28950
277765, 8777650, 8806603, 28953
277766, 8777660, 8806617, 28957
277767, 8777670, 8806630, 28960
277768, 8777680, 8806644, 28964
277769, 8777690, 8806657, 28967
277771, 8777710, 8806671, 28961
277772, 8777720, 8806684, 28964
277773, 8777730, 8806698, 28968
277774, 8777740, 8806711, 28971
277775, 8777750, 8806724, 28974
277776, 8777760, 8806738, 28978
277777, 8777770, 8806751, 28981
277778, 8777780, 8806765, 28985
277779, 8777790, 8806778, 28988
277780, 8777800, 8806792, 28992
277782, 8777820, 8806805, 28985
277783, 8777830, 8806818, 28988
277784, 8777840, 8806832, 28992
277785, 8777850, 8806845, 28995
277786, 8777860, 8806859, 28999
277787, 8777870, 8806872, 29002
277788, 8777880, 8806886, 29006
277789, 8777890, 8806899, 29009
277790, 8777900, 8806913, 29013
277791, 8777910, 8806926, 29016
277793, 8777930, 8806939, 29009
277794, 8777940, 8806953, 29013
277795, 8777950, 8806966, 29016
277796, 8777960, 8806980, 29020
277797, 8777970, 8806993, 29023
277798, 8777980, 8807007, 29027
277799, 8777990, 8807020, 29030
278202, 8782020, 8807047, 25027
278203, 8782030, 8807060, 25030
278204, 8782040, 8807074, 25034
278205, 8782050, 8807087, 25037
278206, 8782060, 8807101, 25041
278207, 8782070, 8807114, 25044
278208, 8782080, 8807128, 25048
278209, 8782090, 8807141, 25051
278210, 8782100, 8807154, 25054
278212, 8782120, 8807168, 25048
278213, 8782130, 8807181, 25051
278214, 8782140, 8807195, 25055
278215, 8782150, 8807208, 25058
278216, 8782160, 8807222, 25062
278217, 8782170, 8807235, 25065
278218, 8782180, 8807249, 25069
278219, 8782190, 8807262, 25072
278220, 8782200, 8807275, 25075
278221, 8782210, 8807289, 25079
278223, 8782230, 8807302, 25072
278224, 8782240, 8807316, 25076
278225, 8782250, 8807329, 25079
278226, 8782260, 8807343, 25083
278227, 8782270, 8807356, 25086
278228, 8782280, 8807370, 25090
278229, 8782290, 8807383, 25093
278230, 8782300, 8807396, 25096
278231, 8782310, 8807410, 25100
278233, 8782330, 8807423, 25093
278234, 8782340, 8807437, 25097
278235, 8782350, 8807450, 25100
278236, 8782360, 8807464, 25104
278237, 8782370, 8807477, 25107
278238, 8782380, 8807490, 25110
278239, 8782390, 8807504, 25114
278240, 8782400, 8807517, 25117
278241, 8782410, 8807531, 25121
278242, 8782420, 8807544, 25124
278244, 8782440, 8807558, 25118
278245, 8782450, 8807571, 25121
278246, 8782460, 8807585, 25125
278247, 8782470, 8807598, 25128
278248, 8782480, 8807611, 25131
278249, 8782490, 8807625, 25135
278251, 8782510, 8807652, 25142
278252, 8782520, 8807665, 25145
278253, 8782530, 8807679, 25149
278255, 8782550, 8807692, 25142
278256, 8782560, 8807706, 25146
278257, 8782570, 8807719, 25149
278258, 8782580, 8807732, 25152
278259, 8782590, 8807746, 25156
278260, 8782600, 8807759, 25159
278261, 8782610, 8807773, 25163
278262, 8782620, 8807786, 25166
278263, 8782630, 8807800, 25170
278265, 8782650, 8807813, 25163
278266, 8782660, 8807826, 25166
278267, 8782670, 8807840, 25170
278268, 8782680, 8807853, 25173
278269, 8782690, 8807867, 25177
278270, 8782700, 8807880, 25180
278271, 8782710, 8807894, 25184
278272, 8782720, 8807907, 25187
278273, 8782730, 8807921, 25191
278274, 8782740, 8807934, 25194
278276, 8782760, 8807947, 25187
278277, 8782770, 8807961, 25191
278278, 8782780, 8807974, 25194
278279, 8782790, 8807988, 25198
278280, 8782800, 8808001, 25201
278281, 8782810, 8808015, 25205
278282, 8782820, 8808028, 25208
278283, 8782830, 8808042, 25212
278284, 8782840, 8808055, 25215
278285, 8782850, 8808068, 25218
278287, 8782870, 8808082, 25212
278288, 8782880, 8808095, 25215
278289, 8782890, 8808109, 25219
278290, 8782900, 8808122, 25222
278291, 8782910, 8808136, 25226
278292, 8782920, 8808149, 25229
278293, 8782930, 8808162, 25232
278294, 8782940, 8808176, 25236
278295, 8782950, 8808189, 25239
278297, 8782970, 8808203, 25233
278298, 8782980, 8808216, 25236
278299, 8782990, 8808230, 25240
278301, 8783010, 8808257, 25247
278302, 8783020, 8808270, 25250
278303, 8783030, 8808283, 25253
278304, 8783040, 8808297, 25257
278305, 8783050, 8808310, 25260
278306, 8783060, 8808324, 25264
278308, 8783080, 8808337, 25257
278309, 8783090, 8808351, 25261
278310, 8783100, 8808364, 25264
278311, 8783110, 8808378, 25268
278312, 8783120, 8808391, 25271
278313, 8783130, 8808404, 25274
278314, 8783140, 8808418, 25278
278315, 8783150, 8808431, 25281
278316, 8783160, 8812012, 28852
278318, 8783180, 8812026, 28846
278319, 8783190, 8812039, 28849
278320, 8783200, 8812052, 28852
278321, 8783210, 8812066, 28856
278322, 8783220, 8812079, 28859
278323, 8783230, 8812093, 28863
278324, 8783240, 8812106, 28866
278325, 8783250, 8812120, 28870
278326, 8783260, 8812133, 28873
278327, 8783270, 8812146, 28876
278329, 8783290, 8812160, 28870
278330, 8783300, 8812173, 28873
278331, 8783310, 8812187, 28877
278332, 8783320, 8812200, 28880
278333, 8783330, 8812214, 28884
278334, 8783340, 8812227, 28887
278335, 8783350, 8812241, 28891
278336, 8783360, 8812254, 28894
278337, 8783370, 8812267, 28897
278338, 8783380, 8812281, 28901
278340, 8783400, 8812294, 28894
278341, 8783410, 8812308, 28898
278342, 8783420, 8812321, 28901
278343, 8783430, 8812335, 28905
278344, 8783440, 8812348, 28908
278345, 8783450, 8812362, 28912
278346, 8783460, 8812375, 28915
278347, 8783470, 8812388, 28918
278348, 8783480, 8812402, 28922
278351, 8783510, 8812429, 28919
278352, 8783520, 8812442, 28922
278353, 8783530, 8812456, 28926
278354, 8783540, 8812469, 28929
278355, 8783550, 8812482, 28932
278356, 8783560, 8812496, 28936
278357, 8783570, 8812509, 28939
278358, 8783580, 8812523, 28943
278359, 8783590, 8812536, 28946
278361, 8783610, 8812550, 28940
278362, 8783620, 8812563, 28943
278363, 8783630, 8812577, 28947
278364, 8783640, 8812590, 28950
278365, 8783650, 8812603, 28953
278366, 8783660, 8812617, 28957
278367, 8783670, 8812630, 28960
278368, 8783680, 8812644, 28964
278369, 8783690, 8812657, 28967
278371, 8783710, 8812671, 28961
278372, 8783720, 8812684, 28964
278373, 8783730, 8812698, 28968
278374, 8783740, 8812711, 28971
278375, 8783750, 8812724, 28974
278376, 8783760, 8812738, 28978
278377, 8783770, 8812751, 28981
278378, 8783780, 8812765, 28985
278379, 8783790, 8812778, 28988
278380, 8783800, 8812792, 28992
278382, 8783820, 8812805, 28985
278383, 8783830, 8812818, 28988
278384, 8783840, 8812832, 28992
278385, 8783850, 8812845, 28995
278386, 8783860, 8812859, 28999
278387, 8783870, 8812872, 29002
278388, 8783880, 8812886, 29006
278389, 8783890, 8812899, 29009
278390, 8783900, 8812913, 29013
278391, 8783910, 8812926, 29016
278393, 8783930, 8812939, 29009
278394, 8783940, 8812953, 29013
278395, 8783950, 8812966, 29016
278396, 8783960, 8812980, 29020
278397, 8783970, 8812993, 29023
278398, 8783980, 8813007, 29027
278399, 8783990, 8813020, 29030
278802, 8788020, 8813047, 25027
278803, 8788030, 8813060, 25030
278804, 8788040, 8813074, 25034
278805, 8788050, 8813087, 25037
278806, 8788060, 8813101, 25041
278807, 8788070, 8813114, 25044
278808, 8788080, 8813128, 25048
278809, 8788090, 8813141, 25051
278810, 8788100, 8813154, 25054
278812, 8788120, 8813168, 25048
278813, 8788130, 8813181, 25051
278814, 8788140, 8813195, 25055
278815, 8788150, 8813208, 25058
278816, 8788160, 8813222, 25062
278817, 8788170, 8813235, 25065
278818, 8788180, 8813249, 25069
278819, 8788190, 8813262, 25072
278820, 8788200, 8813275, 25075
278821, 8788210, 8813289, 25079
278823, 8788230, 8813302, 25072
278824, 8788240, 8813316, 25076
278825, 8788250, 8813329, 25079
278826, 8788260, 8813343, 25083
278827, 8788270, 8813356, 25086
278828, 8788280, 8813370, 25090
278829, 8788290, 8813383, 25093
278830, 8788300, 8813396, 25096
278831, 8788310, 8813410, 25100
278833, 8788330, 8813423, 25093
278834, 8788340, 8813437, 25097
278835, 8788350, 8813450, 25100
278836, 8788360, 8813464, 25104
278837, 8788370, 8813477, 25107
278838, 8788380, 8813490, 25110
278839, 8788390, 8813504, 25114
278840, 8788400, 8813517, 25117
278841, 8788410, 8813531, 25121
278842, 8788420, 8813544, 25124
278844, 8788440, 8813558, 25118
278845, 8788450, 8813571, 25121
278846, 8788460, 8813585, 25125
278847, 8788470, 8813598, 25128
278848, 8788480, 8813611, 25131
278849, 8788490, 8813625, 25135
278851, 8788510, 8813652, 25142
278852, 8788520, 8813665, 25145
278853, 8788530, 8813679, 25149
278855, 8788550, 8813692, 25142
278856, 8788560, 8813706, 25146
278857, 8788570, 8813719, 25149
278858, 8788580, 8813732, 25152
278859, 8788590, 8813746, 25156
278860, 8788600, 8813759, 25159
278861, 8788610, 8813773, 25163
278862, 8788620, 8813786, 25166
278863, 8788630, 8813800, 25170
278865, 8788650, 8813813, 25163
278866, 8788660, 8813826, 25166
278867, 8788670, 8813840, 25170
278868, 8788680, 8813853, 25173
278869, 8788690, 8813867, 25177
278870, 8788700, 8813880, 25180
278871, 8788710, 8813894, 25184
278872, 8788720, 8813907, 25187
278873, 8788730, 8813921, 25191
278874, 8788740, 8813934, 25194
278876, 8788760, 8813947, 25187
278877, 8788770, 8813961, 25191
278878, 8788780, 8813974, 25194
278879, 8788790, 8813988, 25198
278880, 8788800, 8814001, 25201
278881, 8788810, 8814015, 25205
278882, 8788820, 8814028, 25208
278883, 8788830, 8814042, 25212
278884, 8788840, 8814055, 25215
278885, 8788850, 8814068, 25218
278887, 8788870, 8814082, 25212
278888, 8788880, 8814095, 25215
278889, 8788890, 8814109, 25219
278890, 8788900, 8814122, 25222
278891, 8788910, 8814136, 25226
278892, 8788920, 8814149, 25229
278893, 8788930, 8814162, 25232
278894, 8788940, 8814176, 25236
278895, 8788950, 8814189, 25239
278897, 8788970, 8814203, 25233
278898, 8788980, 8814216, 25236
278899, 8788990, 8814230, 25240
278901, 8789010, 8814257, 25247
278902, 8789020, 8814270, 25250
278903, 8789030, 8814283, 25253
278904, 8789040, 8814297, 25257
278905, 8789050, 8814310, 25260
278906, 8789060, 8814324, 25264
278908, 8789080, 8814337, 25257
278909, 8789090, 8814351, 25261
278910, 8789100, 8814364, 25264
278911, 8789110, 8814378, 25268
278912, 8789120, 8814391, 25271
278913, 8789130, 8814404, 25274
278914, 8789140, 8814418, 25278
278915, 8789150, 8814431, 25281
278916, 8789160, 8818012, 28852
278918, 8789180, 8818026, 28846
278919, 8789190, 8818039, 28849
278920, 8789200, 8818052, 28852
278921, 8789210, 8818066, 28856
278922, 8789220, 8818079, 28859
278923, 8789230, 8818093, 28863
278924, 8789240, 8818106, 28866
278925, 8789250, 8818120, 28870
278926, 8789260, 8818133, 28873
278927, 8789270, 8818146, 28876
278929, 8789290, 8818160, 28870
278930, 8789300, 8818173, 28873
278931, 8789310, 8818187, 28877
278932, 8789320, 8818200, 28880
278933, 8789330, 8818214, 28884
278934, 8789340, 8818227, 28887
278935, 8789350, 8818241, 28891
278936, 8789360, 8818254, 28894
278937, 8789370, 8818267, 28897
278938, 8789380, 8818281, 28901
278940, 8789400, 8818294, 28894
278941, 8789410, 8818308, 28898
278942, 8789420, 8818321, 28901
278943, 8789430, 8818335, 28905
278944, 8789440, 8818348, 28908
278945, 8789450, 8818362, 28912
278946, 8789460, 8818375, 28915
278947, 8789470, 8818388, 28918
278948, 8789480, 8818402, 28922
278951, 8789510, 8818429, 28919
278952, 8789520, 8818442, 28922
278953, 8789530, 8818456, 28926
278954, 8789540, 8818469, 28929
278955, 8789550, 8818482, 28932
278956, 8789560, 8818496, 28936
278957, 8789570, 8818509, 28939
278958, 8789580, 8818523, 28943
278959, 8789590, 8818536, 28946
278961, 8789610, 8818550, 28940
278962, 8789620, 8818563, 28943
278963, 8789630, 8818577, 28947
278964, 8789640, 8818590, 28950
278965, 8789650, 8818603, 28953
278966, 8789660, 8818617, 28957
278967, 8789670, 8818630, 28960
278968, 8789680, 8818644, 28964
278969, 8789690, 8818657, 28967
278971, 8789710, 8818671, 28961
278972, 8789720, 8818684, 28964
278973, 8789730, 8818698, 28968
278974, 8789740, 8818711, 28971
278975, 8789750, 8818724, 28974
278976, 8789760, 8818738, 28978
278977, 8789770, 8818751, 28981
278978, 8789780, 8818765, 28985
278979, 8789790, 8818778, 28988
278980, 8789800, 8818792, 28992
278982, 8789820, 8818805, 28985
278983, 8789830, 8818818, 28988
278984, 8789840, 8818832, 28992
278985, 8789850, 8818845, 28995
278986, 8789860, 8818859, 28999
278987, 8789870, 8818872, 29002
278988, 8789880, 8818886, 29006
278989, 8789890, 8818899, 29009
278990, 8789900, 8818913, 29013
278991, 8789910, 8818926, 29016
278993, 8789930, 8818939, 29009
278994, 8789940, 8818953, 29013
278995, 8789950, 8818966, 29016
278996, 8789960, 8818980, 29020
278997, 8789970, 8818993, 29023
278998, 8789980, 8819007, 29027
278999, 8789990, 8819020, 29030
279402, 8794020, 8819047, 25027
279403, 8794030, 8819060, 25030
279404, 8794040, 8819074, 25034
279405, 8794050, 8819087, 25037
279406, 8794060, 8819101, 25041
279407, 8794070, 8819114, 25044
279408, 8794080, 8819128, 25048
279409, 8794090, 8819141, 25051
279410, 8794100, 8819154, 25054
279412, 8794120, 8819168, 25048
279413, 8794130, 8819181, 25051
279414, 8794140, 8819195, 25055
279415, 8794150, 8819208, 25058
279416, 8794160, 8819222, 25062
279417, 8794170, 8819235, 25065
279418, 8794180, 8819249, 25069
279419, 8794190, 8819262, 25072
279420, 8794200, 8819275, 25075
279421, 8794210, 8819289, 25079
279423, 8794230, 8819302, 25072
279424, 8794240, 8819316, 25076
279425, 8794250, 8819329, 25079
279426, 8794260, 8819343, 25083
279427, 8794270, 8819356, 25086
279428, 8794280, 8819370, 25090
279429, 8794290, 8819383, 25093
279430, 8794300, 8819396, 25096
279431, 8794310, 8819410, 25100
279433, 8794330, 8819423, 25093
279434, 8794340, 8819437, 25097
279435, 8794350, 8819450, 25100
279436, 8794360, 8819464, 25104
279437, 8794370, 8819477, 25107
279438, 8794380, 8819490, 25110
279439, 8794390, 8819504, 25114
279440, 8794400, 8819517, 25117
279441, 8794410, 8819531, 25121
279442, 8794420, 8819544, 25124
279444, 8794440, 8819558, 25118
279445, 8794450, 8819571, 25121
279446, 8794460, 8819585, 25125
279447, 8794470, 8819598, 25128
279448, 8794480, 8819611, 25131
279449, 8794490, 8819625, 25135
279451, 8794510, 8819652, 25142
279452, 8794520, 8819665, 25145
279453, 8794530, 8819679, 25149
279455, 8794550, 8819692, 25142
279456, 8794560, 8819706, 25146
279457, 8794570, 8819719, 25149
279458, 8794580, 8819732, 25152
279459, 8794590, 8819746, 25156
279460, 8794600, 8819759, 25159
279461, 8794610, 8819773, 25163
279462, 8794620, 8819786, 25166
279463, 8794630, 8819800, 25170
279465, 8794650, 8819813, 25163
279466, 8794660, 8819826, 25166
279467, 8794670, 8819840, 25170
279468, 8794680, 8819853, 25173
279469, 8794690, 8819867, 25177
279470, 8794700, 8819880, 25180
279471, 8794710, 8819894, 25184
279472, 8794720, 8819907, 25187
279473, 8794730, 8819921, 25191
279474, 8794740, 8819934, 25194
279476, 8794760, 8819947, 25187
279477, 8794770, 8819961, 25191
279478, 8794780, 8819974, 25194
279479, 8794790, 8819988, 25198
279480, 8794800, 8820001, 25201
279481, 8794810, 8820015, 25205
279482, 8794820, 8820028, 25208
279483, 8794830, 8820042, 25212
279484, 8794840, 8820055, 25215
279485, 8794850, 8820068, 25218
279487, 8794870, 8820082, 25212
279488, 8794880, 8820095, 25215
279489, 8794890, 8820109, 25219
279490, 8794900, 8820122, 25222
279491, 8794910, 8820136, 25226
279492, 8794920, 8820149, 25229
279493, 8794930, 8820162, 25232
279494, 8794940, 8820176, 25236
279495, 8794950, 8820189, 25239
279497, 8794970, 8820203, 25233
279498, 8794980, 8820216, 25236
279499, 8794990, 8820230, 25240
279501, 8795010, 8820257, 25247
279502, 8795020, 8820270, 25250
279503, 8795030, 8820283, 25253
279504, 8795040, 8820297, 25257
279505, 8795050, 8820310, 25260
279506, 8795060, 8820324, 25264
279508, 8795080, 8820337, 25257
279509, 8795090, 8820351, 25261
279510, 8795100, 8820364, 25264
279511, 8795110, 8820378, 25268
279512, 8795120, 8820391, 25271
279513, 8795130, 8820404, 25274
279514, 8795140, 8820418, 25278
279515, 8795150, 8820431, 25281
279516, 8795160, 8824012, 28852
279517, 8795170, 8824026, 28856
279519, 8795190, 8824039, 28849
279520, 8795200, 8824052, 28852
279521, 8795210, 8824066, 28856
279522, 8795220, 8824079, 28859
279523, 8795230, 8824093, 28863
279524, 8795240, 8824106, 28866
279525, 8795250, 8824120, 28870
279526, 8795260, 8824133, 28873
279527, 8795270, 8824146, 28876
279529, 8795290, 8824160, 28870
279530, 8795300, 8824173, 28873
279531, 8795310, 8824187, 28877
279532, 8795320, 8824200, 28880
279533, 8795330, 8824214, 28884
279534, 8795340, 8824227, 28887
279535, 8795350, 8824241, 28891
279536, 8795360, 8824254, 28894
279537, 8795370, 8824267, 28897
279538, 8795380, 8824281, 28901
279540, 8795400, 8824294, 28894
279541, 8795410, 8824308, 28898
279542, 8795420, 8824321, 28901
279543, 8795430, 8824335, 28905
279544, 8795440, 8824348, 28908
279545, 8795450, 8824362, 28912
279546, 8795460, 8824375, 28915
279547, 8795470, 8824388, 28918
279548, 8795480, 8824402, 28922
279551, 8795510, 8824429, 28919
279552, 8795520, 8824442, 28922
279553, 8795530, 8824456, 28926
279554, 8795540, 8824469, 28929
279555, 8795550, 8824482, 28932
279556, 8795560, 8824496, 28936
279557, 8795570, 8824509, 28939
279558, 8795580, 8824523, 28943
279559, 8795590, 8824536, 28946
279561, 8795610, 8824550, 28940
279562, 8795620, 8824563, 28943
279563, 8795630, 8824577, 28947
279564, 8795640, 8824590, 28950
279565, 8795650, 8824603, 28953
279566, 8795660, 8824617, 28957
279567, 8795670, 8824630, 28960
279568, 8795680, 8824644, 28964
279569, 8795690, 8824657, 28967
279570, 8795700, 8824671, 28971
279572, 8795720, 8824684, 28964
279573, 8795730, 8824698, 28968
279574, 8795740, 8824711, 28971
279575, 8795750, 8824724, 28974
279576, 8795760, 8824738, 28978
279577, 8795770, 8824751, 28981
279578, 8795780, 8824765, 28985
279579, 8795790, 8824778, 28988
279580, 8795800, 8824792, 28992
279582, 8795820, 8824805, 28985
279583, 8795830, 8824818, 28988
279584, 8795840, 8824832, 28992
279585, 8795850, 8824845, 28995
279586, 8795860, 8824859, 28999
279587, 8795870, 8824872, 29002
279588, 8795880, 8824886, 29006
279589, 8795890, 8824899, 29009
279590, 8795900, 8824913, 29013
279591, 8795910, 8824926, 29016
279593, 8795930, 8824939, 29009
279594, 8795940, 8824953, 29013
279595, 8795950, 8824966, 29016
279596, 8795960, 8824980, 29020
279597, 8795970, 8824993, 29023
279598, 8795980, 8825007, 29027
279599, 8795990, 8825020, 29030
280002, 8800020, 8825047, 25027
280003, 8800030, 8825060, 25030
280004, 8800040, 8825074, 25034
280005, 8800050, 8825087, 25037
280006, 8800060, 8825101, 25041
280007, 8800070, 8825114, 25044
280008, 8800080, 8825127, 25047
280009, 8800090, 8825141, 25051
280010, 8800100, 8825154, 25054
280012, 8800120, 8825168, 25048
280013, 8800130, 8825181, 25051
280014, 8800140, 8825195, 25055
280015, 8800150, 8825208, 25058
280016, 8800160, 8825222, 25062
280017, 8800170, 8825235, 25065
280018, 8800180, 8825248, 25068
280019, 8800190, 8825262, 25072
280020, 8800200, 8825275, 25075
280021, 8800210, 8825289, 25079
280023, 8800230, 8825302, 25072
280024, 8800240, 8825316, 25076
280025, 8800250, 8825329, 25079
280026, 8800260, 8825342, 25082
280027, 8800270, 8825356, 25086
280028, 8800280, 8825369, 25089
280029, 8800290, 8825383, 25093
280030, 8800300, 8825396, 25096
280031, 8800310, 8825410, 25100
280033, 8800330, 8825423, 25093
280034, 8800340, 8825437, 25097
280035, 8800350, 8825450, 25100
280036, 8800360, 8825463, 25103
280037, 8800370, 8825477, 25107
280038, 8800380, 8825490, 25110
280039, 8800390, 8825504, 25114
280040, 8800400, 8825517, 25117
280041, 8800410, 8825531, 25121
280042, 8800420, 8825544, 25124
280044, 8800440, 8825558, 25118
280045, 8800450, 8825571, 25121
280046, 8800460, 8825584, 25124
280047, 8800470, 8825598, 25128
280048, 8800480, 8825611, 25131
280049, 8800490, 8825625, 25135
280051, 8800510, 8825652, 25142
280052, 8800520, 8825665, 25145
280053, 8800530, 8825678, 25148
280055, 8800550, 8825692, 25142
280056, 8800560, 8825705, 25145
280057, 8800570, 8825719, 25149
280058, 8800580, 8825732, 25152
280059, 8800590, 8825746, 25156
280060, 8800600, 8825759, 25159
280061, 8800610, 8825773, 25163
280062, 8800620, 8825786, 25166
280063, 8800630, 8825799, 25169
280065, 8800650, 8825813, 25163
280066, 8800660, 8825826, 25166
280067, 8800670, 8825840, 25170
280068, 8800680, 8825853, 25173
280069, 8800690, 8825867, 25177
280070, 8800700, 8825880, 25180
280071, 8800710, 8825894, 25184
280072, 8800720, 8825907, 25187
280073, 8800730, 8825920, 25190
280074, 8800740, 8825934, 25194
280076, 8800760, 8825947, 25187
280077, 8800770, 8825961, 25191
280078, 8800780, 8825974, 25194
280079, 8800790, 8825988, 25198
280080, 8800800, 8826001, 25201
280081, 8800810, 8826014, 25204
280082, 8800820, 8826028, 25208
280083, 8800830, 8826041, 25211
280084, 8800840, 8826055, 25215
280085, 8800850, 8826068, 25218
280087, 8800870, 8826082, 25212
280088, 8800880, 8826095, 25215
280089, 8800890, 8826109, 25219
280090, 8800900, 8826122, 25222
280091, 8800910, 8826135, 25225
280092, 8800920, 8826149, 25229
280093, 8800930, 8826162, 25232
280094, 8800940, 8826176, 25236
280095, 8800950, 8826189, 25239
280097, 8800970, 8826203, 25233
280098, 8800980, 8826216, 25236
280099, 8800990, 8826230, 25240
280101, 8801010, 8826256, 25246
280102, 8801020, 8826270, 25250
280103, 8801030, 8826283, 25253
280104, 8801040, 8826297, 25257
280105, 8801050, 8826310, 25260
280106, 8801060, 8826324, 25264
280108, 8801080, 8826337, 25257
280109, 8801090, 8826350, 25260
280110, 8801100, 8826364, 25264
280111, 8801110, 8826377, 25267
280112, 8801120, 8826391, 25271
280113, 8801130, 8826404, 25274
280114, 8801140, 8826418, 25278
280115, 8801150, 8826431, 25281
280116, 8801160, 8830012, 28852
280118, 8801180, 8830026, 28846
280119, 8801190, 8830039, 28849
280120, 8801200, 8830052, 28852
280121, 8801210, 8830066, 28856
280122, 8801220, 8830079, 28859
280123, 8801230, 8830093, 28863
280124, 8801240, 8830106, 28866
280125, 8801250, 8830120, 28870
280126, 8801260, 8830133, 28873
280127, 8801270, 8830146, 28876
280129, 8801290, 8830160, 28870
280130, 8801300, 8830173, 28873
280131, 8801310, 8830187, 28877
280132, 8801320, 8830200, 28880
280133, 8801330, 8830214, 28884
280134, 8801340, 8830227, 28887
280135, 8801350, 8830241, 28891
280136, 8801360, 8830254, 28894
280137, 8801370, 8830267, 28897
280138, 8801380, 8830281, 28901
280140, 8801400, 8830294, 28894
280141, 8801410, 8830308, 28898
280142, 8801420, 8830321, 28901
280143, 8801430, 8830335, 28905
280144, 8801440, 8830348, 28908
280145, 8801450, 8830362, 28912
280146, 8801460, 8830375, 28915
280147, 8801470, 8830388, 28918
280148, 8801480, 8830402, 28922
280151, 8801510, 8830429, 28919
280152, 8801520, 8830442, 28922
280153, 8801530, 8830456, 28926
280154, 8801540, 8830469, 28929
280155, 8801550, 8830482, 28932
280156, 8801560, 8830496, 28936
280157, 8801570, 8830509, 28939
280158, 8801580, 8830523, 28943
280159, 8801590, 8830536, 28946
280161, 8801610, 8830550, 28940
280162, 8801620, 8830563, 28943
280163, 8801630, 8830577, 28947
280164, 8801640, 8830590, 28950
280165, 8801650, 8830603, 28953
280166, 8801660, 8830617, 28957
280167, 8801670, 8830630, 28960
280168, 8801680, 8830644, 28964
280169, 8801690, 8830657, 28967
280171, 8801710, 8830671, 28961
280172, 8801720, 8830684, 28964
280173, 8801730, 8830698, 28968
280174, 8801740, 8830711, 28971
280175, 8801750, 8830724, 28974
280176, 8801760, 8830738, 28978
280177, 8801770, 8830751, 28981
280178, 8801780, 8830765, 28985
280179, 8801790, 8830778, 28988
280180, 8801800, 8830792, 28992
280182, 8801820, 8830805, 28985
280183, 8801830, 8830818, 28988
280184, 8801840, 8830832, 28992
280185, 8801850, 8830845, 28995
280186, 8801860, 8830859, 28999
280187, 8801870, 8830872, 29002
280188, 8801880, 8830886, 29006
280189, 8801890, 8830899, 29009
280190, 8801900, 8830913, 29013
280191, 8801910, 8830926, 29016
280193, 8801930, 8830939, 29009
280194, 8801940, 8830953, 29013
280195, 8801950, 8830966, 29016
280196, 8801960, 8830980, 29020
280197, 8801970, 8830993, 29023
280198, 8801980, 8831007, 29027
280199, 8801990, 8831020, 29030
280602, 8806020, 8831047, 25027
280603, 8806030, 8831060, 25030
280604, 8806040, 8831074, 25034
280605, 8806050, 8831087, 25037
280606, 8806060, 8831101, 25041
280607, 8806070, 8831114, 25044
280608, 8806080, 8831128, 25048
280609, 8806090, 8831141, 25051
280610, 8806100, 8831154, 25054
280612, 8806120, 8831168, 25048
280613, 8806130, 8831181, 25051
280614, 8806140, 8831195, 25055
280615, 8806150, 8831208, 25058
280616, 8806160, 8831222, 25062
280617, 8806170, 8831235, 25065
280618, 8806180, 8831249, 25069
280619, 8806190, 8831262, 25072
280620, 8806200, 8831275, 25075
280621, 8806210, 8831289, 25079
280623, 8806230, 8831302, 25072
280624, 8806240, 8831316, 25076
280625, 8806250, 8831329, 25079
280626, 8806260, 8831343, 25083
280627, 8806270, 8831356, 25086
280628, 8806280, 8831370, 25090
280629, 8806290, 8831383, 25093
280630, 8806300, 8831396, 25096
280631, 8806310, 8831410, 25100
280633, 8806330, 8831423, 25093
280634, 8806340, 8831437, 25097
280635, 8806350, 8831450, 25100
280636, 8806360, 8831464, 25104
280637, 8806370, 8831477, 25107
280638, 8806380, 8831490, 25110
280639, 8806390, 8831504, 25114
280640, 8806400, 8831517, 25117
280641, 8806410, 8831531, 25121
280642, 8806420, 8831544, 25124
280644, 8806440, 8831558, 25118
280645, 8806450, 8831571, 25121
280646, 8806460, 8831585, 25125
280647, 8806470, 8831598, 25128
280648, 8806480, 8831611, 25131
280649, 8806490, 8831625, 25135
280651, 8806510, 8831652, 25142
280652, 8806520, 8831665, 25145
280653, 8806530, 8831679, 25149
280655, 8806550, 8831692, 25142
280656, 8806560, 8831706, 25146
280657, 8806570, 8831719, 25149
280658, 8806580, 8831732, 25152
280659, 8806590, 8831746, 25156
280660, 8806600, 8831759, 25159
280661, 8806610, 8831773, 25163
280662, 8806620, 8831786, 25166
280663, 8806630, 8831800, 25170
280665, 8806650, 8831813, 25163
280666, 8806660, 8831826, 25166
280667, 8806670, 8831840, 25170
280668, 8806680, 8831853, 25173
280669, 8806690, 8831867, 25177
280670, 8806700, 8831880, 25180
280671, 8806710, 8831894, 25184
280672, 8806720, 8831907, 25187
280673, 8806730, 8831921, 25191
280674, 8806740, 8831934, 25194
280676, 8806760, 8831947, 25187
280677, 8806770, 8831961, 25191
280678, 8806780, 8831974, 25194
280679, 8806790, 8831988, 25198
280680, 8806800, 8832001, 25201
280681, 8806810, 8832015, 25205
280682, 8806820, 8832028, 25208
280683, 8806830, 8832042, 25212
280684, 8806840, 8832055, 25215
280685, 8806850, 8832068, 25218
280687, 8806870, 8832082, 25212
280688, 8806880, 8832095, 25215
280689, 8806890, 8832109, 25219
280690, 8806900, 8832122, 25222
280691, 8806910, 8832136, 25226
280692, 8806920, 8832149, 25229
280693, 8806930, 8832162, 25232
280694, 8806940, 8832176, 25236
280695, 8806950, 8832189, 25239
280697, 8806970, 8832203, 25233
280698, 8806980, 8832216, 25236
280699, 8806990, 8832230, 25240
280701, 8807010, 8832257, 25247
280702, 8807020, 8832270, 25250
280703, 8807030, 8832283, 25253
280704, 8807040, 8832297, 25257
280705, 8807050, 8832310, 25260
280706, 8807060, 8832324, 25264
280708, 8807080, 8832337, 25257
280709, 8807090, 8832351, 25261
280710, 8807100, 8832364, 25264
280711, 8807110, 8832378, 25268
280712, 8807120, 8832391, 25271
280713, 8807130, 8832404, 25274
280714, 8807140, 8832418, 25278
280715, 8807150, 8832431, 25281
280716, 8807160, 8836012, 28852
280718, 8807180, 8836026, 28846
280719, 8807190, 8836039, 28849
280720, 8807200, 8836052, 28852
280721, 8807210, 8836066, 28856
280722, 8807220, 8836079, 28859
280723, 8807230, 8836093, 28863
280724, 8807240, 8836106, 28866
280725, 8807250, 8836120, 28870
280726, 8807260, 8836133, 28873
280727, 8807270, 8836146, 28876
280729, 8807290, 8836160, 28870
280730, 8807300, 8836173, 28873
280731, 8807310, 8836187, 28877
280732, 8807320, 8836200, 28880
280733, 8807330, 8836214, 28884
280734, 8807340, 8836227, 28887
280735, 8807350, 8836241, 28891
280736, 8807360, 8836254, 28894
280737, 8807370, 8836267, 28897
280738, 8807380, 8836281, 28901
280740, 8807400, 8836294, 28894
280741, 8807410, 8836308, 28898
280742, 8807420, 8836321, 28901
280743, 8807430, 8836335, 28905
280744, 8807440, 8836348, 28908
280745, 8807450, 8836362, 28912
280746, 8807460, 8836375, 28915
280747, 8807470, 8836388, 28918
280748, 8807480, 8836402, 28922
280751, 8807510, 8836429, 28919
280752, 8807520, 8836442, 28922
280753, 8807530, 8836456, 28926
280754, 8807540, 8836469, 28929
280755, 8807550, 8836482, 28932
280756, 8807560, 8836496, 28936
280757, 8807570, 8836509, 28939
280758, 8807580, 8836523, 28943
280759, 8807590, 8836536, 28946
280761, 8807610, 8836550, 28940
280762, 8807620, 8836563, 28943
280763, 8807630, 8836577, 28947
280764, 8807640, 8836590, 28950
280765, 8807650, 8836603, 28953
280766, 8807660, 8836617, 28957
280767, 8807670, 8836630, 28960
280768, 8807680, 8836644, 28964
280769, 8807690, 8836657, 28967
280771, 8807710, 8836671, 28961
280772, 8807720, 8836684, 28964
280773, 8807730, 8836698, 28968
280774, 8807740, 8836711, 28971
280775, 8807750, 8836724, 28974
280776, 8807760, 8836738, 28978
280777, 8807770, 8836751, 28981
280778, 8807780, 8836765, 28985
280779, 8807790, 8836778, 28988
280780, 8807800, 8836792, 28992
280782, 8807820, 8836805, 28985
280783, 8807830, 8836818, 28988
280784, 8807840, 8836832, 28992
280785, 8807850, 8836845, 28995
280786, 8807860, 8836859, 28999
280787, 8807870, 8836872, 29002
280788, 8807880, 8836886, 29006
280789, 8807890, 8836899, 29009
280790, 8807900, 8836913, 29013
280791, 8807910, 8836926, 29016
280793, 8807930, 8836939, 29009
280794, 8807940, 8836953, 29013
280795, 8807950, 8836966, 29016
280796, 8807960, 8836980, 29020
280797, 8807970, 8836993, 29023
280798, 8807980, 8837007, 29027
280799, 8807990, 8837020, 29030
281202, 8812020, 8837047, 25027
281203, 8812030, 8837060, 25030
281204, 8812040, 8837074, 25034
281205, 8812050, 8837087, 25037
281206, 8812060, 8837101, 25041
281207, 8812070, 8837114, 25044
281208, 8812080, 8837128, 25048
281209, 8812090, 8837141, 25051
281210, 8812100, 8837154, 25054
281212, 8812120, 8837168, 25048
281213, 8812130, 8837181, 25051
281214, 8812140, 8837195, 25055
281215, 8812150, 8837208, 25058
281216, 8812160, 8837222, 25062
281217, 8812170, 8837235, 25065
281218, 8812180, 8837249, 25069
281219, 8812190, 8837262, 25072
281220, 8812200, 8837275, 25075
281221, 8812210, 8837289, 25079
281223, 8812230, 8837302, 25072
281224, 8812240, 8837316, 25076
281225, 8812250, 8837329, 25079
281226, 8812260, 8837343, 25083
281227, 8812270, 8837356, 25086
281228, 8812280, 8837370, 25090
281229, 8812290, 8837383, 25093
281230, 8812300, 8837396, 25096
281231, 8812310, 8837410, 25100
281233, 8812330, 8837423, 25093
281234, 8812340, 8837437, 25097
281235, 8812350, 8837450, 25100
281236, 8812360, 8837464, 25104
281237, 8812370, 8837477, 25107
281238, 8812380, 8837490, 25110
281239, 8812390, 8837504, 25114
281240, 8812400, 8837517, 25117
281241, 8812410, 8837531, 25121
281242, 8812420, 8837544, 25124
281244, 8812440, 8837558, 25118
281245, 8812450, 8837571, 25121
281246, 8812460, 8837585, 25125
281247, 8812470, 8837598, 25128
281248, 8812480, 8837611, 25131
281249, 8812490, 8837625, 25135
281251, 8812510, 8837652, 25142
281252, 8812520, 8837665, 25145
281253, 8812530, 8837679, 25149
281255, 8812550, 8837692, 25142
281256, 8812560, 8837706, 25146
281257, 8812570, 8837719, 25149
281258, 8812580, 8837732, 25152
281259, 8812590, 8837746, 25156
281260, 8812600, 8837759, 25159
281261, 8812610, 8837773, 25163
281262, 8812620, 8837786, 25166
281263, 8812630, 8837800, 25170
281265, 8812650, 8837813, 25163
281266, 8812660, 8837826, 25166
281267, 8812670, 8837840, 25170
281268, 8812680, 8837853, 25173
281269, 8812690, 8837867, 25177
281270, 8812700, 8837880, 25180
281271, 8812710, 8837894, 25184
281272, 8812720, 8837907, 25187
281273, 8812730, 8837921, 25191
281274, 8812740, 8837934, 25194
281276, 8812760, 8837947, 25187
281277, 8812770, 8837961, 25191
281278, 8812780, 8837974, 25194
281279, 8812790, 8837988, 25198
281280, 8812800, 8838001, 25201
281281, 8812810, 8838015, 25205
281282, 8812820, 8838028, 25208
281283, 8812830, 8838042, 25212
281284, 8812840, 8838055, 25215
281285, 8812850, 8838068, 25218
281287, 8812870, 8838082, 25212
281288, 8812880, 8838095, 25215
281289, 8812890, 8838109, 25219
281290, 8812900, 8838122, 25222
281291, 8812910, 8838136, 25226
281292, 8812920, 8838149, 25229
281293, 8812930, 8838162, 25232
281294, 8812940, 8838176, 25236
281295, 8812950, 8838189, 25239
281297, 8812970, 8838203, 25233
281298, 8812980, 8838216, 25236
281299, 8812990, 8838230, 25240
281301, 8813010, 8838257, 25247
281302, 8813020, 8838270, 25250
281303, 8813030, 8838283, 25253
281304, 8813040, 8838297, 25257
281305, 8813050, 8838310, 25260
281306, 8813060, 8838324, 25264
281308, 8813080, 8838337, 25257
281309, 8813090, 8838351, 25261
281310, 8813100, 8838364, 25264
281311, 8813110, 8838378, 25268
281312, 8813120, 8838391, 25271
281313, 8813130, 8838404, 25274
281314, 8813140, 8838418, 25278
281315, 8813150, 8838431, 25281
281316, 8813160, 8842012, 28852
281318, 8813180, 8842026, 28846
281319, 8813190, 8842039, 28849
281320, 8813200, 8842052, 28852
281321, 8813210, 8842066, 28856
281322, 8813220, 8842079, 28859
281323, 8813230, 8842093, 28863
281324, 8813240, 8842106, 28866
281325, 8813250, 8842120, 28870
281326, 8813260, 8842133, 28873
281327, 8813270, 8842146, 28876
281329, 8813290, 8842160, 28870
281330, 8813300, 8842173, 28873
281331, 8813310, 8842187, 28877
281332, 8813320, 8842200, 28880
281333, 8813330, 8842214, 28884
281334, 8813340, 8842227, 28887
281335, 8813350, 8842241, 28891
281336, 8813360, 8842254, 28894
281337, 8813370, 8842267, 28897
281338, 8813380, 8842281, 28901
281340, 8813400, 8842294, 28894
281341, 8813410, 8842308, 28898
281342, 8813420, 8842321, 28901
281343, 8813430, 8842335, 28905
281344, 8813440, 8842348, 28908
281345, 8813450, 8842362, 28912
281346, 8813460, 8842375, 28915
281347, 8813470, 8842388, 28918
281348, 8813480, 8842402, 28922
281351, 8813510, 8842429, 28919
281352, 8813520, 8842442, 28922
281353, 8813530, 8842456, 28926
281354, 8813540, 8842469, 28929
281355, 8813550, 8842482, 28932
281356, 8813560, 8842496, 28936
281357, 8813570, 8842509, 28939
281358, 8813580, 8842523, 28943
281359, 8813590, 8842536, 28946
281361, 8813610, 8842550, 28940
281362, 8813620, 8842563, 28943
281363, 8813630, 8842577, 28947
281364, 8813640, 8842590, 28950
281365, 8813650, 8842603, 28953
281366, 8813660, 8842617, 28957
281367, 8813670, 8842630, 28960
281368, 8813680, 8842644, 28964
281369, 8813690, 8842657, 28967
281371, 8813710, 8842671, 28961
281372, 8813720, 8842684, 28964
281373, 8813730, 8842698, 28968
281374, 8813740, 8842711, 28971
281375, 8813750, 8842724, 28974
281376, 8813760, 8842738, 28978
281377, 8813770, 8842751, 28981
281378, 8813780, 8842765, 28985
281379, 8813790, 8842778, 28988
281380, 8813800, 8842792, 28992
281382, 8813820, 8842805, 28985
281383, 8813830, 8842818, 28988
281384, 8813840, 8842832, 28992
281385, 8813850, 8842845, 28995
281386, 8813860, 8842859, 28999
281387, 8813870, 8842872, 29002
281388, 8813880, 8842886, 29006
281389, 8813890, 8842899, 29009
281390, 8813900, 8842913, 29013
281391, 8813910, 8842926, 29016
281393, 8813930, 8842939, 29009
281394, 8813940, 8842953, 29013
281395, 8813950, 8842966, 29016
281396, 8813960, 8842980, 29020
281397, 8813970, 8842993, 29023
281398, 8813980, 8843007, 29027
281399, 8813990, 8843020, 29030
281802, 8818020, 8843047, 25027
281803, 8818030, 8843060, 25030
281804, 8818040, 8843074, 25034
281805, 8818050, 8843087, 25037
281806, 8818060, 8843101, 25041
281807, 8818070, 8843114, 25044
281808, 8818080, 8843128, 25048
281809, 8818090, 8843141, 25051
281810, 8818100, 8843154, 25054
281812, 8818120, 8843168, 25048
281813, 8818130, 8843181, 25051
281814, 8818140, 8843195, 25055
281815, 8818150, 8843208, 25058
281816, 8818160, 8843222, 25062
281817, 8818170, 8843235, 25065
281818, 8818180, 8843249, 25069
281819, 8818190, 8843262, 25072
281820, 8818200, 8843275, 25075
281821, 8818210, 8843289, 25079
281823, 8818230, 8843302, 25072
281824, 8818240, 8843316, 25076
281825, 8818250, 8843329, 25079
281826, 8818260, 8843343, 25083
281827, 8818270, 8843356, 25086
281828, 8818280, 8843370, 25090
281829, 8818290, 8843383, 25093
281830, 8818300, 8843396, 25096
281831, 8818310, 8843410, 25100
281833, 8818330, 8843423, 25093
281834, 8818340, 8843437, 25097
281835, 8818350, 8843450, 25100
281836, 8818360, 8843464, 25104
281837, 8818370, 8843477, 25107
281838, 8818380, 8843490, 25110
281839, 8818390, 8843504, 25114
281840, 8818400, 8843517, 25117
281841, 8818410, 8843531, 25121
281842, 8818420, 8843544, 25124
281844, 8818440, 8843558, 25118
281845, 8818450, 8843571, 25121
281846, 8818460, 8843585, 25125
281847, 8818470, 8843598, 25128
281848, 8818480, 8843611, 25131
281849, 8818490, 8843625, 25135
281851, 8818510, 8843652, 25142
281852, 8818520, 8843665, 25145
281853, 8818530, 8843679, 25149
281855, 8818550, 8843692, 25142
281856, 8818560, 8843706, 25146
281857, 8818570, 8843719, 25149
281858, 8818580, 8843732, 25152
281859, 8818590, 8843746, 25156
281860, 8818600, 8843759, 25159
281861, 8818610, 8843773, 25163
281862, 8818620, 8843786, 25166
281863, 8818630, 8843800, 25170
281865, 8818650, 8843813, 25163
281866, 8818660, 8843826, 25166
281867, 8818670, 8843840, 25170
281868, 8818680, 8843853, 25173
281869, 8818690, 8843867, 25177
281870, 8818700, 8843880, 25180
281871, 8818710, 8843894, 25184
281872, 8818720, 8843907, 25187
281873, 8818730, 8843921, 25191
281874, 8818740, 8843934, 25194
281876, 8818760, 8843947, 25187
281877, 8818770, 8843961, 25191
281878, 8818780, 8843974, 25194
281879, 8818790, 8843988, 25198
281880, 8818800, 8844001, 25201
281881, 8818810, 8844015, 25205
281882, 8818820, 8844028, 25208
281883, 8818830, 8844042, 25212
281884, 8818840, 8844055, 25215
281885, 8818850, 8844068, 25218
281887, 8818870, 8844082, 25212
281888, 8818880, 8844095, 25215
281889, 8818890, 8844109, 25219
281890, 8818900, 8844122, 25222
281891, 8818910, 8844136, 25226
281892, 8818920, 8844149, 25229
281893, 8818930, 8844162, 25232
281894, 8818940, 8844176, 25236
281895, 8818950, 8844189, 25239
281897, 8818970, 8844203, 25233
281898, 8818980, 8844216, 25236
281899, 8818990, 8844230, 25240
281901, 8819010, 8844257, 25247
281902, 8819020, 8844270, 25250
281903, 8819030, 8844283, 25253
281904, 8819040, 8844297, 25257
281905, 8819050, 8844310, 25260
281906, 8819060, 8844324, 25264
281908, 8819080, 8844337, 25257
281909, 8819090, 8844351, 25261
281910, 8819100, 8844364, 25264
281911, 8819110, 8844378, 25268
281912, 8819120, 8844391, 25271
281913, 8819130, 8844404, 25274
281914, 8819140, 8844418, 25278
281915, 8819150, 8844431, 25281
281916, 8819160, 8848012, 28852
281918, 8819180, 8848026, 28846
281919, 8819190, 8848039, 28849
281920, 8819200, 8848052, 28852
281921, 8819210, 8848066, 28856
281922, 8819220, 8848079, 28859
281923, 8819230, 8848093, 28863
281924, 8819240, 8848106, 28866
281925, 8819250, 8848120, 28870
281926, 8819260, 8848133, 28873
281927, 8819270, 8848146, 28876
281929, 8819290, 8848160, 28870
281930, 8819300, 8848173, 28873
281931, 8819310, 8848187, 28877
281932, 8819320, 8848200, 28880
281933, 8819330, 8848214, 28884
281934, 8819340, 8848227, 28887
281935, 8819350, 8848241, 28891
281936, 8819360, 8848254, 28894
281937, 8819370, 8848267, 28897
281938, 8819380, 8848281, 28901
281940, 8819400, 8848294, 28894
281941, 8819410, 8848308, 28898
281942, 8819420, 8848321, 28901
281943, 8819430, 8848335, 28905
281944, 8819440, 8848348, 28908
281945, 8819450, 8848362, 28912
281946, 8819460, 8848375, 28915
281947, 8819470, 8848388, 28918
281948, 8819480, 8848402, 28922
281951, 8819510, 8848429, 28919
281952, 8819520, 8848442, 28922
281953, 8819530, 8848456, 28926
281954, 8819540, 8848469, 28929
281955, 8819550, 8848482, 28932
281956, 8819560, 8848496, 28936
281957, 8819570, 8848509, 28939
281958, 8819580, 8848523, 28943
281959, 8819590, 8848536, 28946
281961, 8819610, 8848550, 28940
281962, 8819620, 8848563, 28943
281963, 8819630, 8848577, 28947
281964, 8819640, 8848590, 28950
281965, 8819650, 8848603, 28953
281966, 8819660, 8848617, 28957
281967, 8819670, 8848630, 28960
281968, 8819680, 8848644, 28964
281969, 8819690, 8848657, 28967
281971, 8819710, 8848671, 28961
281972, 8819720, 8848684, 28964
281973, 8819730, 8848698, 28968
281974, 8819740, 8848711, 28971
281975, 8819750, 8848724, 28974
281976, 8819760, 8848738, 28978
281977, 8819770, 8848751, 28981
281978, 8819780, 8848765, 28985
281979, 8819790, 8848778, 28988
281980, 8819800, 8848792, 28992
281982, 8819820, 8848805, 28985
281983, 8819830, 8848818, 28988
281984, 8819840, 8848832, 28992
281985, 8819850, 8848845, 28995
281986, 8819860, 8848859, 28999
281987, 8819870, 8848872, 29002
281988, 8819880, 8848886, 29006
281989, 8819890, 8848899, 29009
281990, 8819900, 8848913, 29013
281991, 8819910, 8848926, 29016
281993, 8819930, 8848939, 29009
281994, 8819940, 8848953, 29013
281995, 8819950, 8848966, 29016
281996, 8819960, 8848980, 29020
281997, 8819970, 8848993, 29023
281998, 8819980, 8849007, 29027
281999, 8819990, 8849020, 29030
282402, 8824020, 8849047, 25027
282403, 8824030, 8849060, 25030
282404, 8824040, 8849074, 25034
282405, 8824050, 8849087, 25037
282406, 8824060, 8849101, 25041
282407, 8824070, 8849114, 25044
282408, 8824080, 8849128, 25048
282409, 8824090, 8849141, 25051
282410, 8824100, 8849154, 25054
282412, 8824120, 8849168, 25048
282413, 8824130, 8849181, 25051
282414, 8824140, 8849195, 25055
282415, 8824150, 8849208, 25058
282416, 8824160, 8849222, 25062
282417, 8824170, 8849235, 25065
282418, 8824180, 8849249, 25069
282419, 8824190, 8849262, 25072
282420, 8824200, 8849275, 25075
282421, 8824210, 8849289, 25079
282423, 8824230, 8849302, 25072
282424, 8824240, 8849316, 25076
282425, 8824250, 8849329, 25079
282426, 8824260, 8849343, 25083
282427, 8824270, 8849356, 25086
282428, 8824280, 8849370, 25090
282429, 8824290, 8849383, 25093
282430, 8824300, 8849396, 25096
282431, 8824310, 8849410, 25100
282433, 8824330, 8849423, 25093
282434, 8824340, 8849437, 25097
282435, 8824350, 8849450, 25100
282436, 8824360, 8849464, 25104
282437, 8824370, 8849477, 25107
282438, 8824380, 8849490, 25110
282439, 8824390, 8849504, 25114
282440, 8824400, 8849517, 25117
282441, 8824410, 8849531, 25121
282442, 8824420, 8849544, 25124
282444, 8824440, 8849558, 25118
282445, 8824450, 8849571, 25121
282446, 8824460, 8849585, 25125
282447, 8824470, 8849598, 25128
282448, 8824480, 8849611, 25131
282449, 8824490, 8849625, 25135
282451, 8824510, 8849652, 25142
282452, 8824520, 8849665, 25145
282453, 8824530, 8849679, 25149
282455, 8824550, 8849692, 25142
282456, 8824560, 8849706, 25146
282457, 8824570, 8849719, 25149
282458, 8824580, 8849732, 25152
282459, 8824590, 8849746, 25156
282460, 8824600, 8849759, 25159
282461, 8824610, 8849773, 25163
282462, 8824620, 8849786, 25166
282463, 8824630, 8849800, 25170
282465, 8824650, 8849813, 25163
282466, 8824660, 8849826, 25166
282467, 8824670, 8849840, 25170
282468, 8824680, 8849853, 25173
282469, 8824690, 8849867, 25177
282470, 8824700, 8849880, 25180
282471, 8824710, 8849894, 25184
282472, 8824720, 8849907, 25187
282473, 8824730, 8849921, 25191
282474, 8824740, 8849934, 25194
282476, 8824760, 8849947, 25187
282477, 8824770, 8849961, 25191
282478, 8824780, 8849974, 25194
282479, 8824790, 8849988, 25198
282480, 8824800, 8850001, 25201
282481, 8824810, 8850015, 25205
282482, 8824820, 8850028, 25208
282483, 8824830, 8850042, 25212
282484, 8824840, 8850055, 25215
282485, 8824850, 8850068, 25218
282487, 8824870, 8850082, 25212
282488, 8824880, 8850095, 25215
282489, 8824890, 8850109, 25219
282490, 8824900, 8850122, 25222
282491, 8824910, 8850136, 25226
282492, 8824920, 8850149, 25229
282493, 8824930, 8850162, 25232
282494, 8824940, 8850176, 25236
282495, 8824950, 8850189, 25239
282497, 8824970, 8850203, 25233
282498, 8824980, 8850216, 25236
282499, 8824990, 8850230, 25240
282501, 8825010, 8850257, 25247
282502, 8825020, 8850270, 25250
282503, 8825030, 8850283, 25253
282504, 8825040, 8850297, 25257
282505, 8825050, 8850310, 25260
282506, 8825060, 8850324, 25264
282508, 8825080, 8850337, 25257
282509, 8825090, 8850351, 25261
282510, 8825100, 8850364, 25264
282511, 8825110, 8850378, 25268
282512, 8825120, 8850391, 25271
282513, 8825130, 8850404, 25274
282514, 8825140, 8850418, 25278
282515, 8825150, 8850431, 25281
282516, 8825160, 8854012, 28852
282517, 8825170, 8854026, 28856
282519, 8825190, 8854039, 28849
282520, 8825200, 8854052, 28852
282521, 8825210, 8854066, 28856
282522, 8825220, 8854079, 28859
282523, 8825230, 8854093, 28863
282524, 8825240, 8854106, 28866
282525, 8825250, 8854120, 28870
282526, 8825260, 8854133, 28873
282527, 8825270, 8854146, 28876
282529, 8825290, 8854160, 28870
282530, 8825300, 8854173, 28873
282531, 8825310, 8854187, 28877
282532, 8825320, 8854200, 28880
282533, 8825330, 8854214, 28884
282534, 8825340, 8854227, 28887
282535, 8825350, 8854241, 28891
282536, 8825360, 8854254, 28894
282537, 8825370, 8854267, 28897
282538, 8825380, 8854281, 28901
282540, 8825400, 8854294, 28894
282541, 8825410, 8854308, 28898
282542, 8825420, 8854321, 28901
282543, 8825430, 8854335, 28905
282544, 8825440, 8854348, 28908
282545, 8825450, 8854362, 28912
282546, 8825460, 8854375, 28915
282547, 8825470, 8854388, 28918
282548, 8825480, 8854402, 28922
282551, 8825510, 8854429, 28919
282552, 8825520, 8854442, 28922
282553, 8825530, 8854456, 28926
282554, 8825540, 8854469, 28929
282555, 8825550, 8854482, 28932
282556, 8825560, 8854496, 28936
282557, 8825570, 8854509, 28939
282558, 8825580, 8854523, 28943
282559, 8825590, 8854536, 28946
282561, 8825610, 8854550, 28940
282562, 8825620, 8854563, 28943
282563, 8825630, 8854577, 28947
282564, 8825640, 8854590, 28950
282565, 8825650, 8854603, 28953
282566, 8825660, 8854617, 28957
282567, 8825670, 8854630, 28960
282568, 8825680, 8854644, 28964
282569, 8825690, 8854657, 28967
282570, 8825700, 8854671, 28971
282572, 8825720, 8854684, 28964
282573, 8825730, 8854698, 28968
282574, 8825740, 8854711, 28971
282575, 8825750, 8854724, 28974
282576, 8825760, 8854738, 28978
282577, 8825770, 8854751, 28981
282578, 8825780, 8854765, 28985
282579, 8825790, 8854778, 28988
282580, 8825800, 8854792, 28992
282582, 8825820, 8854805, 28985
282583, 8825830, 8854818, 28988
282584, 8825840, 8854832, 28992
282585, 8825850, 8854845, 28995
282586, 8825860, 8854859, 28999
282587, 8825870, 8854872, 29002
282588, 8825880, 8854886, 29006
282589, 8825890, 8854899, 29009
282590, 8825900, 8854913, 29013
282591, 8825910, 8854926, 29016
282593, 8825930, 8854939, 29009
282594, 8825940, 8854953, 29013
282595, 8825950, 8854966, 29016
282596, 8825960, 8854980, 29020
282597, 8825970, 8854993, 29023
282598, 8825980, 8855007, 29027
282599, 8825990, 8855020, 29030
283002, 8830020, 8855047, 25027
283003, 8830030, 8855060, 25030
283004, 8830040, 8855074, 25034
283005, 8830050, 8855087, 25037
283006, 8830060, 8855101, 25041
283007, 8830070, 8855114, 25044
283008, 8830080, 8855127, 25047
283009, 8830090, 8855141, 25051
283010, 8830100, 8855154, 25054
283012, 8830120, 8855168, 25048
283013, 8830130, 8855181, 25051
283014, 8830140, 8855195, 25055
283015, 8830150, 8855208, 25058
283016, 8830160, 8855222, 25062
283017, 8830170, 8855235, 25065
283018, 8830180, 8855248, 25068
283019, 8830190, 8855262, 25072
283020, 8830200, 8855275, 25075
283021, 8830210, 8855289, 25079
283023, 8830230, 8855302, 25072
283024, 8830240, 8855316, 25076
283025, 8830250, 8855329, 25079
283026, 8830260, 8855342, 25082
283027, 8830270, 8855356, 25086
283028, 8830280, 8855369, 25089
283029, 8830290, 8855383, 25093
283030, 8830300, 8855396, 25096
283031, 8830310, 8855410, 25100
283033, 8830330, 8855423, 25093
283034, 8830340, 8855437, 25097
283035, 8830350, 8855450, 25100
283036, 8830360, 8855463, 25103
283037, 8830370, 8855477, 25107
283038, 8830380, 8855490, 25110
283039, 8830390, 8855504, 25114
283040, 8830400, 8855517, 25117
283041, 8830410, 8855531, 25121
283042, 8830420, 8855544, 25124
283044, 8830440, 8855558, 25118
283045, 8830450, 8855571, 25121
283046, 8830460, 8855584, 25124
283047, 8830470, 8855598, 25128
283048, 8830480, 8855611, 25131
283049, 8830490, 8855625, 25135
283051, 8830510, 8855652, 25142
283052, 8830520, 8855665, 25145
283053, 8830530, 8855678, 25148
283055, 8830550, 8855692, 25142
283056, 8830560, 8855705, 25145
283057, 8830570, 8855719, 25149
283058, 8830580, 8855732, 25152
283059, 8830590, 8855746, 25156
283060, 8830600, 8855759, 25159
283061, 8830610, 8855773, 25163
283062, 8830620, 8855786, 25166
283063, 8830630, 8855799, 25169
283065, 8830650, 8855813, 25163
283066, 8830660, 8855826, 25166
283067, 8830670, 8855840, 25170
283068, 8830680, 8855853, 25173
283069, 8830690, 8855867, 25177
283070, 8830700, 8855880, 25180
283071, 8830710, 8855894, 25184
283072, 8830720, 8855907, 25187
283073, 8830730, 8855920, 25190
283074, 8830740, 8855934, 25194
283076, 8830760, 8855947, 25187
283077, 8830770, 8855961, 25191
283078, 8830780, 8855974, 25194
283079, 8830790, 8855988, 25198
283080, 8830800, 8856001, 25201
283081, 8830810, 8856014, 25204
283082, 8830820, 8856028, 25208
283083, 8830830, 8856041, 25211
283084, 8830840, 8856055, 25215
283085, 8830850, 8856068, 25218
283087, 8830870, 8856082, 25212
283088, 8830880, 8856095, 25215
283089, 8830890, 8856109, 25219
283090, 8830900, 8856122, 25222
283091, 8830910, 8856135, 25225
283092, 8830920, 8856149, 25229
283093, 8830930, 8856162, 25232
283094, 8830940, 8856176, 25236
283095, 8830950, 8856189, 25239
283097, 8830970, 8856203, 25233
283098, 8830980, 8856216, 25236
283099, 8830990, 8856230, 25240
283101, 8831010, 8856256, 25246
283102, 8831020, 8856270, 25250
283103, 8831030, 8856283, 25253
283104, 8831040, 8856297, 25257
283105, 8831050, 8856310, 25260
283106, 8831060, 8856324, 25264
283108, 8831080, 8856337, 25257
283109, 8831090, 8856350, 25260
283110, 8831100, 8856364, 25264
283111, 8831110, 8856377, 25267
283112, 8831120, 8856391, 25271
283113, 8831130, 8856404, 25274
283114, 8831140, 8856418, 25278
283115, 8831150, 8856431, 25281
283116, 8831160, 8860012, 28852
283118, 8831180, 8860026, 28846
283119, 8831190, 8860039, 28849
283120, 8831200, 8860052, 28852
283121, 8831210, 8860066, 28856
283122, 8831220, 8860079, 28859
283123, 8831230, 8860093, 28863
283124, 8831240, 8860106, 28866
283125, 8831250, 8860120, 28870
283126, 8831260, 8860133, 28873
283127, 8831270, 8860146, 28876
283129, 8831290, 8860160, 28870
283130, 8831300, 8860173, 28873
283131, 8831310, 8860187, 28877
283132, 8831320, 8860200, 28880
283133, 8831330, 8860214, 28884
283134, 8831340, 8860227, 28887
283135, 8831350, 8860241, 28891
283136, 8831360, 8860254, 28894
283137, 8831370, 8860267, 28897
283138, 8831380, 8860281, 28901
283140, 8831400, 8860294, 28894
283141, 8831410, 8860308, 28898
283142, 8831420, 8860321, 28901
283143, 8831430, 8860335, 28905
283144, 8831440, 8860348, 28908
283145, 8831450, 8860362, 28912
283146, 8831460, 8860375, 28915
283147, 8831470, 8860388, 28918
283148, 8831480, 8860402, 28922
283151, 8831510, 8860429, 28919
283152, 8831520, 8860442, 28922
283153, 8831530, 8860456, 28926
283154, 8831540, 8860469, 28929
283155, 8831550, 8860482, 28932
283156, 8831560, 8860496, 28936
283157, 8831570, 8860509, 28939
283158, 8831580, 8860523, 28943
283159, 8831590, 8860536, 28946
283161, 8831610, 8860550, 28940
283162, 8831620, 8860563, 28943
283163, 8831630, 8860577, 28947
283164, 8831640, 8860590, 28950
283165, 8831650, 8860603, 28953
283166, 8831660, 8860617, 28957
283167, 8831670, 8860630, 28960
283168, 8831680, 8860644, 28964
283169, 8831690, 8860657, 28967
283171, 8831710, 8860671, 28961
283172, 8831720, 8860684, 28964
283173, 8831730, 8860698, 28968
283174, 8831740, 8860711, 28971
283175, 8831750, 8860724, 28974
283176, 8831760, 8860738, 28978
283177, 8831770, 8860751, 28981
283178, 8831780, 8860765, 28985
283179, 8831790, 8860778, 28988
283180, 8831800, 8860792, 28992
283182, 8831820, 8860805, 28985
283183, 8831830, 8860818, 28988
283184, 8831840, 8860832, 28992
283185, 8831850, 8860845, 28995
283186, 8831860, 8860859, 28999
283187, 8831870, 8860872, 29002
283188, 8831880, 8860886, 29006
283189, 8831890, 8860899, 29009
283190, 8831900, 8860913, 29013
283191, 8831910, 8860926, 29016
283193, 8831930, 8860939, 29009
283194, 8831940, 8860953, 29013
283195, 8831950, 8860966, 29016
283196, 8831960, 8860980, 29020
283197, 8831970, 8860993, 29023
283198, 8831980, 8861007, 29027
283199, 8831990, 8861020, 29030
283602, 8836020, 8861047, 25027
283603, 8836030, 8861060, 25030
283604, 8836040, 8861074, 25034
283605, 8836050, 8861087, 25037
283606, 8836060, 8861101, 25041
283607, 8836070, 8861114, 25044
283608, 8836080, 8861128, 25048
283609, 8836090, 8861141, 25051
283610, 8836100, 8861154, 25054
283612, 8836120, 8861168, 25048
283613, 8836130, 8861181, 25051
283614, 8836140, 8861195, 25055
283615, 8836150, 8861208, 25058
283616, 8836160, 8861222, 25062
283617, 8836170, 8861235, 25065
283618, 8836180, 8861249, 25069
283619, 8836190, 8861262, 25072
283620, 8836200, 8861275, 25075
283621, 8836210, 8861289, 25079
283623, 8836230, 8861302, 25072
283624, 8836240, 8861316, 25076
283625, 8836250, 8861329, 25079
283626, 8836260, 8861343, 25083
283627, 8836270, 8861356, 25086
283628, 8836280, 8861370, 25090
283629, 8836290, 8861383, 25093
283630, 8836300, 8861396, 25096
283631, 8836310, 8861410, 25100
283633, 8836330, 8861423, 25093
283634, 8836340, 8861437, 25097
283635, 8836350, 8861450, 25100
283636, 8836360, 8861464, 25104
283637, 8836370, 8861477, 25107
283638, 8836380, 8861490, 25110
283639, 8836390, 8861504, 25114
283640, 8836400, 8861517, 25117
283641, 8836410, 8861531, 25121
283642, 8836420, 8861544, 25124
283644, 8836440, 8861558, 25118
283645, 8836450, 8861571, 25121
283646, 8836460, 8861585, 25125
283647, 8836470, 8861598, 25128
283648, 8836480, 8861611, 25131
283649, 8836490, 8861625, 25135
283651, 8836510, 8861652, 25142
283652, 8836520, 8861665, 25145
283653, 8836530, 8861679, 25149
283655, 8836550, 8861692, 25142
283656, 8836560, 8861706, 25146
283657, 8836570, 8861719, 25149
283658, 8836580, 8861732, 25152
283659, 8836590, 8861746, 25156
283660, 8836600, 8861759, 25159
283661, 8836610, 8861773, 25163
283662, 8836620, 8861786, 25166
283663, 8836630, 8861800, 25170
283665, 8836650, 8861813, 25163
283666, 8836660, 8861826, 25166
283667, 8836670, 8861840, 25170
283668, 8836680, 8861853, 25173
283669, 8836690, 8861867, 25177
283670, 8836700, 8861880, 25180
283671, 8836710, 8861894, 25184
283672, 8836720, 8861907, 25187
283673, 8836730, 8861921, 25191
283674, 8836740, 8861934, 25194
283676, 8836760, 8861947, 25187
283677, 8836770, 8861961, 25191
283678, 8836780, 8861974, 25194
283679, 8836790, 8861988, 25198
283680, 8836800, 8862001, 25201
283681, 8836810, 8862015, 25205
283682, 8836820, 8862028, 25208
283683, 8836830, 8862042, 25212
283684, 8836840, 8862055, 25215
283685, 8836850, 8862068, 25218
283687, 8836870, 8862082, 25212
283688, 8836880, 8862095, 25215
283689, 8836890, 8862109, 25219
283690, 8836900, 8862122, 25222
283691, 8836910, 8862136, 25226
283692, 8836920, 8862149, 25229
283693, 8836930, 8862162, 25232
283694, 8836940, 8862176, 25236
283695, 8836950, 8862189, 25239
283697, 8836970, 8862203, 25233
283698, 8836980, 8862216, 25236
283699, 8836990, 8862230, 25240
283701, 8837010, 8862257, 25247
283702, 8837020, 8862270, 25250
283703, 8837030, 8862283, 25253
283704, 8837040, 8862297, 25257
283705, 8837050, 8862310, 25260
283706, 8837060, 8862324, 25264
283708, 8837080, 8862337, 25257
283709, 8837090, 8862351, 25261
283710, 8837100, 8862364, 25264
283711, 8837110, 8862378, 25268
283712, 8837120, 8862391, 25271
283713, 8837130, 8862404, 25274
283714, 8837140, 8862418, 25278
283715, 8837150, 8862431, 25281
283716, 8837160, 8866012, 28852
283718, 8837180, 8866026, 28846
283719, 8837190, 8866039, 28849
283720, 8837200, 8866052, 28852
283721, 8837210, 8866066, 28856
283722, 8837220, 8866079, 28859
283723, 8837230, 8866093, 28863
283724, 8837240, 8866106, 28866
283725, 8837250, 8866120, 28870
283726, 8837260, 8866133, 28873
283727, 8837270, 8866146, 28876
283729, 8837290, 8866160, 28870
283730, 8837300, 8866173, 28873
283731, 8837310, 8866187, 28877
283732, 8837320, 8866200, 28880
283733, 8837330, 8866214, 28884
283734, 8837340, 8866227, 28887
283735, 8837350, 8866241, 28891
283736, 8837360, 8866254, 28894
283737, 8837370, 8866267, 28897
283738, 8837380, 8866281, 28901
283740, 8837400, 8866294, 28894
283741, 8837410, 8866308, 28898
283742, 8837420, 8866321, 28901
283743, 8837430, 8866335, 28905
283744, 8837440, 8866348, 28908
283745, 8837450, 8866362, 28912
283746, 8837460, 8866375, 28915
283747, 8837470, 8866388, 28918
283748, 8837480, 8866402, 28922
283751, 8837510, 8866429, 28919
283752, 8837520, 8866442, 28922
283753, 8837530, 8866456, 28926
283754, 8837540, 8866469, 28929
283755, 8837550, 8866482, 28932
283756, 8837560, 8866496, 28936
283757, 8837570, 8866509, 28939
283758, 8837580, 8866523, 28943
283759, 8837590, 8866536, 28946
283761, 8837610, 8866550, 28940
283762, 8837620, 8866563, 28943
283763, 8837630, 8866577, 28947
283764, 8837640, 8866590, 28950
283765, 8837650, 8866603, 28953
283766, 8837660, 8866617, 28957
283767, 8837670, 8866630, 28960
283768, 8837680, 8866644, 28964
283769, 8837690, 8866657, 28967
283771, 8837710, 8866671, 28961
283772, 8837720, 8866684, 28964
283773, 8837730, 8866698, 28968
283774, 8837740, 8866711, 28971
283775, 8837750, 8866724, 28974
283776, 8837760, 8866738, 28978
283777, 8837770, 8866751, 28981
283778, 8837780, 8866765, 28985
283779, 8837790, 8866778, 28988
283780, 8837800, 8866792, 28992
283782, 8837820, 8866805, 28985
283783, 8837830, 8866818, 28988
283784, 8837840, 8866832, 28992
283785, 8837850, 8866845, 28995
283786, 8837860, 8866859, 28999
283787, 8837870, 8866872, 29002
283788, 8837880, 8866886, 29006
283789, 8837890, 8866899, 29009
283790, 8837900, 8866913, 29013
283791, 8837910, 8866926, 29016
283793, 8837930, 8866939, 29009
283794, 8837940, 8866953, 29013
283795, 8837950, 8866966, 29016
283796, 8837960, 8866980, 29020
283797, 8837970, 8866993, 29023
283798, 8837980, 8867007, 29027
283799, 8837990, 8867020, 29030
284202, 8842020, 8867047, 25027
284203, 8842030, 8867060, 25030
284204, 8842040, 8867074, 25034
284205, 8842050, 8867087, 25037
284206, 8842060, 8867101, 25041
284207, 8842070, 8867114, 25044
284208, 8842080, 8867128, 25048
284209, 8842090, 8867141, 25051
284210, 8842100, 8867154, 25054
284212, 8842120, 8867168, 25048
284213, 8842130, 8867181, 25051
284214, 8842140, 8867195, 25055
284215, 8842150, 8867208, 25058
284216, 8842160, 8867222, 25062
284217, 8842170, 8867235, 25065
284218, 8842180, 8867249, 25069
284219, 8842190, 8867262, 25072
284220, 8842200, 8867275, 25075
284221, 8842210, 8867289, 25079
284223, 8842230, 8867302, 25072
284224, 8842240, 8867316, 25076
284225, 8842250, 8867329, 25079
284226, 8842260, 8867343, 25083
284227, 8842270, 8867356, 25086
284228, 8842280, 8867370, 25090
284229, 8842290, 8867383, 25093
284230, 8842300, 8867396, 25096
284231, 8842310, 8867410, 25100
284233, 8842330, 8867423, 25093
284234, 8842340, 8867437, 25097
284235, 8842350, 8867450, 25100
284236, 8842360, 8867464, 25104
284237, 8842370, 8867477, 25107
284238, 8842380, 8867490, 25110
284239, 8842390, 8867504, 25114
284240, 8842400, 8867517, 25117
284241, 8842410, 8867531, 25121
284242, 8842420, 8867544, 25124
284244, 8842440, 8867558, 25118
284245, 8842450, 8867571, 25121
284246, 8842460, 8867585, 25125
284247, 8842470, 8867598, 25128
284248, 8842480, 8867611, 25131
284249, 8842490, 8867625, 25135
284251, 8842510, 8867652, 25142
284252, 8842520, 8867665, 25145
284253, 8842530, 8867679, 25149
284255, 8842550, 8867692, 25142
284256, 8842560, 8867706, 25146
284257, 8842570, 8867719, 25149
284258, 8842580, 8867732, 25152
284259, 8842590, 8867746, 25156
284260, 8842600, 8867759, 25159
284261, 8842610, 8867773, 25163
284262, 8842620, 8867786, 25166
284263, 8842630, 8867800, 25170
284265, 8842650, 8867813, 25163
284266, 8842660, 8867826, 25166
284267, 8842670, 8867840, 25170
284268, 8842680, 8867853, 25173
284269, 8842690, 8867867, 25177
284270, 8842700, 8867880, 25180
284271, 8842710, 8867894, 25184
284272, 8842720, 8867907, 25187
284273, 8842730, 8867921, 25191
284274, 8842740, 8867934, 25194
284276, 8842760, 8867947, 25187
284277, 8842770, 8867961, 25191
284278, 8842780, 8867974, 25194
284279, 8842790, 8867988, 25198
284280, 8842800, 8868001, 25201
284281, 8842810, 8868015, 25205
284282, 8842820, 8868028, 25208
284283, 8842830, 8868042, 25212
284284, 8842840, 8868055, 25215
284285, 8842850, 8868068, 25218
284287, 8842870, 8868082, 25212
284288, 8842880, 8868095, 25215
284289, 8842890, 8868109, 25219
284290, 8842900, 8868122, 25222
284291, 8842910, 8868136, 25226
284292, 8842920, 8868149, 25229
284293, 8842930, 8868162, 25232
284294, 8842940, 8868176, 25236
284295, 8842950, 8868189, 25239
284297, 8842970, 8868203, 25233
284298, 8842980, 8868216, 25236
284299, 8842990, 8868230, 25240
284301, 8843010, 8868257, 25247
284302, 8843020, 8868270, 25250
284303, 8843030, 8868283, 25253
284304, 8843040, 8868297, 25257
284305, 8843050, 8868310, 25260
284306, 8843060, 8868324, 25264
284308, 8843080, 8868337, 25257
284309, 8843090, 8868351, 25261
284310, 8843100, 8868364, 25264
284311, 8843110, 8868378, 25268
284312, 8843120, 8868391, 25271
284313, 8843130, 8868404, 25274
284314, 8843140, 8868418, 25278
284315, 8843150, 8868431, 25281
284316, 8843160, 8872012, 28852
284318, 8843180, 8872026, 28846
284319, 8843190, 8872039, 28849
284320, 8843200, 8872052, 28852
284321, 8843210, 8872066, 28856
284322, 8843220, 8872079, 28859
284323, 8843230, 8872093, 28863
284324, 8843240, 8872106, 28866
284325, 8843250, 8872120, 28870
284326, 8843260, 8872133, 28873
284327, 8843270, 8872146, 28876
284329, 8843290, 8872160, 28870
284330, 8843300, 8872173, 28873
284331, 8843310, 8872187, 28877
284332, 8843320, 8872200, 28880
284333, 8843330, 8872214, 28884
284334, 8843340, 8872227, 28887
284335, 8843350, 8872241, 28891
284336, 8843360, 8872254, 28894
284337, 8843370, 8872267, 28897
284338, 8843380, 8872281, 28901
284340, 8843400, 8872294, 28894
284341, 8843410, 8872308, 28898
284342, 8843420, 8872321, 28901
284343, 8843430, 8872335, 28905
284344, 8843440, 8872348, 28908
284345, 8843450, 8872362, 28912
284346, 8843460, 8872375, 28915
284347, 8843470, 8872388, 28918
284348, 8843480, 8872402, 28922
284351, 8843510, 8872429, 28919
284352, 8843520, 8872442, 28922
284353, 8843530, 8872456, 28926
284354, 8843540, 8872469, 28929
284355, 8843550, 8872482, 28932
284356, 8843560, 8872496, 28936
284357, 8843570, 8872509, 28939
284358, 8843580, 8872523, 28943
284359, 8843590, 8872536, 28946
284361, 8843610, 8872550, 28940
284362, 8843620, 8872563, 28943
284363, 8843630, 8872577, 28947
284364, 8843640, 8872590, 28950
284365, 8843650, 8872603, 28953
284366, 8843660, 8872617, 28957
284367, 8843670, 8872630, 28960
284368, 8843680, 8872644, 28964
284369, 8843690, 8872657, 28967
284371, 8843710, 8872671, 28961
284372, 8843720, 8872684, 28964
284373, 8843730, 8872698, 28968
284374, 8843740, 8872711, 28971
284375, 8843750, 8872724, 28974
284376, 8843760, 8872738, 28978
284377, 8843770, 8872751, 28981
284378, 8843780, 8872765, 28985
284379, 8843790, 8872778, 28988
284380, 8843800, 8872792, 28992
284382, 8843820, 8872805, 28985
284383, 8843830, 8872818, 28988
284384, 8843840, 8872832, 28992
284385, 8843850, 8872845, 28995
284386, 8843860, 8872859, 28999
284387, 8843870, 8872872, 29002
284388, 8843880, 8872886, 29006
284389, 8843890, 8872899, 29009
284390, 8843900, 8872913, 29013
284391, 8843910, 8872926, 29016
284393, 8843930, 8872939, 29009
284394, 8843940, 8872953, 29013
284395, 8843950, 8872966, 29016
284396, 8843960, 8872980, 29020
284397, 8843970, 8872993, 29023
284398, 8843980, 8873007, 29027
284399, 8843990, 8873020, 29030
284802, 8848020, 8873047, 25027
284803, 8848030, 8873060, 25030
284804, 8848040, 8873074, 25034
284805, 8848050, 8873087, 25037
284806, 8848060, 8873101, 25041
284807, 8848070, 8873114, 25044
284808, 8848080, 8873128, 25048
284809, 8848090, 8873141, 25051
284810, 8848100, 8873154, 25054
284812, 8848120, 8873168, 25048
284813, 8848130, 8873181, 25051
284814, 8848140, 8873195, 25055
284815, 8848150, 8873208, 25058
284816, 8848160, 8873222, 25062
284817, 8848170, 8873235, 25065
284818, 8848180, 8873249, 25069
284819, 8848190, 8873262, 25072
284820, 8848200, 8873275, 25075
284821, 8848210, 8873289, 25079
284823, 8848230, 8873302, 25072
284824, 8848240, 8873316, 25076
284825, 8848250, 8873329, 25079
284826, 8848260, 8873343, 25083
284827, 8848270, 8873356, 25086
284828, 8848280, 8873370, 25090
284829, 8848290, 8873383, 25093
284830, 8848300, 8873396, 25096
284831, 8848310, 8873410, 25100
284833, 8848330, 8873423, 25093
284834, 8848340, 8873437, 25097
284835, 8848350, 8873450, 25100
284836, 8848360, 8873464, 25104
284837, 8848370, 8873477, 25107
284838, 8848380, 8873490, 25110
284839, 8848390, 8873504, 25114
284840, 8848400, 8873517, 25117
284841, 8848410, 8873531, 25121
284842, 8848420, 8873544, 25124
284844, 8848440, 8873558, 25118
284845, 8848450, 8873571, 25121
284846, 8848460, 8873585, 25125
284847, 8848470, 8873598, 25128
284848, 8848480, 8873611, 25131
284849, 8848490, 8873625, 25135
284851, 8848510, 8873652, 25142
284852, 8848520, 8873665, 25145
284853, 8848530, 8873679, 25149
284855, 8848550, 8873692, 25142
284856, 8848560, 8873706, 25146
284857, 8848570, 8873719, 25149
284858, 8848580, 8873732, 25152
284859, 8848590, 8873746, 25156
284860, 8848600, 8873759, 25159
284861, 8848610, 8873773, 25163
284862, 8848620, 8873786, 25166
284863, 8848630, 8873800, 25170
284865, 8848650, 8873813, 25163
284866, 8848660, 8873826, 25166
284867, 8848670, 8873840, 25170
284868, 8848680, 8873853, 25173
284869, 8848690, 8873867, 25177
284870, 8848700, 8873880, 25180
284871, 8848710, 8873894, 25184
284872, 8848720, 8873907, 25187
284873, 8848730, 8873921, 25191
284874, 8848740, 8873934, 25194
284876, 8848760, 8873947, 25187
284877, 8848770, 8873961, 25191
284878, 8848780, 8873974, 25194
284879, 8848790, 8873988, 25198
284880, 8848800, 8874001, 25201
284881, 8848810, 8874015, 25205
284882, 8848820, 8874028, 25208
284883, 8848830, 8874042, 25212
284884, 8848840, 8874055, 25215
284885, 8848850, 8874068, 25218
284887, 8848870, 8874082, 25212
284888, 8848880, 8874095, 25215
284889, 8848890, 8874109, 25219
284890, 8848900, 8874122, 25222
284891, 8848910, 8874136, 25226
284892, 8848920, 8874149, 25229
284893, 8848930, 8874162, 25232
284894, 8848940, 8874176, 25236
284895, 8848950, 8874189, 25239
284897, 8848970, 8874203, 25233
284898, 8848980, 8874216, 25236
284899, 8848990, 8874230, 25240
284901, 8849010, 8874257, 25247
284902, 8849020, 8874270, 25250
284903, 8849030, 8874283, 25253
284904, 8849040, 8874297, 25257
284905, 8849050, 8874310, 25260
284906, 8849060, 8874324, 25264
284908, 8849080, 8874337, 25257
284909, 8849090, 8874351, 25261
284910, 8849100, 8874364, 25264
284911, 8849110, 8874378, 25268
284912, 8849120, 8874391, 25271
284913, 8849130, 8874404, 25274
284914, 8849140, 8874418, 25278
284915, 8849150, 8874431, 25281
284916, 8849160, 8878012, 28852
284918, 8849180, 8878026, 28846
284919, 8849190, 8878039, 28849
284920, 8849200, 8878052, 28852
284921, 8849210, 8878066, 28856
284922, 8849220, 8878079, 28859
284923, 8849230, 8878093, 28863
284924, 8849240, 8878106, 28866
284925, 8849250, 8878120, 28870
284926, 8849260, 8878133, 28873
284927, 8849270, 8878146, 28876
284929, 8849290, 8878160, 28870
284930, 8849300, 8878173, 28873
284931, 8849310, 8878187, 28877
284932, 8849320, 8878200, 28880
284933, 8849330, 8878214, 28884
284934, 8849340, 8878227, 28887
284935, 8849350, 8878241, 28891
284936, 8849360, 8878254, 28894
284937, 8849370, 8878267, 28897
284938, 8849380, 8878281, 28901
284940, 8849400, 8878294, 28894
284941, 8849410, 8878308, 28898
284942, 8849420, 8878321, 28901
284943, 8849430, 8878335, 28905
284944, 8849440, 8878348, 28908
284945, 8849450, 8878362, 28912
284946, 8849460, 8878375, 28915
284947, 8849470, 8878388, 28918
284948, 8849480, 8878402, 28922
284951, 8849510, 8878429, 28919
284952, 8849520, 8878442, 28922
284953, 8849530, 8878456, 28926
284954, 8849540, 8878469, 28929
284955, 8849550, 8878482, 28932
284956, 8849560, 8878496, 28936
284957, 8849570, 8878509, 28939
284958, 8849580, 8878523, 28943
284959, 8849590, 8878536, 28946
284961, 8849610, 8878550, 28940
284962, 8849620, 8878563, 28943
284963, 8849630, 8878577, 28947
284964, 8849640, 8878590, 28950
284965, 8849650, 8878603, 28953
284966, 8849660, 8878617, 28957
284967, 8849670, 8878630, 28960
284968, 8849680, 8878644, 28964
284969, 8849690, 8878657, 28967
284971, 8849710, 8878671, 28961
284972, 8849720, 8878684, 28964
284973, 8849730, 8878698, 28968
284974, 8849740, 8878711, 28971
284975, 8849750, 8878724, 28974
284976, 8849760, 8878738, 28978
284977, 8849770, 8878751, 28981
284978, 8849780, 8878765, 28985
284979, 8849790, 8878778, 28988
284980, 8849800, 8878792, 28992
284982, 8849820, 8878805, 28985
284983, 8849830, 8878818, 28988
284984, 8849840, 8878832, 28992
284985, 8849850, 8878845, 28995
284986, 8849860, 8878859, 28999
284987, 8849870, 8878872, 29002
284988, 8849880, 8878886, 29006
284989, 8849890, 8878899, 29009
284990, 8849900, 8878913, 29013
284991, 8849910, 8878926, 29016
284993, 8849930, 8878939, 29009
284994, 8849940, 8878953, 29013
284995, 8849950, 8878966, 29016
284996, 8849960, 8878980, 29020
284997, 8849970, 8878993, 29023
284998, 8849980, 8879007, 29027
284999, 8849990, 8879020, 29030
285402, 8854020, 8879047, 25027
285403, 8854030, 8879060, 25030
285404, 8854040, 8879074, 25034
285405, 8854050, 8879087, 25037
285406, 8854060, 8879101, 25041
285407, 8854070, 8879114, 25044
285408, 8854080, 8879128, 25048
285409, 8854090, 8879141, 25051
285410, 8854100, 8879154, 25054
285412, 8854120, 8879168, 25048
285413, 8854130, 8879181, 25051
285414, 8854140, 8879195, 25055
285415, 8854150, 8879208, 25058
285416, 8854160, 8879222, 25062
285417, 8854170, 8879235, 25065
285418, 8854180, 8879249, 25069
285419, 8854190, 8879262, 25072
285420, 8854200, 8879275, 25075
285421, 8854210, 8879289, 25079
285423, 8854230, 8879302, 25072
285424, 8854240, 8879316, 25076
285425, 8854250, 8879329, 25079
285426, 8854260, 8879343, 25083
285427, 8854270, 8879356, 25086
285428, 8854280, 8879370, 25090
285429, 8854290, 8879383, 25093
285430, 8854300, 8879396, 25096
285431, 8854310, 8879410, 25100
285433, 8854330, 8879423, 25093
285434, 8854340, 8879437, 25097
285435, 8854350, 8879450, 25100
285436, 8854360, 8879464, 25104
285437, 8854370, 8879477, 25107
285438, 8854380, 8879490, 25110
285439, 8854390, 8879504, 25114
285440, 8854400, 8879517, 25117
285441, 8854410, 8879531, 25121
285442, 8854420, 8879544, 25124
285444, 8854440, 8879558, 25118
285445, 8854450, 8879571, 25121
285446, 8854460, 8879585, 25125
285447, 8854470, 8879598, 25128
285448, 8854480, 8879611, 25131
285449, 8854490, 8879625, 25135
285451, 8854510, 8879652, 25142
285452, 8854520, 8879665, 25145
285453, 8854530, 8879679, 25149
285455, 8854550, 8879692, 25142
285456, 8854560, 8879706, 25146
285457, 8854570, 8879719, 25149
285458, 8854580, 8879732, 25152
285459, 8854590, 8879746, 25156
285460, 8854600, 8879759, 25159
285461, 8854610, 8879773, 25163
285462, 8854620, 8879786, 25166
285463, 8854630, 8879800, 25170
285465, 8854650, 8879813, 25163
285466, 8854660, 8879826, 25166
285467, 8854670, 8879840, 25170
285468, 8854680, 8879853, 25173
285469, 8854690, 8879867, 25177
285470, 8854700, 8879880, 25180
285471, 8854710, 8879894, 25184
285472, 8854720, 8879907, 25187
285473, 8854730, 8879921, 25191
285474, 8854740, 8879934, 25194
285476, 8854760, 8879947, 25187
285477, 8854770, 8879961, 25191
285478, 8854780, 8879974, 25194
285479, 8854790, 8879988, 25198
285480, 8854800, 8880001, 25201
285481, 8854810, 8880015, 25205
285482, 8854820, 8880028, 25208
285483, 8854830, 8880042, 25212
285484, 8854840, 8880055, 25215
285485, 8854850, 8880068, 25218
285487, 8854870, 8880082, 25212
285488, 8854880, 8880095, 25215
285489, 8854890, 8880109, 25219
285490, 8854900, 8880122, 25222
285491, 8854910, 8880136, 25226
285492, 8854920, 8880149, 25229
285493, 8854930, 8880162, 25232
285494, 8854940, 8880176, 25236
285495, 8854950, 8880189, 25239
285497, 8854970, 8880203, 25233
285498, 8854980, 8880216, 25236
285499, 8854990, 8880230, 25240
285501, 8855010, 8880257, 25247
285502, 8855020, 8880270, 25250
285503, 8855030, 8880283, 25253
285504, 8855040, 8880297, 25257
285505, 8855050, 8880310, 25260
285506, 8855060, 8880324, 25264
285508, 8855080, 8880337, 25257
285509, 8855090, 8880351, 25261
285510, 8855100, 8880364, 25264
285511, 8855110, 8880378, 25268
285512, 8855120, 8880391, 25271
285513, 8855130, 8880404, 25274
285514, 8855140, 8880418, 25278
285515, 8855150, 8880431, 25281
285516, 8855160, 8884012, 28852
285517, 8855170, 8884026, 28856
285519, 8855190, 8884039, 28849
285520, 8855200, 8884052, 28852
285521, 8855210, 8884066, 28856
285522, 8855220, 8884079, 28859
285523, 8855230, 8884093, 28863
285524, 8855240, 8884106, 28866
285525, 8855250, 8884120, 28870
285526, 8855260, 8884133, 28873
285527, 8855270, 8884146, 28876
285529, 8855290, 8884160, 28870
285530, 8855300, 8884173, 28873
285531, 8855310, 8884187, 28877
285532, 8855320, 8884200, 28880
285533, 8855330, 8884214, 28884
285534, 8855340, 8884227, 28887
285535, 8855350, 8884241, 28891
285536, 8855360, 8884254, 28894
285537, 8855370, 8884267, 28897
285538, 8855380, 8884281, 28901
285540, 8855400, 8884294, 28894
285541, 8855410, 8884308, 28898
285542, 8855420, 8884321, 28901
285543, 8855430, 8884335, 28905
285544, 8855440, 8884348, 28908
285545, 8855450, 8884362, 28912
285546, 8855460, 8884375, 28915
285547, 8855470, 8884388, 28918
285548, 8855480, 8884402, 28922
285551, 8855510, 8884429, 28919
285552, 8855520, 8884442, 28922
285553, 8855530, 8884456, 28926
285554, 8855540, 8884469, 28929
285555, 8855550, 8884482, 28932
285556, 8855560, 8884496, 28936
285557, 8855570, 8884509, 28939
285558, 8855580, 8884523, 28943
285559, 8855590, 8884536, 28946
285561, 8855610, 8884550, 28940
285562, 8855620, 8884563, 28943
285563, 8855630, 8884577, 28947
285564, 8855640, 8884590, 28950
285565, 8855650, 8884603, 28953
285566, 8855660, 8884617, 28957
285567, 8855670, 8884630, 28960
285568, 8855680, 8884644, 28964
285569, 8855690, 8884657, 28967
285570, 8855700, 8884671, 28971
285572, 8855720, 8884684, 28964
285573, 8855730, 8884698, 28968
285574, 8855740, 8884711, 28971
285575, 8855750, 8884724, 28974
285576, 8855760, 8884738, 28978
285577, 8855770, 8884751, 28981
285578, 8855780, 8884765, 28985
285579, 8855790, 8884778, 28988
285580, 8855800, 8884792, 28992
285582, 8855820, 8884805, 28985
285583, 8855830, 8884818, 28988
285584, 8855840, 8884832, 28992
285585, 8855850, 8884845, 28995
285586, 8855860, 8884859, 28999
285587, 8855870, 8884872, 29002
285588, 8855880, 8884886, 29006
285589, 8855890, 8884899, 29009
285590, 8855900, 8884913, 29013
285591, 8855910, 8884926, 29016
285593, 8855930, 8884939, 29009
285594, 8855940, 8884953, 29013
285595, 8855950, 8884966, 29016
285596, 8855960, 8884980, 29020
285597, 8855970, 8884993, 29023
285598, 8855980, 8885007, 29027
285599, 8855990, 8885020, 29030
286002, 8860020, 8885047, 25027
286003, 8860030, 8885060, 25030
286004, 8860040, 8885074, 25034
286005, 8860050, 8885087, 25037
286006, 8860060, 8885101, 25041
286007, 8860070, 8885114, 25044
286008, 8860080, 8885127, 25047
286009, 8860090, 8885141, 25051
286010, 8860100, 8885154, 25054
286012, 8860120, 8885168, 25048
286013, 8860130, 8885181, 25051
286014, 8860140, 8885195, 25055
286015, 8860150, 8885208, 25058
286016, 8860160, 8885222, 25062
286017, 8860170, 8885235, 25065
286018, 8860180, 8885248, 25068
286019, 8860190, 8885262, 25072
286020, 8860200, 8885275, 25075
286021, 8860210, 8885289, 25079
286023, 8860230, 8885302, 25072
286024, 8860240, 8885316, 25076
286025, 8860250, 8885329, 25079
286026, 8860260, 8885342, 25082
286027, 8860270, 8885356, 25086
286028, 8860280, 8885369, 25089
286029, 8860290, 8885383, 25093
286030, 8860300, 8885396, 25096
286031, 8860310, 8885410, 25100
286033, 8860330, 8885423, 25093
286034, 8860340, 8885437, 25097
286035, 8860350, 8885450, 25100
286036, 8860360, 8885463, 25103
286037, 8860370, 8885477, 25107
286038, 8860380, 8885490, 25110
286039, 8860390, 8885504, 25114
286040, 8860400, 8885517, 25117
286041, 8860410, 8885531, 25121
286042, 8860420, 8885544, 25124
286044, 8860440, 8885558, 25118
286045, 8860450, 8885571, 25121
286046, 8860460, 8885584, 25124
286047, 8860470, 8885598, 25128
286048, 8860480, 8885611, 25131
286049, 8860490, 8885625, 25135
286051, 8860510, 8885652, 25142
286052, 8860520, 8885665, 25145
286053, 8860530, 8885678, 25148
286055, 8860550, 8885692, 25142
286056, 8860560, 8885705, 25145
286057, 8860570, 8885719, 25149
286058, 8860580, 8885732, 25152
286059, 8860590, 8885746, 25156
286060, 8860600, 8885759, 25159
286061, 8860610, 8885773, 25163
286062, 8860620, 8885786, 25166
286063, 8860630, 8885799, 25169
286065, 8860650, 8885813, 25163
286066, 8860660, 8885826, 25166
286067, 8860670, 8885840, 25170
286068, 8860680, 8885853, 25173
286069, 8860690, 8885867, 25177
286070, 8860700, 8885880, 25180
286071, 8860710, 8885894, 25184
286072, 8860720, 8885907, 25187
286073, 8860730, 8885920, 25190
286074, 8860740, 8885934, 25194
286076, 8860760, 8885947, 25187
286077, 8860770, 8885961, 25191
286078, 8860780, 8885974, 25194
286079, 8860790, 8885988, 25198
286080, 8860800, 8886001, 25201
286081, 8860810, 8886014, 25204
286082, 8860820, 8886028, 25208
286083, 8860830, 8886041, 25211
286084, 8860840, 8886055, 25215
286085, 8860850, 8886068, 25218
286087, 8860870, 8886082, 25212
286088, 8860880, 8886095, 25215
286089, 8860890, 8886109, 25219
286090, 8860900, 8886122, 25222
286091, 8860910, 8886135, 25225
286092, 8860920, 8886149, 25229
286093, 8860930, 8886162, 25232
286094, 8860940, 8886176, 25236
286095, 8860950, 8886189, 25239
286097, 8860970, 8886203, 25233
286098, 8860980, 8886216, 25236
286099, 8860990, 8886230, 25240
286101, 8861010, 8886256, 25246
286102, 8861020, 8886270, 25250
286103, 8861030, 8886283, 25253
286104, 8861040, 8886297, 25257
286105, 8861050, 8886310, 25260
286106, 8861060, 8886324, 25264
286108, 8861080, 8886337, 25257
286109, 8861090, 8886350, 25260
286110, 8861100, 8886364, 25264
286111, 8861110, 8886377, 25267
286112, 8861120, 8886391, 25271
286113, 8861130, 8886404, 25274
286114, 8861140, 8886418, 25278
286115, 8861150, 8886431, 25281
286116, 8861160, 8890012, 28852
286118, 8861180, 8890026, 28846
286119, 8861190, 8890039, 28849
286120, 8861200, 8890052, 28852
286121, 8861210, 8890066, 28856
286122, 8861220, 8890079, 28859
286123, 8861230, 8890093, 28863
286124, 8861240, 8890106, 28866
286125, 8861250, 8890120, 28870
286126, 8861260, 8890133, 28873
286127, 8861270, 8890146, 28876
286129, 8861290, 8890160, 28870
286130, 8861300, 8890173, 28873
286131, 8861310, 8890187, 28877
286132, 8861320, 8890200, 28880
286133, 8861330, 8890214, 28884
286134, 8861340, 8890227, 28887
286135, 8861350, 8890241, 28891
286136, 8861360, 8890254, 28894
286137, 8861370, 8890267, 28897
286138, 8861380, 8890281, 28901
286140, 8861400, 8890294, 28894
286141, 8861410, 8890308, 28898
286142, 8861420, 8890321, 28901
286143, 8861430, 8890335, 28905
286144, 8861440, 8890348, 28908
286145, 8861450, 8890362, 28912
286146, 8861460, 8890375, 28915
286147, 8861470, 8890388, 28918
286148, 8861480, 8890402, 28922
286151, 8861510, 8890429, 28919
286152, 8861520, 8890442, 28922
286153, 8861530, 8890456, 28926
286154, 8861540, 8890469, 28929
286155, 8861550, 8890482, 28932
286156, 8861560, 8890496, 28936
286157, 8861570, 8890509, 28939
286158, 8861580, 8890523, 28943
286159, 8861590, 8890536, 28946
286161, 8861610, 8890550, 28940
286162, 8861620, 8890563, 28943
286163, 8861630, 8890577, 28947
286164, 8861640, 8890590, 28950
286165, 8861650, 8890603, 28953
286166, 8861660, 8890617, 28957
286167, 8861670, 8890630, 28960
286168, 8861680, 8890644, 28964
286169, 8861690, 8890657, 28967
286171, 8861710, 8890671, 28961
286172, 8861720, 8890684, 28964
286173, 8861730, 8890698, 28968
286174, 8861740, 8890711, 28971
286175, 8861750, 8890724, 28974
286176, 8861760, 8890738, 28978
286177, 8861770, 8890751, 28981
286178, 8861780, 8890765, 28985
286179, 8861790, 8890778, 28988
286180, 8861800, 8890792, 28992
286182, 8861820, 8890805, 28985
286183, 8861830, 8890818, 28988
286184, 8861840, 8890832, 28992
286185, 8861850, 8890845, 28995
286186, 8861860, 8890859, 28999
286187, 8861870, 8890872, 29002
286188, 8861880, 8890886, 29006
286189, 8861890, 8890899, 29009
286190, 8861900, 8890913, 29013
286191, 8861910, 8890926, 29016
286193, 8861930, 8890939, 29009
286194, 8861940, 8890953, 29013
286195, 8861950, 8890966, 29016
286196, 8861960, 8890980, 29020
286197, 8861970, 8890993, 29023
286198, 8861980, 8891007, 29027
286199, 8861990, 8891020, 29030
286602, 8866020, 8891047, 25027
286603, 8866030, 8891060, 25030
286604, 8866040, 8891074, 25034
286605, 8866050, 8891087, 25037
286606, 8866060, 8891101, 25041
286607, 8866070, 8891114, 25044
286608, 8866080, 8891128, 25048
286609, 8866090, 8891141, 25051
286610, 8866100, 8891154, 25054
286612, 8866120, 8891168, 25048
286613, 8866130, 8891181, 25051
286614, 8866140, 8891195, 25055
286615, 8866150, 8891208, 25058
286616, 8866160, 8891222, 25062
286617, 8866170, 8891235, 25065
286618, 8866180, 8891249, 25069
286619, 8866190, 8891262, 25072
286620, 8866200, 8891275, 25075
286621, 8866210, 8891289, 25079
286623, 8866230, 8891302, 25072
286624, 8866240, 8891316, 25076
286625, 8866250, 8891329, 25079
286626, 8866260, 8891343, 25083
286627, 8866270, 8891356, 25086
286628, 8866280, 8891370, 25090
286629, 8866290, 8891383, 25093
286630, 8866300, 8891396, 25096
286631, 8866310, 8891410, 25100
286633, 8866330, 8891423, 25093
286634, 8866340, 8891437, 25097
286635, 8866350, 8891450, 25100
286636, 8866360, 8891464, 25104
286637, 8866370, 8891477, 25107
286638, 8866380, 8891490, 25110
286639, 8866390, 8891504, 25114
286640, 8866400, 8891517, 25117
286641, 8866410, 8891531, 25121
286642, 8866420, 8891544, 25124
286644, 8866440, 8891558, 25118
286645, 8866450, 8891571, 25121
286646, 8866460, 8891585, 25125
286647, 8866470, 8891598, 25128
286648, 8866480, 8891611, 25131
286649, 8866490, 8891625, 25135
286651, 8866510, 8891652, 25142
286652, 8866520, 8891665, 25145
286653, 8866530, 8891679, 25149
286655, 8866550, 8891692, 25142
286656, 8866560, 8891706, 25146
286657, 8866570, 8891719, 25149
286658, 8866580, 8891732, 25152
286659, 8866590, 8891746, 25156
286660, 8866600, 8891759, 25159
286661, 8866610, 8891773, 25163
286662, 8866620, 8891786, 25166
286663, 8866630, 8891800, 25170
286665, 8866650, 8891813, 25163
286666, 8866660, 8891826, 25166
286667, 8866670, 8891840, 25170
286668, 8866680, 8891853, 25173
286669, 8866690, 8891867, 25177
286670, 8866700, 8891880, 25180
286671, 8866710, 8891894, 25184
286672, 8866720, 8891907, 25187
286673, 8866730, 8891921, 25191
286674, 8866740, 8891934, 25194
286676, 8866760, 8891947, 25187
286677, 8866770, 8891961, 25191
286678, 8866780, 8891974, 25194
286679, 8866790, 8891988, 25198
286680, 8866800, 8892001, 25201
286681, 8866810, 8892015, 25205
286682, 8866820, 8892028, 25208
286683, 8866830, 8892042, 25212
286684, 8866840, 8892055, 25215
286685, 8866850, 8892068, 25218
286687, 8866870, 8892082, 25212
286688, 8866880, 8892095, 25215
286689, 8866890, 8892109, 25219
286690, 8866900, 8892122, 25222
286691, 8866910, 8892136, 25226
286692, 8866920, 8892149, 25229
286693, 8866930, 8892162, 25232
286694, 8866940, 8892176, 25236
286695, 8866950, 8892189, 25239
286697, 8866970, 8892203, 25233
286698, 8866980, 8892216, 25236
286699, 8866990, 8892230, 25240
286701, 8867010, 8892257, 25247
286702, 8867020, 8892270, 25250
286703, 8867030, 8892283, 25253
286704, 8867040, 8892297, 25257
286705, 8867050, 8892310, 25260
286706, 8867060, 8892324, 25264
286708, 8867080, 8892337, 25257
286709, 8867090, 8892351, 25261
286710, 8867100, 8892364, 25264
286711, 8867110, 8892378, 25268
286712, 8867120, 8892391, 25271
286713, 8867130, 8892404, 25274
286714, 8867140, 8892418, 25278
286715, 8867150, 8892431, 25281
286716, 8867160, 8896012, 28852
286718, 8867180, 8896026, 28846
286719, 8867190, 8896039, 28849
286720, 8867200, 8896052, 28852
286721, 8867210, 8896066, 28856
286722, 8867220, 8896079, 28859
286723, 8867230, 8896093, 28863
286724, 8867240, 8896106, 28866
286725, 8867250, 8896120, 28870
286726, 8867260, 8896133, 28873
286727, 8867270, 8896146, 28876
286729, 8867290, 8896160, 28870
286730, 8867300, 8896173, 28873
286731, 8867310, 8896187, 28877
286732, 8867320, 8896200, 28880
286733, 8867330, 8896214, 28884
286734, 8867340, 8896227, 28887
286735, 8867350, 8896241, 28891
286736, 8867360, 8896254, 28894
286737, 8867370, 8896267, 28897
286738, 8867380, 8896281, 28901
286740, 8867400, 8896294, 28894
286741, 8867410, 8896308, 28898
286742, 8867420, 8896321, 28901
286743, 8867430, 8896335, 28905
286744, 8867440, 8896348, 28908
286745, 8867450, 8896362, 28912
286746, 8867460, 8896375, 28915
286747, 8867470, 8896388, 28918
286748, 8867480, 8896402, 28922
286751, 8867510, 8896429, 28919
286752, 8867520, 8896442, 28922
286753, 8867530, 8896456, 28926
286754, 8867540, 8896469, 28929
286755, 8867550, 8896482, 28932
286756, 8867560, 8896496, 28936
286757, 8867570, 8896509, 28939
286758, 8867580, 8896523, 28943
286759, 8867590, 8896536, 28946
286761, 8867610, 8896550, 28940
286762, 8867620, 8896563, 28943
286763, 8867630, 8896577, 28947
286764, 8867640, 8896590, 28950
286765, 8867650, 8896603, 28953
286766, 8867660, 8896617, 28957
286767, 8867670, 8896630, 28960
286768, 8867680, 8896644, 28964
286769, 8867690, 8896657, 28967
286771, 8867710, 8896671, 28961
286772, 8867720, 8896684, 28964
286773, 8867730, 8896698, 28968
286774, 8867740, 8896711, 28971
286775, 8867750, 8896724, 28974
286776, 8867760, 8896738, 28978
286777, 8867770, 8896751, 28981
286778, 8867780, 8896765, 28985
286779, 8867790, 8896778, 28988
286780, 8867800, 8896792, 28992
286782, 8867820, 8896805, 28985
286783, 8867830, 8896818, 28988
286784, 8867840, 8896832, 28992
286785, 8867850, 8896845, 28995
286786, 8867860, 8896859, 28999
286787, 8867870, 8896872, 29002
286788, 8867880, 8896886, 29006
286789, 8867890, 8896899, 29009
286790, 8867900, 8896913, 29013
286791, 8867910, 8896926, 29016
286793, 8867930, 8896939, 29009
286794, 8867940, 8896953, 29013
286795, 8867950, 8896966, 29016
286796, 8867960, 8896980, 29020
286797, 8867970, 8896993, 29023
286798, 8867980, 8897007, 29027
286799, 8867990, 8897020, 29030
287202, 8872020, 8897047, 25027
287203, 8872030, 8897060, 25030
287204, 8872040, 8897074, 25034
287205, 8872050, 8897087, 25037
287206, 8872060, 8897101, 25041
287207, 8872070, 8897114, 25044
287208, 8872080, 8897128, 25048
287209, 8872090, 8897141, 25051
287210, 8872100, 8897154, 25054
287212, 8872120, 8897168, 25048
287213, 8872130, 8897181, 25051
287214, 8872140, 8897195, 25055
287215, 8872150, 8897208, 25058
287216, 8872160, 8897222, 25062
287217, 8872170, 8897235, 25065
287218, 8872180, 8897249, 25069
287219, 8872190, 8897262, 25072
287220, 8872200, 8897275, 25075
287221, 8872210, 8897289, 25079
287223, 8872230, 8897302, 25072
287224, 8872240, 8897316, 25076
287225, 8872250, 8897329, 25079
287226, 8872260, 8897343, 25083
287227, 8872270, 8897356, 25086
287228, 8872280, 8897370, 25090
287229, 8872290, 8897383, 25093
287230, 8872300, 8897396, 25096
287231, 8872310, 8897410, 25100
287233, 8872330, 8897423, 25093
287234, 8872340, 8897437, 25097
287235, 8872350, 8897450, 25100
287236, 8872360, 8897464, 25104
287237, 8872370, 8897477, 25107
287238, 8872380, 8897490, 25110
287239, 8872390, 8897504, 25114
287240, 8872400, 8897517, 25117
287241, 8872410, 8897531, 25121
287242, 8872420, 8897544, 25124
287244, 8872440, 8897558, 25118
287245, 8872450, 8897571, 25121
287246, 8872460, 8897585, 25125
287247, 8872470, 8897598, 25128
287248, 8872480, 8897611, 25131
287249, 8872490, 8897625, 25135
287251, 8872510, 8897652, 25142
287252, 8872520, 8897665, 25145
287253, 8872530, 8897679, 25149
287255, 8872550, 8897692, 25142
287256, 8872560, 8897706, 25146
287257, 8872570, 8897719, 25149
287258, 8872580, 8897732, 25152
287259, 8872590, 8897746, 25156
287260, 8872600, 8897759, 25159
287261, 8872610, 8897773, 25163
287262, 8872620, 8897786, 25166
287263, 8872630, 8897800, 25170
287265, 8872650, 8897813, 25163
287266, 8872660, 8897826, 25166
287267, 8872670, 8897840, 25170
287268, 8872680, 8897853, 25173
287269, 8872690, 8897867, 25177
287270, 8872700, 8897880, 25180
287271, 8872710, 8897894, 25184
287272, 8872720, 8897907, 25187
287273, 8872730, 8897921, 25191
287274, 8872740, 8897934, 25194
287276, 8872760, 8897947, 25187
287277, 8872770, 8897961, 25191
287278, 8872780, 8897974, 25194
287279, 8872790, 8897988, 25198
287280, 8872800, 8898001, 25201
287281, 8872810, 8898015, 25205
287282, 8872820, 8898028, 25208
287283, 8872830, 8898042, 25212
287284, 8872840, 8898055, 25215
287285, 8872850, 8898068, 25218
287287, 8872870, 8898082, 25212
287288, 8872880, 8898095, 25215
287289, 8872890, 8898109, 25219
287290, 8872900, 8898122, 25222
287291, 8872910, 8898136, 25226
287292, 8872920, 8898149, 25229
287293, 8872930, 8898162, 25232
287294, 8872940, 8898176, 25236
287295, 8872950, 8898189, 25239
287297, 8872970, 8898203, 25233
287298, 8872980, 8898216, 25236
287299, 8872990, 8898230, 25240
287301, 8873010, 8898257, 25247
287302, 8873020, 8898270, 25250
287303, 8873030, 8898283, 25253
287304, 8873040, 8898297, 25257
287305, 8873050, 8898310, 25260
287306, 8873060, 8898324, 25264
287308, 8873080, 8898337, 25257
287309, 8873090, 8898351, 25261
287310, 8873100, 8898364, 25264
287311, 8873110, 8898378, 25268
287312, 8873120, 8898391, 25271
287313, 8873130, 8898404, 25274
287314, 8873140, 8898418, 25278
287315, 8873150, 8898431, 25281
287316, 8873160, 8902012, 28852
287318, 8873180, 8902026, 28846
287319, 8873190, 8902039, 28849
287320, 8873200, 8902052, 28852
287321, 8873210, 8902066, 28856
287322, 8873220, 8902079, 28859
287323, 8873230, 8902093, 28863
287324, 8873240, 8902106, 28866
287325, 8873250, 8902120, 28870
287326, 8873260, 8902133, 28873
287327, 8873270, 8902146, 28876
287329, 8873290, 8902160, 28870
287330, 8873300, 8902173, 28873
287331, 8873310, 8902187, 28877
287332, 8873320, 8902200, 28880
287333, 8873330, 8902214, 28884
287334, 8873340, 8902227, 28887
287335, 8873350, 8902241, 28891
287336, 8873360, 8902254, 28894
287337, 8873370, 8902267, 28897
287338, 8873380, 8902281, 28901
287340, 8873400, 8902294, 28894
287341, 8873410, 8902308, 28898
287342, 8873420, 8902321, 28901
287343, 8873430, 8902335, 28905
287344, 8873440, 8902348, 28908
287345, 8873450, 8902362, 28912
287346, 8873460, 8902375, 28915
287347, 8873470, 8902388, 28918
287348, 8873480, 8902402, 28922
287351, 8873510, 8902429, 28919
287352, 8873520, 8902442, 28922
287353, 8873530, 8902456, 28926
287354, 8873540, 8902469, 28929
287355, 8873550, 8902482, 28932
287356, 8873560, 8902496, 28936
287357, 8873570, 8902509, 28939
287358, 8873580, 8902523, 28943
287359, 8873590, 8902536, 28946
287361, 8873610, 8902550, 28940
287362, 8873620, 8902563, 28943
287363, 8873630, 8902577, 28947
287364, 8873640, 8902590, 28950
287365, 8873650, 8902603, 28953
287366, 8873660, 8902617, 28957
287367, 8873670, 8902630, 28960
287368, 8873680, 8902644, 28964
287369, 8873690, 8902657, 28967
287371, 8873710, 8902671, 28961
287372, 8873720, 8902684, 28964
287373, 8873730, 8902698, 28968
287374, 8873740, 8902711, 28971
287375, 8873750, 8902724, 28974
287376, 8873760, 8902738, 28978
287377, 8873770, 8902751, 28981
287378, 8873780, 8902765, 28985
287379, 8873790, 8902778, 28988
287380, 8873800, 8902792, 28992
287382, 8873820, 8902805, 28985
287383, 8873830, 8902818, 28988
287384, 8873840, 8902832, 28992
287385, 8873850, 8902845, 28995
287386, 8873860, 8902859, 28999
287387, 8873870, 8902872, 29002
287388, 8873880, 8902886, 29006
287389, 8873890, 8902899, 29009
287390, 8873900, 8902913, 29013
287391, 8873910, 8902926, 29016
287393, 8873930, 8902939, 29009
287394, 8873940, 8902953, 29013
287395, 8873950, 8902966, 29016
287396, 8873960, 8902980, 29020
287397, 8873970, 8902993, 29023
287398, 8873980, 8903007, 29027
287399, 8873990, 8903020, 29030
287802, 8878020, 8903047, 25027
287803, 8878030, 8903060, 25030
287804, 8878040, 8903074, 25034
287805, 8878050, 8903087, 25037
287806, 8878060, 8903101, 25041
287807, 8878070, 8903114, 25044
287808, 8878080, 8903128, 25048
287809, 8878090, 8903141, 25051
287810, 8878100, 8903154, 25054
287812, 8878120, 8903168, 25048
287813, 8878130, 8903181, 25051
287814, 8878140, 8903195, 25055
287815, 8878150, 8903208, 25058
287816, 8878160, 8903222, 25062
287817, 8878170, 8903235, 25065
287818, 8878180, 8903249, 25069
287819, 8878190, 8903262, 25072
287820, 8878200, 8903275, 25075
287821, 8878210, 8903289, 25079
287823, 8878230, 8903302, 25072
287824, 8878240, 8903316, 25076
287825, 8878250, 8903329, 25079
287826, 8878260, 8903343, 25083
287827, 8878270, 8903356, 25086
287828, 8878280, 8903370, 25090
287829, 8878290, 8903383, 25093
287830, 8878300, 8903396, 25096
287831, 8878310, 8903410, 25100
287833, 8878330, 8903423, 25093
287834, 8878340, 8903437, 25097
287835, 8878350, 8903450, 25100
287836, 8878360, 8903464, 25104
287837, 8878370, 8903477, 25107
287838, 8878380, 8903490, 25110
287839, 8878390, 8903504, 25114
287840, 8878400, 8903517, 25117
287841, 8878410, 8903531, 25121
287842, 8878420, 8903544, 25124
287844, 8878440, 8903558, 25118
287845, 8878450, 8903571, 25121
287846, 8878460, 8903585, 25125
287847, 8878470, 8903598, 25128
287848, 8878480, 8903611, 25131
287849, 8878490, 8903625, 25135
287851, 8878510, 8903652, 25142
287852, 8878520, 8903665, 25145
287853, 8878530, 8903679, 25149
287855, 8878550, 8903692, 25142
287856, 8878560, 8903706, 25146
287857, 8878570, 8903719, 25149
287858, 8878580, 8903732, 25152
287859, 8878590, 8903746, 25156
287860, 8878600, 8903759, 25159
287861, 8878610, 8903773, 25163
287862, 8878620, 8903786, 25166
287863, 8878630, 8903800, 25170
287865, 8878650, 8903813, 25163
287866, 8878660, 8903826, 25166
287867, 8878670, 8903840, 25170
287868, 8878680, 8903853, 25173
287869, 8878690, 8903867, 25177
287870, 8878700, 8903880, 25180
287871, 8878710, 8903894, 25184
287872, 8878720, 8903907, 25187
287873, 8878730, 8903921, 25191
287874, 8878740, 8903934, 25194
287876, 8878760, 8903947, 25187
287877, 8878770, 8903961, 25191
287878, 8878780, 8903974, 25194
287879, 8878790, 8903988, 25198
287880, 8878800, 8904001, 25201
287881, 8878810, 8904015, 25205
287882, 8878820, 8904028, 25208
287883, 8878830, 8904042, 25212
287884, 8878840, 8904055, 25215
287885, 8878850, 8904068, 25218
287887, 8878870, 8904082, 25212
287888, 8878880, 8904095, 25215
287889, 8878890, 8904109, 25219
287890, 8878900, 8904122, 25222
287891, 8878910, 8904136, 25226
287892, 8878920, 8904149, 25229
287893, 8878930, 8904162, 25232
287894, 8878940, 8904176, 25236
287895, 8878950, 8904189, 25239
287897, 8878970, 8904203, 25233
287898, 8878980, 8904216, 25236
287899, 8878990, 8904230, 25240
287901, 8879010, 8904257, 25247
287902, 8879020, 8904270, 25250
287903, 8879030, 8904283, 25253
287904, 8879040, 8904297, 25257
287905, 8879050, 8904310, 25260
287906, 8879060, 8904324, 25264
287908, 8879080, 8904337, 25257
287909, 8879090, 8904351, 25261
287910, 8879100, 8904364, 25264
287911, 8879110, 8904378, 25268
287912, 8879120, 8904391, 25271
287913, 8879130, 8904404, 25274
287914, 8879140, 8904418, 25278
287915, 8879150, 8904431, 25281
287916, 8879160, 8908012, 28852
287918, 8879180, 8908026, 28846
287919, 8879190, 8908039, 28849
287920, 8879200, 8908052, 28852
287921, 8879210, 8908066, 28856
287922, 8879220, 8908079, 28859
287923, 8879230, 8908093, 28863
287924, 8879240, 8908106, 28866
287925, 8879250, 8908120, 28870
287926, 8879260, 8908133, 28873
287927, 8879270, 8908146, 28876
287929, 8879290, 8908160, 28870
287930, 8879300, 8908173, 28873
287931, 8879310, 8908187, 28877
287932, 8879320, 8908200, 28880
287933, 8879330, 8908214, 28884
287934, 8879340, 8908227, 28887
287935, 8879350, 8908241, 28891
287936, 8879360, 8908254, 28894
287937, 8879370, 8908267, 28897
287938, 8879380, 8908281, 28901
287940, 8879400, 8908294, 28894
287941, 8879410, 8908308, 28898
287942, 8879420, 8908321, 28901
287943, 8879430, 8908335, 28905
287944, 8879440, 8908348, 28908
287945, 8879450, 8908362, 28912
287946, 8879460, 8908375, 28915
287947, 8879470, 8908388, 28918
287948, 8879480, 8908402, 28922
287951, 8879510, 8908429, 28919
287952, 8879520, 8908442, 28922
287953, 8879530, 8908456, 28926
287954, 8879540, 8908469, 28929
287955, 8879550, 8908482, 28932
287956, 8879560, 8908496, 28936
287957, 8879570, 8908509, 28939
287958, 8879580, 8908523, 28943
287959, 8879590, 8908536, 28946
287961, 8879610, 8908550, 28940
287962, 8879620, 8908563, 28943
287963, 8879630, 8908577, 28947
287964, 8879640, 8908590, 28950
287965, 8879650, 8908603, 28953
287966, 8879660, 8908617, 28957
287967, 8879670, 8908630, 28960
287968, 8879680, 8908644, 28964
287969, 8879690, 8908657, 28967
287971, 8879710, 8908671, 28961
287972, 8879720, 8908684, 28964
287973, 8879730, 8908698, 28968
287974, 8879740, 8908711, 28971
287975, 8879750, 8908724, 28974
287976, 8879760, 8908738, 28978
287977, 8879770, 8908751, 28981
287978, 8879780, 8908765, 28985
287979, 8879790, 8908778, 28988
287980, 8879800, 8908792, 28992
287982, 8879820, 8908805, 28985
287983, 8879830, 8908818, 28988
287984, 8879840, 8908832, 28992
287985, 8879850, 8908845, 28995
287986, 8879860, 8908859, 28999
287987, 8879870, 8908872, 29002
287988, 8879880, 8908886, 29006
287989, 8879890, 8908899, 29009
287990, 8879900, 8908913, 29013
287991, 8879910, 8908926, 29016
287993, 8879930, 8908939, 29009
287994, 8879940, 8908953, 29013
287995, 8879950, 8908966, 29016
287996, 8879960, 8908980, 29020
287997, 8879970, 8908993, 29023
287998, 8879980, 8909007, 29027
287999, 8879990, 8909020, 29030
288402, 8884020, 8909047, 25027
288403, 8884030, 8909060, 25030
288404, 8884040, 8909074, 25034
288405, 8884050, 8909087, 25037
288406, 8884060, 8909101, 25041
288407, 8884070, 8909114, 25044
288408, 8884080, 8909128, 25048
288409, 8884090, 8909141, 25051
288410, 8884100, 8909154, 25054
288412, 8884120, 8909168, 25048
288413, 8884130, 8909181, 25051
288414, 8884140, 8909195, 25055
288415, 8884150, 8909208, 25058
288416, 8884160, 8909222, 25062
288417, 8884170, 8909235, 25065
288418, 8884180, 8909249, 25069
288419, 8884190, 8909262, 25072
288420, 8884200, 8909275, 25075
288421, 8884210, 8909289, 25079
288423, 8884230, 8909302, 25072
288424, 8884240, 8909316, 25076
288425, 8884250, 8909329, 25079
288426, 8884260, 8909343, 25083
288427, 8884270, 8909356, 25086
288428, 8884280, 8909370, 25090
288429, 8884290, 8909383, 25093
288430, 8884300, 8909396, 25096
288431, 8884310, 8909410, 25100
288433, 8884330, 8909423, 25093
288434, 8884340, 8909437, 25097
288435, 8884350, 8909450, 25100
288436, 8884360, 8909464, 25104
288437, 8884370, 8909477, 25107
288438, 8884380, 8909490, 25110
288439, 8884390, 8909504, 25114
288440, 8884400, 8909517, 25117
288441, 8884410, 8909531, 25121
288442, 8884420, 8909544, 25124
288444, 8884440, 8909558, 25118
288445, 8884450, 8909571, 25121
288446, 8884460, 8909585, 25125
288447, 8884470, 8909598, 25128
288448, 8884480, 8909611, 25131
288449, 8884490, 8909625, 25135
288451, 8884510, 8909652, 25142
288452, 8884520, 8909665, 25145
288453, 8884530, 8909679, 25149
288455, 8884550, 8909692, 25142
288456, 8884560, 8909706, 25146
288457, 8884570, 8909719, 25149
288458, 8884580, 8909732, 25152
288459, 8884590, 8909746, 25156
288460, 8884600, 8909759, 25159
288461, 8884610, 8909773, 25163
288462, 8884620, 8909786, 25166
288463, 8884630, 8909800, 25170
288465, 8884650, 8909813, 25163
288466, 8884660, 8909826, 25166
288467, 8884670, 8909840, 25170
288468, 8884680, 8909853, 25173
288469, 8884690, 8909867, 25177
288470, 8884700, 8909880, 25180
288471, 8884710, 8909894, 25184
288472, 8884720, 8909907, 25187
288473, 8884730, 8909921, 25191
288474, 8884740, 8909934, 25194
288476, 8884760, 8909947, 25187
288477, 8884770, 8909961, 25191
288478, 8884780, 8909974, 25194
288479, 8884790, 8909988, 25198
288480, 8884800, 8910001, 25201
288481, 8884810, 8910015, 25205
288482, 8884820, 8910028, 25208
288483, 8884830, 8910042, 25212
288484, 8884840, 8910055, 25215
288485, 8884850, 8910068, 25218
288487, 8884870, 8910082, 25212
288488, 8884880, 8910095, 25215
288489, 8884890, 8910109, 25219
288490, 8884900, 8910122, 25222
288491, 8884910, 8910136, 25226
288492, 8884920, 8910149, 25229
288493, 8884930, 8910162, 25232
288494, 8884940, 8910176, 25236
288495, 8884950, 8910189, 25239
288497, 8884970, 8910203, 25233
288498, 8884980, 8910216, 25236
288499, 8884990, 8910230, 25240
288501, 8885010, 8910257, 25247
288502, 8885020, 8910270, 25250
288503, 8885030, 8910283, 25253
288504, 8885040, 8910297, 25257
288505, 8885050, 8910310, 25260
288506, 8885060, 8910324, 25264
288508, 8885080, 8910337, 25257
288509, 8885090, 8910351, 25261
288510, 8885100, 8910364, 25264
288511, 8885110, 8910378, 25268
288512, 8885120, 8910391, 25271
288513, 8885130, 8910404, 25274
288514, 8885140, 8910418, 25278
288515, 8885150, 8910431, 25281
288516, 8885160, 8914012, 28852
288517, 8885170, 8914026, 28856
288519, 8885190, 8914039, 28849
288520, 8885200, 8914052, 28852
288521, 8885210, 8914066, 28856
288522, 8885220, 8914079, 28859
288523, 8885230, 8914093, 28863
288524, 8885240, 8914106, 28866
288525, 8885250, 8914120, 28870
288526, 8885260, 8914133, 28873
288527, 8885270, 8914146, 28876
288529, 8885290, 8914160, 28870
288530, 8885300, 8914173, 28873
288531, 8885310, 8914187, 28877
288532, 8885320, 8914200, 28880
288533, 8885330, 8914214, 28884
288534, 8885340, 8914227, 28887
288535, 8885350, 8914241, 28891
288536, 8885360, 8914254, 28894
288537, 8885370, 8914267, 28897
288538, 8885380, 8914281, 28901
288540, 8885400, 8914294, 28894
288541, 8885410, 8914308, 28898
288542, 8885420, 8914321, 28901
288543, 8885430, 8914335, 28905
288544, 8885440, 8914348, 28908
288545, 8885450, 8914362, 28912
288546, 8885460, 8914375, 28915
288547, 8885470, 8914388, 28918
288548, 8885480, 8914402, 28922
288551, 8885510, 8914429, 28919
288552, 8885520, 8914442, 28922
288553, 8885530, 8914456, 28926
288554, 8885540, 8914469, 28929
288555, 8885550, 8914482, 28932
288556, 8885560, 8914496, 28936
288557, 8885570, 8914509, 28939
288558, 8885580, 8914523, 28943
288559, 8885590, 8914536, 28946
288561, 8885610, 8914550, 28940
288562, 8885620, 8914563, 28943
288563, 8885630, 8914577, 28947
288564, 8885640, 8914590, 28950
288565, 8885650, 8914603, 28953
288566, 8885660, 8914617, 28957
288567, 8885670, 8914630, 28960
288568, 8885680, 8914644, 28964
288569, 8885690, 8914657, 28967
288570, 8885700, 8914671, 28971
288572, 8885720, 8914684, 28964
288573, 8885730, 8914698, 28968
288574, 8885740, 8914711, 28971
288575, 8885750, 8914724, 28974
288576, 8885760, 8914738, 28978
288577, 8885770, 8914751, 28981
288578, 8885780, 8914765, 28985
288579, 8885790, 8914778, 28988
288580, 8885800, 8914792, 28992
288582, 8885820, 8914805, 28985
288583, 8885830, 8914818, 28988
288584, 8885840, 8914832, 28992
288585, 8885850, 8914845, 28995
288586, 8885860, 8914859, 28999
288587, 8885870, 8914872, 29002
288588, 8885880, 8914886, 29006
288589, 8885890, 8914899, 29009
288590, 8885900, 8914913, 29013
288591, 8885910, 8914926, 29016
288593, 8885930, 8914939, 29009
288594, 8885940, 8914953, 29013
288595, 8885950, 8914966, 29016
288596, 8885960, 8914980, 29020
288597, 8885970, 8914993, 29023
288598, 8885980, 8915007, 29027
288599, 8885990, 8915020, 29030
289002, 8890020, 8915047, 25027
289003, 8890030, 8915060, 25030
289004, 8890040, 8915074, 25034
289005, 8890050, 8915087, 25037
289006, 8890060, 8915101, 25041
289007, 8890070, 8915114, 25044
289008, 8890080, 8915127, 25047
289009, 8890090, 8915141, 25051
289010, 8890100, 8915154, 25054
289012, 8890120, 8915168, 25048
289013, 8890130, 8915181, 25051
289014, 8890140, 8915195, 25055
289015, 8890150, 8915208, 25058
289016, 8890160, 8915222, 25062
289017, 8890170, 8915235, 25065
289018, 8890180, 8915248, 25068
289019, 8890190, 8915262, 25072
289020, 8890200, 8915275, 25075
289021, 8890210, 8915289, 25079
289023, 8890230, 8915302, 25072
289024, 8890240, 8915316, 25076
289025, 8890250, 8915329, 25079
289026, 8890260, 8915342, 25082
289027, 8890270, 8915356, 25086
289028, 8890280, 8915369, 25089
289029, 8890290, 8915383, 25093
289030, 8890300, 8915396, 25096
289031, 8890310, 8915410, 25100
289033, 8890330, 8915423, 25093
289034, 8890340, 8915437, 25097
289035, 8890350, 8915450, 25100
289036, 8890360, 8915463, 25103
289037, 8890370, 8915477, 25107
289038, 8890380, 8915490, 25110
289039, 8890390, 8915504, 25114
289040, 8890400, 8915517, 25117
289041, 8890410, 8915531, 25121
289042, 8890420, 8915544, 25124
289044, 8890440, 8915558, 25118
289045, 8890450, 8915571, 25121
289046, 8890460, 8915584, 25124
289047, 8890470, 8915598, 25128
289048, 8890480, 8915611, 25131
289049, 8890490, 8915625, 25135
289051, 8890510, 8915652, 25142
289052, 8890520, 8915665, 25145
289053, 8890530, 8915678, 25148
289055, 8890550, 8915692, 25142
289056, 8890560, 8915705, 25145
289057, 8890570, 8915719, 25149
289058, 8890580, 8915732, 25152
289059, 8890590, 8915746, 25156
289060, 8890600, 8915759, 25159
289061, 8890610, 8915773, 25163
289062, 8890620, 8915786, 25166
289063, 8890630, 8915799, 25169
289065, 8890650, 8915813, 25163
289066, 8890660, 8915826, 25166
289067, 8890670, 8915840, 25170
289068, 8890680, 8915853, 25173
289069, 8890690, 8915867, 25177
289070, 8890700, 8915880, 25180
289071, 8890710, 8915894, 25184
289072, 8890720, 8915907, 25187
289073, 8890730, 8915920, 25190
289074, 8890740, 8915934, 25194
289076, 8890760, 8915947, 25187
289077, 8890770, 8915961, 25191
289078, 8890780, 8915974, 25194
289079, 8890790, 8915988, 25198
289080, 8890800, 8916001, 25201
289081, 8890810, 8916014, 25204
289082, 8890820, 8916028, 25208
289083, 8890830, 8916041, 25211
289084, 8890840, 8916055, 25215
289085, 8890850, 8916068, 25218
289087, 8890870, 8916082, 25212
289088, 8890880, 8916095, 25215
289089, 8890890, 8916109, 25219
289090, 8890900, 8916122, 25222
289091, 8890910, 8916135, 25225
289092, 8890920, 8916149, 25229
289093, 8890930, 8916162, 25232
289094, 8890940, 8916176, 25236
289095, 8890950, 8916189, 25239
289097, 8890970, 8916203, 25233
289098, 8890980, 8916216, 25236
289099, 8890990, 8916230, 25240
289101, 8891010, 8916256, 25246
289102, 8891020, 8916270, 25250
289103, 8891030, 8916283, 25253
289104, 8891040, 8916297, 25257
289105, 8891050, 8916310, 25260
289106, 8891060, 8916324, 25264
289108, 8891080, 8916337, 25257
289109, 8891090, 8916350, 25260
289110, 8891100, 8916364, 25264
289111, 8891110, 8916377, 25267
289112, 8891120, 8916391, 25271
289113, 8891130, 8916404, 25274
289114, 8891140, 8916418, 25278
289115, 8891150, 8916431, 25281
289116, 8891160, 8920012, 28852
289118, 8891180, 8920026, 28846
289119, 8891190, 8920039, 28849
289120, 8891200, 8920052, 28852
289121, 8891210, 8920066, 28856
289122, 8891220, 8920079, 28859
289123, 8891230, 8920093, 28863
289124, 8891240, 8920106, 28866
289125, 8891250, 8920120, 28870
289126, 8891260, 8920133, 28873
289127, 8891270, 8920146, 28876
289129, 8891290, 8920160, 28870
289130, 8891300, 8920173, 28873
289131, 8891310, 8920187, 28877
289132, 8891320, 8920200, 28880
289133, 8891330, 8920214, 28884
289134, 8891340, 8920227, 28887
289135, 8891350, 8920241, 28891
289136, 8891360, 8920254, 28894
289137, 8891370, 8920267, 28897
289138, 8891380, 8920281, 28901
289140, 8891400, 8920294, 28894
289141, 8891410, 8920308, 28898
289142, 8891420, 8920321, 28901
289143, 8891430, 8920335, 28905
289144, 8891440, 8920348, 28908
289145, 8891450, 8920362, 28912
289146, 8891460, 8920375, 28915
289147, 8891470, 8920388, 28918
289148, 8891480, 8920402, 28922
289151, 8891510, 8920429, 28919
289152, 8891520, 8920442, 28922
289153, 8891530, 8920456, 28926
289154, 8891540, 8920469, 28929
289155, 8891550, 8920482, 28932
289156, 8891560, 8920496, 28936
289157, 8891570, 8920509, 28939
289158, 8891580, 8920523, 28943
289159, 8891590, 8920536, 28946
289161, 8891610, 8920550, 28940
289162, 8891620, 8920563, 28943
289163, 8891630, 8920577, 28947
289164, 8891640, 8920590, 28950
289165, 8891650, 8920603, 28953
289166, 8891660, 8920617, 28957
289167, 8891670, 8920630, 28960
289168, 8891680, 8920644, 28964
289169, 8891690, 8920657, 28967
289171, 8891710, 8920671, 28961
289172, 8891720, 8920684, 28964
289173, 8891730, 8920698, 28968
289174, 8891740, 8920711, 28971
289175, 8891750, 8920724, 28974
289176, 8891760, 8920738, 28978
289177, 8891770, 8920751, 28981
289178, 8891780, 8920765, 28985
289179, 8891790, 8920778, 28988
289180, 8891800, 8920792, 28992
289182, 8891820, 8920805, 28985
289183, 8891830, 8920818, 28988
289184, 8891840, 8920832, 28992
289185, 8891850, 8920845, 28995
289186, 8891860, 8920859, 28999
289187, 8891870, 8920872, 29002
289188, 8891880, 8920886, 29006
289189, 8891890, 8920899, 29009
289190, 8891900, 8920913, 29013
289191, 8891910, 8920926, 29016
289193, 8891930, 8920939, 29009
289194, 8891940, 8920953, 29013
289195, 8891950, 8920966, 29016
289196, 8891960, 8920980, 29020
289197, 8891970, 8920993, 29023
289198, 8891980, 8921007, 29027
289199, 8891990, 8921020, 29030
289602, 8896020, 8921047, 25027
289603, 8896030, 8921060, 25030
289604, 8896040, 8921074, 25034
289605, 8896050, 8921087, 25037
289606, 8896060, 8921101, 25041
289607, 8896070, 8921114, 25044
289608, 8896080, 8921128, 25048
289609, 8896090, 8921141, 25051
289610, 8896100, 8921154, 25054
289612, 8896120, 8921168, 25048
289613, 8896130, 8921181, 25051
289614, 8896140, 8921195, 25055
289615, 8896150, 8921208, 25058
289616, 8896160, 8921222, 25062
289617, 8896170, 8921235, 25065
289618, 8896180, 8921249, 25069
289619, 8896190, 8921262, 25072
289620, 8896200, 8921275, 25075
289621, 8896210, 8921289, 25079
289623, 8896230, 8921302, 25072
289624, 8896240, 8921316, 25076
289625, 8896250, 8921329, 25079
289626, 8896260, 8921343, 25083
289627, 8896270, 8921356, 25086
289628, 8896280, 8921370, 25090
289629, 8896290, 8921383, 25093
289630, 8896300, 8921396, 25096
289631, 8896310, 8921410, 25100
289633, 8896330, 8921423, 25093
289634, 8896340, 8921437, 25097
289635, 8896350, 8921450, 25100
289636, 8896360, 8921464, 25104
289637, 8896370, 8921477, 25107
289638, 8896380, 8921490, 25110
289639, 8896390, 8921504, 25114
289640, 8896400, 8921517, 25117
289641, 8896410, 8921531, 25121
289642, 8896420, 8921544, 25124
289644, 8896440, 8921558, 25118
289645, 8896450, 8921571, 25121
289646, 8896460, 8921585, 25125
289647, 8896470, 8921598, 25128
289648, 8896480, 8921611, 25131
289649, 8896490, 8921625, 25135
289651, 8896510, 8921652, 25142
289652, 8896520, 8921665, 25145
289653, 8896530, 8921679, 25149
289655, 8896550, 8921692, 25142
289656, 8896560, 8921706, 25146
289657, 8896570, 8921719, 25149
289658, 8896580, 8921732, 25152
289659, 8896590, 8921746, 25156
289660, 8896600, 8921759, 25159
289661, 8896610, 8921773, 25163
289662, 8896620, 8921786, 25166
289663, 8896630, 8921800, 25170
289665, 8896650, 8921813, 25163
289666, 8896660, 8921826, 25166
289667, 8896670, 8921840, 25170
289668, 8896680, 8921853, 25173
289669, 8896690, 8921867, 25177
289670, 8896700, 8921880, 25180
289671, 8896710, 8921894, 25184
289672, 8896720, 8921907, 25187
289673, 8896730, 8921921, 25191
289674, 8896740, 8921934, 25194
289676, 8896760, 8921947, 25187
289677, 8896770, 8921961, 25191
289678, 8896780, 8921974, 25194
289679, 8896790, 8921988, 25198
289680, 8896800, 8922001, 25201
289681, 8896810, 8922015, 25205
289682, 8896820, 8922028, 25208
289683, 8896830, 8922042, 25212
289684, 8896840, 8922055, 25215
289685, 8896850, 8922068, 25218
289687, 8896870, 8922082, 25212
289688, 8896880, 8922095, 25215
289689, 8896890, 8922109, 25219
289690, 8896900, 8922122, 25222
289691, 8896910, 8922136, 25226
289692, 8896920, 8922149, 25229
289693, 8896930, 8922162, 25232
289694, 8896940, 8922176, 25236
289695, 8896950, 8922189, 25239
289697, 8896970, 8922203, 25233
289698, 8896980, 8922216, 25236
289699, 8896990, 8922230, 25240
289701, 8897010, 8922257, 25247
289702, 8897020, 8922270, 25250
289703, 8897030, 8922283, 25253
289704, 8897040, 8922297, 25257
289705, 8897050, 8922310, 25260
289706, 8897060, 8922324, 25264
289708, 8897080, 8922337, 25257
289709, 8897090, 8922351, 25261
289710, 8897100, 8922364, 25264
289711, 8897110, 8922378, 25268
289712, 8897120, 8922391, 25271
289713, 8897130, 8922404, 25274
289714, 8897140, 8922418, 25278
289715, 8897150, 8922431, 25281
289716, 8897160, 8926012, 28852
289718, 8897180, 8926026, 28846
289719, 8897190, 8926039, 28849
289720, 8897200, 8926052, 28852
289721, 8897210, 8926066, 28856
289722, 8897220, 8926079, 28859
289723, 8897230, 8926093, 28863
289724, 8897240, 8926106, 28866
289725, 8897250, 8926120, 28870
289726, 8897260, 8926133, 28873
289727, 8897270, 8926146, 28876
289729, 8897290, 8926160, 28870
289730, 8897300, 8926173, 28873
289731, 8897310, 8926187, 28877
289732, 8897320, 8926200, 28880
289733, 8897330, 8926214, 28884
289734, 8897340, 8926227, 28887
289735, 8897350, 8926241, 28891
289736, 8897360, 8926254, 28894
289737, 8897370, 8926267, 28897
289738, 8897380, 8926281, 28901
289740, 8897400, 8926294, 28894
289741, 8897410, 8926308, 28898
289742, 8897420, 8926321, 28901
289743, 8897430, 8926335, 28905
289744, 8897440, 8926348, 28908
289745, 8897450, 8926362, 28912
289746, 8897460, 8926375, 28915
289747, 8897470, 8926388, 28918
289748, 8897480, 8926402, 28922
289751, 8897510, 8926429, 28919
289752, 8897520, 8926442, 28922
289753, 8897530, 8926456, 28926
289754, 8897540, 8926469, 28929
289755, 8897550, 8926482, 28932
289756, 8897560, 8926496, 28936
289757, 8897570, 8926509, 28939
289758, 8897580, 8926523, 28943
289759, 8897590, 8926536, 28946
289761, 8897610, 8926550, 28940
289762, 8897620, 8926563, 28943
289763, 8897630, 8926577, 28947
289764, 8897640, 8926590, 28950
289765, 8897650, 8926603, 28953
289766, 8897660, 8926617, 28957
289767, 8897670, 8926630, 28960
289768, 8897680, 8926644, 28964
289769, 8897690, 8926657, 28967
289771, 8897710, 8926671, 28961
289772, 8897720, 8926684, 28964
289773, 8897730, 8926698, 28968
289774, 8897740, 8926711, 28971
289775, 8897750, 8926724, 28974
289776, 8897760, 8926738, 28978
289777, 8897770, 8926751, 28981
289778, 8897780, 8926765, 28985
289779, 8897790, 8926778, 28988
289780, 8897800, 8926792, 28992
289782, 8897820, 8926805, 28985
289783, 8897830, 8926818, 28988
289784, 8897840, 8926832, 28992
289785, 8897850, 8926845, 28995
289786, 8897860, 8926859, 28999
289787, 8897870, 8926872, 29002
289788, 8897880, 8926886, 29006
289789, 8897890, 8926899, 29009
289790, 8897900, 8926913, 29013
289791, 8897910, 8926926, 29016
289793, 8897930, 8926939, 29009
289794, 8897940, 8926953, 29013
289795, 8897950, 8926966, 29016
289796, 8897960, 8926980, 29020
289797, 8897970, 8926993, 29023
289798, 8897980, 8927007, 29027
289799, 8897990, 8927020, 29030
290202, 8902020, 8927047, 25027
290203, 8902030, 8927060, 25030
290204, 8902040, 8927074, 25034
290205, 8902050, 8927087, 25037
290206, 8902060, 8927101, 25041
290207, 8902070, 8927114, 25044
290208, 8902080, 8927128, 25048
290209, 8902090, 8927141, 25051
290210, 8902100, 8927154, 25054
290212, 8902120, 8927168, 25048
290213, 8902130, 8927181, 25051
290214, 8902140, 8927195, 25055
290215, 8902150, 8927208, 25058
290216, 8902160, 8927222, 25062
290217, 8902170, 8927235, 25065
290218, 8902180, 8927249, 25069
290219, 8902190, 8927262, 25072
290220, 8902200, 8927275, 25075
290221, 8902210, 8927289, 25079
290223, 8902230, 8927302, 25072
290224, 8902240, 8927316, 25076
290225, 8902250, 8927329, 25079
290226, 8902260, 8927343, 25083
290227, 8902270, 8927356, 25086
290228, 8902280, 8927370, 25090
290229, 8902290, 8927383, 25093
290230, 8902300, 8927396, 25096
290231, 8902310, 8927410, 25100
290233, 8902330, 8927423, 25093
290234, 8902340, 8927437, 25097
290235, 8902350, 8927450, 25100
290236, 8902360, 8927464, 25104
290237, 8902370, 8927477, 25107
290238, 8902380, 8927490, 25110
290239, 8902390, 8927504, 25114
290240, 8902400, 8927517, 25117
290241, 8902410, 8927531, 25121
290242, 8902420, 8927544, 25124
290244, 8902440, 8927558, 25118
290245, 8902450, 8927571, 25121
290246, 8902460, 8927585, 25125
290247, 8902470, 8927598, 25128
290248, 8902480, 8927611, 25131
290249, 8902490, 8927625, 25135
290251, 8902510, 8927652, 25142
290252, 8902520, 8927665, 25145
290253, 8902530, 8927679, 25149
290255, 8902550, 8927692, 25142
290256, 8902560, 8927706, 25146
290257, 8902570, 8927719, 25149
290258, 8902580, 8927732, 25152
290259, 8902590, 8927746, 25156
290260, 8902600, 8927759, 25159
290261, 8902610, 8927773, 25163
290262, 8902620, 8927786, 25166
290263, 8902630, 8927800, 25170
290265, 8902650, 8927813, 25163
290266, 8902660, 8927826, 25166
290267, 8902670, 8927840, 25170
290268, 8902680, 8927853, 25173
290269, 8902690, 8927867, 25177
290270, 8902700, 8927880, 25180
290271, 8902710, 8927894, 25184
290272, 8902720, 8927907, 25187
290273, 8902730, 8927921, 25191
290274, 8902740, 8927934, 25194
290276, 8902760, 8927947, 25187
290277, 8902770, 8927961, 25191
290278, 8902780, 8927974, 25194
290279, 8902790, 8927988, 25198
290280, 8902800, 8928001, 25201
290281, 8902810, 8928015, 25205
290282, 8902820, 8928028, 25208
290283, 8902830, 8928042, 25212
290284, 8902840, 8928055, 25215
290285, 8902850, 8928068, 25218
290287, 8902870, 8928082, 25212
290288, 8902880, 8928095, 25215
290289, 8902890, 8928109, 25219
290290, 8902900, 8928122, 25222
290291, 8902910, 8928136, 25226
290292, 8902920, 8928149, 25229
290293, 8902930, 8928162, 25232
290294, 8902940, 8928176, 25236
290295, 8902950, 8928189, 25239
290297, 8902970, 8928203, 25233
290298, 8902980, 8928216, 25236
290299, 8902990, 8928230, 25240
290301, 8903010, 8928257, 25247
290302, 8903020, 8928270, 25250
290303, 8903030, 8928283, 25253
290304, 8903040, 8928297, 25257
290305, 8903050, 8928310, 25260
290306, 8903060, 8928324, 25264
290308, 8903080, 8928337, 25257
290309, 8903090, 8928351, 25261
290310, 8903100, 8928364, 25264
290311, 8903110, 8928378, 25268
290312, 8903120, 8928391, 25271
290313, 8903130, 8928404, 25274
290314, 8903140, 8928418, 25278
290315, 8903150, 8928431, 25281
290316, 8903160, 8932012, 28852
290318, 8903180, 8932026, 28846
290319, 8903190, 8932039, 28849
290320, 8903200, 8932052, 28852
290321, 8903210, 8932066, 28856
290322, 8903220, 8932079, 28859
290323, 8903230, 8932093, 28863
290324, 8903240, 8932106, 28866
290325, 8903250, 8932120, 28870
290326, 8903260, 8932133, 28873
290327, 8903270, 8932146, 28876
290329, 8903290, 8932160, 28870
290330, 8903300, 8932173, 28873
290331, 8903310, 8932187, 28877
290332, 8903320, 8932200, 28880
290333, 8903330, 8932214, 28884
290334, 8903340, 8932227, 28887
290335, 8903350, 8932241, 28891
290336, 8903360, 8932254, 28894
290337, 8903370, 8932267, 28897
290338, 8903380, 8932281, 28901
290340, 8903400, 8932294, 28894
290341, 8903410, 8932308, 28898
290342, 8903420, 8932321, 28901
290343, 8903430, 8932335, 28905
290344, 8903440, 8932348, 28908
290345, 8903450, 8932362, 28912
290346, 8903460, 8932375, 28915
290347, 8903470, 8932388, 28918
290348, 8903480, 8932402, 28922
290351, 8903510, 8932429, 28919
290352, 8903520, 8932442, 28922
290353, 8903530, 8932456, 28926
290354, 8903540, 8932469, 28929
290355, 8903550, 8932482, 28932
290356, 8903560, 8932496, 28936
290357, 8903570, 8932509, 28939
290358, 8903580, 8932523, 28943
290359, 8903590, 8932536, 28946
290361, 8903610, 8932550, 28940
290362, 8903620, 8932563, 28943
290363, 8903630, 8932577, 28947
290364, 8903640, 8932590, 28950
290365, 8903650, 8932603, 28953
290366, 8903660, 8932617, 28957
290367, 8903670, 8932630, 28960
290368, 8903680, 8932644, 28964
290369, 8903690, 8932657, 28967
290371, 8903710, 8932671, 28961
290372, 8903720, 8932684, 28964
290373, 8903730, 8932698, 28968
290374, 8903740, 8932711, 28971
290375, 8903750, 8932724, 28974
290376, 8903760, 8932738, 28978
290377, 8903770, 8932751, 28981
290378, 8903780, 8932765, 28985
290379, 8903790, 8932778, 28988
290380, 8903800, 8932792, 28992
290382, 8903820, 8932805, 28985
290383, 8903830, 8932818, 28988
290384, 8903840, 8932832, 28992
290385, 8903850, 8932845, 28995
290386, 8903860, 8932859, 28999
290387, 8903870, 8932872, 29002
290388, 8903880, 8932886, 29006
290389, 8903890, 8932899, 29009
290390, 8903900, 8932913, 29013
290391, 8903910, 8932926, 29016
290393, 8903930, 8932939, 29009
290394, 8903940, 8932953, 29013
290395, 8903950, 8932966, 29016
290396, 8903960, 8932980, 29020
290397, 8903970, 8932993, 29023
290398, 8903980, 8933007, 29027
290399, 8903990, 8933020, 29030
290802, 8908020, 8933047, 25027
290803, 8908030, 8933060, 25030
290804, 8908040, 8933074, 25034
290805, 8908050, 8933087, 25037
290806, 8908060, 8933101, 25041
290807, 8908070, 8933114, 25044
290808, 8908080, 8933128, 25048
290809, 8908090, 8933141, 25051
290810, 8908100, 8933154, 25054
290812, 8908120, 8933168, 25048
290813, 8908130, 8933181, 25051
290814, 8908140, 8933195, 25055
290815, 8908150, 8933208, 25058
290816, 8908160, 8933222, 25062
290817, 8908170, 8933235, 25065
290818, 8908180, 8933249, 25069
290819, 8908190, 8933262, 25072
290820, 8908200, 8933275, 25075
290821, 8908210, 8933289, 25079
290823, 8908230, 8933302, 25072
290824, 8908240, 8933316, 25076
290825, 8908250, 8933329, 25079
290826, 8908260, 8933343, 25083
290827, 8908270, 8933356, 25086
290828, 8908280, 8933370, 25090
290829, 8908290, 8933383, 25093
290830, 8908300, 8933396, 25096
290831, 8908310, 8933410, 25100
290833, 8908330, 8933423, 25093
290834, 8908340, 8933437, 25097
290835, 8908350, 8933450, 25100
290836, 8908360, 8933464, 25104
290837, 8908370, 8933477, 25107
290838, 8908380, 8933490, 25110
290839, 8908390, 8933504, 25114
290840, 8908400, 8933517, 25117
290841, 8908410, 8933531, 25121
290842, 8908420, 8933544, 25124
290844, 8908440, 8933558, 25118
290845, 8908450, 8933571, 25121
290846, 8908460, 8933585, 25125
290847, 8908470, 8933598, 25128
290848, 8908480, 8933611, 25131
290849, 8908490, 8933625, 25135
290851, 8908510, 8933652, 25142
290852, 8908520, 8933665, 25145
290853, 8908530, 8933679, 25149
290855, 8908550, 8933692, 25142
290856, 8908560, 8933706, 25146
290857, 8908570, 8933719, 25149
290858, 8908580, 8933732, 25152
290859, 8908590, 8933746, 25156
290860, 8908600, 8933759, 25159
290861, 8908610, 8933773, 25163
290862, 8908620, 8933786, 25166
290863, 8908630, 8933800, 25170
290865, 8908650, 8933813, 25163
290866, 8908660, 8933826, 25166
290867, 8908670, 8933840, 25170
290868, 8908680, 8933853, 25173
290869, 8908690, 8933867, 25177
290870, 8908700, 8933880, 25180
290871, 8908710, 8933894, 25184
290872, 8908720, 8933907, 25187
290873, 8908730, 8933921, 25191
290874, 8908740, 8933934, 25194
290876, 8908760, 8933947, 25187
290877, 8908770, 8933961, 25191
290878, 8908780, 8933974, 25194
290879, 8908790, 8933988, 25198
290880, 8908800, 8934001, 25201
290881, 8908810, 8934015, 25205
290882, 8908820, 8934028, 25208
290883, 8908830, 8934042, 25212
290884, 8908840, 8934055, 25215
290885, 8908850, 8934068, 25218
290887, 8908870, 8934082, 25212
290888, 8908880, 8934095, 25215
290889, 8908890, 8934109, 25219
290890, 8908900, 8934122, 25222
290891, 8908910, 8934136, 25226
290892, 8908920, 8934149, 25229
290893, 8908930, 8934162, 25232
290894, 8908940, 8934176, 25236
290895, 8908950, 8934189, 25239
290897, 8908970, 8934203, 25233
290898, 8908980, 8934216, 25236
290899, 8908990, 8934230, 25240
290901, 8909010, 8934257, 25247
290902, 8909020, 8934270, 25250
290903, 8909030, 8934283, 25253
290904, 8909040, 8934297, 25257
290905, 8909050, 8934310, 25260
290906, 8909060, 8934324, 25264
290908, 8909080, 8934337, 25257
290909, 8909090, 8934351, 25261
290910, 8909100, 8934364, 25264
290911, 8909110, 8934378, 25268
290912, 8909120, 8934391, 25271
290913, 8909130, 8934404, 25274
290914, 8909140, 8934418, 25278
290915, 8909150, 8934431, 25281
290916, 8909160, 8938012, 28852
290918, 8909180, 8938026, 28846
290919, 8909190, 8938039, 28849
290920, 8909200, 8938052, 28852
290921, 8909210, 8938066, 28856
290922, 8909220, 8938079, 28859
290923, 8909230, 8938093, 28863
290924, 8909240, 8938106, 28866
290925, 8909250, 8938120, 28870
290926, 8909260, 8938133, 28873
290927, 8909270, 8938146, 28876
290929, 8909290, 8938160, 28870
290930, 8909300, 8938173, 28873
290931, 8909310, 8938187, 28877
290932, 8909320, 8938200, 28880
290933, 8909330, 8938214, 28884
290934, 8909340, 8938227, 28887
290935, 8909350, 8938241, 28891
290936, 8909360, 8938254, 28894
290937, 8909370, 8938267, 28897
290938, 8909380, 8938281, 28901
290940, 8909400, 8938294, 28894
290941, 8909410, 8938308, 28898
290942, 8909420, 8938321, 28901
290943, 8909430, 8938335, 28905
290944, 8909440, 8938348, 28908
290945, 8909450, 8938362, 28912
290946, 8909460, 8938375, 28915
290947, 8909470, 8938388, 28918
290948, 8909480, 8938402, 28922
290951, 8909510, 8938429, 28919
290952, 8909520, 8938442, 28922
290953, 8909530, 8938456, 28926
290954, 8909540, 8938469, 28929
290955, 8909550, 8938482, 28932
290956, 8909560, 8938496, 28936
290957, 8909570, 8938509, 28939
290958, 8909580, 8938523, 28943
290959, 8909590, 8938536, 28946
290961, 8909610, 8938550, 28940
290962, 8909620, 8938563, 28943
290963, 8909630, 8938577, 28947
290964, 8909640, 8938590, 28950
290965, 8909650, 8938603, 28953
290966, 8909660, 8938617, 28957
290967, 8909670, 8938630, 28960
290968, 8909680, 8938644, 28964
290969, 8909690, 8938657, 28967
290971, 8909710, 8938671, 28961
290972, 8909720, 8938684, 28964
290973, 8909730, 8938698, 28968
290974, 8909740, 8938711, 28971
290975, 8909750, 8938724, 28974
290976, 8909760, 8938738, 28978
290977, 8909770, 8938751, 28981
290978, 8909780, 8938765, 28985
290979, 8909790, 8938778, 28988
290980, 8909800, 8938792, 28992
290982, 8909820, 8938805, 28985
290983, 8909830, 8938818, 28988
290984, 8909840, 8938832, 28992
290985, 8909850, 8938845, 28995
290986, 8909860, 8938859, 28999
290987, 8909870, 8938872, 29002
290988, 8909880, 8938886, 29006
290989, 8909890, 8938899, 29009
290990, 8909900, 8938913, 29013
290991, 8909910, 8938926, 29016
290993, 8909930, 8938939, 29009
290994, 8909940, 8938953, 29013
290995, 8909950, 8938966, 29016
290996, 8909960, 8938980, 29020
290997, 8909970, 8938993, 29023
290998, 8909980, 8939007, 29027
290999, 8909990, 8939020, 29030
291402, 8914020, 8939047, 25027
291403, 8914030, 8939060, 25030
291404, 8914040, 8939074, 25034
291405, 8914050, 8939087, 25037
291406, 8914060, 8939101, 25041
291407, 8914070, 8939114, 25044
291408, 8914080, 8939128, 25048
291409, 8914090, 8939141, 25051
291410, 8914100, 8939154, 25054
291412, 8914120, 8939168, 25048
291413, 8914130, 8939181, 25051
291414, 8914140, 8939195, 25055
291415, 8914150, 8939208, 25058
291416, 8914160, 8939222, 25062
291417, 8914170, 8939235, 25065
291418, 8914180, 8939249, 25069
291419, 8914190, 8939262, 25072
291420, 8914200, 8939275, 25075
291421, 8914210, 8939289, 25079
291423, 8914230, 8939302, 25072
291424, 8914240, 8939316, 25076
291425, 8914250, 8939329, 25079
291426, 8914260, 8939343, 25083
291427, 8914270, 8939356, 25086
291428, 8914280, 8939370, 25090
291429, 8914290, 8939383, 25093
291430, 8914300, 8939396, 25096
291431, 8914310, 8939410, 25100
291433, 8914330, 8939423, 25093
291434, 8914340, 8939437, 25097
291435, 8914350, 8939450, 25100
291436, 8914360, 8939464, 25104
291437, 8914370, 8939477, 25107
291438, 8914380, 8939490, 25110
291439, 8914390, 8939504, 25114
291440, 8914400, 8939517, 25117
291441, 8914410, 8939531, 25121
291442, 8914420, 8939544, 25124
291444, 8914440, 8939558, 25118
291445, 8914450, 8939571, 25121
291446, 8914460, 8939585, 25125
291447, 8914470, 8939598, 25128
291448, 8914480, 8939611, 25131
291449, 8914490, 8939625, 25135
291451, 8914510, 8939652, 25142
291452, 8914520, 8939665, 25145
291453, 8914530, 8939679, 25149
291455, 8914550, 8939692, 25142
291456, 8914560, 8939706, 25146
291457, 8914570, 8939719, 25149
291458, 8914580, 8939732, 25152
291459, 8914590, 8939746, 25156
291460, 8914600, 8939759, 25159
291461, 8914610, 8939773, 25163
291462, 8914620, 8939786, 25166
291463, 8914630, 8939800, 25170
291465, 8914650, 8939813, 25163
291466, 8914660, 8939826, 25166
291467, 8914670, 8939840, 25170
291468, 8914680, 8939853, 25173
291469, 8914690, 8939867, 25177
291470, 8914700, 8939880, 25180
291471, 8914710, 8939894, 25184
291472, 8914720, 8939907, 25187
291473, 8914730, 8939921, 25191
291474, 8914740, 8939934, 25194
291476, 8914760, 8939947, 25187
291477, 8914770, 8939961, 25191
291478, 8914780, 8939974, 25194
291479, 8914790, 8939988, 25198
291480, 8914800, 8940001, 25201
291481, 8914810, 8940015, 25205
291482, 8914820, 8940028, 25208
291483, 8914830, 8940042, 25212
291484, 8914840, 8940055, 25215
291485, 8914850, 8940068, 25218
291487, 8914870, 8940082, 25212
291488, 8914880, 8940095, 25215
291489, 8914890, 8940109, 25219
291490, 8914900, 8940122, 25222
291491, 8914910, 8940136, 25226
291492, 8914920, 8940149, 25229
291493, 8914930, 8940162, 25232
291494, 8914940, 8940176, 25236
291495, 8914950, 8940189, 25239
291497, 8914970, 8940203, 25233
291498, 8914980, 8940216, 25236
291499, 8914990, 8940230, 25240
291501, 8915010, 8940257, 25247
291502, 8915020, 8940270, 25250
291503, 8915030, 8940283, 25253
291504, 8915040, 8940297, 25257
291505, 8915050, 8940310, 25260
291506, 8915060, 8940324, 25264
291508, 8915080, 8940337, 25257
291509, 8915090, 8940351, 25261
291510, 8915100, 8940364, 25264
291511, 8915110, 8940378, 25268
291512, 8915120, 8940391, 25271
291513, 8915130, 8940404, 25274
291514, 8915140, 8940418, 25278
291515, 8915150, 8940431, 25281
291516, 8915160, 8944012, 28852
291517, 8915170, 8944026, 28856
291519, 8915190, 8944039, 28849
291520, 8915200, 8944052, 28852
291521, 8915210, 8944066, 28856
291522, 8915220, 8944079, 28859
291523, 8915230, 8944093, 28863
291524, 8915240, 8944106, 28866
291525, 8915250, 8944120, 28870
291526, 8915260, 8944133, 28873
291527, 8915270, 8944146, 28876
291529, 8915290, 8944160, 28870
291530, 8915300, 8944173, 28873
291531, 8915310, 8944187, 28877
291532, 8915320, 8944200, 28880
291533, 8915330, 8944214, 28884
291534, 8915340, 8944227, 28887
291535, 8915350, 8944241, 28891
291536, 8915360, 8944254, 28894
291537, 8915370, 8944267, 28897
291538, 8915380, 8944281, 28901
291540, 8915400, 8944294, 28894
291541, 8915410, 8944308, 28898
291542, 8915420, 8944321, 28901
291543, 8915430, 8944335, 28905
291544, 8915440, 8944348, 28908
291545, 8915450, 8944362, 28912
291546, 8915460, 8944375, 28915
291547, 8915470, 8944388, 28918
291548, 8915480, 8944402, 28922
291551, 8915510, 8944429, 28919
291552, 8915520, 8944442, 28922
291553, 8915530, 8944456, 28926
291554, 8915540, 8944469, 28929
291555, 8915550, 8944482, 28932
291556, 8915560, 8944496, 28936
291557, 8915570, 8944509, 28939
291558, 8915580, 8944523, 28943
291559, 8915590, 8944536, 28946
291561, 8915610, 8944550, 28940
291562, 8915620, 8944563, 28943
291563, 8915630, 8944577, 28947
291564, 8915640, 8944590, 28950
291565, 8915650, 8944603, 28953
291566, 8915660, 8944617, 28957
291567, 8915670, 8944630, 28960
291568, 8915680, 8944644, 28964
291569, 8915690, 8944657, 28967
291570, 8915700, 8944671, 28971
291572, 8915720, 8944684, 28964
291573, 8915730, 8944698, 28968
291574, 8915740, 8944711, 28971
291575, 8915750, 8944724, 28974
291576, 8915760, 8944738, 28978
291577, 8915770, 8944751, 28981
291578, 8915780, 8944765, 28985
291579, 8915790, 8944778, 28988
291580, 8915800, 8944792, 28992
291582, 8915820, 8944805, 28985
291583, 8915830, 8944818, 28988
291584, 8915840, 8944832, 28992
291585, 8915850, 8944845, 28995
291586, 8915860, 8944859, 28999
291587, 8915870, 8944872, 29002
291588, 8915880, 8944886, 29006
291589, 8915890, 8944899, 29009
291590, 8915900, 8944913, 29013
291591, 8915910, 8944926, 29016
291593, 8915930, 8944939, 29009
291594, 8915940, 8944953, 29013
291595, 8915950, 8944966, 29016
291596, 8915960, 8944980, 29020
291597, 8915970, 8944993, 29023
291598, 8915980, 8945007, 29027
291599, 8915990, 8945020, 29030
292002, 8920020, 8945047, 25027
292003, 8920030, 8945060, 25030
292004, 8920040, 8945074, 25034
292005, 8920050, 8945087, 25037
292006, 8920060, 8945101, 25041
292007, 8920070, 8945114, 25044
292008, 8920080, 8945127, 25047
292009, 8920090, 8945141, 25051
292010, 8920100, 8945154, 25054
292012, 8920120, 8945168, 25048
292013, 8920130, 8945181, 25051
292014, 8920140, 8945195, 25055
292015, 8920150, 8945208, 25058
292016, 8920160, 8945222, 25062
292017, 8920170, 8945235, 25065
292018, 8920180, 8945248, 25068
292019, 8920190, 8945262, 25072
292020, 8920200, 8945275, 25075
292021, 8920210, 8945289, 25079
292023, 8920230, 8945302, 25072
292024, 8920240, 8945316, 25076
292025, 8920250, 8945329, 25079
292026, 8920260, 8945342, 25082
292027, 8920270, 8945356, 25086
292028, 8920280, 8945369, 25089
292029, 8920290, 8945383, 25093
292030, 8920300, 8945396, 25096
292031, 8920310, 8945410, 25100
292033, 8920330, 8945423, 25093
292034, 8920340, 8945437, 25097
292035, 8920350, 8945450, 25100
292036, 8920360, 8945463, 25103
292037, 8920370, 8945477, 25107
292038, 8920380, 8945490, 25110
292039, 8920390, 8945504, 25114
292040, 8920400, 8945517, 25117
292041, 8920410, 8945531, 25121
292042, 8920420, 8945544, 25124
292044, 8920440, 8945558, 25118
292045, 8920450, 8945571, 25121
292046, 8920460, 8945584, 25124
292047, 8920470, 8945598, 25128
292048, 8920480, 8945611, 25131
292049, 8920490, 8945625, 25135
292051, 8920510, 8945652, 25142
292052, 8920520, 8945665, 25145
292053, 8920530, 8945678, 25148
292055, 8920550, 8945692, 25142
292056, 8920560, 8945705, 25145
292057, 8920570, 8945719, 25149
292058, 8920580, 8945732, 25152
292059, 8920590, 8945746, 25156
292060, 8920600, 8945759, 25159
292061, 8920610, 8945773, 25163
292062, 8920620, 8945786, 25166
292063, 8920630, 8945799, 25169
292065, 8920650, 8945813, 25163
292066, 8920660, 8945826, 25166
292067, 8920670, 8945840, 25170
292068, 8920680, 8945853, 25173
292069, 8920690, 8945867, 25177
292070, 8920700, 8945880, 25180
292071, 8920710, 8945894, 25184
292072, 8920720, 8945907, 25187
292073, 8920730, 8945920, 25190
292074, 8920740, 8945934, 25194
292076, 8920760, 8945947, 25187
292077, 8920770, 8945961, 25191
292078, 8920780, 8945974, 25194
292079, 8920790, 8945988, 25198
292080, 8920800, 8946001, 25201
292081, 8920810, 8946014, 25204
292082, 8920820, 8946028, 25208
292083, 8920830, 8946041, 25211
292084, 8920840, 8946055, 25215
292085, 8920850, 8946068, 25218
292087, 8920870, 8946082, 25212
292088, 8920880, 8946095, 25215
292089, 8920890, 8946109, 25219
292090, 8920900, 8946122, 25222
292091, 8920910, 8946135, 25225
292092, 8920920, 8946149, 25229
292093, 8920930, 8946162, 25232
292094, 8920940, 8946176, 25236
292095, 8920950, 8946189, 25239
292097, 8920970, 8946203, 25233
292098, 8920980, 8946216, 25236
292099, 8920990, 8946230, 25240
292101, 8921010, 8946256, 25246
292102, 8921020, 8946270, 25250
292103, 8921030, 8946283, 25253
292104, 8921040, 8946297, 25257
292105, 8921050, 8946310, 25260
292106, 8921060, 8946324, 25264
292108, 8921080, 8946337, 25257
292109, 8921090, 8946350, 25260
292110, 8921100, 8946364, 25264
292111, 8921110, 8946377, 25267
292112, 8921120, 8946391, 25271
292113, 8921130, 8946404, 25274
292114, 8921140, 8946418, 25278
292115, 8921150, 8946431, 25281
292116, 8921160, 8950012, 28852
292118, 8921180, 8950026, 28846
292119, 8921190, 8950039, 28849
292120, 8921200, 8950052, 28852
292121, 8921210, 8950066, 28856
292122, 8921220, 8950079, 28859
292123, 8921230, 8950093, 28863
292124, 8921240, 8950106, 28866
292125, 8921250, 8950120, 28870
292126, 8921260, 8950133, 28873
292127, 8921270, 8950146, 28876
292129, 8921290, 8950160, 28870
292130, 8921300, 8950173, 28873
292131, 8921310, 8950187, 28877
292132, 8921320, 8950200, 28880
292133, 8921330, 8950214, 28884
292134, 8921340, 8950227, 28887
292135, 8921350, 8950241, 28891
292136, 8921360, 8950254, 28894
292137, 8921370, 8950267, 28897
292138, 8921380, 8950281, 28901
292140, 8921400, 8950294, 28894
292141, 8921410, 8950308, 28898
292142, 8921420, 8950321, 28901
292143, 8921430, 8950335, 28905
292144, 8921440, 8950348, 28908
292145, 8921450, 8950362, 28912
292146, 8921460, 8950375, 28915
292147, 8921470, 8950388, 28918
292148, 8921480, 8950402, 28922
292151, 8921510, 8950429, 28919
292152, 8921520, 8950442, 28922
292153, 8921530, 8950456, 28926
292154, 8921540, 8950469, 28929
292155, 8921550, 8950482, 28932
292156, 8921560, 8950496, 28936
292157, 8921570, 8950509, 28939
292158, 8921580, 8950523, 28943
292159, 8921590, 8950536, 28946
292161, 8921610, 8950550, 28940
292162, 8921620, 8950563, 28943
292163, 8921630, 8950577, 28947
292164, 8921640, 8950590, 28950
292165, 8921650, 8950603, 28953
292166, 8921660, 8950617, 28957
292167, 8921670, 8950630, 28960
292168, 8921680, 8950644, 28964
292169, 8921690, 8950657, 28967
292171, 8921710, 8950671, 28961
292172, 8921720, 8950684, 28964
292173, 8921730, 8950698, 28968
292174, 8921740, 8950711, 28971
292175, 8921750, 8950724, 28974
292176, 8921760, 8950738, 28978
292177, 8921770, 8950751, 28981
292178, 8921780, 8950765, 28985
292179, 8921790, 8950778, 28988
292180, 8921800, 8950792, 28992
292182, 8921820, 8950805, 28985
292183, 8921830, 8950818, 28988
292184, 8921840, 8950832, 28992
292185, 8921850, 8950845, 28995
292186, 8921860, 8950859, 28999
292187, 8921870, 8950872, 29002
292188, 8921880, 8950886, 29006
292189, 8921890, 8950899, 29009
292190, 8921900, 8950913, 29013
292191, 8921910, 8950926, 29016
292193, 8921930, 8950939, 29009
292194, 8921940, 8950953, 29013
292195, 8921950, 8950966, 29016
292196, 8921960, 8950980, 29020
292197, 8921970, 8950993, 29023
292198, 8921980, 8951007, 29027
292199, 8921990, 8951020, 29030
292602, 8926020, 8951047, 25027
292603, 8926030, 8951060, 25030
292604, 8926040, 8951074, 25034
292605, 8926050, 8951087, 25037
292606, 8926060, 8951101, 25041
292607, 8926070, 8951114, 25044
292608, 8926080, 8951128, 25048
292609, 8926090, 8951141, 25051
292610, 8926100, 8951154, 25054
292612, 8926120, 8951168, 25048
292613, 8926130, 8951181, 25051
292614, 8926140, 8951195, 25055
292615, 8926150, 8951208, 25058
292616, 8926160, 8951222, 25062
292617, 8926170, 8951235, 25065
292618, 8926180, 8951249, 25069
292619, 8926190, 8951262, 25072
292620, 8926200, 8951275, 25075
292621, 8926210, 8951289, 25079
292623, 8926230, 8951302, 25072
292624, 8926240, 8951316, 25076
292625, 8926250, 8951329, 25079
292626, 8926260, 8951343, 25083
292627, 8926270, 8951356, 25086
292628, 8926280, 8951370, 25090
292629, 8926290, 8951383, 25093
292630, 8926300, 8951396, 25096
292631, 8926310, 8951410, 25100
292633, 8926330, 8951423, 25093
292634, 8926340, 8951437, 25097
292635, 8926350, 8951450, 25100
292636, 8926360, 8951464, 25104
292637, 8926370, 8951477, 25107
292638, 8926380, 8951490, 25110
292639, 8926390, 8951504, 25114
292640, 8926400, 8951517, 25117
292641, 8926410, 8951531, 25121
292642, 8926420, 8951544, 25124
292644, 8926440, 8951558, 25118
292645, 8926450, 8951571, 25121
292646, 8926460, 8951585, 25125
292647, 8926470, 8951598, 25128
292648, 8926480, 8951611, 25131
292649, 8926490, 8951625, 25135
292651, 8926510, 8951652, 25142
292652, 8926520, 8951665, 25145
292653, 8926530, 8951679, 25149
292655, 8926550, 8951692, 25142
292656, 8926560, 8951706, 25146
292657, 8926570, 8951719, 25149
292658, 8926580, 8951732, 25152
292659, 8926590, 8951746, 25156
292660, 8926600, 8951759, 25159
292661, 8926610, 8951773, 25163
292662, 8926620, 8951786, 25166
292663, 8926630, 8951800, 25170
292665, 8926650, 8951813, 25163
292666, 8926660, 8951826, 25166
292667, 8926670, 8951840, 25170
292668, 8926680, 8951853, 25173
292669, 8926690, 8951867, 25177
292670, 8926700, 8951880, 25180
292671, 8926710, 8951894, 25184
292672, 8926720, 8951907, 25187
292673, 8926730, 8951921, 25191
292674, 8926740, 8951934, 25194
292676, 8926760, 8951947, 25187
292677, 8926770, 8951961, 25191
292678, 8926780, 8951974, 25194
292679, 8926790, 8951988, 25198
292680, 8926800, 8952001, 25201
292681, 8926810, 8952015, 25205
292682, 8926820, 8952028, 25208
292683, 8926830, 8952042, 25212
292684, 8926840, 8952055, 25215
292685, 8926850, 8952068, 25218
292687, 8926870, 8952082, 25212
292688, 8926880, 8952095, 25215
292689, 8926890, 8952109, 25219
292690, 8926900, 8952122, 25222
292691, 8926910, 8952136, 25226
292692, 8926920, 8952149, 25229
292693, 8926930, 8952162, 25232
292694, 8926940, 8952176, 25236
292695, 8926950, 8952189, 25239
292697, 8926970, 8952203, 25233
292698, 8926980, 8952216, 25236
292699, 8926990, 8952230, 25240
292701, 8927010, 8952257, 25247
292702, 8927020, 8952270, 25250
292703, 8927030, 8952283, 25253
292704, 8927040, 8952297, 25257
292705, 8927050, 8952310, 25260
292706, 8927060, 8952324, 25264
292708, 8927080, 8952337, 25257
292709, 8927090, 8952351, 25261
292710, 8927100, 8952364, 25264
292711, 8927110, 8952378, 25268
292712, 8927120, 8952391, 25271
292713, 8927130, 8952404, 25274
292714, 8927140, 8952418, 25278
292715, 8927150, 8952431, 25281
292716, 8927160, 8956012, 28852
292718, 8927180, 8956026, 28846
292719, 8927190, 8956039, 28849
292720, 8927200, 8956052, 28852
292721, 8927210, 8956066, 28856
292722, 8927220, 8956079, 28859
292723, 8927230, 8956093, 28863
292724, 8927240, 8956106, 28866
292725, 8927250, 8956120, 28870
292726, 8927260, 8956133, 28873
292727, 8927270, 8956146, 28876
292729, 8927290, 8956160, 28870
292730, 8927300, 8956173, 28873
292731, 8927310, 8956187, 28877
292732, 8927320, 8956200, 28880
292733, 8927330, 8956214, 28884
292734, 8927340, 8956227, 28887
292735, 8927350, 8956241, 28891
292736, 8927360, 8956254, 28894
292737, 8927370, 8956267, 28897
292738, 8927380, 8956281, 28901
292740, 8927400, 8956294, 28894
292741, 8927410, 8956308, 28898
292742, 8927420, 8956321, 28901
292743, 8927430, 8956335, 28905
292744, 8927440, 8956348, 28908
292745, 8927450, 8956362, 28912
292746, 8927460, 8956375, 28915
292747, 8927470, 8956388, 28918
292748, 8927480, 8956402, 28922
292751, 8927510, 8956429, 28919
292752, 8927520, 8956442, 28922
292753, 8927530, 8956456, 28926
292754, 8927540, 8956469, 28929
292755, 8927550, 8956482, 28932
292756, 8927560, 8956496, 28936
292757, 8927570, 8956509, 28939
292758, 8927580, 8956523, 28943
292759, 8927590, 8956536, 28946
292761, 8927610, 8956550, 28940
292762, 8927620, 8956563, 28943
292763, 8927630, 8956577, 28947
292764, 8927640, 8956590, 28950
292765, 8927650, 8956603, 28953
292766, 8927660, 8956617, 28957
292767, 8927670, 8956630, 28960
292768, 8927680, 8956644, 28964
292769, 8927690, 8956657, 28967
292771, 8927710, 8956671, 28961
292772, 8927720, 8956684, 28964
292773, 8927730, 8956698, 28968
292774, 8927740, 8956711, 28971
292775, 8927750, 8956724, 28974
292776, 8927760, 8956738, 28978
292777, 8927770, 8956751, 28981
292778, 8927780, 8956765, 28985
292779, 8927790, 8956778, 28988
292780, 8927800, 8956792, 28992
292782, 8927820, 8956805, 28985
292783, 8927830, 8956818, 28988
292784, 8927840, 8956832, 28992
292785, 8927850, 8956845, 28995
292786, 8927860, 8956859, 28999
292787, 8927870, 8956872, 29002
292788, 8927880, 8956886, 29006
292789, 8927890, 8956899, 29009
292790, 8927900, 8956913, 29013
292791, 8927910, 8956926, 29016
292793, 8927930, 8956939, 29009
292794, 8927940, 8956953, 29013
292795, 8927950, 8956966, 29016
292796, 8927960, 8956980, 29020
292797, 8927970, 8956993, 29023
292798, 8927980, 8957007, 29027
292799, 8927990, 8957020, 29030
293202, 8932020, 8957047, 25027
293203, 8932030, 8957060, 25030
293204, 8932040, 8957074, 25034
293205, 8932050, 8957087, 25037
293206, 8932060, 8957101, 25041
293207, 8932070, 8957114, 25044
293208, 8932080, 8957128, 25048
293209, 8932090, 8957141, 25051
293210, 8932100, 8957154, 25054
293212, 8932120, 8957168, 25048
293213, 8932130, 8957181, 25051
293214, 8932140, 8957195, 25055
293215, 8932150, 8957208, 25058
293216, 8932160, 8957222, 25062
293217, 8932170, 8957235, 25065
293218, 8932180, 8957249, 25069
293219, 8932190, 8957262, 25072
293220, 8932200, 8957275, 25075
293221, 8932210, 8957289, 25079
293223, 8932230, 8957302, 25072
293224, 8932240, 8957316, 25076
293225, 8932250, 8957329, 25079
293226, 8932260, 8957343, 25083
293227, 8932270, 8957356, 25086
293228, 8932280, 8957370, 25090
293229, 8932290, 8957383, 25093
293230, 8932300, 8957396, 25096
293231, 8932310, 8957410, 25100
293233, 8932330, 8957423, 25093
293234, 8932340, 8957437, 25097
293235, 8932350, 8957450, 25100
293236, 8932360, 8957464, 25104
293237, 8932370, 8957477, 25107
293238, 8932380, 8957490, 25110
293239, 8932390, 8957504, 25114
293240, 8932400, 8957517, 25117
293241, 8932410, 8957531, 25121
293242, 8932420, 8957544, 25124
293244, 8932440, 8957558, 25118
293245, 8932450, 8957571, 25121
293246, 8932460, 8957585, 25125
293247, 8932470, 8957598, 25128
293248, 8932480, 8957611, 25131
293249, 8932490, 8957625, 25135
293251, 8932510, 8957652, 25142
293252, 8932520, 8957665, 25145
293253, 8932530, 8957679, 25149
293255, 8932550, 8957692, 25142
293256, 8932560, 8957706, 25146
293257, 8932570, 8957719, 25149
293258, 8932580, 8957732, 25152
293259, 8932590, 8957746, 25156
293260, 8932600, 8957759, 25159
293261, 8932610, 8957773, 25163
293262, 8932620, 8957786, 25166
293263, 8932630, 8957800, 25170
293265, 8932650, 8957813, 25163
293266, 8932660, 8957826, 25166
293267, 8932670, 8957840, 25170
293268, 8932680, 8957853, 25173
293269, 8932690, 8957867, 25177
293270, 8932700, 8957880, 25180
293271, 8932710, 8957894, 25184
293272, 8932720, 8957907, 25187
293273, 8932730, 8957921, 25191
293274, 8932740, 8957934, 25194
293276, 8932760, 8957947, 25187
293277, 8932770, 8957961, 25191
293278, 8932780, 8957974, 25194
293279, 8932790, 8957988, 25198
293280, 8932800, 8958001, 25201
293281, 8932810, 8958015, 25205
293282, 8932820, 8958028, 25208
293283, 8932830, 8958042, 25212
293284, 8932840, 8958055, 25215
293285, 8932850, 8958068, 25218
293287, 8932870, 8958082, 25212
293288, 8932880, 8958095, 25215
293289, 8932890, 8958109, 25219
293290, 8932900, 8958122, 25222
293291, 8932910, 8958136, 25226
293292, 8932920, 8958149, 25229
293293, 8932930, 8958162, 25232
293294, 8932940, 8958176, 25236
293295, 8932950, 8958189, 25239
293297, 8932970, 8958203, 25233
293298, 8932980, 8958216, 25236
293299, 8932990, 8958230, 25240
293301, 8933010, 8958257, 25247
293302, 8933020, 8958270, 25250
293303, 8933030, 8958283, 25253
293304, 8933040, 8958297, 25257
293305, 8933050, 8958310, 25260
293306, 8933060, 8958324, 25264
293308, 8933080, 8958337, 25257
293309, 8933090, 8958351, 25261
293310, 8933100, 8958364, 25264
293311, 8933110, 8958378, 25268
293312, 8933120, 8958391, 25271
293313, 8933130, 8958404, 25274
293314, 8933140, 8958418, 25278
293315, 8933150, 8958431, 25281
293316, 8933160, 8962012, 28852
293318, 8933180, 8962026, 28846
293319, 8933190, 8962039, 28849
293320, 8933200, 8962052, 28852
293321, 8933210, 8962066, 28856
293322, 8933220, 8962079, 28859
293323, 8933230, 8962093, 28863
293324, 8933240, 8962106, 28866
293325, 8933250, 8962120, 28870
293326, 8933260, 8962133, 28873
293327, 8933270, 8962146, 28876
293329, 8933290, 8962160, 28870
293330, 8933300, 8962173, 28873
293331, 8933310, 8962187, 28877
293332, 8933320, 8962200, 28880
293333, 8933330, 8962214, 28884
293334, 8933340, 8962227, 28887
293335, 8933350, 8962241, 28891
293336, 8933360, 8962254, 28894
293337, 8933370, 8962267, 28897
293338, 8933380, 8962281, 28901
293340, 8933400, 8962294, 28894
293341, 8933410, 8962308, 28898
293342, 8933420, 8962321, 28901
293343, 8933430, 8962335, 28905
293344, 8933440, 8962348, 28908
293345, 8933450, 8962362, 28912
293346, 8933460, 8962375, 28915
293347, 8933470, 8962388, 28918
293348, 8933480, 8962402, 28922
293351, 8933510, 8962429, 28919
293352, 8933520, 8962442, 28922
293353, 8933530, 8962456, 28926
293354, 8933540, 8962469, 28929
293355, 8933550, 8962482, 28932
293356, 8933560, 8962496, 28936
293357, 8933570, 8962509, 28939
293358, 8933580, 8962523, 28943
293359, 8933590, 8962536, 28946
293361, 8933610, 8962550, 28940
293362, 8933620, 8962563, 28943
293363, 8933630, 8962577, 28947
293364, 8933640, 8962590, 28950
293365, 8933650, 8962603, 28953
293366, 8933660, 8962617, 28957
293367, 8933670, 8962630, 28960
293368, 8933680, 8962644, 28964
293369, 8933690, 8962657, 28967
293371, 8933710, 8962671, 28961
293372, 8933720, 8962684, 28964
293373, 8933730, 8962698, 28968
293374, 8933740, 8962711, 28971
293375, 8933750, 8962724, 28974
293376, 8933760, 8962738, 28978
293377, 8933770, 8962751, 28981
293378, 8933780, 8962765, 28985
293379, 8933790, 8962778, 28988
293380, 8933800, 8962792, 28992
293382, 8933820, 8962805, 28985
293383, 8933830, 8962818, 28988
293384, 8933840, 8962832, 28992
293385, 8933850, 8962845, 28995
293386, 8933860, 8962859, 28999
293387, 8933870, 8962872, 29002
293388, 8933880, 8962886, 29006
293389, 8933890, 8962899, 29009
293390, 8933900, 8962913, 29013
293391, 8933910, 8962926, 29016
293393, 8933930, 8962939, 29009
293394, 8933940, 8962953, 29013
293395, 8933950, 8962966, 29016
293396, 8933960, 8962980, 29020
293397, 8933970, 8962993, 29023
293398, 8933980, 8963007, 29027
293399, 8933990, 8963020, 29030
293802, 8938020, 8963047, 25027
293803, 8938030, 8963060, 25030
293804, 8938040, 8963074, 25034
293805, 8938050, 8963087, 25037
293806, 8938060, 8963101, 25041
293807, 8938070, 8963114, 25044
293808, 8938080, 8963128, 25048
293809, 8938090, 8963141, 25051
293810, 8938100, 8963154, 25054
293812, 8938120, 8963168, 25048
293813, 8938130, 8963181, 25051
293814, 8938140, 8963195, 25055
293815, 8938150, 8963208, 25058
293816, 8938160, 8963222, 25062
293817, 8938170, 8963235, 25065
293818, 8938180, 8963249, 25069
293819, 8938190, 8963262, 25072
293820, 8938200, 8963275, 25075
293821, 8938210, 8963289, 25079
293823, 8938230, 8963302, 25072
293824, 8938240, 8963316, 25076
293825, 8938250, 8963329, 25079
293826, 8938260, 8963343, 25083
293827, 8938270, 8963356, 25086
293828, 8938280, 8963370, 25090
293829, 8938290, 8963383, 25093
293830, 8938300, 8963396, 25096
293831, 8938310, 8963410, 25100
293833, 8938330, 8963423, 25093
293834, 8938340, 8963437, 25097
293835, 8938350, 8963450, 25100
293836, 8938360, 8963464, 25104
293837, 8938370, 8963477, 25107
293838, 8938380, 8963490, 25110
293839, 8938390, 8963504, 25114
293840, 8938400, 8963517, 25117
293841, 8938410, 8963531, 25121
293842, 8938420, 8963544, 25124
293844, 8938440, 8963558, 25118
293845, 8938450, 8963571, 25121
293846, 8938460, 8963585, 25125
293847, 8938470, 8963598, 25128
293848, 8938480, 8963611, 25131
293849, 8938490, 8963625, 25135
293851, 8938510, 8963652, 25142
293852, 8938520, 8963665, 25145
293853, 8938530, 8963679, 25149
293855, 8938550, 8963692, 25142
293856, 8938560, 8963706, 25146
293857, 8938570, 8963719, 25149
293858, 8938580, 8963732, 25152
293859, 8938590, 8963746, 25156
293860, 8938600, 8963759, 25159
293861, 8938610, 8963773, 25163
293862, 8938620, 8963786, 25166
293863, 8938630, 8963800, 25170
293865, 8938650, 8963813, 25163
293866, 8938660, 8963826, 25166
293867, 8938670, 8963840, 25170
293868, 8938680, 8963853, 25173
293869, 8938690, 8963867, 25177
293870, 8938700, 8963880, 25180
293871, 8938710, 8963894, 25184
293872, 8938720, 8963907, 25187
293873, 8938730, 8963921, 25191
293874, 8938740, 8963934, 25194
293876, 8938760, 8963947, 25187
293877, 8938770, 8963961, 25191
293878, 8938780, 8963974, 25194
293879, 8938790, 8963988, 25198
293880, 8938800, 8964001, 25201
293881, 8938810, 8964015, 25205
293882, 8938820, 8964028, 25208
293883, 8938830, 8964042, 25212
293884, 8938840, 8964055, 25215
293885, 8938850, 8964068, 25218
293887, 8938870, 8964082, 25212
293888, 8938880, 8964095, 25215
293889, 8938890, 8964109, 25219
293890, 8938900, 8964122, 25222
293891, 8938910, 8964136, 25226
293892, 8938920, 8964149, 25229
293893, 8938930, 8964162, 25232
293894, 8938940, 8964176, 25236
293895, 8938950, 8964189, 25239
293897, 8938970, 8964203, 25233
293898, 8938980, 8964216, 25236
293899, 8938990, 8964230, 25240
293901, 8939010, 8964257, 25247
293902, 8939020, 8964270, 25250
293903, 8939030, 8964283, 25253
293904, 8939040, 8964297, 25257
293905, 8939050, 8964310, 25260
293906, 8939060, 8964324, 25264
293908, 8939080, 8964337, 25257
293909, 8939090, 8964351, 25261
293910, 8939100, 8964364, 25264
293911, 8939110, 8964378, 25268
293912, 8939120, 8964391, 25271
293913, 8939130, 8964404, 25274
293914, 8939140, 8964418, 25278
293915, 8939150, 8964431, 25281
293916, 8939160, 8968012, 28852
293918, 8939180, 8968026, 28846
293919, 8939190, 8968039, 28849
293920, 8939200, 8968052, 28852
293921, 8939210, 8968066, 28856
293922, 8939220, 8968079, 28859
293923, 8939230, 8968093, 28863
293924, 8939240, 8968106, 28866
293925, 8939250, 8968120, 28870
293926, 8939260, 8968133, 28873
293927, 8939270, 8968146, 28876
293929, 8939290, 8968160, 28870
293930, 8939300, 8968173, 28873
293931, 8939310, 8968187, 28877
293932, 8939320, 8968200, 28880
293933, 8939330, 8968214, 28884
293934, 8939340, 8968227, 28887
293935, 8939350, 8968241, 28891
293936, 8939360, 8968254, 28894
293937, 8939370, 8968267, 28897
293938, 8939380, 8968281, 28901
293940, 8939400, 8968294, 28894
293941, 8939410, 8968308, 28898
293942, 8939420, 8968321, 28901
293943, 8939430, 8968335, 28905
293944, 8939440, 8968348, 28908
293945, 8939450, 8968362, 28912
293946, 8939460, 8968375, 28915
293947, 8939470, 8968388, 28918
293948, 8939480, 8968402, 28922
293951, 8939510, 8968429, 28919
293952, 8939520, 8968442, 28922
293953, 8939530, 8968456, 28926
293954, 8939540, 8968469, 28929
293955, 8939550, 8968482, 28932
293956, 8939560, 8968496, 28936
293957, 8939570, 8968509, 28939
293958, 8939580, 8968523, 28943
293959, 8939590, 8968536, 28946
293961, 8939610, 8968550, 28940
293962, 8939620, 8968563, 28943
293963, 8939630, 8968577, 28947
293964, 8939640, 8968590, 28950
293965, 8939650, 8968603, 28953
293966, 8939660, 8968617, 28957
293967, 8939670, 8968630, 28960
293968, 8939680, 8968644, 28964
293969, 8939690, 8968657, 28967
293971, 8939710, 8968671, 28961
293972, 8939720, 8968684, 28964
293973, 8939730, 8968698, 28968
293974, 8939740, 8968711, 28971
293975, 8939750, 8968724, 28974
293976, 8939760, 8968738, 28978
293977, 8939770, 8968751, 28981
293978, 8939780, 8968765, 28985
293979, 8939790, 8968778, 28988
293980, 8939800, 8968792, 28992
293982, 8939820, 8968805, 28985
293983, 8939830, 8968818, 28988
293984, 8939840, 8968832, 28992
293985, 8939850, 8968845, 28995
293986, 8939860, 8968859, 28999
293987, 8939870, 8968872, 29002
293988, 8939880, 8968886, 29006
293989, 8939890, 8968899, 29009
293990, 8939900, 8968913, 29013
293991, 8939910, 8968926, 29016
293993, 8939930, 8968939, 29009
293994, 8939940, 8968953, 29013
293995, 8939950, 8968966, 29016
293996, 8939960, 8968980, 29020
293997, 8939970, 8968993, 29023
293998, 8939980, 8969007, 29027
293999, 8939990, 8969020, 29030
294402, 8944020, 8969047, 25027
294403, 8944030, 8969060, 25030
294404, 8944040, 8969074, 25034
294405, 8944050, 8969087, 25037
294406, 8944060, 8969101, 25041
294407, 8944070, 8969114, 25044
294408, 8944080, 8969128, 25048
294409, 8944090, 8969141, 25051
294410, 8944100, 8969154, 25054
294412, 8944120, 8969168, 25048
294413, 8944130, 8969181, 25051
294414, 8944140, 8969195, 25055
294415, 8944150, 8969208, 25058
294416, 8944160, 8969222, 25062
294417, 8944170, 8969235, 25065
294418, 8944180, 8969249, 25069
294419, 8944190, 8969262, 25072
294420, 8944200, 8969275, 25075
294421, 8944210, 8969289, 25079
294423, 8944230, 8969302, 25072
294424, 8944240, 8969316, 25076
294425, 8944250, 8969329, 25079
294426, 8944260, 8969343, 25083
294427, 8944270, 8969356, 25086
294428, 8944280, 8969370, 25090
294429, 8944290, 8969383, 25093
294430, 8944300, 8969396, 25096
294431, 8944310, 8969410, 25100
294433, 8944330, 8969423, 25093
294434, 8944340, 8969437, 25097
294435, 8944350, 8969450, 25100
294436, 8944360, 8969464, 25104
294437, 8944370, 8969477, 25107
294438, 8944380, 8969490, 25110
294439, 8944390, 8969504, 25114
294440, 8944400, 8969517, 25117
294441, 8944410, 8969531, 25121
294442, 8944420, 8969544, 25124
294444, 8944440, 8969558, 25118
294445, 8944450, 8969571, 25121
294446, 8944460, 8969585, 25125
294447, 8944470, 8969598, 25128
294448, 8944480, 8969611, 25131
294449, 8944490, 8969625, 25135
294451, 8944510, 8969652, 25142
294452, 8944520, 8969665, 25145
294453, 8944530, 8969679, 25149
294455, 8944550, 8969692, 25142
294456, 8944560, 8969706, 25146
294457, 8944570, 8969719, 25149
294458, 8944580, 8969732, 25152
294459, 8944590, 8969746, 25156
294460, 8944600, 8969759, 25159
294461, 8944610, 8969773, 25163
294462, 8944620, 8969786, 25166
294463, 8944630, 8969800, 25170
294465, 8944650, 8969813, 25163
294466, 8944660, 8969826, 25166
294467, 8944670, 8969840, 25170
294468, 8944680, 8969853, 25173
294469, 8944690, 8969867, 25177
294470, 8944700, 8969880, 25180
294471, 8944710, 8969894, 25184
294472, 8944720, 8969907, 25187
294473, 8944730, 8969921, 25191
294474, 8944740, 8969934, 25194
294476, 8944760, 8969947, 25187
294477, 8944770, 8969961, 25191
294478, 8944780, 8969974, 25194
294479, 8944790, 8969988, 25198
294480, 8944800, 8970001, 25201
294481, 8944810, 8970015, 25205
294482, 8944820, 8970028, 25208
294483, 8944830, 8970042, 25212
294484, 8944840, 8970055, 25215
294485, 8944850, 8970068, 25218
294487, 8944870, 8970082, 25212
294488, 8944880, 8970095, 25215
294489, 8944890, 8970109, 25219
294490, 8944900, 8970122, 25222
294491, 8944910, 8970136, 25226
294492, 8944920, 8970149, 25229
294493, 8944930, 8970162, 25232
294494, 8944940, 8970176, 25236
294495, 8944950, 8970189, 25239
294497, 8944970, 8970203, 25233
294498, 8944980, 8970216, 25236
294499, 8944990, 8970230, 25240
294501, 8945010, 8970257, 25247
294502, 8945020, 8970270, 25250
294503, 8945030, 8970283, 25253
294504, 8945040, 8970297, 25257
294505, 8945050, 8970310, 25260
294506, 8945060, 8970324, 25264
294508, 8945080, 8970337, 25257
294509, 8945090, 8970351, 25261
294510, 8945100, 8970364, 25264
294511, 8945110, 8970378, 25268
294512, 8945120, 8970391, 25271
294513, 8945130, 8970404, 25274
294514, 8945140, 8970418, 25278
294515, 8945150, 8970431, 25281
294516, 8945160, 8974012, 28852
294517, 8945170, 8974026, 28856
294519, 8945190, 8974039, 28849
294520, 8945200, 8974052, 28852
294521, 8945210, 8974066, 28856
294522, 8945220, 8974079, 28859
294523, 8945230, 8974093, 28863
294524, 8945240, 8974106, 28866
294525, 8945250, 8974120, 28870
294526, 8945260, 8974133, 28873
294527, 8945270, 8974146, 28876
294529, 8945290, 8974160, 28870
294530, 8945300, 8974173, 28873
294531, 8945310, 8974187, 28877
294532, 8945320, 8974200, 28880
294533, 8945330, 8974214, 28884
294534, 8945340, 8974227, 28887
294535, 8945350, 8974241, 28891
294536, 8945360, 8974254, 28894
294537, 8945370, 8974267, 28897
294538, 8945380, 8974281, 28901
294540, 8945400, 8974294, 28894
294541, 8945410, 8974308, 28898
294542, 8945420, 8974321, 28901
294543, 8945430, 8974335, 28905
294544, 8945440, 8974348, 28908
294545, 8945450, 8974362, 28912
294546, 8945460, 8974375, 28915
294547, 8945470, 8974388, 28918
294548, 8945480, 8974402, 28922
294551, 8945510, 8974429, 28919
294552, 8945520, 8974442, 28922
294553, 8945530, 8974456, 28926
294554, 8945540, 8974469, 28929
294555, 8945550, 8974482, 28932
294556, 8945560, 8974496, 28936
294557, 8945570, 8974509, 28939
294558, 8945580, 8974523, 28943
294559, 8945590, 8974536, 28946
294561, 8945610, 8974550, 28940
294562, 8945620, 8974563, 28943
294563, 8945630, 8974577, 28947
294564, 8945640, 8974590, 28950
294565, 8945650, 8974603, 28953
294566, 8945660, 8974617, 28957
294567, 8945670, 8974630, 28960
294568, 8945680, 8974644, 28964
294569, 8945690, 8974657, 28967
294570, 8945700, 8974671, 28971
294572, 8945720, 8974684, 28964
294573, 8945730, 8974698, 28968
294574, 8945740, 8974711, 28971
294575, 8945750, 8974724, 28974
294576, 8945760, 8974738, 28978
294577, 8945770, 8974751, 28981
294578, 8945780, 8974765, 28985
294579, 8945790, 8974778, 28988
294580, 8945800, 8974792, 28992
294582, 8945820, 8974805, 28985
294583, 8945830, 8974818, 28988
294584, 8945840, 8974832, 28992
294585, 8945850, 8974845, 28995
294586, 8945860, 8974859, 28999
294587, 8945870, 8974872, 29002
294588, 8945880, 8974886, 29006
294589, 8945890, 8974899, 29009
294590, 8945900, 8974913, 29013
294591, 8945910, 8974926, 29016
294593, 8945930, 8974939, 29009
294594, 8945940, 8974953, 29013
294595, 8945950, 8974966, 29016
294596, 8945960, 8974980, 29020
294597, 8945970, 8974993, 29023
294598, 8945980, 8975007, 29027
294599, 8945990, 8975020, 29030
295002, 8950020, 8975047, 25027
295003, 8950030, 8975060, 25030
295004, 8950040, 8975074, 25034
295005, 8950050, 8975087, 25037
295006, 8950060, 8975101, 25041
295007, 8950070, 8975114, 25044
295008, 8950080, 8975127, 25047
295009, 8950090, 8975141, 25051
295010, 8950100, 8975154, 25054
295012, 8950120, 8975168, 25048
295013, 8950130, 8975181, 25051
295014, 8950140, 8975195, 25055
295015, 8950150, 8975208, 25058
295016, 8950160, 8975222, 25062
295017, 8950170, 8975235, 25065
295018, 8950180, 8975248, 25068
295019, 8950190, 8975262, 25072
295020, 8950200, 8975275, 25075
295021, 8950210, 8975289, 25079
295023, 8950230, 8975302, 25072
295024, 8950240, 8975316, 25076
295025, 8950250, 8975329, 25079
295026, 8950260, 8975342, 25082
295027, 8950270, 8975356, 25086
295028, 8950280, 8975369, 25089
295029, 8950290, 8975383, 25093
295030, 8950300, 8975396, 25096
295031, 8950310, 8975410, 25100
295033, 8950330, 8975423, 25093
295034, 8950340, 8975437, 25097
295035, 8950350, 8975450, 25100
295036, 8950360, 8975463, 25103
295037, 8950370, 8975477, 25107
295038, 8950380, 8975490, 25110
295039, 8950390, 8975504, 25114
295040, 8950400, 8975517, 25117
295041, 8950410, 8975531, 25121
295042, 8950420, 8975544, 25124
295044, 8950440, 8975558, 25118
295045, 8950450, 8975571, 25121
295046, 8950460, 8975584, 25124
295047, 8950470, 8975598, 25128
295048, 8950480, 8975611, 25131
295049, 8950490, 8975625, 25135
295051, 8950510, 8975652, 25142
295052, 8950520, 8975665, 25145
295053, 8950530, 8975678, 25148
295055, 8950550, 8975692, 25142
295056, 8950560, 8975705, 25145
295057, 8950570, 8975719, 25149
295058, 8950580, 8975732, 25152
295059, 8950590, 8975746, 25156
295060, 8950600, 8975759, 25159
295061, 8950610, 8975773, 25163
295062, 8950620, 8975786, 25166
295063, 8950630, 8975799, 25169
295065, 8950650, 8975813, 25163
295066, 8950660, 8975826, 25166
295067, 8950670, 8975840, 25170
295068, 8950680, 8975853, 25173
295069, 8950690, 8975867, 25177
295070, 8950700, 8975880, 25180
295071, 8950710, 8975894, 25184
295072, 8950720, 8975907, 25187
295073, 8950730, 8975920, 25190
295074, 8950740, 8975934, 25194
295076, 8950760, 8975947, 25187
295077, 8950770, 8975961, 25191
295078, 8950780, 8975974, 25194
295079, 8950790, 8975988, 25198
295080, 8950800, 8976001, 25201
295081, 8950810, 8976014, 25204
295082, 8950820, 8976028, 25208
295083, 8950830, 8976041, 25211
295084, 8950840, 8976055, 25215
295085, 8950850, 8976068, 25218
295087, 8950870, 8976082, 25212
295088, 8950880, 8976095, 25215
295089, 8950890, 8976109, 25219
295090, 8950900, 8976122, 25222
295091, 8950910, 8976135, 25225
295092, 8950920, 8976149, 25229
295093, 8950930, 8976162, 25232
295094, 8950940, 8976176, 25236
295095, 8950950, 8976189, 25239
295097, 8950970, 8976203, 25233
295098, 8950980, 8976216, 25236
295099, 8950990, 8976230, 25240
295101, 8951010, 8976256, 25246
295102, 8951020, 8976270, 25250
295103, 8951030, 8976283, 25253
295104, 8951040, 8976297, 25257
295105, 8951050, 8976310, 25260
295106, 8951060, 8976324, 25264
295108, 8951080, 8976337, 25257
295109, 8951090, 8976350, 25260
295110, 8951100, 8976364, 25264
295111, 8951110, 8976377, 25267
295112, 8951120, 8976391, 25271
295113, 8951130, 8976404, 25274
295114, 8951140, 8976418, 25278
295115, 8951150, 8976431, 25281
295116, 8951160, 8980012, 28852
295118, 8951180, 8980026, 28846
295119, 8951190, 8980039, 28849
295120, 8951200, 8980052, 28852
295121, 8951210, 8980066, 28856
295122, 8951220, 8980079, 28859
295123, 8951230, 8980093, 28863
295124, 8951240, 8980106, 28866
295125, 8951250, 8980120, 28870
295126, 8951260, 8980133, 28873
295127, 8951270, 8980146, 28876
295129, 8951290, 8980160, 28870
295130, 8951300, 8980173, 28873
295131, 8951310, 8980187, 28877
295132, 8951320, 8980200, 28880
295133, 8951330, 8980214, 28884
295134, 8951340, 8980227, 28887
295135, 8951350, 8980241, 28891
295136, 8951360, 8980254, 28894
295137, 8951370, 8980267, 28897
295138, 8951380, 8980281, 28901
295140, 8951400, 8980294, 28894
295141, 8951410, 8980308, 28898
295142, 8951420, 8980321, 28901
295143, 8951430, 8980335, 28905
295144, 8951440, 8980348, 28908
295145, 8951450, 8980362, 28912
295146, 8951460, 8980375, 28915
295147, 8951470, 8980388, 28918
295148, 8951480, 8980402, 28922
295151, 8951510, 8980429, 28919
295152, 8951520, 8980442, 28922
295153, 8951530, 8980456, 28926
295154, 8951540, 8980469, 28929
295155, 8951550, 8980482, 28932
295156, 8951560, 8980496, 28936
295157, 8951570, 8980509, 28939
295158, 8951580, 8980523, 28943
295159, 8951590, 8980536, 28946
295161, 8951610, 8980550, 28940
295162, 8951620, 8980563, 28943
295163, 8951630, 8980577, 28947
295164, 8951640, 8980590, 28950
295165, 8951650, 8980603, 28953
295166, 8951660, 8980617, 28957
295167, 8951670, 8980630, 28960
295168, 8951680, 8980644, 28964
295169, 8951690, 8980657, 28967
295171, 8951710, 8980671, 28961
295172, 8951720, 8980684, 28964
295173, 8951730, 8980698, 28968
295174, 8951740, 8980711, 28971
295175, 8951750, 8980724, 28974
295176, 8951760, 8980738, 28978
295177, 8951770, 8980751, 28981
295178, 8951780, 8980765, 28985
295179, 8951790, 8980778, 28988
295180, 8951800, 8980792, 28992
295182, 8951820, 8980805, 28985
295183, 8951830, 8980818, 28988
295184, 8951840, 8980832, 28992
295185, 8951850, 8980845, 28995
295186, 8951860, 8980859, 28999
295187, 8951870, 8980872, 29002
295188, 8951880, 8980886, 29006
295189, 8951890, 8980899, 29009
295190, 8951900, 8980913, 29013
295191, 8951910, 8980926, 29016
295193, 8951930, 8980939, 29009
295194, 8951940, 8980953, 29013
295195, 8951950, 8980966, 29016
295196, 8951960, 8980980, 29020
295197, 8951970, 8980993, 29023
295198, 8951980, 8981007, 29027
295199, 8951990, 8981020, 29030
295602, 8956020, 8981047, 25027
295603, 8956030, 8981060, 25030
295604, 8956040, 8981074, 25034
295605, 8956050, 8981087, 25037
295606, 8956060, 8981101, 25041
295607, 8956070, 8981114, 25044
295608, 8956080, 8981128, 25048
295609, 8956090, 8981141, 25051
295610, 8956100, 8981154, 25054
295612, 8956120, 8981168, 25048
295613, 8956130, 8981181, 25051
295614, 8956140, 8981195, 25055
295615, 8956150, 8981208, 25058
295616, 8956160, 8981222, 25062
295617, 8956170, 8981235, 25065
295618, 8956180, 8981249, 25069
295619, 8956190, 8981262, 25072
295620, 8956200, 8981275, 25075
295621, 8956210, 8981289, 25079
295623, 8956230, 8981302, 25072
295624, 8956240, 8981316, 25076
295625, 8956250, 8981329, 25079
295626, 8956260, 8981343, 25083
295627, 8956270, 8981356, 25086
295628, 8956280, 8981370, 25090
295629, 8956290, 8981383, 25093
295630, 8956300, 8981396, 25096
295631, 8956310, 8981410, 25100
295633, 8956330, 8981423, 25093
295634, 8956340, 8981437, 25097
295635, 8956350, 8981450, 25100
295636, 8956360, 8981464, 25104
295637, 8956370, 8981477, 25107
295638, 8956380, 8981490, 25110
295639, 8956390, 8981504, 25114
295640, 8956400, 8981517, 25117
295641, 8956410, 8981531, 25121
295642, 8956420, 8981544, 25124
295644, 8956440, 8981558, 25118
295645, 8956450, 8981571, 25121
295646, 8956460, 8981585, 25125
295647, 8956470, 8981598, 25128
295648, 8956480, 8981611, 25131
295649, 8956490, 8981625, 25135
295651, 8956510, 8981652, 25142
295652, 8956520, 8981665, 25145
295653, 8956530, 8981679, 25149
295655, 8956550, 8981692, 25142
295656, 8956560, 8981706, 25146
295657, 8956570, 8981719, 25149
295658, 8956580, 8981732, 25152
295659, 8956590, 8981746, 25156
295660, 8956600, 8981759, 25159
295661, 8956610, 8981773, 25163
295662, 8956620, 8981786, 25166
295663, 8956630, 8981800, 25170
295665, 8956650, 8981813, 25163
295666, 8956660, 8981826, 25166
295667, 8956670, 8981840, 25170
295668, 8956680, 8981853, 25173
295669, 8956690, 8981867, 25177
295670, 8956700, 8981880, 25180
295671, 8956710, 8981894, 25184
295672, 8956720, 8981907, 25187
295673, 8956730, 8981921, 25191
295674, 8956740, 8981934, 25194
295676, 8956760, 8981947, 25187
295677, 8956770, 8981961, 25191
295678, 8956780, 8981974, 25194
295679, 8956790, 8981988, 25198
295680, 8956800, 8982001, 25201
295681, 8956810, 8982015, 25205
295682, 8956820, 8982028, 25208
295683, 8956830, 8982042, 25212
295684, 8956840, 8982055, 25215
295685, 8956850, 8982068, 25218
295687, 8956870, 8982082, 25212
295688, 8956880, 8982095, 25215
295689, 8956890, 8982109, 25219
295690, 8956900, 8982122, 25222
295691, 8956910, 8982136, 25226
295692, 8956920, 8982149, 25229
295693, 8956930, 8982162, 25232
295694, 8956940, 8982176, 25236
295695, 8956950, 8982189, 25239
295697, 8956970, 8982203, 25233
295698, 8956980, 8982216, 25236
295699, 8956990, 8982230, 25240
295701, 8957010, 8982257, 25247
295702, 8957020, 8982270, 25250
295703, 8957030, 8982283, 25253
295704, 8957040, 8982297, 25257
295705, 8957050, 8982310, 25260
295706, 8957060, 8982324, 25264
295708, 8957080, 8982337, 25257
295709, 8957090, 8982351, 25261
295710, 8957100, 8982364, 25264
295711, 8957110, 8982378, 25268
295712, 8957120, 8982391, 25271
295713, 8957130, 8982404, 25274
295714, 8957140, 8982418, 25278
295715, 8957150, 8982431, 25281
295716, 8957160, 8986012, 28852
295718, 8957180, 8986026, 28846
295719, 8957190, 8986039, 28849
295720, 8957200, 8986052, 28852
295721, 8957210, 8986066, 28856
295722, 8957220, 8986079, 28859
295723, 8957230, 8986093, 28863
295724, 8957240, 8986106, 28866
295725, 8957250, 8986120, 28870
295726, 8957260, 8986133, 28873
295727, 8957270, 8986146, 28876
295729, 8957290, 8986160, 28870
295730, 8957300, 8986173, 28873
295731, 8957310, 8986187, 28877
295732, 8957320, 8986200, 28880
295733, 8957330, 8986214, 28884
295734, 8957340, 8986227, 28887
295735, 8957350, 8986241, 28891
295736, 8957360, 8986254, 28894
295737, 8957370, 8986267, 28897
295738, 8957380, 8986281, 28901
295740, 8957400, 8986294, 28894
295741, 8957410, 8986308, 28898
295742, 8957420, 8986321, 28901
295743, 8957430, 8986335, 28905
295744, 8957440, 8986348, 28908
295745, 8957450, 8986362, 28912
295746, 8957460, 8986375, 28915
295747, 8957470, 8986388, 28918
295748, 8957480, 8986402, 28922
295751, 8957510, 8986429, 28919
295752, 8957520, 8986442, 28922
295753, 8957530, 8986456, 28926
295754, 8957540, 8986469, 28929
295755, 8957550, 8986482, 28932
295756, 8957560, 8986496, 28936
295757, 8957570, 8986509, 28939
295758, 8957580, 8986523, 28943
295759, 8957590, 8986536, 28946
295761, 8957610, 8986550, 28940
295762, 8957620, 8986563, 28943
295763, 8957630, 8986577, 28947
295764, 8957640, 8986590, 28950
295765, 8957650, 8986603, 28953
295766, 8957660, 8986617, 28957
295767, 8957670, 8986630, 28960
295768, 8957680, 8986644, 28964
295769, 8957690, 8986657, 28967
295771, 8957710, 8986671, 28961
295772, 8957720, 8986684, 28964
295773, 8957730, 8986698, 28968
295774, 8957740, 8986711, 28971
295775, 8957750, 8986724, 28974
295776, 8957760, 8986738, 28978
295777, 8957770, 8986751, 28981
295778, 8957780, 8986765, 28985
295779, 8957790, 8986778, 28988
295780, 8957800, 8986792, 28992
295782, 8957820, 8986805, 28985
295783, 8957830, 8986818, 28988
295784, 8957840, 8986832, 28992
295785, 8957850, 8986845, 28995
295786, 8957860, 8986859, 28999
295787, 8957870, 8986872, 29002
295788, 8957880, 8986886, 29006
295789, 8957890, 8986899, 29009
295790, 8957900, 8986913, 29013
295791, 8957910, 8986926, 29016
295793, 8957930, 8986939, 29009
295794, 8957940, 8986953, 29013
295795, 8957950, 8986966, 29016
295796, 8957960, 8986980, 29020
295797, 8957970, 8986993, 29023
295798, 8957980, 8987007, 29027
295799, 8957990, 8987020, 29030
296202, 8962020, 8987047, 25027
296203, 8962030, 8987060, 25030
296204, 8962040, 8987074, 25034
296205, 8962050, 8987087, 25037
296206, 8962060, 8987101, 25041
296207, 8962070, 8987114, 25044
296208, 8962080, 8987128, 25048
296209, 8962090, 8987141, 25051
296210, 8962100, 8987154, 25054
296212, 8962120, 8987168, 25048
296213, 8962130, 8987181, 25051
296214, 8962140, 8987195, 25055
296215, 8962150, 8987208, 25058
296216, 8962160, 8987222, 25062
296217, 8962170, 8987235, 25065
296218, 8962180, 8987249, 25069
296219, 8962190, 8987262, 25072
296220, 8962200, 8987275, 25075
296221, 8962210, 8987289, 25079
296223, 8962230, 8987302, 25072
296224, 8962240, 8987316, 25076
296225, 8962250, 8987329, 25079
296226, 8962260, 8987343, 25083
296227, 8962270, 8987356, 25086
296228, 8962280, 8987370, 25090
296229, 8962290, 8987383, 25093
296230, 8962300, 8987396, 25096
296231, 8962310, 8987410, 25100
296233, 8962330, 8987423, 25093
296234, 8962340, 8987437, 25097
296235, 8962350, 8987450, 25100
296236, 8962360, 8987464, 25104
296237, 8962370, 8987477, 25107
296238, 8962380, 8987490, 25110
296239, 8962390, 8987504, 25114
296240, 8962400, 8987517, 25117
296241, 8962410, 8987531, 25121
296242, 8962420, 8987544, 25124
296244, 8962440, 8987558, 25118
296245, 8962450, 8987571, 25121
296246, 8962460, 8987585, 25125
296247, 8962470, 8987598, 25128
296248, 8962480, 8987611, 25131
296249, 8962490, 8987625, 25135
296251, 8962510, 8987652, 25142
296252, 8962520, 8987665, 25145
296253, 8962530, 8987679, 25149
296255, 8962550, 8987692, 25142
296256, 8962560, 8987706, 25146
296257, 8962570, 8987719, 25149
296258, 8962580, 8987732, 25152
296259, 8962590, 8987746, 25156
296260, 8962600, 8987759, 25159
296261, 8962610, 8987773, 25163
296262, 8962620, 8987786, 25166
296263, 8962630, 8987800, 25170
296265, 8962650, 8987813, 25163
296266, 8962660, 8987826, 25166
296267, 8962670, 8987840, 25170
296268, 8962680, 8987853, 25173
296269, 8962690, 8987867, 25177
296270, 8962700, 8987880, 25180
296271, 8962710, 8987894, 25184
296272, 8962720, 8987907, 25187
296273, 8962730, 8987921, 25191
296274, 8962740, 8987934, 25194
296276, 8962760, 8987947, 25187
296277, 8962770, 8987961, 25191
296278, 8962780, 8987974, 25194
296279, 8962790, 8987988, 25198
296280, 8962800, 8988001, 25201
296281, 8962810, 8988015, 25205
296282, 8962820, 8988028, 25208
296283, 8962830, 8988042, 25212
296284, 8962840, 8988055, 25215
296285, 8962850, 8988068, 25218
296287, 8962870, 8988082, 25212
296288, 8962880, 8988095, 25215
296289, 8962890, 8988109, 25219
296290, 8962900, 8988122, 25222
296291, 8962910, 8988136, 25226
296292, 8962920, 8988149, 25229
296293, 8962930, 8988162, 25232
296294, 8962940, 8988176, 25236
296295, 8962950, 8988189, 25239
296297, 8962970, 8988203, 25233
296298, 8962980, 8988216, 25236
296299, 8962990, 8988230, 25240
296301, 8963010, 8988257, 25247
296302, 8963020, 8988270, 25250
296303, 8963030, 8988283, 25253
296304, 8963040, 8988297, 25257
296305, 8963050, 8988310, 25260
296306, 8963060, 8988324, 25264
296308, 8963080, 8988337, 25257
296309, 8963090, 8988351, 25261
296310, 8963100, 8988364, 25264
296311, 8963110, 8988378, 25268
296312, 8963120, 8988391, 25271
296313, 8963130, 8988404, 25274
296314, 8963140, 8988418, 25278
296315, 8963150, 8988431, 25281
296316, 8963160, 8992012, 28852
296318, 8963180, 8992026, 28846
296319, 8963190, 8992039, 28849
296320, 8963200, 8992052, 28852
296321, 8963210, 8992066, 28856
296322, 8963220, 8992079, 28859
296323, 8963230, 8992093, 28863
296324, 8963240, 8992106, 28866
296325, 8963250, 8992120, 28870
296326, 8963260, 8992133, 28873
296327, 8963270, 8992146, 28876
296329, 8963290, 8992160, 28870
296330, 8963300, 8992173, 28873
296331, 8963310, 8992187, 28877
296332, 8963320, 8992200, 28880
296333, 8963330, 8992214, 28884
296334, 8963340, 8992227, 28887
296335, 8963350, 8992241, 28891
296336, 8963360, 8992254, 28894
296337, 8963370, 8992267, 28897
296338, 8963380, 8992281, 28901
296340, 8963400, 8992294, 28894
296341, 8963410, 8992308, 28898
296342, 8963420, 8992321, 28901
296343, 8963430, 8992335, 28905
296344, 8963440, 8992348, 28908
296345, 8963450, 8992362, 28912
296346, 8963460, 8992375, 28915
296347, 8963470, 8992388, 28918
296348, 8963480, 8992402, 28922
296351, 8963510, 8992429, 28919
296352, 8963520, 8992442, 28922
296353, 8963530, 8992456, 28926
296354, 8963540, 8992469, 28929
296355, 8963550, 8992482, 28932
296356, 8963560, 8992496, 28936
296357, 8963570, 8992509, 28939
296358, 8963580, 8992523, 28943
296359, 8963590, 8992536, 28946
296361, 8963610, 8992550, 28940
296362, 8963620, 8992563, 28943
296363, 8963630, 8992577, 28947
296364, 8963640, 8992590, 28950
296365, 8963650, 8992603, 28953
296366, 8963660, 8992617, 28957
296367, 8963670, 8992630, 28960
296368, 8963680, 8992644, 28964
296369, 8963690, 8992657, 28967
296371, 8963710, 8992671, 28961
296372, 8963720, 8992684, 28964
296373, 8963730, 8992698, 28968
296374, 8963740, 8992711, 28971
296375, 8963750, 8992724, 28974
296376, 8963760, 8992738, 28978
296377, 8963770, 8992751, 28981
296378, 8963780, 8992765, 28985
296379, 8963790, 8992778, 28988
296380, 8963800, 8992792, 28992
296382, 8963820, 8992805, 28985
296383, 8963830, 8992818, 28988
296384, 8963840, 8992832, 28992
296385, 8963850, 8992845, 28995
296386, 8963860, 8992859, 28999
296387, 8963870, 8992872, 29002
296388, 8963880, 8992886, 29006
296389, 8963890, 8992899, 29009
296390, 8963900, 8992913, 29013
296391, 8963910, 8992926, 29016
296393, 8963930, 8992939, 29009
296394, 8963940, 8992953, 29013
296395, 8963950, 8992966, 29016
296396, 8963960, 8992980, 29020
296397, 8963970, 8992993, 29023
296398, 8963980, 8993007, 29027
296399, 8963990, 8993020, 29030
296802, 8968020, 8993047, 25027
296803, 8968030, 8993060, 25030
296804, 8968040, 8993074, 25034
296805, 8968050, 8993087, 25037
296806, 8968060, 8993101, 25041
296807, 8968070, 8993114, 25044
296808, 8968080, 8993128, 25048
296809, 8968090, 8993141, 25051
296810, 8968100, 8993154, 25054
296812, 8968120, 8993168, 25048
296813, 8968130, 8993181, 25051
296814, 8968140, 8993195, 25055
296815, 8968150, 8993208, 25058
296816, 8968160, 8993222, 25062
296817, 8968170, 8993235, 25065
296818, 8968180, 8993249, 25069
296819, 8968190, 8993262, 25072
296820, 8968200, 8993275, 25075
296821, 8968210, 8993289, 25079
296823, 8968230, 8993302, 25072
296824, 8968240, 8993316, 25076
296825, 8968250, 8993329, 25079
296826, 8968260, 8993343, 25083
296827, 8968270, 8993356, 25086
296828, 8968280, 8993370, 25090
296829, 8968290, 8993383, 25093
296830, 8968300, 8993396, 25096
296831, 8968310, 8993410, 25100
296833, 8968330, 8993423, 25093
296834, 8968340, 8993437, 25097
296835, 8968350, 8993450, 25100
296836, 8968360, 8993464, 25104
296837, 8968370, 8993477, 25107
296838, 8968380, 8993490, 25110
296839, 8968390, 8993504, 25114
296840, 8968400, 8993517, 25117
296841, 8968410, 8993531, 25121
296842, 8968420, 8993544, 25124
296844, 8968440, 8993558, 25118
296845, 8968450, 8993571, 25121
296846, 8968460, 8993585, 25125
296847, 8968470, 8993598, 25128
296848, 8968480, 8993611, 25131
296849, 8968490, 8993625, 25135
296851, 8968510, 8993652, 25142
296852, 8968520, 8993665, 25145
296853, 8968530, 8993679, 25149
296855, 8968550, 8993692, 25142
296856, 8968560, 8993706, 25146
296857, 8968570, 8993719, 25149
296858, 8968580, 8993732, 25152
296859, 8968590, 8993746, 25156
296860, 8968600, 8993759, 25159
296861, 8968610, 8993773, 25163
296862, 8968620, 8993786, 25166
296863, 8968630, 8993800, 25170
296865, 8968650, 8993813, 25163
296866, 8968660, 8993826, 25166
296867, 8968670, 8993840, 25170
296868, 8968680, 8993853, 25173
296869, 8968690, 8993867, 25177
296870, 8968700, 8993880, 25180
296871, 8968710, 8993894, 25184
296872, 8968720, 8993907, 25187
296873, 8968730, 8993921, 25191
296874, 8968740, 8993934, 25194
296876, 8968760, 8993947, 25187
296877, 8968770, 8993961, 25191
296878, 8968780, 8993974, 25194
296879, 8968790, 8993988, 25198
296880, 8968800, 8994001, 25201
296881, 8968810, 8994015, 25205
296882, 8968820, 8994028, 25208
296883, 8968830, 8994042, 25212
296884, 8968840, 8994055, 25215
296885, 8968850, 8994068, 25218
296887, 8968870, 8994082, 25212
296888, 8968880, 8994095, 25215
296889, 8968890, 8994109, 25219
296890, 8968900, 8994122, 25222
296891, 8968910, 8994136, 25226
296892, 8968920, 8994149, 25229
296893, 8968930, 8994162, 25232
296894, 8968940, 8994176, 25236
296895, 8968950, 8994189, 25239
296897, 8968970, 8994203, 25233
296898, 8968980, 8994216, 25236
296899, 8968990, 8994230, 25240
296901, 8969010, 8994257, 25247
296902, 8969020, 8994270, 25250
296903, 8969030, 8994283, 25253
296904, 8969040, 8994297, 25257
296905, 8969050, 8994310, 25260
296906, 8969060, 8994324, 25264
296908, 8969080, 8994337, 25257
296909, 8969090, 8994351, 25261
296910, 8969100, 8994364, 25264
296911, 8969110, 8994378, 25268
296912, 8969120, 8994391, 25271
296913, 8969130, 8994404, 25274
296914, 8969140, 8994418, 25278
296915, 8969150, 8994431, 25281
296916, 8969160, 8998012, 28852
296918, 8969180, 8998026, 28846
296919, 8969190, 8998039, 28849
296920, 8969200, 8998052, 28852
296921, 8969210, 8998066, 28856
296922, 8969220, 8998079, 28859
296923, 8969230, 8998093, 28863
296924, 8969240, 8998106, 28866
296925, 8969250, 8998120, 28870
296926, 8969260, 8998133, 28873
296927, 8969270, 8998146, 28876
296929, 8969290, 8998160, 28870
296930, 8969300, 8998173, 28873
296931, 8969310, 8998187, 28877
296932, 8969320, 8998200, 28880
296933, 8969330, 8998214, 28884
296934, 8969340, 8998227, 28887
296935, 8969350, 8998241, 28891
296936, 8969360, 8998254, 28894
296937, 8969370, 8998267, 28897
296938, 8969380, 8998281, 28901
296940, 8969400, 8998294, 28894
296941, 8969410, 8998308, 28898
296942, 8969420, 8998321, 28901
296943, 8969430, 8998335, 28905
296944, 8969440, 8998348, 28908
296945, 8969450, 8998362, 28912
296946, 8969460, 8998375, 28915
296947, 8969470, 8998388, 28918
296948, 8969480, 8998402, 28922
296951, 8969510, 8998429, 28919
296952, 8969520, 8998442, 28922
296953, 8969530, 8998456, 28926
296954, 8969540, 8998469, 28929
296955, 8969550, 8998482, 28932
296956, 8969560, 8998496, 28936
296957, 8969570, 8998509, 28939
296958, 8969580, 8998523, 28943
296959, 8969590, 8998536, 28946
296961, 8969610, 8998550, 28940
296962, 8969620, 8998563, 28943
296963, 8969630, 8998577, 28947
296964, 8969640, 8998590, 28950
296965, 8969650, 8998603, 28953
296966, 8969660, 8998617, 28957
296967, 8969670, 8998630, 28960
296968, 8969680, 8998644, 28964
296969, 8969690, 8998657, 28967
296971, 8969710, 8998671, 28961
296972, 8969720, 8998684, 28964
296973, 8969730, 8998698, 28968
296974, 8969740, 8998711, 28971
296975, 8969750, 8998724, 28974
296976, 8969760, 8998738, 28978
296977, 8969770, 8998751, 28981
296978, 8969780, 8998765, 28985
296979, 8969790, 8998778, 28988
296980, 8969800, 8998792, 28992
296982, 8969820, 8998805, 28985
296983, 8969830, 8998818, 28988
296984, 8969840, 8998832, 28992
296985, 8969850, 8998845, 28995
296986, 8969860, 8998859, 28999
296987, 8969870, 8998872, 29002
296988, 8969880, 8998886, 29006
296989, 8969890, 8998899, 29009
296990, 8969900, 8998913, 29013
296991, 8969910, 8998926, 29016
296993, 8969930, 8998939, 29009
296994, 8969940, 8998953, 29013
296995, 8969950, 8998966, 29016
296996, 8969960, 8998980, 29020
296997, 8969970, 8998993, 29023
296998, 8969980, 8999007, 29027
296999, 8969990, 8999020, 29030
297402, 8974020, 8999047, 25027
297403, 8974030, 8999060, 25030
297404, 8974040, 8999074, 25034
297405, 8974050, 8999087, 25037
297406, 8974060, 8999101, 25041
297407, 8974070, 8999114, 25044
297408, 8974080, 8999128, 25048
297409, 8974090, 8999141, 25051
297410, 8974100, 8999154, 25054
297412, 8974120, 8999168, 25048
297413, 8974130, 8999181, 25051
297414, 8974140, 8999195, 25055
297415, 8974150, 8999208, 25058
297416, 8974160, 8999222, 25062
297417, 8974170, 8999235, 25065
297418, 8974180, 8999249, 25069
297419, 8974190, 8999262, 25072
297420, 8974200, 8999275, 25075
297421, 8974210, 8999289, 25079
297423, 8974230, 8999302, 25072
297424, 8974240, 8999316, 25076
297425, 8974250, 8999329, 25079
297426, 8974260, 8999343, 25083
297427, 8974270, 8999356, 25086
297428, 8974280, 8999370, 25090
297429, 8974290, 8999383, 25093
297430, 8974300, 8999396, 25096
297431, 8974310, 8999410, 25100
297433, 8974330, 8999423, 25093
297434, 8974340, 8999437, 25097
297435, 8974350, 8999450, 25100
297436, 8974360, 8999464, 25104
297437, 8974370, 8999477, 25107
297438, 8974380, 8999490, 25110
297439, 8974390, 8999504, 25114
297440, 8974400, 8999517, 25117
297441, 8974410, 8999531, 25121
297442, 8974420, 8999544, 25124
297444, 8974440, 8999558, 25118
297445, 8974450, 8999571, 25121
297446, 8974460, 8999585, 25125
297447, 8974470, 8999598, 25128
297448, 8974480, 8999611, 25131
297449, 8974490, 8999625, 25135
297451, 8974510, 8999652, 25142
297452, 8974520, 8999665, 25145
297453, 8974530, 8999679, 25149
297455, 8974550, 8999692, 25142
297456, 8974560, 8999706, 25146
297457, 8974570, 8999719, 25149
297458, 8974580, 8999732, 25152
297459, 8974590, 8999746, 25156
297460, 8974600, 8999759, 25159
297461, 8974610, 8999773, 25163
297462, 8974620, 8999786, 25166
297463, 8974630, 8999800, 25170
297465, 8974650, 8999813, 25163
297466, 8974660, 8999826, 25166
297467, 8974670, 8999840, 25170
297468, 8974680, 8999853, 25173
297469, 8974690, 8999867, 25177
297470, 8974700, 8999880, 25180
297471, 8974710, 8999894, 25184
297472, 8974720, 8999907, 25187
297473, 8974730, 8999921, 25191
297474, 8974740, 8999934, 25194
297476, 8974760, 8999947, 25187
297477, 8974770, 8999961, 25191
297478, 8974780, 8999974, 25194
297479, 8974790, 8999988, 25198
297480, 8974800, 9000001, 25201
297481, 8974810, 9000036, 25226
297482, 8974820, 9000049, 25229
297483, 8974830, 9000063, 25233
297484, 8974840, 9000076, 25236
297485, 8974850, 9000089, 25239
297487, 8974870, 9000103, 25233
297488, 8974880, 9000116, 25236
297489, 8974890, 9000130, 25240
297490, 8974900, 9000143, 25243
297491, 8974910, 9000157, 25247
297492, 8974920, 9000170, 25250
297493, 8974930, 9000183, 25253
297494, 8974940, 9000197, 25257
297495, 8974950, 9000210, 25260
297497, 8974970, 9000224, 25254
297498, 8974980, 9000237, 25257
297499, 8974990, 9000276, 25286
297501, 8975010, 9000303, 25293
297502, 8975020, 9000316, 25296
297503, 8975030, 9000329, 25299
297504, 8975040, 9000343, 25303
297505, 8975050, 9000356, 25306
297506, 8975060, 9000370, 25310
297508, 8975080, 9000383, 25303
297509, 8975090, 9000397, 25307
297510, 8975100, 9000410, 25310
297511, 8975110, 9000424, 25314
297512, 8975120, 9000437, 25317
297513, 8975130, 9000450, 25320
297514, 8975140, 9000464, 25324
297515, 8975150, 9000477, 25327
297516, 8975160, 9004012, 28852
297517, 8975170, 9004026, 28856
297519, 8975190, 9004039, 28849
297520, 8975200, 9004052, 28852
297521, 8975210, 9004066, 28856
297522, 8975220, 9004079, 28859
297523, 8975230, 9004093, 28863
297524, 8975240, 9004106, 28866
297525, 8975250, 9004120, 28870
297526, 8975260, 9004133, 28873
297527, 8975270, 9004146, 28876
297529, 8975290, 9004160, 28870
297530, 8975300, 9004173, 28873
297531, 8975310, 9004187, 28877
297532, 8975320, 9004200, 28880
297533, 8975330, 9004214, 28884
297534, 8975340, 9004227, 28887
297535, 8975350, 9004241, 28891
297536, 8975360, 9004254, 28894
297537, 8975370, 9004267, 28897
297538, 8975380, 9004281, 28901
297540, 8975400, 9004294, 28894
297541, 8975410, 9004308, 28898
297542, 8975420, 9004321, 28901
297543, 8975430, 9004335, 28905
297544, 8975440, 9004348, 28908
297545, 8975450, 9004362, 28912
297546, 8975460, 9004375, 28915
297547, 8975470, 9004388, 28918
297548, 8975480, 9004402, 28922
297551, 8975510, 9004429, 28919
297552, 8975520, 9004442, 28922
297553, 8975530, 9004456, 28926
297554, 8975540, 9004469, 28929
297555, 8975550, 9004482, 28932
297556, 8975560, 9004496, 28936
297557, 8975570, 9004509, 28939
297558, 8975580, 9004523, 28943
297559, 8975590, 9004536, 28946
297561, 8975610, 9004550, 28940
297562, 8975620, 9004563, 28943
297563, 8975630, 9004577, 28947
297564, 8975640, 9004590, 28950
297565, 8975650, 9004603, 28953
297566, 8975660, 9004617, 28957
297567, 8975670, 9004630, 28960
297568, 8975680, 9004644, 28964
297569, 8975690, 9004657, 28967
297570, 8975700, 9004671, 28971
297572, 8975720, 9004684, 28964
297573, 8975730, 9004698, 28968
297574, 8975740, 9004711, 28971
297575, 8975750, 9004724, 28974
297576, 8975760, 9004738, 28978
297577, 8975770, 9004751, 28981
297578, 8975780, 9004765, 28985
297579, 8975790, 9004778, 28988
297580, 8975800, 9004792, 28992
297582, 8975820, 9004805, 28985
297583, 8975830, 9004818, 28988
297584, 8975840, 9004832, 28992
297585, 8975850, 9004845, 28995
297586, 8975860, 9004859, 28999
297587, 8975870, 9004872, 29002
297588, 8975880, 9004886, 29006
297589, 8975890, 9004899, 29009
297590, 8975900, 9004913, 29013
297591, 8975910, 9004926, 29016
297593, 8975930, 9004939, 29009
297594, 8975940, 9004953, 29013
297595, 8975950, 9004966, 29016
297596, 8975960, 9004980, 29020
297597, 8975970, 9004993, 29023
297598, 8975980, 9005007, 29027
297599, 8975990, 9005020, 29030
298002, 8980020, 9005047, 25027
298003, 8980030, 9005060, 25030
298004, 8980040, 9005074, 25034
298005, 8980050, 9005087, 25037
298006, 8980060, 9005101, 25041
298007, 8980070, 9005114, 25044
298008, 8980080, 9005127, 25047
298009, 8980090, 9005141, 25051
298010, 8980100, 9005154, 25054
298012, 8980120, 9005168, 25048
298013, 8980130, 9005181, 25051
298014, 8980140, 9005195, 25055
298015, 8980150, 9005208, 25058
298016, 8980160, 9005222, 25062
298017, 8980170, 9005235, 25065
298018, 8980180, 9005248, 25068
298019, 8980190, 9005262, 25072
298020, 8980200, 9005275, 25075
298021, 8980210, 9005289, 25079
298023, 8980230, 9005302, 25072
298024, 8980240, 9005316, 25076
298025, 8980250, 9005329, 25079
298026, 8980260, 9005342, 25082
298027, 8980270, 9005356, 25086
298028, 8980280, 9005369, 25089
298029, 8980290, 9005383, 25093
298030, 8980300, 9005396, 25096
298031, 8980310, 9005410, 25100
298033, 8980330, 9005423, 25093
298034, 8980340, 9005437, 25097
298035, 8980350, 9005450, 25100
298036, 8980360, 9005463, 25103
298037, 8980370, 9005477, 25107
298038, 8980380, 9005490, 25110
298039, 8980390, 9005504, 25114
298040, 8980400, 9005517, 25117
298041, 8980410, 9005531, 25121
298042, 8980420, 9005544, 25124
298044, 8980440, 9005558, 25118
298045, 8980450, 9005571, 25121
298046, 8980460, 9005584, 25124
298047, 8980470, 9005598, 25128
298048, 8980480, 9005611, 25131
298049, 8980490, 9005625, 25135
298051, 8980510, 9005652, 25142
298052, 8980520, 9005665, 25145
298053, 8980530, 9005678, 25148
298055, 8980550, 9005692, 25142
298056, 8980560, 9005705, 25145
298057, 8980570, 9005719, 25149
298058, 8980580, 9005732, 25152
298059, 8980590, 9005746, 25156
298060, 8980600, 9005759, 25159
298061, 8980610, 9005773, 25163
298062, 8980620, 9005786, 25166
298063, 8980630, 9005799, 25169
298065, 8980650, 9005813, 25163
298066, 8980660, 9005826, 25166
298067, 8980670, 9005840, 25170
298068, 8980680, 9005853, 25173
298069, 8980690, 9005867, 25177
298070, 8980700, 9005880, 25180
298071, 8980710, 9005894, 25184
298072, 8980720, 9005907, 25187
298073, 8980730, 9005920, 25190
298074, 8980740, 9005934, 25194
298076, 8980760, 9005947, 25187
298077, 8980770, 9005961, 25191
298078, 8980780, 9005974, 25194
298079, 8980790, 9005988, 25198
298080, 8980800, 9006001, 25201
298081, 8980810, 9006014, 25204
298082, 8980820, 9006028, 25208
298083, 8980830, 9006041, 25211
298084, 8980840, 9006055, 25215
298085, 8980850, 9006068, 25218
298087, 8980870, 9006082, 25212
298088, 8980880, 9006095, 25215
298089, 8980890, 9006109, 25219
298090, 8980900, 9006122, 25222
298091, 8980910, 9006135, 25225
298092, 8980920, 9006149, 25229
298093, 8980930, 9006162, 25232
298094, 8980940, 9006176, 25236
298095, 8980950, 9006189, 25239
298097, 8980970, 9006203, 25233
298098, 8980980, 9006216, 25236
298099, 8980990, 9006230, 25240
298101, 8981010, 9006256, 25246
298102, 8981020, 9006270, 25250
298103, 8981030, 9006283, 25253
298104, 8981040, 9006297, 25257
298105, 8981050, 9006310, 25260
298106, 8981060, 9006324, 25264
298108, 8981080, 9006337, 25257
298109, 8981090, 9006350, 25260
298110, 8981100, 9006364, 25264
298111, 8981110, 9006377, 25267
298112, 8981120, 9006391, 25271
298113, 8981130, 9006404, 25274
298114, 8981140, 9006418, 25278
298115, 8981150, 9006431, 25281
298116, 8981160, 9010012, 28852
298118, 8981180, 9010026, 28846
298119, 8981190, 9010039, 28849
298120, 8981200, 9010052, 28852
298121, 8981210, 9010066, 28856
298122, 8981220, 9010079, 28859
298123, 8981230, 9010093, 28863
298124, 8981240, 9010106, 28866
298125, 8981250, 9010120, 28870
298126, 8981260, 9010133, 28873
298127, 8981270, 9010146, 28876
298129, 8981290, 9010160, 28870
298130, 8981300, 9010173, 28873
298131, 8981310, 9010187, 28877
298132, 8981320, 9010200, 28880
298133, 8981330, 9010214, 28884
298134, 8981340, 9010227, 28887
298135, 8981350, 9010241, 28891
298136, 8981360, 9010254, 28894
298137, 8981370, 9010267, 28897
298138, 8981380, 9010281, 28901
298140, 8981400, 9010294, 28894
298141, 8981410, 9010308, 28898
298142, 8981420, 9010321, 28901
298143, 8981430, 9010335, 28905
298144, 8981440, 9010348, 28908
298145, 8981450, 9010362, 28912
298146, 8981460, 9010375, 28915
298147, 8981470, 9010388, 28918
298148, 8981480, 9010402, 28922
298151, 8981510, 9010429, 28919
298152, 8981520, 9010442, 28922
298153, 8981530, 9010456, 28926
298154, 8981540, 9010469, 28929
298155, 8981550, 9010482, 28932
298156, 8981560, 9010496, 28936
298157, 8981570, 9010509, 28939
298158, 8981580, 9010523, 28943
298159, 8981590, 9010536, 28946
298161, 8981610, 9010550, 28940
298162, 8981620, 9010563, 28943
298163, 8981630, 9010577, 28947
298164, 8981640, 9010590, 28950
298165, 8981650, 9010603, 28953
298166, 8981660, 9010617, 28957
298167, 8981670, 9010630, 28960
298168, 8981680, 9010644, 28964
298169, 8981690, 9010657, 28967
298171, 8981710, 9010671, 28961
298172, 8981720, 9010684, 28964
298173, 8981730, 9010698, 28968
298174, 8981740, 9010711, 28971
298175, 8981750, 9010724, 28974
298176, 8981760, 9010738, 28978
298177, 8981770, 9010751, 28981
298178, 8981780, 9010765, 28985
298179, 8981790, 9010778, 28988
298180, 8981800, 9010792, 28992
298182, 8981820, 9010805, 28985
298183, 8981830, 9010818, 28988
298184, 8981840, 9010832, 28992
298185, 8981850, 9010845, 28995
298186, 8981860, 9010859, 28999
298187, 8981870, 9010872, 29002
298188, 8981880, 9010886, 29006
298189, 8981890, 9010899, 29009
298190, 8981900, 9010913, 29013
298191, 8981910, 9010926, 29016
298193, 8981930, 9010939, 29009
298194, 8981940, 9010953, 29013
298195, 8981950, 9010966, 29016
298196, 8981960, 9010980, 29020
298197, 8981970, 9010993, 29023
298198, 8981980, 9011007, 29027
298199, 8981990, 9011020, 29030
298602, 8986020, 9011047, 25027
298603, 8986030, 9011060, 25030
298604, 8986040, 9011074, 25034
298605, 8986050, 9011087, 25037
298606, 8986060, 9011101, 25041
298607, 8986070, 9011114, 25044
298608, 8986080, 9011128, 25048
298609, 8986090, 9011141, 25051
298610, 8986100, 9011154, 25054
298612, 8986120, 9011168, 25048
298613, 8986130, 9011181, 25051
298614, 8986140, 9011195, 25055
298615, 8986150, 9011208, 25058
298616, 8986160, 9011222, 25062
298617, 8986170, 9011235, 25065
298618, 8986180, 9011249, 25069
298619, 8986190, 9011262, 25072
298620, 8986200, 9011275, 25075
298621, 8986210, 9011289, 25079
298623, 8986230, 9011302, 25072
298624, 8986240, 9011316, 25076
298625, 8986250, 9011329, 25079
298626, 8986260, 9011343, 25083
298627, 8986270, 9011356, 25086
298628, 8986280, 9011370, 25090
298629, 8986290, 9011383, 25093
298630, 8986300, 9011396, 25096
298631, 8986310, 9011410, 25100
298633, 8986330, 9011423, 25093
298634, 8986340, 9011437, 25097
298635, 8986350, 9011450, 25100
298636, 8986360, 9011464, 25104
298637, 8986370, 9011477, 25107
298638, 8986380, 9011490, 25110
298639, 8986390, 9011504, 25114
298640, 8986400, 9011517, 25117
298641, 8986410, 9011531, 25121
298642, 8986420, 9011544, 25124
298644, 8986440, 9011558, 25118
298645, 8986450, 9011571, 25121
298646, 8986460, 9011585, 25125
298647, 8986470, 9011598, 25128
298648, 8986480, 9011611, 25131
298649, 8986490, 9011625, 25135
298651, 8986510, 9011652, 25142
298652, 8986520, 9011665, 25145
298653, 8986530, 9011679, 25149
298655, 8986550, 9011692, 25142
298656, 8986560, 9011706, 25146
298657, 8986570, 9011719, 25149
298658, 8986580, 9011732, 25152
298659, 8986590, 9011746, 25156
298660, 8986600, 9011759, 25159
298661, 8986610, 9011773, 25163
298662, 8986620, 9011786, 25166
298663, 8986630, 9011800, 25170
298665, 8986650, 9011813, 25163
298666, 8986660, 9011826, 25166
298667, 8986670, 9011840, 25170
298668, 8986680, 9011853, 25173
298669, 8986690, 9011867, 25177
298670, 8986700, 9011880, 25180
298671, 8986710, 9011894, 25184
298672, 8986720, 9011907, 25187
298673, 8986730, 9011921, 25191
298674, 8986740, 9011934, 25194
298676, 8986760, 9011947, 25187
298677, 8986770, 9011961, 25191
298678, 8986780, 9011974, 25194
298679, 8986790, 9011988, 25198
298680, 8986800, 9012001, 25201
298681, 8986810, 9012015, 25205
298682, 8986820, 9012028, 25208
298683, 8986830, 9012042, 25212
298684, 8986840, 9012055, 25215
298685, 8986850, 9012068, 25218
298687, 8986870, 9012082, 25212
298688, 8986880, 9012095, 25215
298689, 8986890, 9012109, 25219
298690, 8986900, 9012122, 25222
298691, 8986910, 9012136, 25226
298692, 8986920, 9012149, 25229
298693, 8986930, 9012162, 25232
298694, 8986940, 9012176, 25236
298695, 8986950, 9012189, 25239
298697, 8986970, 9012203, 25233
298698, 8986980, 9012216, 25236
298699, 8986990, 9012230, 25240
298701, 8987010, 9012257, 25247
298702, 8987020, 9012270, 25250
298703, 8987030, 9012283, 25253
298704, 8987040, 9012297, 25257
298705, 8987050, 9012310, 25260
298706, 8987060, 9012324, 25264
298708, 8987080, 9012337, 25257
298709, 8987090, 9012351, 25261
298710, 8987100, 9012364, 25264
298711, 8987110, 9012378, 25268
298712, 8987120, 9012391, 25271
298713, 8987130, 9012404, 25274
298714, 8987140, 9012418, 25278
298715, 8987150, 9012431, 25281
298716, 8987160, 9016012, 28852
298718, 8987180, 9016026, 28846
298719, 8987190, 9016039, 28849
298720, 8987200, 9016052, 28852
298721, 8987210, 9016066, 28856
298722, 8987220, 9016079, 28859
298723, 8987230, 9016093, 28863
298724, 8987240, 9016106, 28866
298725, 8987250, 9016120, 28870
298726, 8987260, 9016133, 28873
298727, 8987270, 9016146, 28876
298729, 8987290, 9016160, 28870
298730, 8987300, 9016173, 28873
298731, 8987310, 9016187, 28877
298732, 8987320, 9016200, 28880
298733, 8987330, 9016214, 28884
298734, 8987340, 9016227, 28887
298735, 8987350, 9016241, 28891
298736, 8987360, 9016254, 28894
298737, 8987370, 9016267, 28897
298738, 8987380, 9016281, 28901
298740, 8987400, 9016294, 28894
298741, 8987410, 9016308, 28898
298742, 8987420, 9016321, 28901
298743, 8987430, 9016335, 28905
298744, 8987440, 9016348, 28908
298745, 8987450, 9016362, 28912
298746, 8987460, 9016375, 28915
298747, 8987470, 9016388, 28918
298748, 8987480, 9016402, 28922
298751, 8987510, 9016429, 28919
298752, 8987520, 9016442, 28922
298753, 8987530, 9016456, 28926
298754, 8987540, 9016469, 28929
298755, 8987550, 9016482, 28932
298756, 8987560, 9016496, 28936
298757, 8987570, 9016509, 28939
298758, 8987580, 9016523, 28943
298759, 8987590, 9016536, 28946
298761, 8987610, 9016550, 28940
298762, 8987620, 9016563, 28943
298763, 8987630, 9016577, 28947
298764, 8987640, 9016590, 28950
298765, 8987650, 9016603, 28953
298766, 8987660, 9016617, 28957
298767, 8987670, 9016630, 28960
298768, 8987680, 9016644, 28964
298769, 8987690, 9016657, 28967
298771, 8987710, 9016671, 28961
298772, 8987720, 9016684, 28964
298773, 8987730, 9016698, 28968
298774, 8987740, 9016711, 28971
298775, 8987750, 9016724, 28974
298776, 8987760, 9016738, 28978
298777, 8987770, 9016751, 28981
298778, 8987780, 9016765, 28985
298779, 8987790, 9016778, 28988
298780, 8987800, 9016792, 28992
298782, 8987820, 9016805, 28985
298783, 8987830, 9016818, 28988
298784, 8987840, 9016832, 28992
298785, 8987850, 9016845, 28995
298786, 8987860, 9016859, 28999
298787, 8987870, 9016872, 29002
298788, 8987880, 9016886, 29006
298789, 8987890, 9016899, 29009
298790, 8987900, 9016913, 29013
298791, 8987910, 9016926, 29016
298793, 8987930, 9016939, 29009
298794, 8987940, 9016953, 29013
298795, 8987950, 9016966, 29016
298796, 8987960, 9016980, 29020
298797, 8987970, 9016993, 29023
298798, 8987980, 9017007, 29027
298799, 8987990, 9017020, 29030
299202, 8992020, 9017047, 25027
299203, 8992030, 9017060, 25030
299204, 8992040, 9017074, 25034
299205, 8992050, 9017087, 25037
299206, 8992060, 9017101, 25041
299207, 8992070, 9017114, 25044
299208, 8992080, 9017128, 25048
299209, 8992090, 9017141, 25051
299210, 8992100, 9017154, 25054
299212, 8992120, 9017168, 25048
299213, 8992130, 9017181, 25051
299214, 8992140, 9017195, 25055
299215, 8992150, 9017208, 25058
299216, 8992160, 9017222, 25062
299217, 8992170, 9017235, 25065
299218, 8992180, 9017249, 25069
299219, 8992190, 9017262, 25072
299220, 8992200, 9017275, 25075
299221, 8992210, 9017289, 25079
299223, 8992230, 9017302, 25072
299224, 8992240, 9017316, 25076
299225, 8992250, 9017329, 25079
299226, 8992260, 9017343, 25083
299227, 8992270, 9017356, 25086
299228, 8992280, 9017370, 25090
299229, 8992290, 9017383, 25093
299230, 8992300, 9017396, 25096
299231, 8992310, 9017410, 25100
299233, 8992330, 9017423, 25093
299234, 8992340, 9017437, 25097
299235, 8992350, 9017450, 25100
299236, 8992360, 9017464, 25104
299237, 8992370, 9017477, 25107
299238, 8992380, 9017490, 25110
299239, 8992390, 9017504, 25114
299240, 8992400, 9017517, 25117
299241, 8992410, 9017531, 25121
299242, 8992420, 9017544, 25124
299244, 8992440, 9017558, 25118
299245, 8992450, 9017571, 25121
299246, 8992460, 9017585, 25125
299247, 8992470, 9017598, 25128
299248, 8992480, 9017611, 25131
299249, 8992490, 9017625, 25135
299251, 8992510, 9017652, 25142
299252, 8992520, 9017665, 25145
299253, 8992530, 9017679, 25149
299255, 8992550, 9017692, 25142
299256, 8992560, 9017706, 25146
299257, 8992570, 9017719, 25149
299258, 8992580, 9017732, 25152
299259, 8992590, 9017746, 25156
299260, 8992600, 9017759, 25159
299261, 8992610, 9017773, 25163
299262, 8992620, 9017786, 25166
299263, 8992630, 9017800, 25170
299265, 8992650, 9017813, 25163
299266, 8992660, 9017826, 25166
299267, 8992670, 9017840, 25170
299268, 8992680, 9017853, 25173
299269, 8992690, 9017867, 25177
299270, 8992700, 9017880, 25180
299271, 8992710, 9017894, 25184
299272, 8992720, 9017907, 25187
299273, 8992730, 9017921, 25191
299274, 8992740, 9017934, 25194
299276, 8992760, 9017947, 25187
299277, 8992770, 9017961, 25191
299278, 8992780, 9017974, 25194
299279, 8992790, 9017988, 25198
299280, 8992800, 9018001, 25201
299281, 8992810, 9018015, 25205
299282, 8992820, 9018028, 25208
299283, 8992830, 9018042, 25212
299284, 8992840, 9018055, 25215
299285, 8992850, 9018068, 25218
299287, 8992870, 9018082, 25212
299288, 8992880, 9018095, 25215
299289, 8992890, 9018109, 25219
299290, 8992900, 9018122, 25222
299291, 8992910, 9018136, 25226
299292, 8992920, 9018149, 25229
299293, 8992930, 9018162, 25232
299294, 8992940, 9018176, 25236
299295, 8992950, 9018189, 25239
299297, 8992970, 9018203, 25233
299298, 8992980, 9018216, 25236
299299, 8992990, 9018230, 25240
299301, 8993010, 9018257, 25247
299302, 8993020, 9018270, 25250
299303, 8993030, 9018283, 25253
299304, 8993040, 9018297, 25257
299305, 8993050, 9018310, 25260
299306, 8993060, 9018324, 25264
299308, 8993080, 9018337, 25257
299309, 8993090, 9018351, 25261
299310, 8993100, 9018364, 25264
299311, 8993110, 9018378, 25268
299312, 8993120, 9018391, 25271
299313, 8993130, 9018404, 25274
299314, 8993140, 9018418, 25278
299315, 8993150, 9018431, 25281
299316, 8993160, 9022012, 28852
299318, 8993180, 9022026, 28846
299319, 8993190, 9022039, 28849
299320, 8993200, 9022052, 28852
299321, 8993210, 9022066, 28856
299322, 8993220, 9022079, 28859
299323, 8993230, 9022093, 28863
299324, 8993240, 9022106, 28866
299325, 8993250, 9022120, 28870
299326, 8993260, 9022133, 28873
299327, 8993270, 9022146, 28876
299329, 8993290, 9022160, 28870
299330, 8993300, 9022173, 28873
299331, 8993310, 9022187, 28877
299332, 8993320, 9022200, 28880
299333, 8993330, 9022214, 28884
299334, 8993340, 9022227, 28887
299335, 8993350, 9022241, 28891
299336, 8993360, 9022254, 28894
299337, 8993370, 9022267, 28897
299338, 8993380, 9022281, 28901
299340, 8993400, 9022294, 28894
299341, 8993410, 9022308, 28898
299342, 8993420, 9022321, 28901
299343, 8993430, 9022335, 28905
299344, 8993440, 9022348, 28908
299345, 8993450, 9022362, 28912
299346, 8993460, 9022375, 28915
299347, 8993470, 9022388, 28918
299348, 8993480, 9022402, 28922
299351, 8993510, 9022429, 28919
299352, 8993520, 9022442, 28922
299353, 8993530, 9022456, 28926
299354, 8993540, 9022469, 28929
299355, 8993550, 9022482, 28932
299356, 8993560, 9022496, 28936
299357, 8993570, 9022509, 28939
299358, 8993580, 9022523, 28943
299359, 8993590, 9022536, 28946
299361, 8993610, 9022550, 28940
299362, 8993620, 9022563, 28943
299363, 8993630, 9022577, 28947
299364, 8993640, 9022590, 28950
299365, 8993650, 9022603, 28953
299366, 8993660, 9022617, 28957
299367, 8993670, 9022630, 28960
299368, 8993680, 9022644, 28964
299369, 8993690, 9022657, 28967
299371, 8993710, 9022671, 28961
299372, 8993720, 9022684, 28964
299373, 8993730, 9022698, 28968
299374, 8993740, 9022711, 28971
299375, 8993750, 9022724, 28974
299376, 8993760, 9022738, 28978
299377, 8993770, 9022751, 28981
299378, 8993780, 9022765, 28985
299379, 8993790, 9022778, 28988
299380, 8993800, 9022792, 28992
299382, 8993820, 9022805, 28985
299383, 8993830, 9022818, 28988
299384, 8993840, 9022832, 28992
299385, 8993850, 9022845, 28995
299386, 8993860, 9022859, 28999
299387, 8993870, 9022872, 29002
299388, 8993880, 9022886, 29006
299389, 8993890, 9022899, 29009
299390, 8993900, 9022913, 29013
299391, 8993910, 9022926, 29016
299393, 8993930, 9022939, 29009
299394, 8993940, 9022953, 29013
299395, 8993950, 9022966, 29016
299396, 8993960, 9022980, 29020
299397, 8993970, 9022993, 29023
299398, 8993980, 9023007, 29027
299399, 8993990, 9023020, 29030
299802, 8998020, 9023047, 25027
299803, 8998030, 9023060, 25030
299804, 8998040, 9023074, 25034
299805, 8998050, 9023087, 25037
299806, 8998060, 9023101, 25041
299807, 8998070, 9023114, 25044
299808, 8998080, 9023128, 25048
299809, 8998090, 9023141, 25051
299810, 8998100, 9023154, 25054
299812, 8998120, 9023168, 25048
299813, 8998130, 9023181, 25051
299814, 8998140, 9023195, 25055
299815, 8998150, 9023208, 25058
299816, 8998160, 9023222, 25062
299817, 8998170, 9023235, 25065
299818, 8998180, 9023249, 25069
299819, 8998190, 9023262, 25072
299820, 8998200, 9023275, 25075
299821, 8998210, 9023289, 25079
299823, 8998230, 9023302, 25072
299824, 8998240, 9023316, 25076
299825, 8998250, 9023329, 25079
299826, 8998260, 9023343, 25083
299827, 8998270, 9023356, 25086
299828, 8998280, 9023370, 25090
299829, 8998290, 9023383, 25093
299830, 8998300, 9023396, 25096
299831, 8998310, 9023410, 25100
299833, 8998330, 9023423, 25093
299834, 8998340, 9023437, 25097
299835, 8998350, 9023450, 25100
299836, 8998360, 9023464, 25104
299837, 8998370, 9023477, 25107
299838, 8998380, 9023490, 25110
299839, 8998390, 9023504, 25114
299840, 8998400, 9023517, 25117
299841, 8998410, 9023531, 25121
299842, 8998420, 9023544, 25124
299844, 8998440, 9023558, 25118
299845, 8998450, 9023571, 25121
299846, 8998460, 9023585, 25125
299847, 8998470, 9023598, 25128
299848, 8998480, 9023611, 25131
299849, 8998490, 9023625, 25135
299851, 8998510, 9023652, 25142
299852, 8998520, 9023665, 25145
299853, 8998530, 9023679, 25149
299855, 8998550, 9023692, 25142
299856, 8998560, 9023706, 25146
299857, 8998570, 9023719, 25149
299858, 8998580, 9023732, 25152
299859, 8998590, 9023746, 25156
299860, 8998600, 9023759, 25159
299861, 8998610, 9023773, 25163
299862, 8998620, 9023786, 25166
299863, 8998630, 9023800, 25170
299865, 8998650, 9023813, 25163
299866, 8998660, 9023826, 25166
299867, 8998670, 9023840, 25170
299868, 8998680, 9023853, 25173
299869, 8998690, 9023867, 25177
299870, 8998700, 9023880, 25180
299871, 8998710, 9023894, 25184
299872, 8998720, 9023907, 25187
299873, 8998730, 9023921, 25191
299874, 8998740, 9023934, 25194
299876, 8998760, 9023947, 25187
299877, 8998770, 9023961, 25191
299878, 8998780, 9023974, 25194
299879, 8998790, 9023988, 25198
299880, 8998800, 9024001, 25201
299881, 8998810, 9024015, 25205
299882, 8998820, 9024028, 25208
299883, 8998830, 9024042, 25212
299884, 8998840, 9024055, 25215
299885, 8998850, 9024068, 25218
299887, 8998870, 9024082, 25212
299888, 8998880, 9024095, 25215
299889, 8998890, 9024109, 25219
299890, 8998900, 9024122, 25222
299891, 8998910, 9024136, 25226
299892, 8998920, 9024149, 25229
299893, 8998930, 9024162, 25232
299894, 8998940, 9024176, 25236
299895, 8998950, 9024189, 25239
299897, 8998970, 9024203, 25233
299898, 8998980, 9024216, 25236
299899, 8998990, 9024230, 25240
299901, 8999010, 9024257, 25247
299902, 8999020, 9024270, 25250
299903, 8999030, 9024283, 25253
299904, 8999040, 9024297, 25257
299905, 8999050, 9024310, 25260
299906, 8999060, 9024324, 25264
299908, 8999080, 9024337, 25257
299909, 8999090, 9024351, 25261
299910, 8999100, 9024364, 25264
299911, 8999110, 9024378, 25268
299912, 8999120, 9024391, 25271
299913, 8999130, 9024404, 25274
299914, 8999140, 9024418, 25278
299915, 8999150, 9024431, 25281
299916, 8999160, 9028012, 28852
299918, 8999180, 9028026, 28846
299919, 8999190, 9028039, 28849
299920, 8999200, 9028052, 28852
299921, 8999210, 9028066, 28856
299922, 8999220, 9028079, 28859
299923, 8999230, 9028093, 28863
299924, 8999240, 9028106, 28866
299925, 8999250, 9028120, 28870
299926, 8999260, 9028133, 28873
299927, 8999270, 9028146, 28876
299929, 8999290, 9028160, 28870
299930, 8999300, 9028173, 28873
299931, 8999310, 9028187, 28877
299932, 8999320, 9028200, 28880
299933, 8999330, 9028214, 28884
299934, 8999340, 9028227, 28887
299935, 8999350, 9028241, 28891
299936, 8999360, 9028254, 28894
299937, 8999370, 9028267, 28897
299938, 8999380, 9028281, 28901
299940, 8999400, 9028294, 28894
299941, 8999410, 9028308, 28898
299942, 8999420, 9028321, 28901
299943, 8999430, 9028335, 28905
299944, 8999440, 9028348, 28908
299945, 8999450, 9028362, 28912
299946, 8999460, 9028375, 28915
299947, 8999470, 9028388, 28918
299948, 8999480, 9028402, 28922
299951, 8999510, 9028429, 28919
299952, 8999520, 9028442, 28922
299953, 8999530, 9028456, 28926
299954, 8999540, 9028469, 28929
299955, 8999550, 9028482, 28932
299956, 8999560, 9028496, 28936
299957, 8999570, 9028509, 28939
299958, 8999580, 9028523, 28943
299959, 8999590, 9028536, 28946
299961, 8999610, 9028550, 28940
299962, 8999620, 9028563, 28943
299963, 8999630, 9028577, 28947
299964, 8999640, 9028590, 28950
299965, 8999650, 9028603, 28953
299966, 8999660, 9028617, 28957
299967, 8999670, 9028630, 28960
299968, 8999680, 9028644, 28964
299969, 8999690, 9028657, 28967
299971, 8999710, 9028671, 28961
299972, 8999720, 9028684, 28964
299973, 8999730, 9028698, 28968
299974, 8999740, 9028711, 28971
299975, 8999750, 9028724, 28974
299976, 8999760, 9028738, 28978
299977, 8999770, 9028751, 28981
299978, 8999780, 9028765, 28985
299979, 8999790, 9028778, 28988
299980, 8999800, 9028792, 28992
299982, 8999820, 9028805, 28985
299983, 8999830, 9028818, 28988
299984, 8999840, 9028832, 28992
299985, 8999850, 9028845, 28995
299986, 8999860, 9028859, 28999
299987, 8999870, 9028872, 29002
299988, 8999880, 9028886, 29006
299989, 8999890, 9028899, 29009
299990, 8999900, 9028913, 29013
299991, 8999910, 9028926, 29016
299993, 8999930, 9028939, 29009
299994, 8999940, 9028953, 29013
299995, 8999950, 9028966, 29016
299996, 8999960, 9028980, 29020
299997, 8999970, 9028993, 29023
299998, 8999980, 9029007, 29027
299999, 8999990, 9029020, 29030
300402, 9004020, 9029047, 25027
300403, 9004030, 9029060, 25030
300404, 9004040, 9029074, 25034
300405, 9004050, 9029087, 25037
300406, 9004060, 9029101, 25041
300407, 9004070, 9029114, 25044
300408, 9004080, 9029128, 25048
300409, 9004090, 9029141, 25051
300410, 9004100, 9029154, 25054
300412, 9004120, 9029168, 25048
300413, 9004130, 9029181, 25051
300414, 9004140, 9029195, 25055
300415, 9004150, 9029208, 25058
300416, 9004160, 9029222, 25062
300417, 9004170, 9029235, 25065
300418, 9004180, 9029249, 25069
300419, 9004190, 9029262, 25072
300420, 9004200, 9029275, 25075
300421, 9004210, 9029289, 25079
300423, 9004230, 9029302, 25072
300424, 9004240, 9029316, 25076
300425, 9004250, 9029329, 25079
300426, 9004260, 9029343, 25083
300427, 9004270, 9029356, 25086
300428, 9004280, 9029370, 25090
300429, 9004290, 9029383, 25093
300430, 9004300, 9029396, 25096
300431, 9004310, 9029410, 25100
300433, 9004330, 9029423, 25093
300434, 9004340, 9029437, 25097
300435, 9004350, 9029450, 25100
300436, 9004360, 9029464, 25104
300437, 9004370, 9029477, 25107
300438, 9004380, 9029490, 25110
300439, 9004390, 9029504, 25114
300440, 9004400, 9029517, 25117
300441, 9004410, 9029531, 25121
300442, 9004420, 9029544, 25124
300444, 9004440, 9029558, 25118
300445, 9004450, 9029571, 25121
300446, 9004460, 9029585, 25125
300447, 9004470, 9029598, 25128
300448, 9004480, 9029611, 25131
300449, 9004490, 9029625, 25135
300451, 9004510, 9029652, 25142
300452, 9004520, 9029665, 25145
300453, 9004530, 9029679, 25149
300455, 9004550, 9029692, 25142
300456, 9004560, 9029706, 25146
300457, 9004570, 9029719, 25149
300458, 9004580, 9029732, 25152
300459, 9004590, 9029746, 25156
300460, 9004600, 9029759, 25159
300461, 9004610, 9029773, 25163
300462, 9004620, 9029786, 25166
300463, 9004630, 9029800, 25170
300465, 9004650, 9029813, 25163
300466, 9004660, 9029826, 25166
300467, 9004670, 9029840, 25170
300468, 9004680, 9029853, 25173
300469, 9004690, 9029867, 25177
300470, 9004700, 9029880, 25180
300471, 9004710, 9029894, 25184
300472, 9004720, 9029907, 25187
300473, 9004730, 9029921, 25191
300474, 9004740, 9029934, 25194
300476, 9004760, 9029947, 25187
300477, 9004770, 9029961, 25191
300478, 9004780, 9029974, 25194
300479, 9004790, 9029988, 25198
300480, 9004800, 9030001, 25201
300481, 9004810, 9030015, 25205
300482, 9004820, 9030028, 25208
300483, 9004830, 9030042, 25212
300484, 9004840, 9030055, 25215
300485, 9004850, 9030068, 25218
300487, 9004870, 9030082, 25212
300488, 9004880, 9030095, 25215
300489, 9004890, 9030109, 25219
300490, 9004900, 9030122, 25222
300491, 9004910, 9030136, 25226
300492, 9004920, 9030149, 25229
300493, 9004930, 9030162, 25232
300494, 9004940, 9030176, 25236
300495, 9004950, 9030189, 25239
300497, 9004970, 9030203, 25233
300498, 9004980, 9030216, 25236
300499, 9004990, 9030230, 25240
300501, 9005010, 9030257, 25247
300502, 9005020, 9030270, 25250
300503, 9005030, 9030283, 25253
300504, 9005040, 9030297, 25257
300505, 9005050, 9030310, 25260
300506, 9005060, 9030324, 25264
300508, 9005080, 9030337, 25257
300509, 9005090, 9030351, 25261
300510, 9005100, 9030364, 25264
300511, 9005110, 9030378, 25268
300512, 9005120, 9030391, 25271
300513, 9005130, 9030404, 25274
300514, 9005140, 9030418, 25278
300515, 9005150, 9030431, 25281
300516, 9005160, 9034012, 28852
300517, 9005170, 9034026, 28856
300519, 9005190, 9034039, 28849
300520, 9005200, 9034052, 28852
300521, 9005210, 9034066, 28856
300522, 9005220, 9034079, 28859
300523, 9005230, 9034093, 28863
300524, 9005240, 9034106, 28866
300525, 9005250, 9034120, 28870
300526, 9005260, 9034133, 28873
300527, 9005270, 9034146, 28876
300529, 9005290, 9034160, 28870
300530, 9005300, 9034173, 28873
300531, 9005310, 9034187, 28877
300532, 9005320, 9034200, 28880
300533, 9005330, 9034214, 28884
300534, 9005340, 9034227, 28887
300535, 9005350, 9034241, 28891
300536, 9005360, 9034254, 28894
300537, 9005370, 9034267, 28897
300538, 9005380, 9034281, 28901
300540, 9005400, 9034294, 28894
300541, 9005410, 9034308, 28898
300542, 9005420, 9034321, 28901
300543, 9005430, 9034335, 28905
300544, 9005440, 9034348, 28908
300545, 9005450, 9034362, 28912
300546, 9005460, 9034375, 28915
300547, 9005470, 9034388, 28918
300548, 9005480, 9034402, 28922
300551, 9005510, 9034429, 28919
300552, 9005520, 9034442, 28922
300553, 9005530, 9034456, 28926
300554, 9005540, 9034469, 28929
300555, 9005550, 9034482, 28932
300556, 9005560, 9034496, 28936
300557, 9005570, 9034509, 28939
300558, 9005580, 9034523, 28943
300559, 9005590, 9034536, 28946
300561, 9005610, 9034550, 28940
300562, 9005620, 9034563, 28943
300563, 9005630, 9034577, 28947
300564, 9005640, 9034590, 28950
300565, 9005650, 9034603, 28953
300566, 9005660, 9034617, 28957
300567, 9005670, 9034630, 28960
300568, 9005680, 9034644, 28964
300569, 9005690, 9034657, 28967
300570, 9005700, 9034671, 28971
300572, 9005720, 9034684, 28964
300573, 9005730, 9034698, 28968
300574, 9005740, 9034711, 28971
300575, 9005750, 9034724, 28974
300576, 9005760, 9034738, 28978
300577, 9005770, 9034751, 28981
300578, 9005780, 9034765, 28985
300579, 9005790, 9034778, 28988
300580, 9005800, 9034792, 28992
300582, 9005820, 9034805, 28985
300583, 9005830, 9034818, 28988
300584, 9005840, 9034832, 28992
300585, 9005850, 9034845, 28995
300586, 9005860, 9034859, 28999
300587, 9005870, 9034872, 29002
300588, 9005880, 9034886, 29006
300589, 9005890, 9034899, 29009
300590, 9005900, 9034913, 29013
300591, 9005910, 9034926, 29016
300593, 9005930, 9034939, 29009
300594, 9005940, 9034953, 29013
300595, 9005950, 9034966, 29016
300596, 9005960, 9034980, 29020
300597, 9005970, 9034993, 29023
300598, 9005980, 9035007, 29027
300599, 9005990, 9035020, 29030
301002, 9010020, 9035047, 25027
301003, 9010030, 9035060, 25030
301004, 9010040, 9035074, 25034
301005, 9010050, 9035087, 25037
301006, 9010060, 9035101, 25041
301007, 9010070, 9035114, 25044
301008, 9010080, 9035127, 25047
301009, 9010090, 9035141, 25051
301010, 9010100, 9035154, 25054
301012, 9010120, 9035168, 25048
301013, 9010130, 9035181, 25051
301014, 9010140, 9035195, 25055
301015, 9010150, 9035208, 25058
301016, 9010160, 9035222, 25062
301017, 9010170, 9035235, 25065
301018, 9010180, 9035248, 25068
301019, 9010190, 9035262, 25072
301020, 9010200, 9035275, 25075
301021, 9010210, 9035289, 25079
301023, 9010230, 9035302, 25072
301024, 9010240, 9035316, 25076
301025, 9010250, 9035329, 25079
301026, 9010260, 9035342, 25082
301027, 9010270, 9035356, 25086
301028, 9010280, 9035369, 25089
301029, 9010290, 9035383, 25093
301030, 9010300, 9035396, 25096
301031, 9010310, 9035410, 25100
301033, 9010330, 9035423, 25093
301034, 9010340, 9035437, 25097
301035, 9010350, 9035450, 25100
301036, 9010360, 9035463, 25103
301037, 9010370, 9035477, 25107
301038, 9010380, 9035490, 25110
301039, 9010390, 9035504, 25114
301040, 9010400, 9035517, 25117
301041, 9010410, 9035531, 25121
301042, 9010420, 9035544, 25124
301044, 9010440, 9035558, 25118
301045, 9010450, 9035571, 25121
301046, 9010460, 9035584, 25124
301047, 9010470, 9035598, 25128
301048, 9010480, 9035611, 25131
301049, 9010490, 9035625, 25135
301051, 9010510, 9035652, 25142
301052, 9010520, 9035665, 25145
301053, 9010530, 9035678, 25148
301055, 9010550, 9035692, 25142
301056, 9010560, 9035705, 25145
301057, 9010570, 9035719, 25149
301058, 9010580, 9035732, 25152
301059, 9010590, 9035746, 25156
301060, 9010600, 9035759, 25159
301061, 9010610, 9035773, 25163
301062, 9010620, 9035786, 25166
301063, 9010630, 9035799, 25169
301065, 9010650, 9035813, 25163
301066, 9010660, 9035826, 25166
301067, 9010670, 9035840, 25170
301068, 9010680, 9035853, 25173
301069, 9010690, 9035867, 25177
301070, 9010700, 9035880, 25180
301071, 9010710, 9035894, 25184
301072, 9010720, 9035907, 25187
301073, 9010730, 9035920, 25190
301074, 9010740, 9035934, 25194
301076, 9010760, 9035947, 25187
301077, 9010770, 9035961, 25191
301078, 9010780, 9035974, 25194
301079, 9010790, 9035988, 25198
301080, 9010800, 9036001, 25201
301081, 9010810, 9036014, 25204
301082, 9010820, 9036028, 25208
301083, 9010830, 9036041, 25211
301084, 9010840, 9036055, 25215
301085, 9010850, 9036068, 25218
301087, 9010870, 9036082, 25212
301088, 9010880, 9036095, 25215
301089, 9010890, 9036109, 25219
301090, 9010900, 9036122, 25222
301091, 9010910, 9036135, 25225
301092, 9010920, 9036149, 25229
301093, 9010930, 9036162, 25232
301094, 9010940, 9036176, 25236
301095, 9010950, 9036189, 25239
301097, 9010970, 9036203, 25233
301098, 9010980, 9036216, 25236
301099, 9010990, 9036230, 25240
301101, 9011010, 9036256, 25246
301102, 9011020, 9036270, 25250
301103, 9011030, 9036283, 25253
301104, 9011040, 9036297, 25257
301105, 9011050, 9036310, 25260
301106, 9011060, 9036324, 25264
301108, 9011080, 9036337, 25257
301109, 9011090, 9036350, 25260
301110, 9011100, 9036364, 25264
301111, 9011110, 9036377, 25267
301112, 9011120, 9036391, 25271
301113, 9011130, 9036404, 25274
301114, 9011140, 9036418, 25278
301115, 9011150, 9036431, 25281
301116, 9011160, 9040012, 28852
301118, 9011180, 9040026, 28846
301119, 9011190, 9040039, 28849
301120, 9011200, 9040052, 28852
301121, 9011210, 9040066, 28856
301122, 9011220, 9040079, 28859
301123, 9011230, 9040093, 28863
301124, 9011240, 9040106, 28866
301125, 9011250, 9040120, 28870
301126, 9011260, 9040133, 28873
301127, 9011270, 9040146, 28876
301129, 9011290, 9040160, 28870
301130, 9011300, 9040173, 28873
301131, 9011310, 9040187, 28877
301132, 9011320, 9040200, 28880
301133, 9011330, 9040214, 28884
301134, 9011340, 9040227, 28887
301135, 9011350, 9040241, 28891
301136, 9011360, 9040254, 28894
301137, 9011370, 9040267, 28897
301138, 9011380, 9040281, 28901
301140, 9011400, 9040294, 28894
301141, 9011410, 9040308, 28898
301142, 9011420, 9040321, 28901
301143, 9011430, 9040335, 28905
301144, 9011440, 9040348, 28908
301145, 9011450, 9040362, 28912
301146, 9011460, 9040375, 28915
301147, 9011470, 9040388, 28918
301148, 9011480, 9040402, 28922
301151, 9011510, 9040429, 28919
301152, 9011520, 9040442, 28922
301153, 9011530, 9040456, 28926
301154, 9011540, 9040469, 28929
301155, 9011550, 9040482, 28932
301156, 9011560, 9040496, 28936
301157, 9011570, 9040509, 28939
301158, 9011580, 9040523, 28943
301159, 9011590, 9040536, 28946
301161, 9011610, 9040550, 28940
301162, 9011620, 9040563, 28943
301163, 9011630, 9040577, 28947
301164, 9011640, 9040590, 28950
301165, 9011650, 9040603, 28953
301166, 9011660, 9040617, 28957
301167, 9011670, 9040630, 28960
301168, 9011680, 9040644, 28964
301169, 9011690, 9040657, 28967
301171, 9011710, 9040671, 28961
301172, 9011720, 9040684, 28964
301173, 9011730, 9040698, 28968
301174, 9011740, 9040711, 28971
301175, 9011750, 9040724, 28974
301176, 9011760, 9040738, 28978
301177, 9011770, 9040751, 28981
301178, 9011780, 9040765, 28985
301179, 9011790, 9040778, 28988
301180, 9011800, 9040792, 28992
301182, 9011820, 9040805, 28985
301183, 9011830, 9040818, 28988
301184, 9011840, 9040832, 28992
301185, 9011850, 9040845, 28995
301186, 9011860, 9040859, 28999
301187, 9011870, 9040872, 29002
301188, 9011880, 9040886, 29006
301189, 9011890, 9040899, 29009
301190, 9011900, 9040913, 29013
301191, 9011910, 9040926, 29016
301193, 9011930, 9040939, 29009
301194, 9011940, 9040953, 29013
301195, 9011950, 9040966, 29016
301196, 9011960, 9040980, 29020
301197, 9011970, 9040993, 29023
301198, 9011980, 9041007, 29027
301199, 9011990, 9041020, 29030
301602, 9016020, 9041047, 25027
301603, 9016030, 9041060, 25030
301604, 9016040, 9041074, 25034
301605, 9016050, 9041087, 25037
301606, 9016060, 9041101, 25041
301607, 9016070, 9041114, 25044
301608, 9016080, 9041128, 25048
301609, 9016090, 9041141, 25051
301610, 9016100, 9041154, 25054
301612, 9016120, 9041168, 25048
301613, 9016130, 9041181, 25051
301614, 9016140, 9041195, 25055
301615, 9016150, 9041208, 25058
301616, 9016160, 9041222, 25062
301617, 9016170, 9041235, 25065
301618, 9016180, 9041249, 25069
301619, 9016190, 9041262, 25072
301620, 9016200, 9041275, 25075
301621, 9016210, 9041289, 25079
301623, 9016230, 9041302, 25072
301624, 9016240, 9041316, 25076
301625, 9016250, 9041329, 25079
301626, 9016260, 9041343, 25083
301627, 9016270, 9041356, 25086
301628, 9016280, 9041370, 25090
301629, 9016290, 9041383, 25093
301630, 9016300, 9041396, 25096
301631, 9016310, 9041410, 25100
301633, 9016330, 9041423, 25093
301634, 9016340, 9041437, 25097
301635, 9016350, 9041450, 25100
301636, 9016360, 9041464, 25104
301637, 9016370, 9041477, 25107
301638, 9016380, 9041490, 25110
301639, 9016390, 9041504, 25114
301640, 9016400, 9041517, 25117
301641, 9016410, 9041531, 25121
301642, 9016420, 9041544, 25124
301644, 9016440, 9041558, 25118
301645, 9016450, 9041571, 25121
301646, 9016460, 9041585, 25125
301647, 9016470, 9041598, 25128
301648, 9016480, 9041611, 25131
301649, 9016490, 9041625, 25135
301651, 9016510, 9041652, 25142
301652, 9016520, 9041665, 25145
301653, 9016530, 9041679, 25149
301655, 9016550, 9041692, 25142
301656, 9016560, 9041706, 25146
301657, 9016570, 9041719, 25149
301658, 9016580, 9041732, 25152
301659, 9016590, 9041746, 25156
301660, 9016600, 9041759, 25159
301661, 9016610, 9041773, 25163
301662, 9016620, 9041786, 25166
301663, 9016630, 9041800, 25170
301665, 9016650, 9041813, 25163
301666, 9016660, 9041826, 25166
301667, 9016670, 9041840, 25170
301668, 9016680, 9041853, 25173
301669, 9016690, 9041867, 25177
301670, 9016700, 9041880, 25180
301671, 9016710, 9041894, 25184
301672, 9016720, 9041907, 25187
301673, 9016730, 9041921, 25191
301674, 9016740, 9041934, 25194
301676, 9016760, 9041947, 25187
301677, 9016770, 9041961, 25191
301678, 9016780, 9041974, 25194
301679, 9016790, 9041988, 25198
301680, 9016800, 9042001, 25201
301681, 9016810, 9042015, 25205
301682, 9016820, 9042028, 25208
301683, 9016830, 9042042, 25212
301684, 9016840, 9042055, 25215
301685, 9016850, 9042068, 25218
301687, 9016870, 9042082, 25212
301688, 9016880, 9042095, 25215
301689, 9016890, 9042109, 25219
301690, 9016900, 9042122, 25222
301691, 9016910, 9042136, 25226
301692, 9016920, 9042149, 25229
301693, 9016930, 9042162, 25232
301694, 9016940, 9042176, 25236
301695, 9016950, 9042189, 25239
301697, 9016970, 9042203, 25233
301698, 9016980, 9042216, 25236
301699, 9016990, 9042230, 25240
301701, 9017010, 9042257, 25247
301702, 9017020, 9042270, 25250
301703, 9017030, 9042283, 25253
301704, 9017040, 9042297, 25257
301705, 9017050, 9042310, 25260
301706, 9017060, 9042324, 25264
301708, 9017080, 9042337, 25257
301709, 9017090, 9042351, 25261
301710, 9017100, 9042364, 25264
301711, 9017110, 9042378, 25268
301712, 9017120, 9042391, 25271
301713, 9017130, 9042404, 25274
301714, 9017140, 9042418, 25278
301715, 9017150, 9042431, 25281
301716, 9017160, 9046012, 28852
301718, 9017180, 9046026, 28846
301719, 9017190, 9046039, 28849
301720, 9017200, 9046052, 28852
301721, 9017210, 9046066, 28856
301722, 9017220, 9046079, 28859
301723, 9017230, 9046093, 28863
301724, 9017240, 9046106, 28866
301725, 9017250, 9046120, 28870
301726, 9017260, 9046133, 28873
301727, 9017270, 9046146, 28876
301729, 9017290, 9046160, 28870
301730, 9017300, 9046173, 28873
301731, 9017310, 9046187, 28877
301732, 9017320, 9046200, 28880
301733, 9017330, 9046214, 28884
301734, 9017340, 9046227, 28887
301735, 9017350, 9046241, 28891
301736, 9017360, 9046254, 28894
301737, 9017370, 9046267, 28897
301738, 9017380, 9046281, 28901
301740, 9017400, 9046294, 28894
301741, 9017410, 9046308, 28898
301742, 9017420, 9046321, 28901
301743, 9017430, 9046335, 28905
301744, 9017440, 9046348, 28908
301745, 9017450, 9046362, 28912
301746, 9017460, 9046375, 28915
301747, 9017470, 9046388, 28918
301748, 9017480, 9046402, 28922
301751, 9017510, 9046429, 28919
301752, 9017520, 9046442, 28922
301753, 9017530, 9046456, 28926
301754, 9017540, 9046469, 28929
301755, 9017550, 9046482, 28932
301756, 9017560, 9046496, 28936
301757, 9017570, 9046509, 28939
301758, 9017580, 9046523, 28943
301759, 9017590, 9046536, 28946
301761, 9017610, 9046550, 28940
301762, 9017620, 9046563, 28943
301763, 9017630, 9046577, 28947
301764, 9017640, 9046590, 28950
301765, 9017650, 9046603, 28953
301766, 9017660, 9046617, 28957
301767, 9017670, 9046630, 28960
301768, 9017680, 9046644, 28964
301769, 9017690, 9046657, 28967
301771, 9017710, 9046671, 28961
301772, 9017720, 9046684, 28964
301773, 9017730, 9046698, 28968
301774, 9017740, 9046711, 28971
301775, 9017750, 9046724, 28974
301776, 9017760, 9046738, 28978
301777, 9017770, 9046751, 28981
301778, 9017780, 9046765, 28985
301779, 9017790, 9046778, 28988
301780, 9017800, 9046792, 28992
301782, 9017820, 9046805, 28985
301783, 9017830, 9046818, 28988
301784, 9017840, 9046832, 28992
301785, 9017850, 9046845, 28995
301786, 9017860, 9046859, 28999
301787, 9017870, 9046872, 29002
301788, 9017880, 9046886, 29006
301789, 9017890, 9046899, 29009
301790, 9017900, 9046913, 29013
301791, 9017910, 9046926, 29016
301793, 9017930, 9046939, 29009
301794, 9017940, 9046953, 29013
301795, 9017950, 9046966, 29016
301796, 9017960, 9046980, 29020
301797, 9017970, 9046993, 29023
301798, 9017980, 9047007, 29027
301799, 9017990, 9047020, 29030
302202, 9022020, 9047047, 25027
302203, 9022030, 9047060, 25030
302204, 9022040, 9047074, 25034
302205, 9022050, 9047087, 25037
302206, 9022060, 9047101, 25041
302207, 9022070, 9047114, 25044
302208, 9022080, 9047128, 25048
302209, 9022090, 9047141, 25051
302210, 9022100, 9047154, 25054
302212, 9022120, 9047168, 25048
302213, 9022130, 9047181, 25051
302214, 9022140, 9047195, 25055
302215, 9022150, 9047208, 25058
302216, 9022160, 9047222, 25062
302217, 9022170, 9047235, 25065
302218, 9022180, 9047249, 25069
302219, 9022190, 9047262, 25072
302220, 9022200, 9047275, 25075
302221, 9022210, 9047289, 25079
302223, 9022230, 9047302, 25072
302224, 9022240, 9047316, 25076
302225, 9022250, 9047329, 25079
302226, 9022260, 9047343, 25083
302227, 9022270, 9047356, 25086
302228, 9022280, 9047370, 25090
302229, 9022290, 9047383, 25093
302230, 9022300, 9047396, 25096
302231, 9022310, 9047410, 25100
302233, 9022330, 9047423, 25093
302234, 9022340, 9047437, 25097
302235, 9022350, 9047450, 25100
302236, 9022360, 9047464, 25104
302237, 9022370, 9047477, 25107
302238, 9022380, 9047490, 25110
302239, 9022390, 9047504, 25114
302240, 9022400, 9047517, 25117
302241, 9022410, 9047531, 25121
302242, 9022420, 9047544, 25124
302244, 9022440, 9047558, 25118
302245, 9022450, 9047571, 25121
302246, 9022460, 9047585, 25125
302247, 9022470, 9047598, 25128
302248, 9022480, 9047611, 25131
302249, 9022490, 9047625, 25135
302251, 9022510, 9047652, 25142
302252, 9022520, 9047665, 25145
302253, 9022530, 9047679, 25149
302255, 9022550, 9047692, 25142
302256, 9022560, 9047706, 25146
302257, 9022570, 9047719, 25149
302258, 9022580, 9047732, 25152
302259, 9022590, 9047746, 25156
302260, 9022600, 9047759, 25159
302261, 9022610, 9047773, 25163
302262, 9022620, 9047786, 25166
302263, 9022630, 9047800, 25170
302265, 9022650, 9047813, 25163
302266, 9022660, 9047826, 25166
302267, 9022670, 9047840, 25170
302268, 9022680, 9047853, 25173
302269, 9022690, 9047867, 25177
302270, 9022700, 9047880, 25180
302271, 9022710, 9047894, 25184
302272, 9022720, 9047907, 25187
302273, 9022730, 9047921, 25191
302274, 9022740, 9047934, 25194
302276, 9022760, 9047947, 25187
302277, 9022770, 9047961, 25191
302278, 9022780, 9047974, 25194
302279, 9022790, 9047988, 25198
302280, 9022800, 9048001, 25201
302281, 9022810, 9048015, 25205
302282, 9022820, 9048028, 25208
302283, 9022830, 9048042, 25212
302284, 9022840, 9048055, 25215
302285, 9022850, 9048068, 25218
302287, 9022870, 9048082, 25212
302288, 9022880, 9048095, 25215
302289, 9022890, 9048109, 25219
302290, 9022900, 9048122, 25222
302291, 9022910, 9048136, 25226
302292, 9022920, 9048149, 25229
302293, 9022930, 9048162, 25232
302294, 9022940, 9048176, 25236
302295, 9022950, 9048189, 25239
302297, 9022970, 9048203, 25233
302298, 9022980, 9048216, 25236
302299, 9022990, 9048230, 25240
302301, 9023010, 9048257, 25247
302302, 9023020, 9048270, 25250
302303, 9023030, 9048283, 25253
302304, 9023040, 9048297, 25257
302305, 9023050, 9048310, 25260
302306, 9023060, 9048324, 25264
302308, 9023080, 9048337, 25257
302309, 9023090, 9048351, 25261
302310, 9023100, 9048364, 25264
302311, 9023110, 9048378, 25268
302312, 9023120, 9048391, 25271
302313, 9023130, 9048404, 25274
302314, 9023140, 9048418, 25278
302315, 9023150, 9048431, 25281
302316, 9023160, 9052012, 28852
302318, 9023180, 9052026, 28846
302319, 9023190, 9052039, 28849
302320, 9023200, 9052052, 28852
302321, 9023210, 9052066, 28856
302322, 9023220, 9052079, 28859
302323, 9023230, 9052093, 28863
302324, 9023240, 9052106, 28866
302325, 9023250, 9052120, 28870
302326, 9023260, 9052133, 28873
302327, 9023270, 9052146, 28876
302329, 9023290, 9052160, 28870
302330, 9023300, 9052173, 28873
302331, 9023310, 9052187, 28877
302332, 9023320, 9052200, 28880
302333, 9023330, 9052214, 28884
302334, 9023340, 9052227, 28887
302335, 9023350, 9052241, 28891
302336, 9023360, 9052254, 28894
302337, 9023370, 9052267, 28897
302338, 9023380, 9052281, 28901
302340, 9023400, 9052294, 28894
302341, 9023410, 9052308, 28898
302342, 9023420, 9052321, 28901
302343, 9023430, 9052335, 28905
302344, 9023440, 9052348, 28908
302345, 9023450, 9052362, 28912
302346, 9023460, 9052375, 28915
302347, 9023470, 9052388, 28918
302348, 9023480, 9052402, 28922
302351, 9023510, 9052429, 28919
302352, 9023520, 9052442, 28922
302353, 9023530, 9052456, 28926
302354, 9023540, 9052469, 28929
302355, 9023550, 9052482, 28932
302356, 9023560, 9052496, 28936
302357, 9023570, 9052509, 28939
302358, 9023580, 9052523, 28943
302359, 9023590, 9052536, 28946
302361, 9023610, 9052550, 28940
302362, 9023620, 9052563, 28943
302363, 9023630, 9052577, 28947
302364, 9023640, 9052590, 28950
302365, 9023650, 9052603, 28953
302366, 9023660, 9052617, 28957
302367, 9023670, 9052630, 28960
302368, 9023680, 9052644, 28964
302369, 9023690, 9052657, 28967
302371, 9023710, 9052671, 28961
302372, 9023720, 9052684, 28964
302373, 9023730, 9052698, 28968
302374, 9023740, 9052711, 28971
302375, 9023750, 9052724, 28974
302376, 9023760, 9052738, 28978
302377, 9023770, 9052751, 28981
302378, 9023780, 9052765, 28985
302379, 9023790, 9052778, 28988
302380, 9023800, 9052792, 28992
302382, 9023820, 9052805, 28985
302383, 9023830, 9052818, 28988
302384, 9023840, 9052832, 28992
302385, 9023850, 9052845, 28995
302386, 9023860, 9052859, 28999
302387, 9023870, 9052872, 29002
302388, 9023880, 9052886, 29006
302389, 9023890, 9052899, 29009
302390, 9023900, 9052913, 29013
302391, 9023910, 9052926, 29016
302393, 9023930, 9052939, 29009
302394, 9023940, 9052953, 29013
302395, 9023950, 9052966, 29016
302396, 9023960, 9052980, 29020
302397, 9023970, 9052993, 29023
302398, 9023980, 9053007, 29027
302399, 9023990, 9053020, 29030
302802, 9028020, 9053047, 25027
302803, 9028030, 9053060, 25030
302804, 9028040, 9053074, 25034
302805, 9028050, 9053087, 25037
302806, 9028060, 9053101, 25041
302807, 9028070, 9053114, 25044
302808, 9028080, 9053128, 25048
302809, 9028090, 9053141, 25051
302810, 9028100, 9053154, 25054
302812, 9028120, 9053168, 25048
302813, 9028130, 9053181, 25051
302814, 9028140, 9053195, 25055
302815, 9028150, 9053208, 25058
302816, 9028160, 9053222, 25062
302817, 9028170, 9053235, 25065
302818, 9028180, 9053249, 25069
302819, 9028190, 9053262, 25072
302820, 9028200, 9053275, 25075
302821, 9028210, 9053289, 25079
302823, 9028230, 9053302, 25072
302824, 9028240, 9053316, 25076
302825, 9028250, 9053329, 25079
302826, 9028260, 9053343, 25083
302827, 9028270, 9053356, 25086
302828, 9028280, 9053370, 25090
302829, 9028290, 9053383, 25093
302830, 9028300, 9053396, 25096
302831, 9028310, 9053410, 25100
302833, 9028330, 9053423, 25093
302834, 9028340, 9053437, 25097
302835, 9028350, 9053450, 25100
302836, 9028360, 9053464, 25104
302837, 9028370, 9053477, 25107
302838, 9028380, 9053490, 25110
302839, 9028390, 9053504, 25114
302840, 9028400, 9053517, 25117
302841, 9028410, 9053531, 25121
302842, 9028420, 9053544, 25124
302844, 9028440, 9053558, 25118
302845, 9028450, 9053571, 25121
302846, 9028460, 9053585, 25125
302847, 9028470, 9053598, 25128
302848, 9028480, 9053611, 25131
302849, 9028490, 9053625, 25135
302851, 9028510, 9053652, 25142
302852, 9028520, 9053665, 25145
302853, 9028530, 9053679, 25149
302855, 9028550, 9053692, 25142
302856, 9028560, 9053706, 25146
302857, 9028570, 9053719, 25149
302858, 9028580, 9053732, 25152
302859, 9028590, 9053746, 25156
302860, 9028600, 9053759, 25159
302861, 9028610, 9053773, 25163
302862, 9028620, 9053786, 25166
302863, 9028630, 9053800, 25170
302865, 9028650, 9053813, 25163
302866, 9028660, 9053826, 25166
302867, 9028670, 9053840, 25170
302868, 9028680, 9053853, 25173
302869, 9028690, 9053867, 25177
302870, 9028700, 9053880, 25180
302871, 9028710, 9053894, 25184
302872, 9028720, 9053907, 25187
302873, 9028730, 9053921, 25191
302874, 9028740, 9053934, 25194
302876, 9028760, 9053947, 25187
302877, 9028770, 9053961, 25191
302878, 9028780, 9053974, 25194
302879, 9028790, 9053988, 25198
302880, 9028800, 9054001, 25201
302881, 9028810, 9054015, 25205
302882, 9028820, 9054028, 25208
302883, 9028830, 9054042, 25212
302884, 9028840, 9054055, 25215
302885, 9028850, 9054068, 25218
302887, 9028870, 9054082, 25212
302888, 9028880, 9054095, 25215
302889, 9028890, 9054109, 25219
302890, 9028900, 9054122, 25222
302891, 9028910, 9054136, 25226
302892, 9028920, 9054149, 25229
302893, 9028930, 9054162, 25232
302894, 9028940, 9054176, 25236
302895, 9028950, 9054189, 25239
302897, 9028970, 9054203, 25233
302898, 9028980, 9054216, 25236
302899, 9028990, 9054230, 25240
302901, 9029010, 9054257, 25247
302902, 9029020, 9054270, 25250
302903, 9029030, 9054283, 25253
302904, 9029040, 9054297, 25257
302905, 9029050, 9054310, 25260
302906, 9029060, 9054324, 25264
302908, 9029080, 9054337, 25257
302909, 9029090, 9054351, 25261
302910, 9029100, 9054364, 25264
302911, 9029110, 9054378, 25268
302912, 9029120, 9054391, 25271
302913, 9029130, 9054404, 25274
302914, 9029140, 9054418, 25278
302915, 9029150, 9054431, 25281
302916, 9029160, 9058012, 28852
302918, 9029180, 9058026, 28846
302919, 9029190, 9058039, 28849
302920, 9029200, 9058052, 28852
302921, 9029210, 9058066, 28856
302922, 9029220, 9058079, 28859
302923, 9029230, 9058093, 28863
302924, 9029240, 9058106, 28866
302925, 9029250, 9058120, 28870
302926, 9029260, 9058133, 28873
302927, 9029270, 9058146, 28876
302929, 9029290, 9058160, 28870
302930, 9029300, 9058173, 28873
302931, 9029310, 9058187, 28877
302932, 9029320, 9058200, 28880
302933, 9029330, 9058214, 28884
302934, 9029340, 9058227, 28887
302935, 9029350, 9058241, 28891
302936, 9029360, 9058254, 28894
302937, 9029370, 9058267, 28897
302938, 9029380, 9058281, 28901
302940, 9029400, 9058294, 28894
302941, 9029410, 9058308, 28898
302942, 9029420, 9058321, 28901
302943, 9029430, 9058335, 28905
302944, 9029440, 9058348, 28908
302945, 9029450, 9058362, 28912
302946, 9029460, 9058375, 28915
302947, 9029470, 9058388, 28918
302948, 9029480, 9058402, 28922
302951, 9029510, 9058429, 28919
302952, 9029520, 9058442, 28922
302953, 9029530, 9058456, 28926
302954, 9029540, 9058469, 28929
302955, 9029550, 9058482, 28932
302956, 9029560, 9058496, 28936
302957, 9029570, 9058509, 28939
302958, 9029580, 9058523, 28943
302959, 9029590, 9058536, 28946
302961, 9029610, 9058550, 28940
302962, 9029620, 9058563, 28943
302963, 9029630, 9058577, 28947
302964, 9029640, 9058590, 28950
302965, 9029650, 9058603, 28953
302966, 9029660, 9058617, 28957
302967, 9029670, 9058630, 28960
302968, 9029680, 9058644, 28964
302969, 9029690, 9058657, 28967
302971, 9029710, 9058671, 28961
302972, 9029720, 9058684, 28964
302973, 9029730, 9058698, 28968
302974, 9029740, 9058711, 28971
302975, 9029750, 9058724, 28974
302976, 9029760, 9058738, 28978
302977, 9029770, 9058751, 28981
302978, 9029780, 9058765, 28985
302979, 9029790, 9058778, 28988
302980, 9029800, 9058792, 28992
302982, 9029820, 9058805, 28985
302983, 9029830, 9058818, 28988
302984, 9029840, 9058832, 28992
302985, 9029850, 9058845, 28995
302986, 9029860, 9058859, 28999
302987, 9029870, 9058872, 29002
302988, 9029880, 9058886, 29006
302989, 9029890, 9058899, 29009
302990, 9029900, 9058913, 29013
302991, 9029910, 9058926, 29016
302993, 9029930, 9058939, 29009
302994, 9029940, 9058953, 29013
302995, 9029950, 9058966, 29016
302996, 9029960, 9058980, 29020
302997, 9029970, 9058993, 29023
302998, 9029980, 9059007, 29027
302999, 9029990, 9059020, 29030
303402, 9034020, 9059047, 25027
303403, 9034030, 9059060, 25030
303404, 9034040, 9059074, 25034
303405, 9034050, 9059087, 25037
303406, 9034060, 9059101, 25041
303407, 9034070, 9059114, 25044
303408, 9034080, 9059128, 25048
303409, 9034090, 9059141, 25051
303410, 9034100, 9059154, 25054
303412, 9034120, 9059168, 25048
303413, 9034130, 9059181, 25051
303414, 9034140, 9059195, 25055
303415, 9034150, 9059208, 25058
303416, 9034160, 9059222, 25062
303417, 9034170, 9059235, 25065
303418, 9034180, 9059249, 25069
303419, 9034190, 9059262, 25072
303420, 9034200, 9059275, 25075
303421, 9034210, 9059289, 25079
303423, 9034230, 9059302, 25072
303424, 9034240, 9059316, 25076
303425, 9034250, 9059329, 25079
303426, 9034260, 9059343, 25083
303427, 9034270, 9059356, 25086
303428, 9034280, 9059370, 25090
303429, 9034290, 9059383, 25093
303430, 9034300, 9059396, 25096
303431, 9034310, 9059410, 25100
303433, 9034330, 9059423, 25093
303434, 9034340, 9059437, 25097
303435, 9034350, 9059450, 25100
303436, 9034360, 9059464, 25104
303437, 9034370, 9059477, 25107
303438, 9034380, 9059490, 25110
303439, 9034390, 9059504, 25114
303440, 9034400, 9059517, 25117
303441, 9034410, 9059531, 25121
303442, 9034420, 9059544, 25124
303444, 9034440, 9059558, 25118
303445, 9034450, 9059571, 25121
303446, 9034460, 9059585, 25125
303447, 9034470, 9059598, 25128
303448, 9034480, 9059611, 25131
303449, 9034490, 9059625, 25135
303451, 9034510, 9059652, 25142
303452, 9034520, 9059665, 25145
303453, 9034530, 9059679, 25149
303455, 9034550, 9059692, 25142
303456, 9034560, 9059706, 25146
303457, 9034570, 9059719, 25149
303458, 9034580, 9059732, 25152
303459, 9034590, 9059746, 25156
303460, 9034600, 9059759, 25159
303461, 9034610, 9059773, 25163
303462, 9034620, 9059786, 25166
303463, 9034630, 9059800, 25170
303465, 9034650, 9059813, 25163
303466, 9034660, 9059826, 25166
303467, 9034670, 9059840, 25170
303468, 9034680, 9059853, 25173
303469, 9034690, 9059867, 25177
303470, 9034700, 9059880, 25180
303471, 9034710, 9059894, 25184
303472, 9034720, 9059907, 25187
303473, 9034730, 9059921, 25191
303474, 9034740, 9059934, 25194
303476, 9034760, 9059947, 25187
303477, 9034770, 9059961, 25191
303478, 9034780, 9059974, 25194
303479, 9034790, 9059988, 25198
303480, 9034800, 9060001, 25201
303481, 9034810, 9060015, 25205
303482, 9034820, 9060028, 25208
303483, 9034830, 9060042, 25212
303484, 9034840, 9060055, 25215
303485, 9034850, 9060068, 25218
303487, 9034870, 9060082, 25212
303488, 9034880, 9060095, 25215
303489, 9034890, 9060109, 25219
303490, 9034900, 9060122, 25222
303491, 9034910, 9060136, 25226
303492, 9034920, 9060149, 25229
303493, 9034930, 9060162, 25232
303494, 9034940, 9060176, 25236
303495, 9034950, 9060189, 25239
303497, 9034970, 9060203, 25233
303498, 9034980, 9060216, 25236
303499, 9034990, 9060230, 25240
303501, 9035010, 9060257, 25247
303502, 9035020, 9060270, 25250
303503, 9035030, 9060283, 25253
303504, 9035040, 9060297, 25257
303505, 9035050, 9060310, 25260
303506, 9035060, 9060324, 25264
303508, 9035080, 9060337, 25257
303509, 9035090, 9060351, 25261
303510, 9035100, 9060364, 25264
303511, 9035110, 9060378, 25268
303512, 9035120, 9060391, 25271
303513, 9035130, 9060404, 25274
303514, 9035140, 9060418, 25278
303515, 9035150, 9060431, 25281
303516, 9035160, 9064012, 28852
303517, 9035170, 9064026, 28856
303519, 9035190, 9064039, 28849
303520, 9035200, 9064052, 28852
303521, 9035210, 9064066, 28856
303522, 9035220, 9064079, 28859
303523, 9035230, 9064093, 28863
303524, 9035240, 9064106, 28866
303525, 9035250, 9064120, 28870
303526, 9035260, 9064133, 28873
303527, 9035270, 9064146, 28876
303529, 9035290, 9064160, 28870
303530, 9035300, 9064173, 28873
303531, 9035310, 9064187, 28877
303532, 9035320, 9064200, 28880
303533, 9035330, 9064214, 28884
303534, 9035340, 9064227, 28887
303535, 9035350, 9064241, 28891
303536, 9035360, 9064254, 28894
303537, 9035370, 9064267, 28897
303538, 9035380, 9064281, 28901
303540, 9035400, 9064294, 28894
303541, 9035410, 9064308, 28898
303542, 9035420, 9064321, 28901
303543, 9035430, 9064335, 28905
303544, 9035440, 9064348, 28908
303545, 9035450, 9064362, 28912
303546, 9035460, 9064375, 28915
303547, 9035470, 9064388, 28918
303548, 9035480, 9064402, 28922
303551, 9035510, 9064429, 28919
303552, 9035520, 9064442, 28922
303553, 9035530, 9064456, 28926
303554, 9035540, 9064469, 28929
303555, 9035550, 9064482, 28932
303556, 9035560, 9064496, 28936
303557, 9035570, 9064509, 28939
303558, 9035580, 9064523, 28943
303559, 9035590, 9064536, 28946
303561, 9035610, 9064550, 28940
303562, 9035620, 9064563, 28943
303563, 9035630, 9064577, 28947
303564, 9035640, 9064590, 28950
303565, 9035650, 9064603, 28953
303566, 9035660, 9064617, 28957
303567, 9035670, 9064630, 28960
303568, 9035680, 9064644, 28964
303569, 9035690, 9064657, 28967
303570, 9035700, 9064671, 28971
303572, 9035720, 9064684, 28964
303573, 9035730, 9064698, 28968
303574, 9035740, 9064711, 28971
303575, 9035750, 9064724, 28974
303576, 9035760, 9064738, 28978
303577, 9035770, 9064751, 28981
303578, 9035780, 9064765, 28985
303579, 9035790, 9064778, 28988
303580, 9035800, 9064792, 28992
303582, 9035820, 9064805, 28985
303583, 9035830, 9064818, 28988
303584, 9035840, 9064832, 28992
303585, 9035850, 9064845, 28995
303586, 9035860, 9064859, 28999
303587, 9035870, 9064872, 29002
303588, 9035880, 9064886, 29006
303589, 9035890, 9064899, 29009
303590, 9035900, 9064913, 29013
303591, 9035910, 9064926, 29016
303593, 9035930, 9064939, 29009
303594, 9035940, 9064953, 29013
303595, 9035950, 9064966, 29016
303596, 9035960, 9064980, 29020
303597, 9035970, 9064993, 29023
303598, 9035980, 9065007, 29027
303599, 9035990, 9065020, 29030
304002, 9040020, 9065047, 25027
304003, 9040030, 9065060, 25030
304004, 9040040, 9065074, 25034
304005, 9040050, 9065087, 25037
304006, 9040060, 9065101, 25041
304007, 9040070, 9065114, 25044
304008, 9040080, 9065127, 25047
304009, 9040090, 9065141, 25051
304010, 9040100, 9065154, 25054
304012, 9040120, 9065168, 25048
304013, 9040130, 9065181, 25051
304014, 9040140, 9065195, 25055
304015, 9040150, 9065208, 25058
304016, 9040160, 9065222, 25062
304017, 9040170, 9065235, 25065
304018, 9040180, 9065248, 25068
304019, 9040190, 9065262, 25072
304020, 9040200, 9065275, 25075
304021, 9040210, 9065289, 25079
304023, 9040230, 9065302, 25072
304024, 9040240, 9065316, 25076
304025, 9040250, 9065329, 25079
304026, 9040260, 9065342, 25082
304027, 9040270, 9065356, 25086
304028, 9040280, 9065369, 25089
304029, 9040290, 9065383, 25093
304030, 9040300, 9065396, 25096
304031, 9040310, 9065410, 25100
304033, 9040330, 9065423, 25093
304034, 9040340, 9065437, 25097
304035, 9040350, 9065450, 25100
304036, 9040360, 9065463, 25103
304037, 9040370, 9065477, 25107
304038, 9040380, 9065490, 25110
304039, 9040390, 9065504, 25114
304040, 9040400, 9065517, 25117
304041, 9040410, 9065531, 25121
304042, 9040420, 9065544, 25124
304044, 9040440, 9065558, 25118
304045, 9040450, 9065571, 25121
304046, 9040460, 9065584, 25124
304047, 9040470, 9065598, 25128
304048, 9040480, 9065611, 25131
304049, 9040490, 9065625, 25135
304051, 9040510, 9065652, 25142
304052, 9040520, 9065665, 25145
304053, 9040530, 9065678, 25148
304055, 9040550, 9065692, 25142
304056, 9040560, 9065705, 25145
304057, 9040570, 9065719, 25149
304058, 9040580, 9065732, 25152
304059, 9040590, 9065746, 25156
304060, 9040600, 9065759, 25159
304061, 9040610, 9065773, 25163
304062, 9040620, 9065786, 25166
304063, 9040630, 9065799, 25169
304065, 9040650, 9065813, 25163
304066, 9040660, 9065826, 25166
304067, 9040670, 9065840, 25170
304068, 9040680, 9065853, 25173
304069, 9040690, 9065867, 25177
304070, 9040700, 9065880, 25180
304071, 9040710, 9065894, 25184
304072, 9040720, 9065907, 25187
304073, 9040730, 9065920, 25190
304074, 9040740, 9065934, 25194
304076, 9040760, 9065947, 25187
304077, 9040770, 9065961, 25191
304078, 9040780, 9065974, 25194
304079, 9040790, 9065988, 25198
304080, 9040800, 9066001, 25201
304081, 9040810, 9066014, 25204
304082, 9040820, 9066028, 25208
304083, 9040830, 9066041, 25211
304084, 9040840, 9066055, 25215
304085, 9040850, 9066068, 25218
304087, 9040870, 9066082, 25212
304088, 9040880, 9066095, 25215
304089, 9040890, 9066109, 25219
304090, 9040900, 9066122, 25222
304091, 9040910, 9066135, 25225
304092, 9040920, 9066149, 25229
304093, 9040930, 9066162, 25232
304094, 9040940, 9066176, 25236
304095, 9040950, 9066189, 25239
304097, 9040970, 9066203, 25233
304098, 9040980, 9066216, 25236
304099, 9040990, 9066230, 25240
304101, 9041010, 9066256, 25246
304102, 9041020, 9066270, 25250
304103, 9041030, 9066283, 25253
304104, 9041040, 9066297, 25257
304105, 9041050, 9066310, 25260
304106, 9041060, 9066324, 25264
304108, 9041080, 9066337, 25257
304109, 9041090, 9066350, 25260
304110, 9041100, 9066364, 25264
304111, 9041110, 9066377, 25267
304112, 9041120, 9066391, 25271
304113, 9041130, 9066404, 25274
304114, 9041140, 9066418, 25278
304115, 9041150, 9066431, 25281
304116, 9041160, 9070012, 28852
304118, 9041180, 9070026, 28846
304119, 9041190, 9070039, 28849
304120, 9041200, 9070052, 28852
304121, 9041210, 9070066, 28856
304122, 9041220, 9070079, 28859
304123, 9041230, 9070093, 28863
304124, 9041240, 9070106, 28866
304125, 9041250, 9070120, 28870
304126, 9041260, 9070133, 28873
304127, 9041270, 9070146, 28876
304129, 9041290, 9070160, 28870
304130, 9041300, 9070173, 28873
304131, 9041310, 9070187, 28877
304132, 9041320, 9070200, 28880
304133, 9041330, 9070214, 28884
304134, 9041340, 9070227, 28887
304135, 9041350, 9070241, 28891
304136, 9041360, 9070254, 28894
304137, 9041370, 9070267, 28897
304138, 9041380, 9070281, 28901
304140, 9041400, 9070294, 28894
304141, 9041410, 9070308, 28898
304142, 9041420, 9070321, 28901
304143, 9041430, 9070335, 28905
304144, 9041440, 9070348, 28908
304145, 9041450, 9070362, 28912
304146, 9041460, 9070375, 28915
304147, 9041470, 9070388, 28918
304148, 9041480, 9070402, 28922
304151, 9041510, 9070429, 28919
304152, 9041520, 9070442, 28922
304153, 9041530, 9070456, 28926
304154, 9041540, 9070469, 28929
304155, 9041550, 9070482, 28932
304156, 9041560, 9070496, 28936
304157, 9041570, 9070509, 28939
304158, 9041580, 9070523, 28943
304159, 9041590, 9070536, 28946
304161, 9041610, 9070550, 28940
304162, 9041620, 9070563, 28943
304163, 9041630, 9070577, 28947
304164, 9041640, 9070590, 28950
304165, 9041650, 9070603, 28953
304166, 9041660, 9070617, 28957
304167, 9041670, 9070630, 28960
304168, 9041680, 9070644, 28964
304169, 9041690, 9070657, 28967
304171, 9041710, 9070671, 28961
304172, 9041720, 9070684, 28964
304173, 9041730, 9070698, 28968
304174, 9041740, 9070711, 28971
304175, 9041750, 9070724, 28974
304176, 9041760, 9070738, 28978
304177, 9041770, 9070751, 28981
304178, 9041780, 9070765, 28985
304179, 9041790, 9070778, 28988
304180, 9041800, 9070792, 28992
304182, 9041820, 9070805, 28985
304183, 9041830, 9070818, 28988
304184, 9041840, 9070832, 28992
304185, 9041850, 9070845, 28995
304186, 9041860, 9070859, 28999
304187, 9041870, 9070872, 29002
304188, 9041880, 9070886, 29006
304189, 9041890, 9070899, 29009
304190, 9041900, 9070913, 29013
304191, 9041910, 9070926, 29016
304193, 9041930, 9070939, 29009
304194, 9041940, 9070953, 29013
304195, 9041950, 9070966, 29016
304196, 9041960, 9070980, 29020
304197, 9041970, 9070993, 29023
304198, 9041980, 9071007, 29027
304199, 9041990, 9071020, 29030
304602, 9046020, 9071047, 25027
304603, 9046030, 9071060, 25030
304604, 9046040, 9071074, 25034
304605, 9046050, 9071087, 25037
304606, 9046060, 9071101, 25041
304607, 9046070, 9071114, 25044
304608, 9046080, 9071128, 25048
304609, 9046090, 9071141, 25051
304610, 9046100, 9071154, 25054
304612, 9046120, 9071168, 25048
304613, 9046130, 9071181, 25051
304614, 9046140, 9071195, 25055
304615, 9046150, 9071208, 25058
304616, 9046160, 9071222, 25062
304617, 9046170, 9071235, 25065
304618, 9046180, 9071249, 25069
304619, 9046190, 9071262, 25072
304620, 9046200, 9071275, 25075
304621, 9046210, 9071289, 25079
304623, 9046230, 9071302, 25072
304624, 9046240, 9071316, 25076
304625, 9046250, 9071329, 25079
304626, 9046260, 9071343, 25083
304627, 9046270, 9071356, 25086
304628, 9046280, 9071370, 25090
304629, 9046290, 9071383, 25093
304630, 9046300, 9071396, 25096
304631, 9046310, 9071410, 25100
304633, 9046330, 9071423, 25093
304634, 9046340, 9071437, 25097
304635, 9046350, 9071450, 25100
304636, 9046360, 9071464, 25104
304637, 9046370, 9071477, 25107
304638, 9046380, 9071490, 25110
304639, 9046390, 9071504, 25114
304640, 9046400, 9071517, 25117
304641, 9046410, 9071531, 25121
304642, 9046420, 9071544, 25124
304644, 9046440, 9071558, 25118
304645, 9046450, 9071571, 25121
304646, 9046460, 9071585, 25125
304647, 9046470, 9071598, 25128
304648, 9046480, 9071611, 25131
304649, 9046490, 9071625, 25135
304651, 9046510, 9071652, 25142
304652, 9046520, 9071665, 25145
304653, 9046530, 9071679, 25149
304655, 9046550, 9071692, 25142
304656, 9046560, 9071706, 25146
304657, 9046570, 9071719, 25149
304658, 9046580, 9071732, 25152
304659, 9046590, 9071746, 25156
304660, 9046600, 9071759, 25159
304661, 9046610, 9071773, 25163
304662, 9046620, 9071786, 25166
304663, 9046630, 9071800, 25170
304665, 9046650, 9071813, 25163
304666, 9046660, 9071826, 25166
304667, 9046670, 9071840, 25170
304668, 9046680, 9071853, 25173
304669, 9046690, 9071867, 25177
304670, 9046700, 9071880, 25180
304671, 9046710, 9071894, 25184
304672, 9046720, 9071907, 25187
304673, 9046730, 9071921, 25191
304674, 9046740, 9071934, 25194
304676, 9046760, 9071947, 25187
304677, 9046770, 9071961, 25191
304678, 9046780, 9071974, 25194
304679, 9046790, 9071988, 25198
304680, 9046800, 9072001, 25201
304681, 9046810, 9072015, 25205
304682, 9046820, 9072028, 25208
304683, 9046830, 9072042, 25212
304684, 9046840, 9072055, 25215
304685, 9046850, 9072068, 25218
304687, 9046870, 9072082, 25212
304688, 9046880, 9072095, 25215
304689, 9046890, 9072109, 25219
304690, 9046900, 9072122, 25222
304691, 9046910, 9072136, 25226
304692, 9046920, 9072149, 25229
304693, 9046930, 9072162, 25232
304694, 9046940, 9072176, 25236
304695, 9046950, 9072189, 25239
304697, 9046970, 9072203, 25233
304698, 9046980, 9072216, 25236
304699, 9046990, 9072230, 25240
304701, 9047010, 9072257, 25247
304702, 9047020, 9072270, 25250
304703, 9047030, 9072283, 25253
304704, 9047040, 9072297, 25257
304705, 9047050, 9072310, 25260
304706, 9047060, 9072324, 25264
304708, 9047080, 9072337, 25257
304709, 9047090, 9072351, 25261
304710, 9047100, 9072364, 25264
304711, 9047110, 9072378, 25268
304712, 9047120, 9072391, 25271
304713, 9047130, 9072404, 25274
304714, 9047140, 9072418, 25278
304715, 9047150, 9072431, 25281
304716, 9047160, 9076012, 28852
304718, 9047180, 9076026, 28846
304719, 9047190, 9076039, 28849
304720, 9047200, 9076052, 28852
304721, 9047210, 9076066, 28856
304722, 9047220, 9076079, 28859
304723, 9047230, 9076093, 28863
304724, 9047240, 9076106, 28866
304725, 9047250, 9076120, 28870
304726, 9047260, 9076133, 28873
304727, 9047270, 9076146, 28876
304729, 9047290, 9076160, 28870
304730, 9047300, 9076173, 28873
304731, 9047310, 9076187, 28877
304732, 9047320, 9076200, 28880
304733, 9047330, 9076214, 28884
304734, 9047340, 9076227, 28887
304735, 9047350, 9076241, 28891
304736, 9047360, 9076254, 28894
304737, 9047370, 9076267, 28897
304738, 9047380, 9076281, 28901
304740, 9047400, 9076294, 28894
304741, 9047410, 9076308, 28898
304742, 9047420, 9076321, 28901
304743, 9047430, 9076335, 28905
304744, 9047440, 9076348, 28908
304745, 9047450, 9076362, 28912
304746, 9047460, 9076375, 28915
304747, 9047470, 9076388, 28918
304748, 9047480, 9076402, 28922
304751, 9047510, 9076429, 28919
304752, 9047520, 9076442, 28922
304753, 9047530, 9076456, 28926
304754, 9047540, 9076469, 28929
304755, 9047550, 9076482, 28932
304756, 9047560, 9076496, 28936
304757, 9047570, 9076509, 28939
304758, 9047580, 9076523, 28943
304759, 9047590, 9076536, 28946
304761, 9047610, 9076550, 28940
304762, 9047620, 9076563, 28943
304763, 9047630, 9076577, 28947
304764, 9047640, 9076590, 28950
304765, 9047650, 9076603, 28953
304766, 9047660, 9076617, 28957
304767, 9047670, 9076630, 28960
304768, 9047680, 9076644, 28964
304769, 9047690, 9076657, 28967
304771, 9047710, 9076671, 28961
304772, 9047720, 9076684, 28964
304773, 9047730, 9076698, 28968
304774, 9047740, 9076711, 28971
304775, 9047750, 9076724, 28974
304776, 9047760, 9076738, 28978
304777, 9047770, 9076751, 28981
304778, 9047780, 9076765, 28985
304779, 9047790, 9076778, 28988
304780, 9047800, 9076792, 28992
304782, 9047820, 9076805, 28985
304783, 9047830, 9076818, 28988
304784, 9047840, 9076832, 28992
304785, 9047850, 9076845, 28995
304786, 9047860, 9076859, 28999
304787, 9047870, 9076872, 29002
304788, 9047880, 9076886, 29006
304789, 9047890, 9076899, 29009
304790, 9047900, 9076913, 29013
304791, 9047910, 9076926, 29016
304793, 9047930, 9076939, 29009
304794, 9047940, 9076953, 29013
304795, 9047950, 9076966, 29016
304796, 9047960, 9076980, 29020
304797, 9047970, 9076993, 29023
304798, 9047980, 9077007, 29027
304799, 9047990, 9077020, 29030
305202, 9052020, 9077047, 25027
305203, 9052030, 9077060, 25030
305204, 9052040, 9077074, 25034
305205, 9052050, 9077087, 25037
305206, 9052060, 9077101, 25041
305207, 9052070, 9077114, 25044
305208, 9052080, 9077128, 25048
305209, 9052090, 9077141, 25051
305210, 9052100, 9077154, 25054
305212, 9052120, 9077168, 25048
305213, 9052130, 9077181, 25051
305214, 9052140, 9077195, 25055
305215, 9052150, 9077208, 25058
305216, 9052160, 9077222, 25062
305217, 9052170, 9077235, 25065
305218, 9052180, 9077249, 25069
305219, 9052190, 9077262, 25072
305220, 9052200, 9077275, 25075
305221, 9052210, 9077289, 25079
305223, 9052230, 9077302, 25072
305224, 9052240, 9077316, 25076
305225, 9052250, 9077329, 25079
305226, 9052260, 9077343, 25083
305227, 9052270, 9077356, 25086
305228, 9052280, 9077370, 25090
305229, 9052290, 9077383, 25093
305230, 9052300, 9077396, 25096
305231, 9052310, 9077410, 25100
305233, 9052330, 9077423, 25093
305234, 9052340, 9077437, 25097
305235, 9052350, 9077450, 25100
305236, 9052360, 9077464, 25104
305237, 9052370, 9077477, 25107
305238, 9052380, 9077490, 25110
305239, 9052390, 9077504, 25114
305240, 9052400, 9077517, 25117
305241, 9052410, 9077531, 25121
305242, 9052420, 9077544, 25124
305244, 9052440, 9077558, 25118
305245, 9052450, 9077571, 25121
305246, 9052460, 9077585, 25125
305247, 9052470, 9077598, 25128
305248, 9052480, 9077611, 25131
305249, 9052490, 9077625, 25135
305251, 9052510, 9077652, 25142
305252, 9052520, 9077665, 25145
305253, 9052530, 9077679, 25149
305255, 9052550, 9077692, 25142
305256, 9052560, 9077706, 25146
305257, 9052570, 9077719, 25149
305258, 9052580, 9077732, 25152
305259, 9052590, 9077746, 25156
305260, 9052600, 9077759, 25159
305261, 9052610, 9077773, 25163
305262, 9052620, 9077786, 25166
305263, 9052630, 9077800, 25170
305265, 9052650, 9077813, 25163
305266, 9052660, 9077826, 25166
305267, 9052670, 9077840, 25170
305268, 9052680, 9077853, 25173
305269, 9052690, 9077867, 25177
305270, 9052700, 9077880, 25180
305271, 9052710, 9077894, 25184
305272, 9052720, 9077907, 25187
305273, 9052730, 9077921, 25191
305274, 9052740, 9077934, 25194
305276, 9052760, 9077947, 25187
305277, 9052770, 9077961, 25191
305278, 9052780, 9077974, 25194
305279, 9052790, 9077988, 25198
305280, 9052800, 9078001, 25201
305281, 9052810, 9078015, 25205
305282, 9052820, 9078028, 25208
305283, 9052830, 9078042, 25212
305284, 9052840, 9078055, 25215
305285, 9052850, 9078068, 25218
305287, 9052870, 9078082, 25212
305288, 9052880, 9078095, 25215
305289, 9052890, 9078109, 25219
305290, 9052900, 9078122, 25222
305291, 9052910, 9078136, 25226
305292, 9052920, 9078149, 25229
305293, 9052930, 9078162, 25232
305294, 9052940, 9078176, 25236
305295, 9052950, 9078189, 25239
305297, 9052970, 9078203, 25233
305298, 9052980, 9078216, 25236
305299, 9052990, 9078230, 25240
305301, 9053010, 9078257, 25247
305302, 9053020, 9078270, 25250
305303, 9053030, 9078283, 25253
305304, 9053040, 9078297, 25257
305305, 9053050, 9078310, 25260
305306, 9053060, 9078324, 25264
305308, 9053080, 9078337, 25257
305309, 9053090, 9078351, 25261
305310, 9053100, 9078364, 25264
305311, 9053110, 9078378, 25268
305312, 9053120, 9078391, 25271
305313, 9053130, 9078404, 25274
305314, 9053140, 9078418, 25278
305315, 9053150, 9078431, 25281
305316, 9053160, 9082012, 28852
305318, 9053180, 9082026, 28846
305319, 9053190, 9082039, 28849
305320, 9053200, 9082052, 28852
305321, 9053210, 9082066, 28856
305322, 9053220, 9082079, 28859
305323, 9053230, 9082093, 28863
305324, 9053240, 9082106, 28866
305325, 9053250, 9082120, 28870
305326, 9053260, 9082133, 28873
305327, 9053270, 9082146, 28876
305329, 9053290, 9082160, 28870
305330, 9053300, 9082173, 28873
305331, 9053310, 9082187, 28877
305332, 9053320, 9082200, 28880
305333, 9053330, 9082214, 28884
305334, 9053340, 9082227, 28887
305335, 9053350, 9082241, 28891
305336, 9053360, 9082254, 28894
305337, 9053370, 9082267, 28897
305338, 9053380, 9082281, 28901
305340, 9053400, 9082294, 28894
305341, 9053410, 9082308, 28898
305342, 9053420, 9082321, 28901
305343, 9053430, 9082335, 28905
305344, 9053440, 9082348, 28908
305345, 9053450, 9082362, 28912
305346, 9053460, 9082375, 28915
305347, 9053470, 9082388, 28918
305348, 9053480, 9082402, 28922
305351, 9053510, 9082429, 28919
305352, 9053520, 9082442, 28922
305353, 9053530, 9082456, 28926
305354, 9053540, 9082469, 28929
305355, 9053550, 9082482, 28932
305356, 9053560, 9082496, 28936
305357, 9053570, 9082509, 28939
305358, 9053580, 9082523, 28943
305359, 9053590, 9082536, 28946
305361, 9053610, 9082550, 28940
305362, 9053620, 9082563, 28943
305363, 9053630, 9082577, 28947
305364, 9053640, 9082590, 28950
305365, 9053650, 9082603, 28953
305366, 9053660, 9082617, 28957
305367, 9053670, 9082630, 28960
305368, 9053680, 9082644, 28964
305369, 9053690, 9082657, 28967
305371, 9053710, 9082671, 28961
305372, 9053720, 9082684, 28964
305373, 9053730, 9082698, 28968
305374, 9053740, 9082711, 28971
305375, 9053750, 9082724, 28974
305376, 9053760, 9082738, 28978
305377, 9053770, 9082751, 28981
305378, 9053780, 9082765, 28985
305379, 9053790, 9082778, 28988
305380, 9053800, 9082792, 28992
305382, 9053820, 9082805, 28985
305383, 9053830, 9082818, 28988
305384, 9053840, 9082832, 28992
305385, 9053850, 9082845, 28995
305386, 9053860, 9082859, 28999
305387, 9053870, 9082872, 29002
305388, 9053880, 9082886, 29006
305389, 9053890, 9082899, 29009
305390, 9053900, 9082913, 29013
305391, 9053910, 9082926, 29016
305393, 9053930, 9082939, 29009
305394, 9053940, 9082953, 29013
305395, 9053950, 9082966, 29016
305396, 9053960, 9082980, 29020
305397, 9053970, 9082993, 29023
305398, 9053980, 9083007, 29027
305399, 9053990, 9083020, 29030
305802, 9058020, 9083047, 25027
305803, 9058030, 9083060, 25030
305804, 9058040, 9083074, 25034
305805, 9058050, 9083087, 25037
305806, 9058060, 9083101, 25041
305807, 9058070, 9083114, 25044
305808, 9058080, 9083128, 25048
305809, 9058090, 9083141, 25051
305810, 9058100, 9083154, 25054
305812, 9058120, 9083168, 25048
305813, 9058130, 9083181, 25051
305814, 9058140, 9083195, 25055
305815, 9058150, 9083208, 25058
305816, 9058160, 9083222, 25062
305817, 9058170, 9083235, 25065
305818, 9058180, 9083249, 25069
305819, 9058190, 9083262, 25072
305820, 9058200, 9083275, 25075
305821, 9058210, 9083289, 25079
305823, 9058230, 9083302, 25072
305824, 9058240, 9083316, 25076
305825, 9058250, 9083329, 25079
305826, 9058260, 9083343, 25083
305827, 9058270, 9083356, 25086
305828, 9058280, 9083370, 25090
305829, 9058290, 9083383, 25093
305830, 9058300, 9083396, 25096
305831, 9058310, 9083410, 25100
305833, 9058330, 9083423, 25093
305834, 9058340, 9083437, 25097
305835, 9058350, 9083450, 25100
305836, 9058360, 9083464, 25104
305837, 9058370, 9083477, 25107
305838, 9058380, 9083490, 25110
305839, 9058390, 9083504, 25114
305840, 9058400, 9083517, 25117
305841, 9058410, 9083531, 25121
305842, 9058420, 9083544, 25124
305844, 9058440, 9083558, 25118
305845, 9058450, 9083571, 25121
305846, 9058460, 9083585, 25125
305847, 9058470, 9083598, 25128
305848, 9058480, 9083611, 25131
305849, 9058490, 9083625, 25135
305851, 9058510, 9083652, 25142
305852, 9058520, 9083665, 25145
305853, 9058530, 9083679, 25149
305855, 9058550, 9083692, 25142
305856, 9058560, 9083706, 25146
305857, 9058570, 9083719, 25149
305858, 9058580, 9083732, 25152
305859, 9058590, 9083746, 25156
305860, 9058600, 9083759, 25159
305861, 9058610, 9083773, 25163
305862, 9058620, 9083786, 25166
305863, 9058630, 9083800, 25170
305865, 9058650, 9083813, 25163
305866, 9058660, 9083826, 25166
305867, 9058670, 9083840, 25170
305868, 9058680, 9083853, 25173
305869, 9058690, 9083867, 25177
305870, 9058700, 9083880, 25180
305871, 9058710, 9083894, 25184
305872, 9058720, 9083907, 25187
305873, 9058730, 9083921, 25191
305874, 9058740, 9083934, 25194
305876, 9058760, 9083947, 25187
305877, 9058770, 9083961, 25191
305878, 9058780, 9083974, 25194
305879, 9058790, 9083988, 25198
305880, 9058800, 9084001, 25201
305881, 9058810, 9084015, 25205
305882, 9058820, 9084028, 25208
305883, 9058830, 9084042, 25212
305884, 9058840, 9084055, 25215
305885, 9058850, 9084068, 25218
305887, 9058870, 9084082, 25212
305888, 9058880, 9084095, 25215
305889, 9058890, 9084109, 25219
305890, 9058900, 9084122, 25222
305891, 9058910, 9084136, 25226
305892, 9058920, 9084149, 25229
305893, 9058930, 9084162, 25232
305894, 9058940, 9084176, 25236
305895, 9058950, 9084189, 25239
305897, 9058970, 9084203, 25233
305898, 9058980, 9084216, 25236
305899, 9058990, 9084230, 25240
305901, 9059010, 9084257, 25247
305902, 9059020, 9084270, 25250
305903, 9059030, 9084283, 25253
305904, 9059040, 9084297, 25257
305905, 9059050, 9084310, 25260
305906, 9059060, 9084324, 25264
305908, 9059080, 9084337, 25257
305909, 9059090, 9084351, 25261
305910, 9059100, 9084364, 25264
305911, 9059110, 9084378, 25268
305912, 9059120, 9084391, 25271
305913, 9059130, 9084404, 25274
305914, 9059140, 9084418, 25278
305915, 9059150, 9084431, 25281
305916, 9059160, 9088012, 28852
305918, 9059180, 9088026, 28846
305919, 9059190, 9088039, 28849
305920, 9059200, 9088052, 28852
305921, 9059210, 9088066, 28856
305922, 9059220, 9088079, 28859
305923, 9059230, 9088093, 28863
305924, 9059240, 9088106, 28866
305925, 9059250, 9088120, 28870
305926, 9059260, 9088133, 28873
305927, 9059270, 9088146, 28876
305929, 9059290, 9088160, 28870
305930, 9059300, 9088173, 28873
305931, 9059310, 9088187, 28877
305932, 9059320, 9088200, 28880
305933, 9059330, 9088214, 28884
305934, 9059340, 9088227, 28887
305935, 9059350, 9088241, 28891
305936, 9059360, 9088254, 28894
305937, 9059370, 9088267, 28897
305938, 9059380, 9088281, 28901
305940, 9059400, 9088294, 28894
305941, 9059410, 9088308, 28898
305942, 9059420, 9088321, 28901
305943, 9059430, 9088335, 28905
305944, 9059440, 9088348, 28908
305945, 9059450, 9088362, 28912
305946, 9059460, 9088375, 28915
305947, 9059470, 9088388, 28918
305948, 9059480, 9088402, 28922
305951, 9059510, 9088429, 28919
305952, 9059520, 9088442, 28922
305953, 9059530, 9088456, 28926
305954, 9059540, 9088469, 28929
305955, 9059550, 9088482, 28932
305956, 9059560, 9088496, 28936
305957, 9059570, 9088509, 28939
305958, 9059580, 9088523, 28943
305959, 9059590, 9088536, 28946
305961, 9059610, 9088550, 28940
305962, 9059620, 9088563, 28943
305963, 9059630, 9088577, 28947
305964, 9059640, 9088590, 28950
305965, 9059650, 9088603, 28953
305966, 9059660, 9088617, 28957
305967, 9059670, 9088630, 28960
305968, 9059680, 9088644, 28964
305969, 9059690, 9088657, 28967
305971, 9059710, 9088671, 28961
305972, 9059720, 9088684, 28964
305973, 9059730, 9088698, 28968
305974, 9059740, 9088711, 28971
305975, 9059750, 9088724, 28974
305976, 9059760, 9088738, 28978
305977, 9059770, 9088751, 28981
305978, 9059780, 9088765, 28985
305979, 9059790, 9088778, 28988
305980, 9059800, 9088792, 28992
305982, 9059820, 9088805, 28985
305983, 9059830, 9088818, 28988
305984, 9059840, 9088832, 28992
305985, 9059850, 9088845, 28995
305986, 9059860, 9088859, 28999
305987, 9059870, 9088872, 29002
305988, 9059880, 9088886, 29006
305989, 9059890, 9088899, 29009
305990, 9059900, 9088913, 29013
305991, 9059910, 9088926, 29016
305993, 9059930, 9088939, 29009
305994, 9059940, 9088953, 29013
305995, 9059950, 9088966, 29016
305996, 9059960, 9088980, 29020
305997, 9059970, 9088993, 29023
305998, 9059980, 9089007, 29027
305999, 9059990, 9089020, 29030
306402, 9064020, 9089047, 25027
306403, 9064030, 9089060, 25030
306404, 9064040, 9089074, 25034
306405, 9064050, 9089087, 25037
306406, 9064060, 9089101, 25041
306407, 9064070, 9089114, 25044
306408, 9064080, 9089128, 25048
306409, 9064090, 9089141, 25051
306410, 9064100, 9089154, 25054
306412, 9064120, 9089168, 25048
306413, 9064130, 9089181, 25051
306414, 9064140, 9089195, 25055
306415, 9064150, 9089208, 25058
306416, 9064160, 9089222, 25062
306417, 9064170, 9089235, 25065
306418, 9064180, 9089249, 25069
306419, 9064190, 9089262, 25072
306420, 9064200, 9089275, 25075
306421, 9064210, 9089289, 25079
306423, 9064230, 9089302, 25072
306424, 9064240, 9089316, 25076
306425, 9064250, 9089329, 25079
306426, 9064260, 9089343, 25083
306427, 9064270, 9089356, 25086
306428, 9064280, 9089370, 25090
306429, 9064290, 9089383, 25093
306430, 9064300, 9089396, 25096
306431, 9064310, 9089410, 25100
306433, 9064330, 9089423, 25093
306434, 9064340, 9089437, 25097
306435, 9064350, 9089450, 25100
306436, 9064360, 9089464, 25104
306437, 9064370, 9089477, 25107
306438, 9064380, 9089490, 25110
306439, 9064390, 9089504, 25114
306440, 9064400, 9089517, 25117
306441, 9064410, 9089531, 25121
306442, 9064420, 9089544, 25124
306444, 9064440, 9089558, 25118
306445, 9064450, 9089571, 25121
306446, 9064460, 9089585, 25125
306447, 9064470, 9089598, 25128
306448, 9064480, 9089611, 25131
306449, 9064490, 9089625, 25135
306451, 9064510, 9089652, 25142
306452, 9064520, 9089665, 25145
306453, 9064530, 9089679, 25149
306455, 9064550, 9089692, 25142
306456, 9064560, 9089706, 25146
306457, 9064570, 9089719, 25149
306458, 9064580, 9089732, 25152
306459, 9064590, 9089746, 25156
306460, 9064600, 9089759, 25159
306461, 9064610, 9089773, 25163
306462, 9064620, 9089786, 25166
306463, 9064630, 9089800, 25170
306465, 9064650, 9089813, 25163
306466, 9064660, 9089826, 25166
306467, 9064670, 9089840, 25170
306468, 9064680, 9089853, 25173
306469, 9064690, 9089867, 25177
306470, 9064700, 9089880, 25180
306471, 9064710, 9089894, 25184
306472, 9064720, 9089907, 25187
306473, 9064730, 9089921, 25191
306474, 9064740, 9089934, 25194
306476, 9064760, 9089947, 25187
306477, 9064770, 9089961, 25191
306478, 9064780, 9089974, 25194
306479, 9064790, 9089988, 25198
306480, 9064800, 9090001, 25201
306481, 9064810, 9090015, 25205
306482, 9064820, 9090028, 25208
306483, 9064830, 9090042, 25212
306484, 9064840, 9090055, 25215
306485, 9064850, 9090068, 25218
306487, 9064870, 9090082, 25212
306488, 9064880, 9090095, 25215
306489, 9064890, 9090109, 25219
306490, 9064900, 9090122, 25222
306491, 9064910, 9090136, 25226
306492, 9064920, 9090149, 25229
306493, 9064930, 9090162, 25232
306494, 9064940, 9090176, 25236
306495, 9064950, 9090189, 25239
306497, 9064970, 9090203, 25233
306498, 9064980, 9090216, 25236
306499, 9064990, 9090230, 25240
306501, 9065010, 9090257, 25247
306502, 9065020, 9090270, 25250
306503, 9065030, 9090283, 25253
306504, 9065040, 9090297, 25257
306505, 9065050, 9090310, 25260
306506, 9065060, 9090324, 25264
306508, 9065080, 9090337, 25257
306509, 9065090, 9090351, 25261
306510, 9065100, 9090364, 25264
306511, 9065110, 9090378, 25268
306512, 9065120, 9090391, 25271
306513, 9065130, 9090404, 25274
306514, 9065140, 9090418, 25278
306515, 9065150, 9090431, 25281
306516, 9065160, 9094012, 28852
306517, 9065170, 9094026, 28856
306519, 9065190, 9094039, 28849
306520, 9065200, 9094052, 28852
306521, 9065210, 9094066, 28856
306522, 9065220, 9094079, 28859
306523, 9065230, 9094093, 28863
306524, 9065240, 9094106, 28866
306525, 9065250, 9094120, 28870
306526, 9065260, 9094133, 28873
306527, 9065270, 9094146, 28876
306529, 9065290, 9094160, 28870
306530, 9065300, 9094173, 28873
306531, 9065310, 9094187, 28877
306532, 9065320, 9094200, 28880
306533, 9065330, 9094214, 28884
306534, 9065340, 9094227, 28887
306535, 9065350, 9094241, 28891
306536, 9065360, 9094254, 28894
306537, 9065370, 9094267, 28897
306538, 9065380, 9094281, 28901
306540, 9065400, 9094294, 28894
306541, 9065410, 9094308, 28898
306542, 9065420, 9094321, 28901
306543, 9065430, 9094335, 28905
306544, 9065440, 9094348, 28908
306545, 9065450, 9094362, 28912
306546, 9065460, 9094375, 28915
306547, 9065470, 9094388, 28918
306548, 9065480, 9094402, 28922
306551, 9065510, 9094429, 28919
306552, 9065520, 9094442, 28922
306553, 9065530, 9094456, 28926
306554, 9065540, 9094469, 28929
306555, 9065550, 9094482, 28932
306556, 9065560, 9094496, 28936
306557, 9065570, 9094509, 28939
306558, 9065580, 9094523, 28943
306559, 9065590, 9094536, 28946
306561, 9065610, 9094550, 28940
306562, 9065620, 9094563, 28943
306563, 9065630, 9094577, 28947
306564, 9065640, 9094590, 28950
306565, 9065650, 9094603, 28953
306566, 9065660, 9094617, 28957
306567, 9065670, 9094630, 28960
306568, 9065680, 9094644, 28964
306569, 9065690, 9094657, 28967
306570, 9065700, 9094671, 28971
306572, 9065720, 9094684, 28964
306573, 9065730, 9094698, 28968
306574, 9065740, 9094711, 28971
306575, 9065750, 9094724, 28974
306576, 9065760, 9094738, 28978
306577, 9065770, 9094751, 28981
306578, 9065780, 9094765, 28985
306579, 9065790, 9094778, 28988
306580, 9065800, 9094792, 28992
306582, 9065820, 9094805, 28985
306583, 9065830, 9094818, 28988
306584, 9065840, 9094832, 28992
306585, 9065850, 9094845, 28995
306586, 9065860, 9094859, 28999
306587, 9065870, 9094872, 29002
306588, 9065880, 9094886, 29006
306589, 9065890, 9094899, 29009
306590, 9065900, 9094913, 29013
306591, 9065910, 9094926, 29016
306593, 9065930, 9094939, 29009
306594, 9065940, 9094953, 29013
306595, 9065950, 9094966, 29016
306596, 9065960, 9094980, 29020
306597, 9065970, 9094993, 29023
306598, 9065980, 9095007, 29027
306599, 9065990, 9095020, 29030
307002, 9070020, 9095047, 25027
307003, 9070030, 9095060, 25030
307004, 9070040, 9095074, 25034
307005, 9070050, 9095087, 25037
307006, 9070060, 9095101, 25041
307007, 9070070, 9095114, 25044
307008, 9070080, 9095127, 25047
307009, 9070090, 9095141, 25051
307010, 9070100, 9095154, 25054
307012, 9070120, 9095168, 25048
307013, 9070130, 9095181, 25051
307014, 9070140, 9095195, 25055
307015, 9070150, 9095208, 25058
307016, 9070160, 9095222, 25062
307017, 9070170, 9095235, 25065
307018, 9070180, 9095248, 25068
307019, 9070190, 9095262, 25072
307020, 9070200, 9095275, 25075
307021, 9070210, 9095289, 25079
307023, 9070230, 9095302, 25072
307024, 9070240, 9095316, 25076
307025, 9070250, 9095329, 25079
307026, 9070260, 9095342, 25082
307027, 9070270, 9095356, 25086
307028, 9070280, 9095369, 25089
307029, 9070290, 9095383, 25093
307030, 9070300, 9095396, 25096
307031, 9070310, 9095410, 25100
307033, 9070330, 9095423, 25093
307034, 9070340, 9095437, 25097
307035, 9070350, 9095450, 25100
307036, 9070360, 9095463, 25103
307037, 9070370, 9095477, 25107
307038, 9070380, 9095490, 25110
307039, 9070390, 9095504, 25114
307040, 9070400, 9095517, 25117
307041, 9070410, 9095531, 25121
307042, 9070420, 9095544, 25124
307044, 9070440, 9095558, 25118
307045, 9070450, 9095571, 25121
307046, 9070460, 9095584, 25124
307047, 9070470, 9095598, 25128
307048, 9070480, 9095611, 25131
307049, 9070490, 9095625, 25135
307051, 9070510, 9095652, 25142
307052, 9070520, 9095665, 25145
307053, 9070530, 9095678, 25148
307055, 9070550, 9095692, 25142
307056, 9070560, 9095705, 25145
307057, 9070570, 9095719, 25149
307058, 9070580, 9095732, 25152
307059, 9070590, 9095746, 25156
307060, 9070600, 9095759, 25159
307061, 9070610, 9095773, 25163
307062, 9070620, 9095786, 25166
307063, 9070630, 9095799, 25169
307065, 9070650, 9095813, 25163
307066, 9070660, 9095826, 25166
307067, 9070670, 9095840, 25170
307068, 9070680, 9095853, 25173
307069, 9070690, 9095867, 25177
307070, 9070700, 9095880, 25180
307071, 9070710, 9095894, 25184
307072, 9070720, 9095907, 25187
307073, 9070730, 9095920, 25190
307074, 9070740, 9095934, 25194
307076, 9070760, 9095947, 25187
307077, 9070770, 9095961, 25191
307078, 9070780, 9095974, 25194
307079, 9070790, 9095988, 25198
307080, 9070800, 9096001, 25201
307081, 9070810, 9096014, 25204
307082, 9070820, 9096028, 25208
307083, 9070830, 9096041, 25211
307084, 9070840, 9096055, 25215
307085, 9070850, 9096068, 25218
307087, 9070870, 9096082, 25212
307088, 9070880, 9096095, 25215
307089, 9070890, 9096109, 25219
307090, 9070900, 9096122, 25222
307091, 9070910, 9096135, 25225
307092, 9070920, 9096149, 25229
307093, 9070930, 9096162, 25232
307094, 9070940, 9096176, 25236
307095, 9070950, 9096189, 25239
307097, 9070970, 9096203, 25233
307098, 9070980, 9096216, 25236
307099, 9070990, 9096230, 25240
307101, 9071010, 9096256, 25246
307102, 9071020, 9096270, 25250
307103, 9071030, 9096283, 25253
307104, 9071040, 9096297, 25257
307105, 9071050, 9096310, 25260
307106, 9071060, 9096324, 25264
307108, 9071080, 9096337, 25257
307109, 9071090, 9096350, 25260
307110, 9071100, 9096364, 25264
307111, 9071110, 9096377, 25267
307112, 9071120, 9096391, 25271
307113, 9071130, 9096404, 25274
307114, 9071140, 9096418, 25278
307115, 9071150, 9096431, 25281
307116, 9071160, 9100012, 28852
307118, 9071180, 9100026, 28846
307119, 9071190, 9100039, 28849
307120, 9071200, 9100052, 28852
307121, 9071210, 9100066, 28856
307122, 9071220, 9100079, 28859
307123, 9071230, 9100093, 28863
307124, 9071240, 9100106, 28866
307125, 9071250, 9100120, 28870
307126, 9071260, 9100133, 28873
307127, 9071270, 9100146, 28876
307129, 9071290, 9100160, 28870
307130, 9071300, 9100173, 28873
307131, 9071310, 9100187, 28877
307132, 9071320, 9100200, 28880
307133, 9071330, 9100214, 28884
307134, 9071340, 9100227, 28887
307135, 9071350, 9100241, 28891
307136, 9071360, 9100254, 28894
307137, 9071370, 9100267, 28897
307138, 9071380, 9100281, 28901
307140, 9071400, 9100294, 28894
307141, 9071410, 9100308, 28898
307142, 9071420, 9100321, 28901
307143, 9071430, 9100335, 28905
307144, 9071440, 9100348, 28908
307145, 9071450, 9100362, 28912
307146, 9071460, 9100375, 28915
307147, 9071470, 9100388, 28918
307148, 9071480, 9100402, 28922
307151, 9071510, 9100429, 28919
307152, 9071520, 9100442, 28922
307153, 9071530, 9100456, 28926
307154, 9071540, 9100469, 28929
307155, 9071550, 9100482, 28932
307156, 9071560, 9100496, 28936
307157, 9071570, 9100509, 28939
307158, 9071580, 9100523, 28943
307159, 9071590, 9100536, 28946
307161, 9071610, 9100550, 28940
307162, 9071620, 9100563, 28943
307163, 9071630, 9100577, 28947
307164, 9071640, 9100590, 28950
307165, 9071650, 9100603, 28953
307166, 9071660, 9100617, 28957
307167, 9071670, 9100630, 28960
307168, 9071680, 9100644, 28964
307169, 9071690, 9100657, 28967
307171, 9071710, 9100671, 28961
307172, 9071720, 9100684, 28964
307173, 9071730, 9100698, 28968
307174, 9071740, 9100711, 28971
307175, 9071750, 9100724, 28974
307176, 9071760, 9100738, 28978
307177, 9071770, 9100751, 28981
307178, 9071780, 9100765, 28985
307179, 9071790, 9100778, 28988
307180, 9071800, 9100792, 28992
307182, 9071820, 9100805, 28985
307183, 9071830, 9100818, 28988
307184, 9071840, 9100832, 28992
307185, 9071850, 9100845, 28995
307186, 9071860, 9100859, 28999
307187, 9071870, 9100872, 29002
307188, 9071880, 9100886, 29006
307189, 9071890, 9100899, 29009
307190, 9071900, 9100913, 29013
307191, 9071910, 9100926, 29016
307193, 9071930, 9100939, 29009
307194, 9071940, 9100953, 29013
307195, 9071950, 9100966, 29016
307196, 9071960, 9100980, 29020
307197, 9071970, 9100993, 29023
307198, 9071980, 9101007, 29027
307199, 9071990, 9101020, 29030
307602, 9076020, 9101047, 25027
307603, 9076030, 9101060, 25030
307604, 9076040, 9101074, 25034
307605, 9076050, 9101087, 25037
307606, 9076060, 9101101, 25041
307607, 9076070, 9101114, 25044
307608, 9076080, 9101128, 25048
307609, 9076090, 9101141, 25051
307610, 9076100, 9101154, 25054
307612, 9076120, 9101168, 25048
307613, 9076130, 9101181, 25051
307614, 9076140, 9101195, 25055
307615, 9076150, 9101208, 25058
307616, 9076160, 9101222, 25062
307617, 9076170, 9101235, 25065
307618, 9076180, 9101249, 25069
307619, 9076190, 9101262, 25072
307620, 9076200, 9101275, 25075
307621, 9076210, 9101289, 25079
307623, 9076230, 9101302, 25072
307624, 9076240, 9101316, 25076
307625, 9076250, 9101329, 25079
307626, 9076260, 9101343, 25083
307627, 9076270, 9101356, 25086
307628, 9076280, 9101370, 25090
307629, 9076290, 9101383, 25093
307630, 9076300, 9101396, 25096
307631, 9076310, 9101410, 25100
307633, 9076330, 9101423, 25093
307634, 9076340, 9101437, 25097
307635, 9076350, 9101450, 25100
307636, 9076360, 9101464, 25104
307637, 9076370, 9101477, 25107
307638, 9076380, 9101490, 25110
307639, 9076390, 9101504, 25114
307640, 9076400, 9101517, 25117
307641, 9076410, 9101531, 25121
307642, 9076420, 9101544, 25124
307644, 9076440, 9101558, 25118
307645, 9076450, 9101571, 25121
307646, 9076460, 9101585, 25125
307647, 9076470, 9101598, 25128
307648, 9076480, 9101611, 25131
307649, 9076490, 9101625, 25135
307651, 9076510, 9101652, 25142
307652, 9076520, 9101665, 25145
307653, 9076530, 9101679, 25149
307655, 9076550, 9101692, 25142
307656, 9076560, 9101706, 25146
307657, 9076570, 9101719, 25149
307658, 9076580, 9101732, 25152
307659, 9076590, 9101746, 25156
307660, 9076600, 9101759, 25159
307661, 9076610, 9101773, 25163
307662, 9076620, 9101786, 25166
307663, 9076630, 9101800, 25170
307665, 9076650, 9101813, 25163
307666, 9076660, 9101826, 25166
307667, 9076670, 9101840, 25170
307668, 9076680, 9101853, 25173
307669, 9076690, 9101867, 25177
307670, 9076700, 9101880, 25180
307671, 9076710, 9101894, 25184
307672, 9076720, 9101907, 25187
307673, 9076730, 9101921, 25191
307674, 9076740, 9101934, 25194
307676, 9076760, 9101947, 25187
307677, 9076770, 9101961, 25191
307678, 9076780, 9101974, 25194
307679, 9076790, 9101988, 25198
307680, 9076800, 9102001, 25201
307681, 9076810, 9102015, 25205
307682, 9076820, 9102028, 25208
307683, 9076830, 9102042, 25212
307684, 9076840, 9102055, 25215
307685, 9076850, 9102068, 25218
307687, 9076870, 9102082, 25212
307688, 9076880, 9102095, 25215
307689, 9076890, 9102109, 25219
307690, 9076900, 9102122, 25222
307691, 9076910, 9102136, 25226
307692, 9076920, 9102149, 25229
307693, 9076930, 9102162, 25232
307694, 9076940, 9102176, 25236
307695, 9076950, 9102189, 25239
307697, 9076970, 9102203, 25233
307698, 9076980, 9102216, 25236
307699, 9076990, 9102230, 25240
307701, 9077010, 9102257, 25247
307702, 9077020, 9102270, 25250
307703, 9077030, 9102283, 25253
307704, 9077040, 9102297, 25257
307705, 9077050, 9102310, 25260
307706, 9077060, 9102324, 25264
307708, 9077080, 9102337, 25257
307709, 9077090, 9102351, 25261
307710, 9077100, 9102364, 25264
307711, 9077110, 9102378, 25268
307712, 9077120, 9102391, 25271
307713, 9077130, 9102404, 25274
307714, 9077140, 9102418, 25278
307715, 9077150, 9102431, 25281
307716, 9077160, 9106012, 28852
307718, 9077180, 9106026, 28846
307719, 9077190, 9106039, 28849
307720, 9077200, 9106052, 28852
307721, 9077210, 9106066, 28856
307722, 9077220, 9106079, 28859
307723, 9077230, 9106093, 28863
307724, 9077240, 9106106, 28866
307725, 9077250, 9106120, 28870
307726, 9077260, 9106133, 28873
307727, 9077270, 9106146, 28876
307729, 9077290, 9106160, 28870
307730, 9077300, 9106173, 28873
307731, 9077310, 9106187, 28877
307732, 9077320, 9106200, 28880
307733, 9077330, 9106214, 28884
307734, 9077340, 9106227, 28887
307735, 9077350, 9106241, 28891
307736, 9077360, 9106254, 28894
307737, 9077370, 9106267, 28897
307738, 9077380, 9106281, 28901
307740, 9077400, 9106294, 28894
307741, 9077410, 9106308, 28898
307742, 9077420, 9106321, 28901
307743, 9077430, 9106335, 28905
307744, 9077440, 9106348, 28908
307745, 9077450, 9106362, 28912
307746, 9077460, 9106375, 28915
307747, 9077470, 9106388, 28918
307748, 9077480, 9106402, 28922
307751, 9077510, 9106429, 28919
307752, 9077520, 9106442, 28922
307753, 9077530, 9106456, 28926
307754, 9077540, 9106469, 28929
307755, 9077550, 9106482, 28932
307756, 9077560, 9106496, 28936
307757, 9077570, 9106509, 28939
307758, 9077580, 9106523, 28943
307759, 9077590, 9106536, 28946
307761, 9077610, 9106550, 28940
307762, 9077620, 9106563, 28943
307763, 9077630, 9106577, 28947
307764, 9077640, 9106590, 28950
307765, 9077650, 9106603, 28953
307766, 9077660, 9106617, 28957
307767, 9077670, 9106630, 28960
307768, 9077680, 9106644, 28964
307769, 9077690, 9106657, 28967
307771, 9077710, 9106671, 28961
307772, 9077720, 9106684, 28964
307773, 9077730, 9106698, 28968
307774, 9077740, 9106711, 28971
307775, 9077750, 9106724, 28974
307776, 9077760, 9106738, 28978
307777, 9077770, 9106751, 28981
307778, 9077780, 9106765, 28985
307779, 9077790, 9106778, 28988
307780, 9077800, 9106792, 28992
307782, 9077820, 9106805, 28985
307783, 9077830, 9106818, 28988
307784, 9077840, 9106832, 28992
307785, 9077850, 9106845, 28995
307786, 9077860, 9106859, 28999
307787, 9077870, 9106872, 29002
307788, 9077880, 9106886, 29006
307789, 9077890, 9106899, 29009
307790, 9077900, 9106913, 29013
307791, 9077910, 9106926, 29016
307793, 9077930, 9106939, 29009
307794, 9077940, 9106953, 29013
307795, 9077950, 9106966, 29016
307796, 9077960, 9106980, 29020
307797, 9077970, 9106993, 29023
307798, 9077980, 9107007, 29027
307799, 9077990, 9107020, 29030
308202, 9082020, 9107047, 25027
308203, 9082030, 9107060, 25030
308204, 9082040, 9107074, 25034
308205, 9082050, 9107087, 25037
308206, 9082060, 9107101, 25041
308207, 9082070, 9107114, 25044
308208, 9082080, 9107128, 25048
308209, 9082090, 9107141, 25051
308210, 9082100, 9107154, 25054
308212, 9082120, 9107168, 25048
308213, 9082130, 9107181, 25051
308214, 9082140, 9107195, 25055
308215, 9082150, 9107208, 25058
308216, 9082160, 9107222, 25062
308217, 9082170, 9107235, 25065
308218, 9082180, 9107249, 25069
308219, 9082190, 9107262, 25072
308220, 9082200, 9107275, 25075
308221, 9082210, 9107289, 25079
308223, 9082230, 9107302, 25072
308224, 9082240, 9107316, 25076
308225, 9082250, 9107329, 25079
308226, 9082260, 9107343, 25083
308227, 9082270, 9107356, 25086
308228, 9082280, 9107370, 25090
308229, 9082290, 9107383, 25093
308230, 9082300, 9107396, 25096
308231, 9082310, 9107410, 25100
308233, 9082330, 9107423, 25093
308234, 9082340, 9107437, 25097
308235, 9082350, 9107450, 25100
308236, 9082360, 9107464, 25104
308237, 9082370, 9107477, 25107
308238, 9082380, 9107490, 25110
308239, 9082390, 9107504, 25114
308240, 9082400, 9107517, 25117
308241, 9082410, 9107531, 25121
308242, 9082420, 9107544, 25124
308244, 9082440, 9107558, 25118
308245, 9082450, 9107571, 25121
308246, 9082460, 9107585, 25125
308247, 9082470, 9107598, 25128
308248, 9082480, 9107611, 25131
308249, 9082490, 9107625, 25135
308251, 9082510, 9107652, 25142
308252, 9082520, 9107665, 25145
308253, 9082530, 9107679, 25149
308255, 9082550, 9107692, 25142
308256, 9082560, 9107706, 25146
308257, 9082570, 9107719, 25149
308258, 9082580, 9107732, 25152
308259, 9082590, 9107746, 25156
308260, 9082600, 9107759, 25159
308261, 9082610, 9107773, 25163
308262, 9082620, 9107786, 25166
308263, 9082630, 9107800, 25170
308265, 9082650, 9107813, 25163
308266, 9082660, 9107826, 25166
308267, 9082670, 9107840, 25170
308268, 9082680, 9107853, 25173
308269, 9082690, 9107867, 25177
308270, 9082700, 9107880, 25180
308271, 9082710, 9107894, 25184
308272, 9082720, 9107907, 25187
308273, 9082730, 9107921, 25191
308274, 9082740, 9107934, 25194
308276, 9082760, 9107947, 25187
308277, 9082770, 9107961, 25191
308278, 9082780, 9107974, 25194
308279, 9082790, 9107988, 25198
308280, 9082800, 9108001, 25201
308281, 9082810, 9108015, 25205
308282, 9082820, 9108028, 25208
308283, 9082830, 9108042, 25212
308284, 9082840, 9108055, 25215
308285, 9082850, 9108068, 25218
308287, 9082870, 9108082, 25212
308288, 9082880, 9108095, 25215
308289, 9082890, 9108109, 25219
308290, 9082900, 9108122, 25222
308291, 9082910, 9108136, 25226
308292, 9082920, 9108149, 25229
308293, 9082930, 9108162, 25232
308294, 9082940, 9108176, 25236
308295, 9082950, 9108189, 25239
308297, 9082970, 9108203, 25233
308298, 9082980, 9108216, 25236
308299, 9082990, 9108230, 25240
308301, 9083010, 9108257, 25247
308302, 9083020, 9108270, 25250
308303, 9083030, 9108283, 25253
308304, 9083040, 9108297, 25257
308305, 9083050, 9108310, 25260
308306, 9083060, 9108324, 25264
308308, 9083080, 9108337, 25257
308309, 9083090, 9108351, 25261
308310, 9083100, 9108364, 25264
308311, 9083110, 9108378, 25268
308312, 9083120, 9108391, 25271
308313, 9083130, 9108404, 25274
308314, 9083140, 9108418, 25278
308315, 9083150, 9108431, 25281
308316, 9083160, 9112012, 28852
308318, 9083180, 9112026, 28846
308319, 9083190, 9112039, 28849
308320, 9083200, 9112052, 28852
308321, 9083210, 9112066, 28856
308322, 9083220, 9112079, 28859
308323, 9083230, 9112093, 28863
308324, 9083240, 9112106, 28866
308325, 9083250, 9112120, 28870
308326, 9083260, 9112133, 28873
308327, 9083270, 9112146, 28876
308329, 9083290, 9112160, 28870
308330, 9083300, 9112173, 28873
308331, 9083310, 9112187, 28877
308332, 9083320, 9112200, 28880
308333, 9083330, 9112214, 28884
308334, 9083340, 9112227, 28887
308335, 9083350, 9112241, 28891
308336, 9083360, 9112254, 28894
308337, 9083370, 9112267, 28897
308338, 9083380, 9112281, 28901
308340, 9083400, 9112294, 28894
308341, 9083410, 9112308, 28898
308342, 9083420, 9112321, 28901
308343, 9083430, 9112335, 28905
308344, 9083440, 9112348, 28908
308345, 9083450, 9112362, 28912
308346, 9083460, 9112375, 28915
308347, 9083470, 9112388, 28918
308348, 9083480, 9112402, 28922
308351, 9083510, 9112429, 28919
308352, 9083520, 9112442, 28922
308353, 9083530, 9112456, 28926
308354, 9083540, 9112469, 28929
308355, 9083550, 9112482, 28932
308356, 9083560, 9112496, 28936
308357, 9083570, 9112509, 28939
308358, 9083580, 9112523, 28943
308359, 9083590, 9112536, 28946
308361, 9083610, 9112550, 28940
308362, 9083620, 9112563, 28943
308363, 9083630, 9112577, 28947
308364, 9083640, 9112590, 28950
308365, 9083650, 9112603, 28953
308366, 9083660, 9112617, 28957
308367, 9083670, 9112630, 28960
308368, 9083680, 9112644, 28964
308369, 9083690, 9112657, 28967
308371, 9083710, 9112671, 28961
308372, 9083720, 9112684, 28964
308373, 9083730, 9112698, 28968
308374, 9083740, 9112711, 28971
308375, 9083750, 9112724, 28974
308376, 9083760, 9112738, 28978
308377, 9083770, 9112751, 28981
308378, 9083780, 9112765, 28985
308379, 9083790, 9112778, 28988
308380, 9083800, 9112792, 28992
308382, 9083820, 9112805, 28985
308383, 9083830, 9112818, 28988
308384, 9083840, 9112832, 28992
308385, 9083850, 9112845, 28995
308386, 9083860, 9112859, 28999
308387, 9083870, 9112872, 29002
308388, 9083880, 9112886, 29006
308389, 9083890, 9112899, 29009
308390, 9083900, 9112913, 29013
308391, 9083910, 9112926, 29016
308393, 9083930, 9112939, 29009
308394, 9083940, 9112953, 29013
308395, 9083950, 9112966, 29016
308396, 9083960, 9112980, 29020
308397, 9083970, 9112993, 29023
308398, 9083980, 9113007, 29027
308399, 9083990, 9113020, 29030
308802, 9088020, 9113047, 25027
308803, 9088030, 9113060, 25030
308804, 9088040, 9113074, 25034
308805, 9088050, 9113087, 25037
308806, 9088060, 9113101, 25041
308807, 9088070, 9113114, 25044
308808, 9088080, 9113128, 25048
308809, 9088090, 9113141, 25051
308810, 9088100, 9113154, 25054
308812, 9088120, 9113168, 25048
308813, 9088130, 9113181, 25051
308814, 9088140, 9113195, 25055
308815, 9088150, 9113208, 25058
308816, 9088160, 9113222, 25062
308817, 9088170, 9113235, 25065
308818, 9088180, 9113249, 25069
308819, 9088190, 9113262, 25072
308820, 9088200, 9113275, 25075
308821, 9088210, 9113289, 25079
308823, 9088230, 9113302, 25072
308824, 9088240, 9113316, 25076
308825, 9088250, 9113329, 25079
308826, 9088260, 9113343, 25083
308827, 9088270, 9113356, 25086
308828, 9088280, 9113370, 25090
308829, 9088290, 9113383, 25093
308830, 9088300, 9113396, 25096
308831, 9088310, 9113410, 25100
308833, 9088330, 9113423, 25093
308834, 9088340, 9113437, 25097
308835, 9088350, 9113450, 25100
308836, 9088360, 9113464, 25104
308837, 9088370, 9113477, 25107
308838, 9088380, 9113490, 25110
308839, 9088390, 9113504, 25114
308840, 9088400, 9113517, 25117
308841, 9088410, 9113531, 25121
308842, 9088420, 9113544, 25124
308844, 9088440, 9113558, 25118
308845, 9088450, 9113571, 25121
308846, 9088460, 9113585, 25125
308847, 9088470, 9113598, 25128
308848, 9088480, 9113611, 25131
308849, 9088490, 9113625, 25135
308851, 9088510, 9113652, 25142
308852, 9088520, 9113665, 25145
308853, 9088530, 9113679, 25149
308855, 9088550, 9113692, 25142
308856, 9088560, 9113706, 25146
308857, 9088570, 9113719, 25149
308858, 9088580, 9113732, 25152
308859, 9088590, 9113746, 25156
308860, 9088600, 9113759, 25159
308861, 9088610, 9113773, 25163
308862, 9088620, 9113786, 25166
308863, 9088630, 9113800, 25170
308865, 9088650, 9113813, 25163
308866, 9088660, 9113826, 25166
308867, 9088670, 9113840, 25170
308868, 9088680, 9113853, 25173
308869, 9088690, 9113867, 25177
308870, 9088700, 9113880, 25180
308871, 9088710, 9113894, 25184
308872, 9088720, 9113907, 25187
308873, 9088730, 9113921, 25191
308874, 9088740, 9113934, 25194
308876, 9088760, 9113947, 25187
308877, 9088770, 9113961, 25191
308878, 9088780, 9113974, 25194
308879, 9088790, 9113988, 25198
308880, 9088800, 9114001, 25201
308881, 9088810, 9114015, 25205
308882, 9088820, 9114028, 25208
308883, 9088830, 9114042, 25212
308884, 9088840, 9114055, 25215
308885, 9088850, 9114068, 25218
308887, 9088870, 9114082, 25212
308888, 9088880, 9114095, 25215
308889, 9088890, 9114109, 25219
308890, 9088900, 9114122, 25222
308891, 9088910, 9114136, 25226
308892, 9088920, 9114149, 25229
308893, 9088930, 9114162, 25232
308894, 9088940, 9114176, 25236
308895, 9088950, 9114189, 25239
308897, 9088970, 9114203, 25233
308898, 9088980, 9114216, 25236
308899, 9088990, 9114230, 25240
308901, 9089010, 9114257, 25247
308902, 9089020, 9114270, 25250
308903, 9089030, 9114283, 25253
308904, 9089040, 9114297, 25257
308905, 9089050, 9114310, 25260
308906, 9089060, 9114324, 25264
308908, 9089080, 9114337, 25257
308909, 9089090, 9114351, 25261
308910, 9089100, 9114364, 25264
308911, 9089110, 9114378, 25268
308912, 9089120, 9114391, 25271
308913, 9089130, 9114404, 25274
308914, 9089140, 9114418, 25278
308915, 9089150, 9114431, 25281
308916, 9089160, 9118012, 28852
308918, 9089180, 9118026, 28846
308919, 9089190, 9118039, 28849
308920, 9089200, 9118052, 28852
308921, 9089210, 9118066, 28856
308922, 9089220, 9118079, 28859
308923, 9089230, 9118093, 28863
308924, 9089240, 9118106, 28866
308925, 9089250, 9118120, 28870
308926, 9089260, 9118133, 28873
308927, 9089270, 9118146, 28876
308929, 9089290, 9118160, 28870
308930, 9089300, 9118173, 28873
308931, 9089310, 9118187, 28877
308932, 9089320, 9118200, 28880
308933, 9089330, 9118214, 28884
308934, 9089340, 9118227, 28887
308935, 9089350, 9118241, 28891
308936, 9089360, 9118254, 28894
308937, 9089370, 9118267, 28897
308938, 9089380, 9118281, 28901
308940, 9089400, 9118294, 28894
308941, 9089410, 9118308, 28898
308942, 9089420, 9118321, 28901
308943, 9089430, 9118335, 28905
308944, 9089440, 9118348, 28908
308945, 9089450, 9118362, 28912
308946, 9089460, 9118375, 28915
308947, 9089470, 9118388, 28918
308948, 9089480, 9118402, 28922
308951, 9089510, 9118429, 28919
308952, 9089520, 9118442, 28922
308953, 9089530, 9118456, 28926
308954, 9089540, 9118469, 28929
308955, 9089550, 9118482, 28932
308956, 9089560, 9118496, 28936
308957, 9089570, 9118509, 28939
308958, 9089580, 9118523, 28943
308959, 9089590, 9118536, 28946
308961, 9089610, 9118550, 28940
308962, 9089620, 9118563, 28943
308963, 9089630, 9118577, 28947
308964, 9089640, 9118590, 28950
308965, 9089650, 9118603, 28953
308966, 9089660, 9118617, 28957
308967, 9089670, 9118630, 28960
308968, 9089680, 9118644, 28964
308969, 9089690, 9118657, 28967
308971, 9089710, 9118671, 28961
308972, 9089720, 9118684, 28964
308973, 9089730, 9118698, 28968
308974, 9089740, 9118711, 28971
308975, 9089750, 9118724, 28974
308976, 9089760, 9118738, 28978
308977, 9089770, 9118751, 28981
308978, 9089780, 9118765, 28985
308979, 9089790, 9118778, 28988
308980, 9089800, 9118792, 28992
308982, 9089820, 9118805, 28985
308983, 9089830, 9118818, 28988
308984, 9089840, 9118832, 28992
308985, 9089850, 9118845, 28995
308986, 9089860, 9118859, 28999
308987, 9089870, 9118872, 29002
308988, 9089880, 9118886, 29006
308989, 9089890, 9118899, 29009
308990, 9089900, 9118913, 29013
308991, 9089910, 9118926, 29016
308993, 9089930, 9118939, 29009
308994, 9089940, 9118953, 29013
308995, 9089950, 9118966, 29016
308996, 9089960, 9118980, 29020
308997, 9089970, 9118993, 29023
308998, 9089980, 9119007, 29027
308999, 9089990, 9119020, 29030
309402, 9094020, 9119047, 25027
309403, 9094030, 9119060, 25030
309404, 9094040, 9119074, 25034
309405, 9094050, 9119087, 25037
309406, 9094060, 9119101, 25041
309407, 9094070, 9119114, 25044
309408, 9094080, 9119128, 25048
309409, 9094090, 9119141, 25051
309410, 9094100, 9119154, 25054
309412, 9094120, 9119168, 25048
309413, 9094130, 9119181, 25051
309414, 9094140, 9119195, 25055
309415, 9094150, 9119208, 25058
309416, 9094160, 9119222, 25062
309417, 9094170, 9119235, 25065
309418, 9094180, 9119249, 25069
309419, 9094190, 9119262, 25072
309420, 9094200, 9119275, 25075
309421, 9094210, 9119289, 25079
309423, 9094230, 9119302, 25072
309424, 9094240, 9119316, 25076
309425, 9094250, 9119329, 25079
309426, 9094260, 9119343, 25083
309427, 9094270, 9119356, 25086
309428, 9094280, 9119370, 25090
309429, 9094290, 9119383, 25093
309430, 9094300, 9119396, 25096
309431, 9094310, 9119410, 25100
309433, 9094330, 9119423, 25093
309434, 9094340, 9119437, 25097
309435, 9094350, 9119450, 25100
309436, 9094360, 9119464, 25104
309437, 9094370, 9119477, 25107
309438, 9094380, 9119490, 25110
309439, 9094390, 9119504, 25114
309440, 9094400, 9119517, 25117
309441, 9094410, 9119531, 25121
309442, 9094420, 9119544, 25124
309444, 9094440, 9119558, 25118
309445, 9094450, 9119571, 25121
309446, 9094460, 9119585, 25125
309447, 9094470, 9119598, 25128
309448, 9094480, 9119611, 25131
309449, 9094490, 9119625, 25135
309451, 9094510, 9119652, 25142
309452, 9094520, 9119665, 25145
309453, 9094530, 9119679, 25149
309455, 9094550, 9119692, 25142
309456, 9094560, 9119706, 25146
309457, 9094570, 9119719, 25149
309458, 9094580, 9119732, 25152
309459, 9094590, 9119746, 25156
309460, 9094600, 9119759, 25159
309461, 9094610, 9119773, 25163
309462, 9094620, 9119786, 25166
309463, 9094630, 9119800, 25170
309465, 9094650, 9119813, 25163
309466, 9094660, 9119826, 25166
309467, 9094670, 9119840, 25170
309468, 9094680, 9119853, 25173
309469, 9094690, 9119867, 25177
309470, 9094700, 9119880, 25180
309471, 9094710, 9119894, 25184
309472, 9094720, 9119907, 25187
309473, 9094730, 9119921, 25191
309474, 9094740, 9119934, 25194
309476, 9094760, 9119947, 25187
309477, 9094770, 9119961, 25191
309478, 9094780, 9119974, 25194
309479, 9094790, 9119988, 25198
309480, 9094800, 9120001, 25201
309481, 9094810, 9120015, 25205
309482, 9094820, 9120028, 25208
309483, 9094830, 9120042, 25212
309484, 9094840, 9120055, 25215
309485, 9094850, 9120068, 25218
309487, 9094870, 9120082, 25212
309488, 9094880, 9120095, 25215
309489, 9094890, 9120109, 25219
309490, 9094900, 9120122, 25222
309491, 9094910, 9120136, 25226
309492, 9094920, 9120149, 25229
309493, 9094930, 9120162, 25232
309494, 9094940, 9120176, 25236
309495, 9094950, 9120189, 25239
309497, 9094970, 9120203, 25233
309498, 9094980, 9120216, 25236
309499, 9094990, 9120230, 25240
309501, 9095010, 9120257, 25247
309502, 9095020, 9120270, 25250
309503, 9095030, 9120283, 25253
309504, 9095040, 9120297, 25257
309505, 9095050, 9120310, 25260
309506, 9095060, 9120324, 25264
309508, 9095080, 9120337, 25257
309509, 9095090, 9120351, 25261
309510, 9095100, 9120364, 25264
309511, 9095110, 9120378, 25268
309512, 9095120, 9120391, 25271
309513, 9095130, 9120404, 25274
309514, 9095140, 9120418, 25278
309515, 9095150, 9120431, 25281
309516, 9095160, 9124012, 28852
309517, 9095170, 9124026, 28856
309519, 9095190, 9124039, 28849
309520, 9095200, 9124052, 28852
309521, 9095210, 9124066, 28856
309522, 9095220, 9124079, 28859
309523, 9095230, 9124093, 28863
309524, 9095240, 9124106, 28866
309525, 9095250, 9124120, 28870
309526, 9095260, 9124133, 28873
309527, 9095270, 9124146, 28876
309529, 9095290, 9124160, 28870
309530, 9095300, 9124173, 28873
309531, 9095310, 9124187, 28877
309532, 9095320, 9124200, 28880
309533, 9095330, 9124214, 28884
309534, 9095340, 9124227, 28887
309535, 9095350, 9124241, 28891
309536, 9095360, 9124254, 28894
309537, 9095370, 9124267, 28897
309538, 9095380, 9124281, 28901
309540, 9095400, 9124294, 28894
309541, 9095410, 9124308, 28898
309542, 9095420, 9124321, 28901
309543, 9095430, 9124335, 28905
309544, 9095440, 9124348, 28908
309545, 9095450, 9124362, 28912
309546, 9095460, 9124375, 28915
309547, 9095470, 9124388, 28918
309548, 9095480, 9124402, 28922
309551, 9095510, 9124429, 28919
309552, 9095520, 9124442, 28922
309553, 9095530, 9124456, 28926
309554, 9095540, 9124469, 28929
309555, 9095550, 9124482, 28932
309556, 9095560, 9124496, 28936
309557, 9095570, 9124509, 28939
309558, 9095580, 9124523, 28943
309559, 9095590, 9124536, 28946
309561, 9095610, 9124550, 28940
309562, 9095620, 9124563, 28943
309563, 9095630, 9124577, 28947
309564, 9095640, 9124590, 28950
309565, 9095650, 9124603, 28953
309566, 9095660, 9124617, 28957
309567, 9095670, 9124630, 28960
309568, 9095680, 9124644, 28964
309569, 9095690, 9124657, 28967
309570, 9095700, 9124671, 28971
309572, 9095720, 9124684, 28964
309573, 9095730, 9124698, 28968
309574, 9095740, 9124711, 28971
309575, 9095750, 9124724, 28974
309576, 9095760, 9124738, 28978
309577, 9095770, 9124751, 28981
309578, 9095780, 9124765, 28985
309579, 9095790, 9124778, 28988
309580, 9095800, 9124792, 28992
309582, 9095820, 9124805, 28985
309583, 9095830, 9124818, 28988
309584, 9095840, 9124832, 28992
309585, 9095850, 9124845, 28995
309586, 9095860, 9124859, 28999
309587, 9095870, 9124872, 29002
309588, 9095880, 9124886, 29006
309589, 9095890, 9124899, 29009
309590, 9095900, 9124913, 29013
309591, 9095910, 9124926, 29016
309593, 9095930, 9124939, 29009
309594, 9095940, 9124953, 29013
309595, 9095950, 9124966, 29016
309596, 9095960, 9124980, 29020
309597, 9095970, 9124993, 29023
309598, 9095980, 9125007, 29027
309599, 9095990, 9125020, 29030
310002, 9100020, 9125047, 25027
310003, 9100030, 9125060, 25030
310004, 9100040, 9125074, 25034
310005, 9100050, 9125087, 25037
310006, 9100060, 9125101, 25041
310007, 9100070, 9125114, 25044
310008, 9100080, 9125127, 25047
310009, 9100090, 9125141, 25051
310010, 9100100, 9125154, 25054
310012, 9100120, 9125168, 25048
310013, 9100130, 9125181, 25051
310014, 9100140, 9125195, 25055
310015, 9100150, 9125208, 25058
310016, 9100160, 9125222, 25062
310017, 9100170, 9125235, 25065
310018, 9100180, 9125248, 25068
310019, 9100190, 9125262, 25072
310020, 9100200, 9125275, 25075
310021, 9100210, 9125289, 25079
310023, 9100230, 9125302, 25072
310024, 9100240, 9125316, 25076
310025, 9100250, 9125329, 25079
310026, 9100260, 9125342, 25082
310027, 9100270, 9125356, 25086
310028, 9100280, 9125369, 25089
310029, 9100290, 9125383, 25093
310030, 9100300, 9125396, 25096
310031, 9100310, 9125410, 25100
310033, 9100330, 9125423, 25093
310034, 9100340, 9125437, 25097
310035, 9100350, 9125450, 25100
310036, 9100360, 9125463, 25103
310037, 9100370, 9125477, 25107
310038, 9100380, 9125490, 25110
310039, 9100390, 9125504, 25114
310040, 9100400, 9125517, 25117
310041, 9100410, 9125531, 25121
310042, 9100420, 9125544, 25124
310044, 9100440, 9125558, 25118
310045, 9100450, 9125571, 25121
310046, 9100460, 9125584, 25124
310047, 9100470, 9125598, 25128
310048, 9100480, 9125611, 25131
310049, 9100490, 9125625, 25135
310051, 9100510, 9125652, 25142
310052, 9100520, 9125665, 25145
310053, 9100530, 9125678, 25148
310055, 9100550, 9125692, 25142
310056, 9100560, 9125705, 25145
310057, 9100570, 9125719, 25149
310058, 9100580, 9125732, 25152
310059, 9100590, 9125746, 25156
310060, 9100600, 9125759, 25159
310061, 9100610, 9125773, 25163
310062, 9100620, 9125786, 25166
310063, 9100630, 9125799, 25169
310065, 9100650, 9125813, 25163
310066, 9100660, 9125826, 25166
310067, 9100670, 9125840, 25170
310068, 9100680, 9125853, 25173
310069, 9100690, 9125867, 25177
310070, 9100700, 9125880, 25180
310071, 9100710, 9125894, 25184
310072, 9100720, 9125907, 25187
310073, 9100730, 9125920, 25190
310074, 9100740, 9125934, 25194
310076, 9100760, 9125947, 25187
310077, 9100770, 9125961, 25191
310078, 9100780, 9125974, 25194
310079, 9100790, 9125988, 25198
310080, 9100800, 9126001, 25201
310081, 9100810, 9126014, 25204
310082, 9100820, 9126028, 25208
310083, 9100830, 9126041, 25211
310084, 9100840, 9126055, 25215
310085, 9100850, 9126068, 25218
310087, 9100870, 9126082, 25212
310088, 9100880, 9126095, 25215
310089, 9100890, 9126109, 25219
310090, 9100900, 9126122, 25222
310091, 9100910, 9126135, 25225
310092, 9100920, 9126149, 25229
310093, 9100930, 9126162, 25232
310094, 9100940, 9126176, 25236
310095, 9100950, 9126189, 25239
310097, 9100970, 9126203, 25233
310098, 9100980, 9126216, 25236
310099, 9100990, 9126230, 25240
310101, 9101010, 9126256, 25246
310102, 9101020, 9126270, 25250
310103, 9101030, 9126283, 25253
310104, 9101040, 9126297, 25257
310105, 9101050, 9126310, 25260
310106, 9101060, 9126324, 25264
310108, 9101080, 9126337, 25257
310109, 9101090, 9126350, 25260
310110, 9101100, 9126364, 25264
310111, 9101110, 9126377, 25267
310112, 9101120, 9126391, 25271
310113, 9101130, 9126404, 25274
310114, 9101140, 9126418, 25278
310115, 9101150, 9126431, 25281
310116, 9101160, 9130012, 28852
310118, 9101180, 9130026, 28846
310119, 9101190, 9130039, 28849
310120, 9101200, 9130052, 28852
310121, 9101210, 9130066, 28856
310122, 9101220, 9130079, 28859
310123, 9101230, 9130093, 28863
310124, 9101240, 9130106, 28866
310125, 9101250, 9130120, 28870
310126, 9101260, 9130133, 28873
310127, 9101270, 9130146, 28876
310129, 9101290, 9130160, 28870
310130, 9101300, 9130173, 28873
310131, 9101310, 9130187, 28877
310132, 9101320, 9130200, 28880
310133, 9101330, 9130214, 28884
310134, 9101340, 9130227, 28887
310135, 9101350, 9130241, 28891
310136, 9101360, 9130254, 28894
310137, 9101370, 9130267, 28897
310138, 9101380, 9130281, 28901
310140, 9101400, 9130294, 28894
310141, 9101410, 9130308, 28898
310142, 9101420, 9130321, 28901
310143, 9101430, 9130335, 28905
310144, 9101440, 9130348, 28908
310145, 9101450, 9130362, 28912
310146, 9101460, 9130375, 28915
310147, 9101470, 9130388, 28918
310148, 9101480, 9130402, 28922
310151, 9101510, 9130429, 28919
310152, 9101520, 9130442, 28922
310153, 9101530, 9130456, 28926
310154, 9101540, 9130469, 28929
310155, 9101550, 9130482, 28932
310156, 9101560, 9130496, 28936
310157, 9101570, 9130509, 28939
310158, 9101580, 9130523, 28943
310159, 9101590, 9130536, 28946
310161, 9101610, 9130550, 28940
310162, 9101620, 9130563, 28943
310163, 9101630, 9130577, 28947
310164, 9101640, 9130590, 28950
310165, 9101650, 9130603, 28953
310166, 9101660, 9130617, 28957
310167, 9101670, 9130630, 28960
310168, 9101680, 9130644, 28964
310169, 9101690, 9130657, 28967
310171, 9101710, 9130671, 28961
310172, 9101720, 9130684, 28964
310173, 9101730, 9130698, 28968
310174, 9101740, 9130711, 28971
310175, 9101750, 9130724, 28974
310176, 9101760, 9130738, 28978
310177, 9101770, 9130751, 28981
310178, 9101780, 9130765, 28985
310179, 9101790, 9130778, 28988
310180, 9101800, 9130792, 28992
310182, 9101820, 9130805, 28985
310183, 9101830, 9130818, 28988
310184, 9101840, 9130832, 28992
310185, 9101850, 9130845, 28995
310186, 9101860, 9130859, 28999
310187, 9101870, 9130872, 29002
310188, 9101880, 9130886, 29006
310189, 9101890, 9130899, 29009
310190, 9101900, 9130913, 29013
310191, 9101910, 9130926, 29016
310193, 9101930, 9130939, 29009
310194, 9101940, 9130953, 29013
310195, 9101950, 9130966, 29016
310196, 9101960, 9130980, 29020
310197, 9101970, 9130993, 29023
310198, 9101980, 9131007, 29027
310199, 9101990, 9131020, 29030
310602, 9106020, 9131047, 25027
310603, 9106030, 9131060, 25030
310604, 9106040, 9131074, 25034
310605, 9106050, 9131087, 25037
310606, 9106060, 9131101, 25041
310607, 9106070, 9131114, 25044
310608, 9106080, 9131128, 25048
310609, 9106090, 9131141, 25051
310610, 9106100, 9131154, 25054
310612, 9106120, 9131168, 25048
310613, 9106130, 9131181, 25051
310614, 9106140, 9131195, 25055
310615, 9106150, 9131208, 25058
310616, 9106160, 9131222, 25062
310617, 9106170, 9131235, 25065
310618, 9106180, 9131249, 25069
310619, 9106190, 9131262, 25072
310620, 9106200, 9131275, 25075
310621, 9106210, 9131289, 25079
310623, 9106230, 9131302, 25072
310624, 9106240, 9131316, 25076
310625, 9106250, 9131329, 25079
310626, 9106260, 9131343, 25083
310627, 9106270, 9131356, 25086
310628, 9106280, 9131370, 25090
310629, 9106290, 9131383, 25093
310630, 9106300, 9131396, 25096
310631, 9106310, 9131410, 25100
310633, 9106330, 9131423, 25093
310634, 9106340, 9131437, 25097
310635, 9106350, 9131450, 25100
310636, 9106360, 9131464, 25104
310637, 9106370, 9131477, 25107
310638, 9106380, 9131490, 25110
310639, 9106390, 9131504, 25114
310640, 9106400, 9131517, 25117
310641, 9106410, 9131531, 25121
310642, 9106420, 9131544, 25124
310644, 9106440, 9131558, 25118
310645, 9106450, 9131571, 25121
310646, 9106460, 9131585, 25125
310647, 9106470, 9131598, 25128
310648, 9106480, 9131611, 25131
310649, 9106490, 9131625, 25135
310651, 9106510, 9131652, 25142
310652, 9106520, 9131665, 25145
310653, 9106530, 9131679, 25149
310655, 9106550, 9131692, 25142
310656, 9106560, 9131706, 25146
310657, 9106570, 9131719, 25149
310658, 9106580, 9131732, 25152
310659, 9106590, 9131746, 25156
310660, 9106600, 9131759, 25159
310661, 9106610, 9131773, 25163
310662, 9106620, 9131786, 25166
310663, 9106630, 9131800, 25170
310665, 9106650, 9131813, 25163
310666, 9106660, 9131826, 25166
310667, 9106670, 9131840, 25170
310668, 9106680, 9131853, 25173
310669, 9106690, 9131867, 25177
310670, 9106700, 9131880, 25180
310671, 9106710, 9131894, 25184
310672, 9106720, 9131907, 25187
310673, 9106730, 9131921, 25191
310674, 9106740, 9131934, 25194
310676, 9106760, 9131947, 25187
310677, 9106770, 9131961, 25191
310678, 9106780, 9131974, 25194
310679, 9106790, 9131988, 25198
310680, 9106800, 9132001, 25201
310681, 9106810, 9132015, 25205
310682, 9106820, 9132028, 25208
310683, 9106830, 9132042, 25212
310684, 9106840, 9132055, 25215
310685, 9106850, 9132068, 25218
310687, 9106870, 9132082, 25212
310688, 9106880, 9132095, 25215
310689, 9106890, 9132109, 25219
310690, 9106900, 9132122, 25222
310691, 9106910, 9132136, 25226
310692, 9106920, 9132149, 25229
310693, 9106930, 9132162, 25232
310694, 9106940, 9132176, 25236
310695, 9106950, 9132189, 25239
310697, 9106970, 9132203, 25233
310698, 9106980, 9132216, 25236
310699, 9106990, 9132230, 25240
310701, 9107010, 9132257, 25247
310702, 9107020, 9132270, 25250
310703, 9107030, 9132283, 25253
310704, 9107040, 9132297, 25257
310705, 9107050, 9132310, 25260
310706, 9107060, 9132324, 25264
310708, 9107080, 9132337, 25257
310709, 9107090, 9132351, 25261
310710, 9107100, 9132364, 25264
310711, 9107110, 9132378, 25268
310712, 9107120, 9132391, 25271
310713, 9107130, 9132404, 25274
310714, 9107140, 9132418, 25278
310715, 9107150, 9132431, 25281
310716, 9107160, 9136012, 28852
310718, 9107180, 9136026, 28846
310719, 9107190, 9136039, 28849
310720, 9107200, 9136052, 28852
310721, 9107210, 9136066, 28856
310722, 9107220, 9136079, 28859
310723, 9107230, 9136093, 28863
310724, 9107240, 9136106, 28866
310725, 9107250, 9136120, 28870
310726, 9107260, 9136133, 28873
310727, 9107270, 9136146, 28876
310729, 9107290, 9136160, 28870
310730, 9107300, 9136173, 28873
310731, 9107310, 9136187, 28877
310732, 9107320, 9136200, 28880
310733, 9107330, 9136214, 28884
310734, 9107340, 9136227, 28887
310735, 9107350, 9136241, 28891
310736, 9107360, 9136254, 28894
310737, 9107370, 9136267, 28897
310738, 9107380, 9136281, 28901
310740, 9107400, 9136294, 28894
310741, 9107410, 9136308, 28898
310742, 9107420, 9136321, 28901
310743, 9107430, 9136335, 28905
310744, 9107440, 9136348, 28908
310745, 9107450, 9136362, 28912
310746, 9107460, 9136375, 28915
310747, 9107470, 9136388, 28918
310748, 9107480, 9136402, 28922
310751, 9107510, 9136429, 28919
310752, 9107520, 9136442, 28922
310753, 9107530, 9136456, 28926
310754, 9107540, 9136469, 28929
310755, 9107550, 9136482, 28932
310756, 9107560, 9136496, 28936
310757, 9107570, 9136509, 28939
310758, 9107580, 9136523, 28943
310759, 9107590, 9136536, 28946
310761, 9107610, 9136550, 28940
310762, 9107620, 9136563, 28943
310763, 9107630, 9136577, 28947
310764, 9107640, 9136590, 28950
310765, 9107650, 9136603, 28953
310766, 9107660, 9136617, 28957
310767, 9107670, 9136630, 28960
310768, 9107680, 9136644, 28964
310769, 9107690, 9136657, 28967
310771, 9107710, 9136671, 28961
310772, 9107720, 9136684, 28964
310773, 9107730, 9136698, 28968
310774, 9107740, 9136711, 28971
310775, 9107750, 9136724, 28974
310776, 9107760, 9136738, 28978
310777, 9107770, 9136751, 28981
310778, 9107780, 9136765, 28985
310779, 9107790, 9136778, 28988
310780, 9107800, 9136792, 28992
310782, 9107820, 9136805, 28985
310783, 9107830, 9136818, 28988
310784, 9107840, 9136832, 28992
310785, 9107850, 9136845, 28995
310786, 9107860, 9136859, 28999
310787, 9107870, 9136872, 29002
310788, 9107880, 9136886, 29006
310789, 9107890, 9136899, 29009
310790, 9107900, 9136913, 29013
310791, 9107910, 9136926, 29016
310793, 9107930, 9136939, 29009
310794, 9107940, 9136953, 29013
310795, 9107950, 9136966, 29016
310796, 9107960, 9136980, 29020
310797, 9107970, 9136993, 29023
310798, 9107980, 9137007, 29027
310799, 9107990, 9137020, 29030
311202, 9112020, 9137047, 25027
311203, 9112030, 9137060, 25030
311204, 9112040, 9137074, 25034
311205, 9112050, 9137087, 25037
311206, 9112060, 9137101, 25041
311207, 9112070, 9137114, 25044
311208, 9112080, 9137128, 25048
311209, 9112090, 9137141, 25051
311210, 9112100, 9137154, 25054
311212, 9112120, 9137168, 25048
311213, 9112130, 9137181, 25051
311214, 9112140, 9137195, 25055
311215, 9112150, 9137208, 25058
311216, 9112160, 9137222, 25062
311217, 9112170, 9137235, 25065
311218, 9112180, 9137249, 25069
311219, 9112190, 9137262, 25072
311220, 9112200, 9137275, 25075
311221, 9112210, 9137289, 25079
311223, 9112230, 9137302, 25072
311224, 9112240, 9137316, 25076
311225, 9112250, 9137329, 25079
311226, 9112260, 9137343, 25083
311227, 9112270, 9137356, 25086
311228, 9112280, 9137370, 25090
311229, 9112290, 9137383, 25093
311230, 9112300, 9137396, 25096
311231, 9112310, 9137410, 25100
311233, 9112330, 9137423, 25093
311234, 9112340, 9137437, 25097
311235, 9112350, 9137450, 25100
311236, 9112360, 9137464, 25104
311237, 9112370, 9137477, 25107
311238, 9112380, 9137490, 25110
311239, 9112390, 9137504, 25114
311240, 9112400, 9137517, 25117
311241, 9112410, 9137531, 25121
311242, 9112420, 9137544, 25124
311244, 9112440, 9137558, 25118
311245, 9112450, 9137571, 25121
311246, 9112460, 9137585, 25125
311247, 9112470, 9137598, 25128
311248, 9112480, 9137611, 25131
311249, 9112490, 9137625, 25135
311251, 9112510, 9137652, 25142
311252, 9112520, 9137665, 25145
311253, 9112530, 9137679, 25149
311255, 9112550, 9137692, 25142
311256, 9112560, 9137706, 25146
311257, 9112570, 9137719, 25149
311258, 9112580, 9137732, 25152
311259, 9112590, 9137746, 25156
311260, 9112600, 9137759, 25159
311261, 9112610, 9137773, 25163
311262, 9112620, 9137786, 25166
311263, 9112630, 9137800, 25170
311265, 9112650, 9137813, 25163
311266, 9112660, 9137826, 25166
311267, 9112670, 9137840, 25170
311268, 9112680, 9137853, 25173
311269, 9112690, 9137867, 25177
311270, 9112700, 9137880, 25180
311271, 9112710, 9137894, 25184
311272, 9112720, 9137907, 25187
311273, 9112730, 9137921, 25191
311274, 9112740, 9137934, 25194
311276, 9112760, 9137947, 25187
311277, 9112770, 9137961, 25191
311278, 9112780, 9137974, 25194
311279, 9112790, 9137988, 25198
311280, 9112800, 9138001, 25201
311281, 9112810, 9138015, 25205
311282, 9112820, 9138028, 25208
311283, 9112830, 9138042, 25212
311284, 9112840, 9138055, 25215
311285, 9112850, 9138068, 25218
311287, 9112870, 9138082, 25212
311288, 9112880, 9138095, 25215
311289, 9112890, 9138109, 25219
311290, 9112900, 9138122, 25222
311291, 9112910, 9138136, 25226
311292, 9112920, 9138149, 25229
311293, 9112930, 9138162, 25232
311294, 9112940, 9138176, 25236
311295, 9112950, 9138189, 25239
311297, 9112970, 9138203, 25233
311298, 9112980, 9138216, 25236
311299, 9112990, 9138230, 25240
311301, 9113010, 9138257, 25247
311302, 9113020, 9138270, 25250
311303, 9113030, 9138283, 25253
311304, 9113040, 9138297, 25257
311305, 9113050, 9138310, 25260
311306, 9113060, 9138324, 25264
311308, 9113080, 9138337, 25257
311309, 9113090, 9138351, 25261
311310, 9113100, 9138364, 25264
311311, 9113110, 9138378, 25268
311312, 9113120, 9138391, 25271
311313, 9113130, 9138404, 25274
311314, 9113140, 9138418, 25278
311315, 9113150, 9138431, 25281
311316, 9113160, 9142012, 28852
311318, 9113180, 9142026, 28846
311319, 9113190, 9142039, 28849
311320, 9113200, 9142052, 28852
311321, 9113210, 9142066, 28856
311322, 9113220, 9142079, 28859
311323, 9113230, 9142093, 28863
311324, 9113240, 9142106, 28866
311325, 9113250, 9142120, 28870
311326, 9113260, 9142133, 28873
311327, 9113270, 9142146, 28876
311329, 9113290, 9142160, 28870
311330, 9113300, 9142173, 28873
311331, 9113310, 9142187, 28877
311332, 9113320, 9142200, 28880
311333, 9113330, 9142214, 28884
311334, 9113340, 9142227, 28887
311335, 9113350, 9142241, 28891
311336, 9113360, 9142254, 28894
311337, 9113370, 9142267, 28897
311338, 9113380, 9142281, 28901
311340, 9113400, 9142294, 28894
311341, 9113410, 9142308, 28898
311342, 9113420, 9142321, 28901
311343, 9113430, 9142335, 28905
311344, 9113440, 9142348, 28908
311345, 9113450, 9142362, 28912
311346, 9113460, 9142375, 28915
311347, 9113470, 9142388, 28918
311348, 9113480, 9142402, 28922
311351, 9113510, 9142429, 28919
311352, 9113520, 9142442, 28922
311353, 9113530, 9142456, 28926
311354, 9113540, 9142469, 28929
311355, 9113550, 9142482, 28932
311356, 9113560, 9142496, 28936
311357, 9113570, 9142509, 28939
311358, 9113580, 9142523, 28943
311359, 9113590, 9142536, 28946
311361, 9113610, 9142550, 28940
311362, 9113620, 9142563, 28943
311363, 9113630, 9142577, 28947
311364, 9113640, 9142590, 28950
311365, 9113650, 9142603, 28953
311366, 9113660, 9142617, 28957
311367, 9113670, 9142630, 28960
311368, 9113680, 9142644, 28964
311369, 9113690, 9142657, 28967
311371, 9113710, 9142671, 28961
311372, 9113720, 9142684, 28964
311373, 9113730, 9142698, 28968
311374, 9113740, 9142711, 28971
311375, 9113750, 9142724, 28974
311376, 9113760, 9142738, 28978
311377, 9113770, 9142751, 28981
311378, 9113780, 9142765, 28985
311379, 9113790, 9142778, 28988
311380, 9113800, 9142792, 28992
311382, 9113820, 9142805, 28985
311383, 9113830, 9142818, 28988
311384, 9113840, 9142832, 28992
311385, 9113850, 9142845, 28995
311386, 9113860, 9142859, 28999
311387, 9113870, 9142872, 29002
311388, 9113880, 9142886, 29006
311389, 9113890, 9142899, 29009
311390, 9113900, 9142913, 29013
311391, 9113910, 9142926, 29016
311393, 9113930, 9142939, 29009
311394, 9113940, 9142953, 29013
311395, 9113950, 9142966, 29016
311396, 9113960, 9142980, 29020
311397, 9113970, 9142993, 29023
311398, 9113980, 9143007, 29027
311399, 9113990, 9143020, 29030
311802, 9118020, 9143047, 25027
311803, 9118030, 9143060, 25030
311804, 9118040, 9143074, 25034
311805, 9118050, 9143087, 25037
311806, 9118060, 9143101, 25041
311807, 9118070, 9143114, 25044
311808, 9118080, 9143128, 25048
311809, 9118090, 9143141, 25051
311810, 9118100, 9143154, 25054
311812, 9118120, 9143168, 25048
311813, 9118130, 9143181, 25051
311814, 9118140, 9143195, 25055
311815, 9118150, 9143208, 25058
311816, 9118160, 9143222, 25062
311817, 9118170, 9143235, 25065
311818, 9118180, 9143249, 25069
311819, 9118190, 9143262, 25072
311820, 9118200, 9143275, 25075
311821, 9118210, 9143289, 25079
311823, 9118230, 9143302, 25072
311824, 9118240, 9143316, 25076
311825, 9118250, 9143329, 25079
311826, 9118260, 9143343, 25083
311827, 9118270, 9143356, 25086
311828, 9118280, 9143370, 25090
311829, 9118290, 9143383, 25093
311830, 9118300, 9143396, 25096
311831, 9118310, 9143410, 25100
311833, 9118330, 9143423, 25093
311834, 9118340, 9143437, 25097
311835, 9118350, 9143450, 25100
311836, 9118360, 9143464, 25104
311837, 9118370, 9143477, 25107
311838, 9118380, 9143490, 25110
311839, 9118390, 9143504, 25114
311840, 9118400, 9143517, 25117
311841, 9118410, 9143531, 25121
311842, 9118420, 9143544, 25124
311844, 9118440, 9143558, 25118
311845, 9118450, 9143571, 25121
311846, 9118460, 9143585, 25125
311847, 9118470, 9143598, 25128
311848, 9118480, 9143611, 25131
311849, 9118490, 9143625, 25135
311851, 9118510, 9143652, 25142
311852, 9118520, 9143665, 25145
311853, 9118530, 9143679, 25149
311855, 9118550, 9143692, 25142
311856, 9118560, 9143706, 25146
311857, 9118570, 9143719, 25149
311858, 9118580, 9143732, 25152
311859, 9118590, 9143746, 25156
311860, 9118600, 9143759, 25159
311861, 9118610, 9143773, 25163
311862, 9118620, 9143786, 25166
311863, 9118630, 9143800, 25170
311865, 9118650, 9143813, 25163
311866, 9118660, 9143826, 25166
311867, 9118670, 9143840, 25170
311868, 9118680, 9143853, 25173
311869, 9118690, 9143867, 25177
311870, 9118700, 9143880, 25180
311871, 9118710, 9143894, 25184
311872, 9118720, 9143907, 25187
311873, 9118730, 9143921, 25191
311874, 9118740, 9143934, 25194
311876, 9118760, 9143947, 25187
311877, 9118770, 9143961, 25191
311878, 9118780, 9143974, 25194
311879, 9118790, 9143988, 25198
311880, 9118800, 9144001, 25201
311881, 9118810, 9144015, 25205
311882, 9118820, 9144028, 25208
311883, 9118830, 9144042, 25212
311884, 9118840, 9144055, 25215
311885, 9118850, 9144068, 25218
311887, 9118870, 9144082, 25212
311888, 9118880, 9144095, 25215
311889, 9118890, 9144109, 25219
311890, 9118900, 9144122, 25222
311891, 9118910, 9144136, 25226
311892, 9118920, 9144149, 25229
311893, 9118930, 9144162, 25232
311894, 9118940, 9144176, 25236
311895, 9118950, 9144189, 25239
311897, 9118970, 9144203, 25233
311898, 9118980, 9144216, 25236
311899, 9118990, 9144230, 25240
311901, 9119010, 9144257, 25247
311902, 9119020, 9144270, 25250
311903, 9119030, 9144283, 25253
311904, 9119040, 9144297, 25257
311905, 9119050, 9144310, 25260
311906, 9119060, 9144324, 25264
311908, 9119080, 9144337, 25257
311909, 9119090, 9144351, 25261
311910, 9119100, 9144364, 25264
311911, 9119110, 9144378, 25268
311912, 9119120, 9144391, 25271
311913, 9119130, 9144404, 25274
311914, 9119140, 9144418, 25278
311915, 9119150, 9144431, 25281
311916, 9119160, 9148012, 28852
311918, 9119180, 9148026, 28846
311919, 9119190, 9148039, 28849
311920, 9119200, 9148052, 28852
311921, 9119210, 9148066, 28856
311922, 9119220, 9148079, 28859
311923, 9119230, 9148093, 28863
311924, 9119240, 9148106, 28866
311925, 9119250, 9148120, 28870
311926, 9119260, 9148133, 28873
311927, 9119270, 9148146, 28876
311929, 9119290, 9148160, 28870
311930, 9119300, 9148173, 28873
311931, 9119310, 9148187, 28877
311932, 9119320, 9148200, 28880
311933, 9119330, 9148214, 28884
311934, 9119340, 9148227, 28887
311935, 9119350, 9148241, 28891
311936, 9119360, 9148254, 28894
311937, 9119370, 9148267, 28897
311938, 9119380, 9148281, 28901
311940, 9119400, 9148294, 28894
311941, 9119410, 9148308, 28898
311942, 9119420, 9148321, 28901
311943, 9119430, 9148335, 28905
311944, 9119440, 9148348, 28908
311945, 9119450, 9148362, 28912
311946, 9119460, 9148375, 28915
311947, 9119470, 9148388, 28918
311948, 9119480, 9148402, 28922
311951, 9119510, 9148429, 28919
311952, 9119520, 9148442, 28922
311953, 9119530, 9148456, 28926
311954, 9119540, 9148469, 28929
311955, 9119550, 9148482, 28932
311956, 9119560, 9148496, 28936
311957, 9119570, 9148509, 28939
311958, 9119580, 9148523, 28943
311959, 9119590, 9148536, 28946
311961, 9119610, 9148550, 28940
311962, 9119620, 9148563, 28943
311963, 9119630, 9148577, 28947
311964, 9119640, 9148590, 28950
311965, 9119650, 9148603, 28953
311966, 9119660, 9148617, 28957
311967, 9119670, 9148630, 28960
311968, 9119680, 9148644, 28964
311969, 9119690, 9148657, 28967
311971, 9119710, 9148671, 28961
311972, 9119720, 9148684, 28964
311973, 9119730, 9148698, 28968
311974, 9119740, 9148711, 28971
311975, 9119750, 9148724, 28974
311976, 9119760, 9148738, 28978
311977, 9119770, 9148751, 28981
311978, 9119780, 9148765, 28985
311979, 9119790, 9148778, 28988
311980, 9119800, 9148792, 28992
311982, 9119820, 9148805, 28985
311983, 9119830, 9148818, 28988
311984, 9119840, 9148832, 28992
311985, 9119850, 9148845, 28995
311986, 9119860, 9148859, 28999
311987, 9119870, 9148872, 29002
311988, 9119880, 9148886, 29006
311989, 9119890, 9148899, 29009
311990, 9119900, 9148913, 29013
311991, 9119910, 9148926, 29016
311993, 9119930, 9148939, 29009
311994, 9119940, 9148953, 29013
311995, 9119950, 9148966, 29016
311996, 9119960, 9148980, 29020
311997, 9119970, 9148993, 29023
311998, 9119980, 9149007, 29027
311999, 9119990, 9149020, 29030
312402, 9124020, 9149047, 25027
312403, 9124030, 9149060, 25030
312404, 9124040, 9149074, 25034
312405, 9124050, 9149087, 25037
312406, 9124060, 9149101, 25041
312407, 9124070, 9149114, 25044
312408, 9124080, 9149128, 25048
312409, 9124090, 9149141, 25051
312410, 9124100, 9149154, 25054
312412, 9124120, 9149168, 25048
312413, 9124130, 9149181, 25051
312414, 9124140, 9149195, 25055
312415, 9124150, 9149208, 25058
312416, 9124160, 9149222, 25062
312417, 9124170, 9149235, 25065
312418, 9124180, 9149249, 25069
312419, 9124190, 9149262, 25072
312420, 9124200, 9149275, 25075
312421, 9124210, 9149289, 25079
312423, 9124230, 9149302, 25072
312424, 9124240, 9149316, 25076
312425, 9124250, 9149329, 25079
312426, 9124260, 9149343, 25083
312427, 9124270, 9149356, 25086
312428, 9124280, 9149370, 25090
312429, 9124290, 9149383, 25093
312430, 9124300, 9149396, 25096
312431, 9124310, 9149410, 25100
312433, 9124330, 9149423, 25093
312434, 9124340, 9149437, 25097
312435, 9124350, 9149450, 25100
312436, 9124360, 9149464, 25104
312437, 9124370, 9149477, 25107
312438, 9124380, 9149490, 25110
312439, 9124390, 9149504, 25114
312440, 9124400, 9149517, 25117
312441, 9124410, 9149531, 25121
312442, 9124420, 9149544, 25124
312444, 9124440, 9149558, 25118
312445, 9124450, 9149571, 25121
312446, 9124460, 9149585, 25125
312447, 9124470, 9149598, 25128
312448, 9124480, 9149611, 25131
312449, 9124490, 9149625, 25135
312451, 9124510, 9149652, 25142
312452, 9124520, 9149665, 25145
312453, 9124530, 9149679, 25149
312455, 9124550, 9149692, 25142
312456, 9124560, 9149706, 25146
312457, 9124570, 9149719, 25149
312458, 9124580, 9149732, 25152
312459, 9124590, 9149746, 25156
312460, 9124600, 9149759, 25159
312461, 9124610, 9149773, 25163
312462, 9124620, 9149786, 25166
312463, 9124630, 9149800, 25170
312465, 9124650, 9149813, 25163
312466, 9124660, 9149826, 25166
312467, 9124670, 9149840, 25170
312468, 9124680, 9149853, 25173
312469, 9124690, 9149867, 25177
312470, 9124700, 9149880, 25180
312471, 9124710, 9149894, 25184
312472, 9124720, 9149907, 25187
312473, 9124730, 9149921, 25191
312474, 9124740, 9149934, 25194
312476, 9124760, 9149947, 25187
312477, 9124770, 9149961, 25191
312478, 9124780, 9149974, 25194
312479, 9124790, 9149988, 25198
312480, 9124800, 9150001, 25201
312481, 9124810, 9150015, 25205
312482, 9124820, 9150028, 25208
312483, 9124830, 9150042, 25212
312484, 9124840, 9150055, 25215
312485, 9124850, 9150068, 25218
312487, 9124870, 9150082, 25212
312488, 9124880, 9150095, 25215
312489, 9124890, 9150109, 25219
312490, 9124900, 9150122, 25222
312491, 9124910, 9150136, 25226
312492, 9124920, 9150149, 25229
312493, 9124930, 9150162, 25232
312494, 9124940, 9150176, 25236
312495, 9124950, 9150189, 25239
312497, 9124970, 9150203, 25233
312498, 9124980, 9150216, 25236
312499, 9124990, 9150230, 25240
312501, 9125010, 9150257, 25247
312502, 9125020, 9150270, 25250
312503, 9125030, 9150283, 25253
312504, 9125040, 9150297, 25257
312505, 9125050, 9150310, 25260
312506, 9125060, 9150324, 25264
312508, 9125080, 9150337, 25257
312509, 9125090, 9150351, 25261
312510, 9125100, 9150364, 25264
312511, 9125110, 9150378, 25268
312512, 9125120, 9150391, 25271
312513, 9125130, 9150404, 25274
312514, 9125140, 9150418, 25278
312515, 9125150, 9150431, 25281
312516, 9125160, 9154012, 28852
312517, 9125170, 9154026, 28856
312519, 9125190, 9154039, 28849
312520, 9125200, 9154052, 28852
312521, 9125210, 9154066, 28856
312522, 9125220, 9154079, 28859
312523, 9125230, 9154093, 28863
312524, 9125240, 9154106, 28866
312525, 9125250, 9154120, 28870
312526, 9125260, 9154133, 28873
312527, 9125270, 9154146, 28876
312529, 9125290, 9154160, 28870
312530, 9125300, 9154173, 28873
312531, 9125310, 9154187, 28877
312532, 9125320, 9154200, 28880
312533, 9125330, 9154214, 28884
312534, 9125340, 9154227, 28887
312535, 9125350, 9154241, 28891
312536, 9125360, 9154254, 28894
312537, 9125370, 9154267, 28897
312538, 9125380, 9154281, 28901
312540, 9125400, 9154294, 28894
312541, 9125410, 9154308, 28898
312542, 9125420, 9154321, 28901
312543, 9125430, 9154335, 28905
312544, 9125440, 9154348, 28908
312545, 9125450, 9154362, 28912
312546, 9125460, 9154375, 28915
312547, 9125470, 9154388, 28918
312548, 9125480, 9154402, 28922
312551, 9125510, 9154429, 28919
312552, 9125520, 9154442, 28922
312553, 9125530, 9154456, 28926
312554, 9125540, 9154469, 28929
312555, 9125550, 9154482, 28932
312556, 9125560, 9154496, 28936
312557, 9125570, 9154509, 28939
312558, 9125580, 9154523, 28943
312559, 9125590, 9154536, 28946
312561, 9125610, 9154550, 28940
312562, 9125620, 9154563, 28943
312563, 9125630, 9154577, 28947
312564, 9125640, 9154590, 28950
312565, 9125650, 9154603, 28953
312566, 9125660, 9154617, 28957
312567, 9125670, 9154630, 28960
312568, 9125680, 9154644, 28964
312569, 9125690, 9154657, 28967
312570, 9125700, 9154671, 28971
312572, 9125720, 9154684, 28964
312573, 9125730, 9154698, 28968
312574, 9125740, 9154711, 28971
312575, 9125750, 9154724, 28974
312576, 9125760, 9154738, 28978
312577, 9125770, 9154751, 28981
312578, 9125780, 9154765, 28985
312579, 9125790, 9154778, 28988
312580, 9125800, 9154792, 28992
312582, 9125820, 9154805, 28985
312583, 9125830, 9154818, 28988
312584, 9125840, 9154832, 28992
312585, 9125850, 9154845, 28995
312586, 9125860, 9154859, 28999
312587, 9125870, 9154872, 29002
312588, 9125880, 9154886, 29006
312589, 9125890, 9154899, 29009
312590, 9125900, 9154913, 29013
312591, 9125910, 9154926, 29016
312593, 9125930, 9154939, 29009
312594, 9125940, 9154953, 29013
312595, 9125950, 9154966, 29016
312596, 9125960, 9154980, 29020
312597, 9125970, 9154993, 29023
312598, 9125980, 9155007, 29027
312599, 9125990, 9155020, 29030
313002, 9130020, 9155047, 25027
313003, 9130030, 9155060, 25030
313004, 9130040, 9155074, 25034
313005, 9130050, 9155087, 25037
313006, 9130060, 9155101, 25041
313007, 9130070, 9155114, 25044
313008, 9130080, 9155127, 25047
313009, 9130090, 9155141, 25051
313010, 9130100, 9155154, 25054
313012, 9130120, 9155168, 25048
313013, 9130130, 9155181, 25051
313014, 9130140, 9155195, 25055
313015, 9130150, 9155208, 25058
313016, 9130160, 9155222, 25062
313017, 9130170, 9155235, 25065
313018, 9130180, 9155248, 25068
313019, 9130190, 9155262, 25072
313020, 9130200, 9155275, 25075
313021, 9130210, 9155289, 25079
313023, 9130230, 9155302, 25072
313024, 9130240, 9155316, 25076
313025, 9130250, 9155329, 25079
313026, 9130260, 9155342, 25082
313027, 9130270, 9155356, 25086
313028, 9130280, 9155369, 25089
313029, 9130290, 9155383, 25093
313030, 9130300, 9155396, 25096
313031, 9130310, 9155410, 25100
313033, 9130330, 9155423, 25093
313034, 9130340, 9155437, 25097
313035, 9130350, 9155450, 25100
313036, 9130360, 9155463, 25103
313037, 9130370, 9155477, 25107
313038, 9130380, 9155490, 25110
313039, 9130390, 9155504, 25114
313040, 9130400, 9155517, 25117
313041, 9130410, 9155531, 25121
313042, 9130420, 9155544, 25124
313044, 9130440, 9155558, 25118
313045, 9130450, 9155571, 25121
313046, 9130460, 9155584, 25124
313047, 9130470, 9155598, 25128
313048, 9130480, 9155611, 25131
313049, 9130490, 9155625, 25135
313051, 9130510, 9155652, 25142
313052, 9130520, 9155665, 25145
313053, 9130530, 9155678, 25148
313055, 9130550, 9155692, 25142
313056, 9130560, 9155705, 25145
313057, 9130570, 9155719, 25149
313058, 9130580, 9155732, 25152
313059, 9130590, 9155746, 25156
313060, 9130600, 9155759, 25159
313061, 9130610, 9155773, 25163
313062, 9130620, 9155786, 25166
313063, 9130630, 9155799, 25169
313065, 9130650, 9155813, 25163
313066, 9130660, 9155826, 25166
313067, 9130670, 9155840, 25170
313068, 9130680, 9155853, 25173
313069, 9130690, 9155867, 25177
313070, 9130700, 9155880, 25180
313071, 9130710, 9155894, 25184
313072, 9130720, 9155907, 25187
313073, 9130730, 9155920, 25190
313074, 9130740, 9155934, 25194
313076, 9130760, 9155947, 25187
313077, 9130770, 9155961, 25191
313078, 9130780, 9155974, 25194
313079, 9130790, 9155988, 25198
313080, 9130800, 9156001, 25201
313081, 9130810, 9156014, 25204
313082, 9130820, 9156028, 25208
313083, 9130830, 9156041, 25211
313084, 9130840, 9156055, 25215
313085, 9130850, 9156068, 25218
313087, 9130870, 9156082, 25212
313088, 9130880, 9156095, 25215
313089, 9130890, 9156109, 25219
313090, 9130900, 9156122, 25222
313091, 9130910, 9156135, 25225
313092, 9130920, 9156149, 25229
313093, 9130930, 9156162, 25232
313094, 9130940, 9156176, 25236
313095, 9130950, 9156189, 25239
313097, 9130970, 9156203, 25233
313098, 9130980, 9156216, 25236
313099, 9130990, 9156230, 25240
313101, 9131010, 9156256, 25246
313102, 9131020, 9156270, 25250
313103, 9131030, 9156283, 25253
313104, 9131040, 9156297, 25257
313105, 9131050, 9156310, 25260
313106, 9131060, 9156324, 25264
313108, 9131080, 9156337, 25257
313109, 9131090, 9156350, 25260
313110, 9131100, 9156364, 25264
313111, 9131110, 9156377, 25267
313112, 9131120, 9156391, 25271
313113, 9131130, 9156404, 25274
313114, 9131140, 9156418, 25278
313115, 9131150, 9156431, 25281
313116, 9131160, 9160012, 28852
313118, 9131180, 9160026, 28846
313119, 9131190, 9160039, 28849
313120, 9131200, 9160052, 28852
313121, 9131210, 9160066, 28856
313122, 9131220, 9160079, 28859
313123, 9131230, 9160093, 28863
313124, 9131240, 9160106, 28866
313125, 9131250, 9160120, 28870
313126, 9131260, 9160133, 28873
313127, 9131270, 9160146, 28876
313129, 9131290, 9160160, 28870
313130, 9131300, 9160173, 28873
313131, 9131310, 9160187, 28877
313132, 9131320, 9160200, 28880
313133, 9131330, 9160214, 28884
313134, 9131340, 9160227, 28887
313135, 9131350, 9160241, 28891
313136, 9131360, 9160254, 28894
313137, 9131370, 9160267, 28897
313138, 9131380, 9160281, 28901
313140, 9131400, 9160294, 28894
313141, 9131410, 9160308, 28898
313142, 9131420, 9160321, 28901
313143, 9131430, 9160335, 28905
313144, 9131440, 9160348, 28908
313145, 9131450, 9160362, 28912
313146, 9131460, 9160375, 28915
313147, 9131470, 9160388, 28918
313148, 9131480, 9160402, 28922
313151, 9131510, 9160429, 28919
313152, 9131520, 9160442, 28922
313153, 9131530, 9160456, 28926
313154, 9131540, 9160469, 28929
313155, 9131550, 9160482, 28932
313156, 9131560, 9160496, 28936
313157, 9131570, 9160509, 28939
313158, 9131580, 9160523, 28943
313159, 9131590, 9160536, 28946
313161, 9131610, 9160550, 28940
313162, 9131620, 9160563, 28943
313163, 9131630, 9160577, 28947
313164, 9131640, 9160590, 28950
313165, 9131650, 9160603, 28953
313166, 9131660, 9160617, 28957
313167, 9131670, 9160630, 28960
313168, 9131680, 9160644, 28964
313169, 9131690, 9160657, 28967
313171, 9131710, 9160671, 28961
313172, 9131720, 9160684, 28964
313173, 9131730, 9160698, 28968
313174, 9131740, 9160711, 28971
313175, 9131750, 9160724, 28974
313176, 9131760, 9160738, 28978
313177, 9131770, 9160751, 28981
313178, 9131780, 9160765, 28985
313179, 9131790, 9160778, 28988
313180, 9131800, 9160792, 28992
313182, 9131820, 9160805, 28985
313183, 9131830, 9160818, 28988
313184, 9131840, 9160832, 28992
313185, 9131850, 9160845, 28995
313186, 9131860, 9160859, 28999
313187, 9131870, 9160872, 29002
313188, 9131880, 9160886, 29006
313189, 9131890, 9160899, 29009
313190, 9131900, 9160913, 29013
313191, 9131910, 9160926, 29016
313193, 9131930, 9160939, 29009
313194, 9131940, 9160953, 29013
313195, 9131950, 9160966, 29016
313196, 9131960, 9160980, 29020
313197, 9131970, 9160993, 29023
313198, 9131980, 9161007, 29027
313199, 9131990, 9161020, 29030
313602, 9136020, 9161047, 25027
313603, 9136030, 9161060, 25030
313604, 9136040, 9161074, 25034
313605, 9136050, 9161087, 25037
313606, 9136060, 9161101, 25041
313607, 9136070, 9161114, 25044
313608, 9136080, 9161128, 25048
313609, 9136090, 9161141, 25051
313610, 9136100, 9161154, 25054
313612, 9136120, 9161168, 25048
313613, 9136130, 9161181, 25051
313614, 9136140, 9161195, 25055
313615, 9136150, 9161208, 25058
313616, 9136160, 9161222, 25062
313617, 9136170, 9161235, 25065
313618, 9136180, 9161249, 25069
313619, 9136190, 9161262, 25072
313620, 9136200, 9161275, 25075
313621, 9136210, 9161289, 25079
313623, 9136230, 9161302, 25072
313624, 9136240, 9161316, 25076
313625, 9136250, 9161329, 25079
313626, 9136260, 9161343, 25083
313627, 9136270, 9161356, 25086
313628, 9136280, 9161370, 25090
313629, 9136290, 9161383, 25093
313630, 9136300, 9161396, 25096
313631, 9136310, 9161410, 25100
313633, 9136330, 9161423, 25093
313634, 9136340, 9161437, 25097
313635, 9136350, 9161450, 25100
313636, 9136360, 9161464, 25104
313637, 9136370, 9161477, 25107
313638, 9136380, 9161490, 25110
313639, 9136390, 9161504, 25114
313640, 9136400, 9161517, 25117
313641, 9136410, 9161531, 25121
313642, 9136420, 9161544, 25124
313644, 9136440, 9161558, 25118
313645, 9136450, 9161571, 25121
313646, 9136460, 9161585, 25125
313647, 9136470, 9161598, 25128
313648, 9136480, 9161611, 25131
313649, 9136490, 9161625, 25135
313651, 9136510, 9161652, 25142
313652, 9136520, 9161665, 25145
313653, 9136530, 9161679, 25149
313655, 9136550, 9161692, 25142
313656, 9136560, 9161706, 25146
313657, 9136570, 9161719, 25149
313658, 9136580, 9161732, 25152
313659, 9136590, 9161746, 25156
313660, 9136600, 9161759, 25159
313661, 9136610, 9161773, 25163
313662, 9136620, 9161786, 25166
313663, 9136630, 9161800, 25170
313665, 9136650, 9161813, 25163
313666, 9136660, 9161826, 25166
313667, 9136670, 9161840, 25170
313668, 9136680, 9161853, 25173
313669, 9136690, 9161867, 25177
313670, 9136700, 9161880, 25180
313671, 9136710, 9161894, 25184
313672, 9136720, 9161907, 25187
313673, 9136730, 9161921, 25191
313674, 9136740, 9161934, 25194
313676, 9136760, 9161947, 25187
313677, 9136770, 9161961, 25191
313678, 9136780, 9161974, 25194
313679, 9136790, 9161988, 25198
313680, 9136800, 9162001, 25201
313681, 9136810, 9162015, 25205
313682, 9136820, 9162028, 25208
313683, 9136830, 9162042, 25212
313684, 9136840, 9162055, 25215
313685, 9136850, 9162068, 25218
313687, 9136870, 9162082, 25212
313688, 9136880, 9162095, 25215
313689, 9136890, 9162109, 25219
313690, 9136900, 9162122, 25222
313691, 9136910, 9162136, 25226
313692, 9136920, 9162149, 25229
313693, 9136930, 9162162, 25232
313694, 9136940, 9162176, 25236
313695, 9136950, 9162189, 25239
313697, 9136970, 9162203, 25233
313698, 9136980, 9162216, 25236
313699, 9136990, 9162230, 25240
313701, 9137010, 9162257, 25247
313702, 9137020, 9162270, 25250
313703, 9137030, 9162283, 25253
313704, 9137040, 9162297, 25257
313705, 9137050, 9162310, 25260
313706, 9137060, 9162324, 25264
313708, 9137080, 9162337, 25257
313709, 9137090, 9162351, 25261
313710, 9137100, 9162364, 25264
313711, 9137110, 9162378, 25268
313712, 9137120, 9162391, 25271
313713, 9137130, 9162404, 25274
313714, 9137140, 9162418, 25278
313715, 9137150, 9162431, 25281
313716, 9137160, 9166012, 28852
313718, 9137180, 9166026, 28846
313719, 9137190, 9166039, 28849
313720, 9137200, 9166052, 28852
313721, 9137210, 9166066, 28856
313722, 9137220, 9166079, 28859
313723, 9137230, 9166093, 28863
313724, 9137240, 9166106, 28866
313725, 9137250, 9166120, 28870
313726, 9137260, 9166133, 28873
313727, 9137270, 9166146, 28876
313729, 9137290, 9166160, 28870
313730, 9137300, 9166173, 28873
313731, 9137310, 9166187, 28877
313732, 9137320, 9166200, 28880
313733, 9137330, 9166214, 28884
313734, 9137340, 9166227, 28887
313735, 9137350, 9166241, 28891
313736, 9137360, 9166254, 28894
313737, 9137370, 9166267, 28897
313738, 9137380, 9166281, 28901
313740, 9137400, 9166294, 28894
313741, 9137410, 9166308, 28898
313742, 9137420, 9166321, 28901
313743, 9137430, 9166335, 28905
313744, 9137440, 9166348, 28908
313745, 9137450, 9166362, 28912
313746, 9137460, 9166375, 28915
313747, 9137470, 9166388, 28918
313748, 9137480, 9166402, 28922
313751, 9137510, 9166429, 28919
313752, 9137520, 9166442, 28922
313753, 9137530, 9166456, 28926
313754, 9137540, 9166469, 28929
313755, 9137550, 9166482, 28932
313756, 9137560, 9166496, 28936
313757, 9137570, 9166509, 28939
313758, 9137580, 9166523, 28943
313759, 9137590, 9166536, 28946
313761, 9137610, 9166550, 28940
313762, 9137620, 9166563, 28943
313763, 9137630, 9166577, 28947
313764, 9137640, 9166590, 28950
313765, 9137650, 9166603, 28953
313766, 9137660, 9166617, 28957
313767, 9137670, 9166630, 28960
313768, 9137680, 9166644, 28964
313769, 9137690, 9166657, 28967
313771, 9137710, 9166671, 28961
313772, 9137720, 9166684, 28964
313773, 9137730, 9166698, 28968
313774, 9137740, 9166711, 28971
313775, 9137750, 9166724, 28974
313776, 9137760, 9166738, 28978
313777, 9137770, 9166751, 28981
313778, 9137780, 9166765, 28985
313779, 9137790, 9166778, 28988
313780, 9137800, 9166792, 28992
313782, 9137820, 9166805, 28985
313783, 9137830, 9166818, 28988
313784, 9137840, 9166832, 28992
313785, 9137850, 9166845, 28995
313786, 9137860, 9166859, 28999
313787, 9137870, 9166872, 29002
313788, 9137880, 9166886, 29006
313789, 9137890, 9166899, 29009
313790, 9137900, 9166913, 29013
313791, 9137910, 9166926, 29016
313793, 9137930, 9166939, 29009
313794, 9137940, 9166953, 29013
313795, 9137950, 9166966, 29016
313796, 9137960, 9166980, 29020
313797, 9137970, 9166993, 29023
313798, 9137980, 9167007, 29027
313799, 9137990, 9167020, 29030
314202, 9142020, 9167047, 25027
314203, 9142030, 9167060, 25030
314204, 9142040, 9167074, 25034
314205, 9142050, 9167087, 25037
314206, 9142060, 9167101, 25041
314207, 9142070, 9167114, 25044
314208, 9142080, 9167128, 25048
314209, 9142090, 9167141, 25051
314210, 9142100, 9167154, 25054
314212, 9142120, 9167168, 25048
314213, 9142130, 9167181, 25051
314214, 9142140, 9167195, 25055
314215, 9142150, 9167208, 25058
314216, 9142160, 9167222, 25062
314217, 9142170, 9167235, 25065
314218, 9142180, 9167249, 25069
314219, 9142190, 9167262, 25072
314220, 9142200, 9167275, 25075
314221, 9142210, 9167289, 25079
314223, 9142230, 9167302, 25072
314224, 9142240, 9167316, 25076
314225, 9142250, 9167329, 25079
314226, 9142260, 9167343, 25083
314227, 9142270, 9167356, 25086
314228, 9142280, 9167370, 25090
314229, 9142290, 9167383, 25093
314230, 9142300, 9167396, 25096
314231, 9142310, 9167410, 25100
314233, 9142330, 9167423, 25093
314234, 9142340, 9167437, 25097
314235, 9142350, 9167450, 25100
314236, 9142360, 9167464, 25104
314237, 9142370, 9167477, 25107
314238, 9142380, 9167490, 25110
314239, 9142390, 9167504, 25114
314240, 9142400, 9167517, 25117
314241, 9142410, 9167531, 25121
314242, 9142420, 9167544, 25124
314244, 9142440, 9167558, 25118
314245, 9142450, 9167571, 25121
314246, 9142460, 9167585, 25125
314247, 9142470, 9167598, 25128
314248, 9142480, 9167611, 25131
314249, 9142490, 9167625, 25135
314251, 9142510, 9167652, 25142
314252, 9142520, 9167665, 25145
314253, 9142530, 9167679, 25149
314255, 9142550, 9167692, 25142
314256, 9142560, 9167706, 25146
314257, 9142570, 9167719, 25149
314258, 9142580, 9167732, 25152
314259, 9142590, 9167746, 25156
314260, 9142600, 9167759, 25159
314261, 9142610, 9167773, 25163
314262, 9142620, 9167786, 25166
314263, 9142630, 9167800, 25170
314265, 9142650, 9167813, 25163
314266, 9142660, 9167826, 25166
314267, 9142670, 9167840, 25170
314268, 9142680, 9167853, 25173
314269, 9142690, 9167867, 25177
314270, 9142700, 9167880, 25180
314271, 9142710, 9167894, 25184
314272, 9142720, 9167907, 25187
314273, 9142730, 9167921, 25191
314274, 9142740, 9167934, 25194
314276, 9142760, 9167947, 25187
314277, 9142770, 9167961, 25191
314278, 9142780, 9167974, 25194
314279, 9142790, 9167988, 25198
314280, 9142800, 9168001, 25201
314281, 9142810, 9168015, 25205
314282, 9142820, 9168028, 25208
314283, 9142830, 9168042, 25212
314284, 9142840, 9168055, 25215
314285, 9142850, 9168068, 25218
314287, 9142870, 9168082, 25212
314288, 9142880, 9168095, 25215
314289, 9142890, 9168109, 25219
314290, 9142900, 9168122, 25222
314291, 9142910, 9168136, 25226
314292, 9142920, 9168149, 25229
314293, 9142930, 9168162, 25232
314294, 9142940, 9168176, 25236
314295, 9142950, 9168189, 25239
314297, 9142970, 9168203, 25233
314298, 9142980, 9168216, 25236
314299, 9142990, 9168230, 25240
314301, 9143010, 9168257, 25247
314302, 9143020, 9168270, 25250
314303, 9143030, 9168283, 25253
314304, 9143040, 9168297, 25257
314305, 9143050, 9168310, 25260
314306, 9143060, 9168324, 25264
314308, 9143080, 9168337, 25257
314309, 9143090, 9168351, 25261
314310, 9143100, 9168364, 25264
314311, 9143110, 9168378, 25268
314312, 9143120, 9168391, 25271
314313, 9143130, 9168404, 25274
314314, 9143140, 9168418, 25278
314315, 9143150, 9168431, 25281
314316, 9143160, 9172012, 28852
314318, 9143180, 9172026, 28846
314319, 9143190, 9172039, 28849
314320, 9143200, 9172052, 28852
314321, 9143210, 9172066, 28856
314322, 9143220, 9172079, 28859
314323, 9143230, 9172093, 28863
314324, 9143240, 9172106, 28866
314325, 9143250, 9172120, 28870
314326, 9143260, 9172133, 28873
314327, 9143270, 9172146, 28876
314329, 9143290, 9172160, 28870
314330, 9143300, 9172173, 28873
314331, 9143310, 9172187, 28877
314332, 9143320, 9172200, 28880
314333, 9143330, 9172214, 28884
314334, 9143340, 9172227, 28887
314335, 9143350, 9172241, 28891
314336, 9143360, 9172254, 28894
314337, 9143370, 9172267, 28897
314338, 9143380, 9172281, 28901
314340, 9143400, 9172294, 28894
314341, 9143410, 9172308, 28898
314342, 9143420, 9172321, 28901
314343, 9143430, 9172335, 28905
314344, 9143440, 9172348, 28908
314345, 9143450, 9172362, 28912
314346, 9143460, 9172375, 28915
314347, 9143470, 9172388, 28918
314348, 9143480, 9172402, 28922
314351, 9143510, 9172429, 28919
314352, 9143520, 9172442, 28922
314353, 9143530, 9172456, 28926
314354, 9143540, 9172469, 28929
314355, 9143550, 9172482, 28932
314356, 9143560, 9172496, 28936
314357, 9143570, 9172509, 28939
314358, 9143580, 9172523, 28943
314359, 9143590, 9172536, 28946
314361, 9143610, 9172550, 28940
314362, 9143620, 9172563, 28943
314363, 9143630, 9172577, 28947
314364, 9143640, 9172590, 28950
314365, 9143650, 9172603, 28953
314366, 9143660, 9172617, 28957
314367, 9143670, 9172630, 28960
314368, 9143680, 9172644, 28964
314369, 9143690, 9172657, 28967
314371, 9143710, 9172671, 28961
314372, 9143720, 9172684, 28964
314373, 9143730, 9172698, 28968
314374, 9143740, 9172711, 28971
314375, 9143750, 9172724, 28974
314376, 9143760, 9172738, 28978
314377, 9143770, 9172751, 28981
314378, 9143780, 9172765, 28985
314379, 9143790, 9172778, 28988
314380, 9143800, 9172792, 28992
314382, 9143820, 9172805, 28985
314383, 9143830, 9172818, 28988
314384, 9143840, 9172832, 28992
314385, 9143850, 9172845, 28995
314386, 9143860, 9172859, 28999
314387, 9143870, 9172872, 29002
314388, 9143880, 9172886, 29006
314389, 9143890, 9172899, 29009
314390, 9143900, 9172913, 29013
314391, 9143910, 9172926, 29016
314393, 9143930, 9172939, 29009
314394, 9143940, 9172953, 29013
314395, 9143950, 9172966, 29016
314396, 9143960, 9172980, 29020
314397, 9143970, 9172993, 29023
314398, 9143980, 9173007, 29027
314399, 9143990, 9173020, 29030
314802, 9148020, 9173047, 25027
314803, 9148030, 9173060, 25030
314804, 9148040, 9173074, 25034
314805, 9148050, 9173087, 25037
314806, 9148060, 9173101, 25041
314807, 9148070, 9173114, 25044
314808, 9148080, 9173128, 25048
314809, 9148090, 9173141, 25051
314810, 9148100, 9173154, 25054
314812, 9148120, 9173168, 25048
314813, 9148130, 9173181, 25051
314814, 9148140, 9173195, 25055
314815, 9148150, 9173208, 25058
314816, 9148160, 9173222, 25062
314817, 9148170, 9173235, 25065
314818, 9148180, 9173249, 25069
314819, 9148190, 9173262, 25072
314820, 9148200, 9173275, 25075
314821, 9148210, 9173289, 25079
314823, 9148230, 9173302, 25072
314824, 9148240, 9173316, 25076
314825, 9148250, 9173329, 25079
314826, 9148260, 9173343, 25083
314827, 9148270, 9173356, 25086
314828, 9148280, 9173370, 25090
314829, 9148290, 9173383, 25093
314830, 9148300, 9173396, 25096
314831, 9148310, 9173410, 25100
314833, 9148330, 9173423, 25093
314834, 9148340, 9173437, 25097
314835, 9148350, 9173450, 25100
314836, 9148360, 9173464, 25104
314837, 9148370, 9173477, 25107
314838, 9148380, 9173490, 25110
314839, 9148390, 9173504, 25114
314840, 9148400, 9173517, 25117
314841, 9148410, 9173531, 25121
314842, 9148420, 9173544, 25124
314844, 9148440, 9173558, 25118
314845, 9148450, 9173571, 25121
314846, 9148460, 9173585, 25125
314847, 9148470, 9173598, 25128
314848, 9148480, 9173611, 25131
314849, 9148490, 9173625, 25135
314851, 9148510, 9173652, 25142
314852, 9148520, 9173665, 25145
314853, 9148530, 9173679, 25149
314855, 9148550, 9173692, 25142
314856, 9148560, 9173706, 25146
314857, 9148570, 9173719, 25149
314858, 9148580, 9173732, 25152
314859, 9148590, 9173746, 25156
314860, 9148600, 9173759, 25159
314861, 9148610, 9173773, 25163
314862, 9148620, 9173786, 25166
314863, 9148630, 9173800, 25170
314865, 9148650, 9173813, 25163
314866, 9148660, 9173826, 25166
314867, 9148670, 9173840, 25170
314868, 9148680, 9173853, 25173
314869, 9148690, 9173867, 25177
314870, 9148700, 9173880, 25180
314871, 9148710, 9173894, 25184
314872, 9148720, 9173907, 25187
314873, 9148730, 9173921, 25191
314874, 9148740, 9173934, 25194
314876, 9148760, 9173947, 25187
314877, 9148770, 9173961, 25191
314878, 9148780, 9173974, 25194
314879, 9148790, 9173988, 25198
314880, 9148800, 9174001, 25201
314881, 9148810, 9174015, 25205
314882, 9148820, 9174028, 25208
314883, 9148830, 9174042, 25212
314884, 9148840, 9174055, 25215
314885, 9148850, 9174068, 25218
314887, 9148870, 9174082, 25212
314888, 9148880, 9174095, 25215
314889, 9148890, 9174109, 25219
314890, 9148900, 9174122, 25222
314891, 9148910, 9174136, 25226
314892, 9148920, 9174149, 25229
314893, 9148930, 9174162, 25232
314894, 9148940, 9174176, 25236
314895, 9148950, 9174189, 25239
314897, 9148970, 9174203, 25233
314898, 9148980, 9174216, 25236
314899, 9148990, 9174230, 25240
314901, 9149010, 9174257, 25247
314902, 9149020, 9174270, 25250
314903, 9149030, 9174283, 25253
314904, 9149040, 9174297, 25257
314905, 9149050, 9174310, 25260
314906, 9149060, 9174324, 25264
314908, 9149080, 9174337, 25257
314909, 9149090, 9174351, 25261
314910, 9149100, 9174364, 25264
314911, 9149110, 9174378, 25268
314912, 9149120, 9174391, 25271
314913, 9149130, 9174404, 25274
314914, 9149140, 9174418, 25278
314915, 9149150, 9174431, 25281
314916, 9149160, 9178012, 28852
314918, 9149180, 9178026, 28846
314919, 9149190, 9178039, 28849
314920, 9149200, 9178052, 28852
314921, 9149210, 9178066, 28856
314922, 9149220, 9178079, 28859
314923, 9149230, 9178093, 28863
314924, 9149240, 9178106, 28866
314925, 9149250, 9178120, 28870
314926, 9149260, 9178133, 28873
314927, 9149270, 9178146, 28876
314929, 9149290, 9178160, 28870
314930, 9149300, 9178173, 28873
314931, 9149310, 9178187, 28877
314932, 9149320, 9178200, 28880
314933, 9149330, 9178214, 28884
314934, 9149340, 9178227, 28887
314935, 9149350, 9178241, 28891
314936, 9149360, 9178254, 28894
314937, 9149370, 9178267, 28897
314938, 9149380, 9178281, 28901
314940, 9149400, 9178294, 28894
314941, 9149410, 9178308, 28898
314942, 9149420, 9178321, 28901
314943, 9149430, 9178335, 28905
314944, 9149440, 9178348, 28908
314945, 9149450, 9178362, 28912
314946, 9149460, 9178375, 28915
314947, 9149470, 9178388, 28918
314948, 9149480, 9178402, 28922
314951, 9149510, 9178429, 28919
314952, 9149520, 9178442, 28922
314953, 9149530, 9178456, 28926
314954, 9149540, 9178469, 28929
314955, 9149550, 9178482, 28932
314956, 9149560, 9178496, 28936
314957, 9149570, 9178509, 28939
314958, 9149580, 9178523, 28943
314959, 9149590, 9178536, 28946
314961, 9149610, 9178550, 28940
314962, 9149620, 9178563, 28943
314963, 9149630, 9178577, 28947
314964, 9149640, 9178590, 28950
314965, 9149650, 9178603, 28953
314966, 9149660, 9178617, 28957
314967, 9149670, 9178630, 28960
314968, 9149680, 9178644, 28964
314969, 9149690, 9178657, 28967
314971, 9149710, 9178671, 28961
314972, 9149720, 9178684, 28964
314973, 9149730, 9178698, 28968
314974, 9149740, 9178711, 28971
314975, 9149750, 9178724, 28974
314976, 9149760, 9178738, 28978
314977, 9149770, 9178751, 28981
314978, 9149780, 9178765, 28985
314979, 9149790, 9178778, 28988
314980, 9149800, 9178792, 28992
314982, 9149820, 9178805, 28985
314983, 9149830, 9178818, 28988
314984, 9149840, 9178832, 28992
314985, 9149850, 9178845, 28995
314986, 9149860, 9178859, 28999
314987, 9149870, 9178872, 29002
314988, 9149880, 9178886, 29006
314989, 9149890, 9178899, 29009
314990, 9149900, 9178913, 29013
314991, 9149910, 9178926, 29016
314993, 9149930, 9178939, 29009
314994, 9149940, 9178953, 29013
314995, 9149950, 9178966, 29016
314996, 9149960, 9178980, 29020
314997, 9149970, 9178993, 29023
314998, 9149980, 9179007, 29027
314999, 9149990, 9179020, 29030
315402, 9154020, 9179047, 25027
315403, 9154030, 9179060, 25030
315404, 9154040, 9179074, 25034
315405, 9154050, 9179087, 25037
315406, 9154060, 9179101, 25041
315407, 9154070, 9179114, 25044
315408, 9154080, 9179128, 25048
315409, 9154090, 9179141, 25051
315410, 9154100, 9179154, 25054
315412, 9154120, 9179168, 25048
315413, 9154130, 9179181, 25051
315414, 9154140, 9179195, 25055
315415, 9154150, 9179208, 25058
315416, 9154160, 9179222, 25062
315417, 9154170, 9179235, 25065
315418, 9154180, 9179249, 25069
315419, 9154190, 9179262, 25072
315420, 9154200, 9179275, 25075
315421, 9154210, 9179289, 25079
315423, 9154230, 9179302, 25072
315424, 9154240, 9179316, 25076
315425, 9154250, 9179329, 25079
315426, 9154260, 9179343, 25083
315427, 9154270, 9179356, 25086
315428, 9154280, 9179370, 25090
315429, 9154290, 9179383, 25093
315430, 9154300, 9179396, 25096
315431, 9154310, 9179410, 25100
315433, 9154330, 9179423, 25093
315434, 9154340, 9179437, 25097
315435, 9154350, 9179450, 25100
315436, 9154360, 9179464, 25104
315437, 9154370, 9179477, 25107
315438, 9154380, 9179490, 25110
315439, 9154390, 9179504, 25114
315440, 9154400, 9179517, 25117
315441, 9154410, 9179531, 25121
315442, 9154420, 9179544, 25124
315444, 9154440, 9179558, 25118
315445, 9154450, 9179571, 25121
315446, 9154460, 9179585, 25125
315447, 9154470, 9179598, 25128
315448, 9154480, 9179611, 25131
315449, 9154490, 9179625, 25135
315451, 9154510, 9179652, 25142
315452, 9154520, 9179665, 25145
315453, 9154530, 9179679, 25149
315455, 9154550, 9179692, 25142
315456, 9154560, 9179706, 25146
315457, 9154570, 9179719, 25149
315458, 9154580, 9179732, 25152
315459, 9154590, 9179746, 25156
315460, 9154600, 9179759, 25159
315461, 9154610, 9179773, 25163
315462, 9154620, 9179786, 25166
315463, 9154630, 9179800, 25170
315465, 9154650, 9179813, 25163
315466, 9154660, 9179826, 25166
315467, 9154670, 9179840, 25170
315468, 9154680, 9179853, 25173
315469, 9154690, 9179867, 25177
315470, 9154700, 9179880, 25180
315471, 9154710, 9179894, 25184
315472, 9154720, 9179907, 25187
315473, 9154730, 9179921, 25191
315474, 9154740, 9179934, 25194
315476, 9154760, 9179947, 25187
315477, 9154770, 9179961, 25191
315478, 9154780, 9179974, 25194
315479, 9154790, 9179988, 25198
315480, 9154800, 9180001, 25201
315481, 9154810, 9180015, 25205
315482, 9154820, 9180028, 25208
315483, 9154830, 9180042, 25212
315484, 9154840, 9180055, 25215
315485, 9154850, 9180068, 25218
315487, 9154870, 9180082, 25212
315488, 9154880, 9180095, 25215
315489, 9154890, 9180109, 25219
315490, 9154900, 9180122, 25222
315491, 9154910, 9180136, 25226
315492, 9154920, 9180149, 25229
315493, 9154930, 9180162, 25232
315494, 9154940, 9180176, 25236
315495, 9154950, 9180189, 25239
315497, 9154970, 9180203, 25233
315498, 9154980, 9180216, 25236
315499, 9154990, 9180230, 25240
315501, 9155010, 9180257, 25247
315502, 9155020, 9180270, 25250
315503, 9155030, 9180283, 25253
315504, 9155040, 9180297, 25257
315505, 9155050, 9180310, 25260
315506, 9155060, 9180324, 25264
315508, 9155080, 9180337, 25257
315509, 9155090, 9180351, 25261
315510, 9155100, 9180364, 25264
315511, 9155110, 9180378, 25268
315512, 9155120, 9180391, 25271
315513, 9155130, 9180404, 25274
315514, 9155140, 9180418, 25278
315515, 9155150, 9180431, 25281
315516, 9155160, 9184012, 28852
315517, 9155170, 9184026, 28856
315519, 9155190, 9184039, 28849
315520, 9155200, 9184052, 28852
315521, 9155210, 9184066, 28856
315522, 9155220, 9184079, 28859
315523, 9155230, 9184093, 28863
315524, 9155240, 9184106, 28866
315525, 9155250, 9184120, 28870
315526, 9155260, 9184133, 28873
315527, 9155270, 9184146, 28876
315529, 9155290, 9184160, 28870
315530, 9155300, 9184173, 28873
315531, 9155310, 9184187, 28877
315532, 9155320, 9184200, 28880
315533, 9155330, 9184214, 28884
315534, 9155340, 9184227, 28887
315535, 9155350, 9184241, 28891
315536, 9155360, 9184254, 28894
315537, 9155370, 9184267, 28897
315538, 9155380, 9184281, 28901
315540, 9155400, 9184294, 28894
315541, 9155410, 9184308, 28898
315542, 9155420, 9184321, 28901
315543, 9155430, 9184335, 28905
315544, 9155440, 9184348, 28908
315545, 9155450, 9184362, 28912
315546, 9155460, 9184375, 28915
315547, 9155470, 9184388, 28918
315548, 9155480, 9184402, 28922
315551, 9155510, 9184429, 28919
315552, 9155520, 9184442, 28922
315553, 9155530, 9184456, 28926
315554, 9155540, 9184469, 28929
315555, 9155550, 9184482, 28932
315556, 9155560, 9184496, 28936
315557, 9155570, 9184509, 28939
315558, 9155580, 9184523, 28943
315559, 9155590, 9184536, 28946
315561, 9155610, 9184550, 28940
315562, 9155620, 9184563, 28943
315563, 9155630, 9184577, 28947
315564, 9155640, 9184590, 28950
315565, 9155650, 9184603, 28953
315566, 9155660, 9184617, 28957
315567, 9155670, 9184630, 28960
315568, 9155680, 9184644, 28964
315569, 9155690, 9184657, 28967
315570, 9155700, 9184671, 28971
315572, 9155720, 9184684, 28964
315573, 9155730, 9184698, 28968
315574, 9155740, 9184711, 28971
315575, 9155750, 9184724, 28974
315576, 9155760, 9184738, 28978
315577, 9155770, 9184751, 28981
315578, 9155780, 9184765, 28985
315579, 9155790, 9184778, 28988
315580, 9155800, 9184792, 28992
315582, 9155820, 9184805, 28985
315583, 9155830, 9184818, 28988
315584, 9155840, 9184832, 28992
315585, 9155850, 9184845, 28995
315586, 9155860, 9184859, 28999
315587, 9155870, 9184872, 29002
315588, 9155880, 9184886, 29006
315589, 9155890, 9184899, 29009
315590, 9155900, 9184913, 29013
315591, 9155910, 9184926, 29016
315593, 9155930, 9184939, 29009
315594, 9155940, 9184953, 29013
315595, 9155950, 9184966, 29016
315596, 9155960, 9184980, 29020
315597, 9155970, 9184993, 29023
315598, 9155980, 9185007, 29027
315599, 9155990, 9185020, 29030
316002, 9160020, 9185047, 25027
316003, 9160030, 9185060, 25030
316004, 9160040, 9185074, 25034
316005, 9160050, 9185087, 25037
316006, 9160060, 9185101, 25041
316007, 9160070, 9185114, 25044
316008, 9160080, 9185127, 25047
316009, 9160090, 9185141, 25051
316010, 9160100, 9185154, 25054
316012, 9160120, 9185168, 25048
316013, 9160130, 9185181, 25051
316014, 9160140, 9185195, 25055
316015, 9160150, 9185208, 25058
316016, 9160160, 9185222, 25062
316017, 9160170, 9185235, 25065
316018, 9160180, 9185248, 25068
316019, 9160190, 9185262, 25072
316020, 9160200, 9185275, 25075
316021, 9160210, 9185289, 25079
316023, 9160230, 9185302, 25072
316024, 9160240, 9185316, 25076
316025, 9160250, 9185329, 25079
316026, 9160260, 9185342, 25082
316027, 9160270, 9185356, 25086
316028, 9160280, 9185369, 25089
316029, 9160290, 9185383, 25093
316030, 9160300, 9185396, 25096
316031, 9160310, 9185410, 25100
316033, 9160330, 9185423, 25093
316034, 9160340, 9185437, 25097
316035, 9160350, 9185450, 25100
316036, 9160360, 9185463, 25103
316037, 9160370, 9185477, 25107
316038, 9160380, 9185490, 25110
316039, 9160390, 9185504, 25114
316040, 9160400, 9185517, 25117
316041, 9160410, 9185531, 25121
316042, 9160420, 9185544, 25124
316044, 9160440, 9185558, 25118
316045, 9160450, 9185571, 25121
316046, 9160460, 9185584, 25124
316047, 9160470, 9185598, 25128
316048, 9160480, 9185611, 25131
316049, 9160490, 9185625, 25135
316051, 9160510, 9185652, 25142
316052, 9160520, 9185665, 25145
316053, 9160530, 9185678, 25148
316055, 9160550, 9185692, 25142
316056, 9160560, 9185705, 25145
316057, 9160570, 9185719, 25149
316058, 9160580, 9185732, 25152
316059, 9160590, 9185746, 25156
316060, 9160600, 9185759, 25159
316061, 9160610, 9185773, 25163
316062, 9160620, 9185786, 25166
316063, 9160630, 9185799, 25169
316065, 9160650, 9185813, 25163
316066, 9160660, 9185826, 25166
316067, 9160670, 9185840, 25170
316068, 9160680, 9185853, 25173
316069, 9160690, 9185867, 25177
316070, 9160700, 9185880, 25180
316071, 9160710, 9185894, 25184
316072, 9160720, 9185907, 25187
316073, 9160730, 9185920, 25190
316074, 9160740, 9185934, 25194
316076, 9160760, 9185947, 25187
316077, 9160770, 9185961, 25191
316078, 9160780, 9185974, 25194
316079, 9160790, 9185988, 25198
316080, 9160800, 9186001, 25201
316081, 9160810, 9186014, 25204
316082, 9160820, 9186028, 25208
316083, 9160830, 9186041, 25211
316084, 9160840, 9186055, 25215
316085, 9160850, 9186068, 25218
316087, 9160870, 9186082, 25212
316088, 9160880, 9186095, 25215
316089, 9160890, 9186109, 25219
316090, 9160900, 9186122, 25222
316091, 9160910, 9186135, 25225
316092, 9160920, 9186149, 25229
316093, 9160930, 9186162, 25232
316094, 9160940, 9186176, 25236
316095, 9160950, 9186189, 25239
316097, 9160970, 9186203, 25233
316098, 9160980, 9186216, 25236
316099, 9160990, 9186230, 25240
316101, 9161010, 9186256, 25246
316102, 9161020, 9186270, 25250
316103, 9161030, 9186283, 25253
316104, 9161040, 9186297, 25257
316105, 9161050, 9186310, 25260
316106, 9161060, 9186324, 25264
316108, 9161080, 9186337, 25257
316109, 9161090, 9186350, 25260
316110, 9161100, 9186364, 25264
316111, 9161110, 9186377, 25267
316112, 9161120, 9186391, 25271
316113, 9161130, 9186404, 25274
316114, 9161140, 9186418, 25278
316115, 9161150, 9186431, 25281
316116, 9161160, 9190012, 28852
316118, 9161180, 9190026, 28846
316119, 9161190, 9190039, 28849
316120, 9161200, 9190052, 28852
316121, 9161210, 9190066, 28856
316122, 9161220, 9190079, 28859
316123, 9161230, 9190093, 28863
316124, 9161240, 9190106, 28866
316125, 9161250, 9190120, 28870
316126, 9161260, 9190133, 28873
316127, 9161270, 9190146, 28876
316129, 9161290, 9190160, 28870
316130, 9161300, 9190173, 28873
316131, 9161310, 9190187, 28877
316132, 9161320, 9190200, 28880
316133, 9161330, 9190214, 28884
316134, 9161340, 9190227, 28887
316135, 9161350, 9190241, 28891
316136, 9161360, 9190254, 28894
316137, 9161370, 9190267, 28897
316138, 9161380, 9190281, 28901
316140, 9161400, 9190294, 28894
316141, 9161410, 9190308, 28898
316142, 9161420, 9190321, 28901
316143, 9161430, 9190335, 28905
316144, 9161440, 9190348, 28908
316145, 9161450, 9190362, 28912
316146, 9161460, 9190375, 28915
316147, 9161470, 9190388, 28918
316148, 9161480, 9190402, 28922
316151, 9161510, 9190429, 28919
316152, 9161520, 9190442, 28922
316153, 9161530, 9190456, 28926
316154, 9161540, 9190469, 28929
316155, 9161550, 9190482, 28932
316156, 9161560, 9190496, 28936
316157, 9161570, 9190509, 28939
316158, 9161580, 9190523, 28943
316159, 9161590, 9190536, 28946
316161, 9161610, 9190550, 28940
316162, 9161620, 9190563, 28943
316163, 9161630, 9190577, 28947
316164, 9161640, 9190590, 28950
316165, 9161650, 9190603, 28953
316166, 9161660, 9190617, 28957
316167, 9161670, 9190630, 28960
316168, 9161680, 9190644, 28964
316169, 9161690, 9190657, 28967
316171, 9161710, 9190671, 28961
316172, 9161720, 9190684, 28964
316173, 9161730, 9190698, 28968
316174, 9161740, 9190711, 28971
316175, 9161750, 9190724, 28974
316176, 9161760, 9190738, 28978
316177, 9161770, 9190751, 28981
316178, 9161780, 9190765, 28985
316179, 9161790, 9190778, 28988
316180, 9161800, 9190792, 28992
316182, 9161820, 9190805, 28985
316183, 9161830, 9190818, 28988
316184, 9161840, 9190832, 28992
316185, 9161850, 9190845, 28995
316186, 9161860, 9190859, 28999
316187, 9161870, 9190872, 29002
316188, 9161880, 9190886, 29006
316189, 9161890, 9190899, 29009
316190, 9161900, 9190913, 29013
316191, 9161910, 9190926, 29016
316193, 9161930, 9190939, 29009
316194, 9161940, 9190953, 29013
316195, 9161950, 9190966, 29016
316196, 9161960, 9190980, 29020
316197, 9161970, 9190993, 29023
316198, 9161980, 9191007, 29027
316199, 9161990, 9191020, 29030
316602, 9166020, 9191047, 25027
316603, 9166030, 9191060, 25030
316604, 9166040, 9191074, 25034
316605, 9166050, 9191087, 25037
316606, 9166060, 9191101, 25041
316607, 9166070, 9191114, 25044
316608, 9166080, 9191128, 25048
316609, 9166090, 9191141, 25051
316610, 9166100, 9191154, 25054
316612, 9166120, 9191168, 25048
316613, 9166130, 9191181, 25051
316614, 9166140, 9191195, 25055
316615, 9166150, 9191208, 25058
316616, 9166160, 9191222, 25062
316617, 9166170, 9191235, 25065
316618, 9166180, 9191249, 25069
316619, 9166190, 9191262, 25072
316620, 9166200, 9191275, 25075
316621, 9166210, 9191289, 25079
316623, 9166230, 9191302, 25072
316624, 9166240, 9191316, 25076
316625, 9166250, 9191329, 25079
316626, 9166260, 9191343, 25083
316627, 9166270, 9191356, 25086
316628, 9166280, 9191370, 25090
316629, 9166290, 9191383, 25093
316630, 9166300, 9191396, 25096
316631, 9166310, 9191410, 25100
316633, 9166330, 9191423, 25093
316634, 9166340, 9191437, 25097
316635, 9166350, 9191450, 25100
316636, 9166360, 9191464, 25104
316637, 9166370, 9191477, 25107
316638, 9166380, 9191490, 25110
316639, 9166390, 9191504, 25114
316640, 9166400, 9191517, 25117
316641, 9166410, 9191531, 25121
316642, 9166420, 9191544, 25124
316644, 9166440, 9191558, 25118
316645, 9166450, 9191571, 25121
316646, 9166460, 9191585, 25125
316647, 9166470, 9191598, 25128
316648, 9166480, 9191611, 25131
316649, 9166490, 9191625, 25135
316651, 9166510, 9191652, 25142
316652, 9166520, 9191665, 25145
316653, 9166530, 9191679, 25149
316655, 9166550, 9191692, 25142
316656, 9166560, 9191706, 25146
316657, 9166570, 9191719, 25149
316658, 9166580, 9191732, 25152
316659, 9166590, 9191746, 25156
316660, 9166600, 9191759, 25159
316661, 9166610, 9191773, 25163
316662, 9166620, 9191786, 25166
316663, 9166630, 9191800, 25170
316665, 9166650, 9191813, 25163
316666, 9166660, 9191826, 25166
316667, 9166670, 9191840, 25170
316668, 9166680, 9191853, 25173
316669, 9166690, 9191867, 25177
316670, 9166700, 9191880, 25180
316671, 9166710, 9191894, 25184
316672, 9166720, 9191907, 25187
316673, 9166730, 9191921, 25191
316674, 9166740, 9191934, 25194
316676, 9166760, 9191947, 25187
316677, 9166770, 9191961, 25191
316678, 9166780, 9191974, 25194
316679, 9166790, 9191988, 25198
316680, 9166800, 9192001, 25201
316681, 9166810, 9192015, 25205
316682, 9166820, 9192028, 25208
316683, 9166830, 9192042, 25212
316684, 9166840, 9192055, 25215
316685, 9166850, 9192068, 25218
316687, 9166870, 9192082, 25212
316688, 9166880, 9192095, 25215
316689, 9166890, 9192109, 25219
316690, 9166900, 9192122, 25222
316691, 9166910, 9192136, 25226
316692, 9166920, 9192149, 25229
316693, 9166930, 9192162, 25232
316694, 9166940, 9192176, 25236
316695, 9166950, 9192189, 25239
316697, 9166970, 9192203, 25233
316698, 9166980, 9192216, 25236
316699, 9166990, 9192230, 25240
316701, 9167010, 9192257, 25247
316702, 9167020, 9192270, 25250
316703, 9167030, 9192283, 25253
316704, 9167040, 9192297, 25257
316705, 9167050, 9192310, 25260
316706, 9167060, 9192324, 25264
316708, 9167080, 9192337, 25257
316709, 9167090, 9192351, 25261
316710, 9167100, 9192364, 25264
316711, 9167110, 9192378, 25268
316712, 9167120, 9192391, 25271
316713, 9167130, 9192404, 25274
316714, 9167140, 9192418, 25278
316715, 9167150, 9192431, 25281
316716, 9167160, 9196012, 28852
316718, 9167180, 9196026, 28846
316719, 9167190, 9196039, 28849
316720, 9167200, 9196052, 28852
316721, 9167210, 9196066, 28856
316722, 9167220, 9196079, 28859
316723, 9167230, 9196093, 28863
316724, 9167240, 9196106, 28866
316725, 9167250, 9196120, 28870
316726, 9167260, 9196133, 28873
316727, 9167270, 9196146, 28876
316729, 9167290, 9196160, 28870
316730, 9167300, 9196173, 28873
316731, 9167310, 9196187, 28877
316732, 9167320, 9196200, 28880
316733, 9167330, 9196214, 28884
316734, 9167340, 9196227, 28887
316735, 9167350, 9196241, 28891
316736, 9167360, 9196254, 28894
316737, 9167370, 9196267, 28897
316738, 9167380, 9196281, 28901
316740, 9167400, 9196294, 28894
316741, 9167410, 9196308, 28898
316742, 9167420, 9196321, 28901
316743, 9167430, 9196335, 28905
316744, 9167440, 9196348, 28908
316745, 9167450, 9196362, 28912
316746, 9167460, 9196375, 28915
316747, 9167470, 9196388, 28918
316748, 9167480, 9196402, 28922
316751, 9167510, 9196429, 28919
316752, 9167520, 9196442, 28922
316753, 9167530, 9196456, 28926
316754, 9167540, 9196469, 28929
316755, 9167550, 9196482, 28932
316756, 9167560, 9196496, 28936
316757, 9167570, 9196509, 28939
316758, 9167580, 9196523, 28943
316759, 9167590, 9196536, 28946
316761, 9167610, 9196550, 28940
316762, 9167620, 9196563, 28943
316763, 9167630, 9196577, 28947
316764, 9167640, 9196590, 28950
316765, 9167650, 9196603, 28953
316766, 9167660, 9196617, 28957
316767, 9167670, 9196630, 28960
316768, 9167680, 9196644, 28964
316769, 9167690, 9196657, 28967
316771, 9167710, 9196671, 28961
316772, 9167720, 9196684, 28964
316773, 9167730, 9196698, 28968
316774, 9167740, 9196711, 28971
316775, 9167750, 9196724, 28974
316776, 9167760, 9196738, 28978
316777, 9167770, 9196751, 28981
316778, 9167780, 9196765, 28985
316779, 9167790, 9196778, 28988
316780, 9167800, 9196792, 28992
316782, 9167820, 9196805, 28985
316783, 9167830, 9196818, 28988
316784, 9167840, 9196832, 28992
316785, 9167850, 9196845, 28995
316786, 9167860, 9196859, 28999
316787, 9167870, 9196872, 29002
316788, 9167880, 9196886, 29006
316789, 9167890, 9196899, 29009
316790, 9167900, 9196913, 29013
316791, 9167910, 9196926, 29016
316793, 9167930, 9196939, 29009
316794, 9167940, 9196953, 29013
316795, 9167950, 9196966, 29016
316796, 9167960, 9196980, 29020
316797, 9167970, 9196993, 29023
316798, 9167980, 9197007, 29027
316799, 9167990, 9197020, 29030
317202, 9172020, 9197047, 25027
317203, 9172030, 9197060, 25030
317204, 9172040, 9197074, 25034
317205, 9172050, 9197087, 25037
317206, 9172060, 9197101, 25041
317207, 9172070, 9197114, 25044
317208, 9172080, 9197128, 25048
317209, 9172090, 9197141, 25051
317210, 9172100, 9197154, 25054
317212, 9172120, 9197168, 25048
317213, 9172130, 9197181, 25051
317214, 9172140, 9197195, 25055
317215, 9172150, 9197208, 25058
317216, 9172160, 9197222, 25062
317217, 9172170, 9197235, 25065
317218, 9172180, 9197249, 25069
317219, 9172190, 9197262, 25072
317220, 9172200, 9197275, 25075
317221, 9172210, 9197289, 25079
317223, 9172230, 9197302, 25072
317224, 9172240, 9197316, 25076
317225, 9172250, 9197329, 25079
317226, 9172260, 9197343, 25083
317227, 9172270, 9197356, 25086
317228, 9172280, 9197370, 25090
317229, 9172290, 9197383, 25093
317230, 9172300, 9197396, 25096
317231, 9172310, 9197410, 25100
317233, 9172330, 9197423, 25093
317234, 9172340, 9197437, 25097
317235, 9172350, 9197450, 25100
317236, 9172360, 9197464, 25104
317237, 9172370, 9197477, 25107
317238, 9172380, 9197490, 25110
317239, 9172390, 9197504, 25114
317240, 9172400, 9197517, 25117
317241, 9172410, 9197531, 25121
317242, 9172420, 9197544, 25124
317244, 9172440, 9197558, 25118
317245, 9172450, 9197571, 25121
317246, 9172460, 9197585, 25125
317247, 9172470, 9197598, 25128
317248, 9172480, 9197611, 25131
317249, 9172490, 9197625, 25135
317251, 9172510, 9197652, 25142
317252, 9172520, 9197665, 25145
317253, 9172530, 9197679, 25149
317255, 9172550, 9197692, 25142
317256, 9172560, 9197706, 25146
317257, 9172570, 9197719, 25149
317258, 9172580, 9197732, 25152
317259, 9172590, 9197746, 25156
317260, 9172600, 9197759, 25159
317261, 9172610, 9197773, 25163
317262, 9172620, 9197786, 25166
317263, 9172630, 9197800, 25170
317265, 9172650, 9197813, 25163
317266, 9172660, 9197826, 25166
317267, 9172670, 9197840, 25170
317268, 9172680, 9197853, 25173
317269, 9172690, 9197867, 25177
317270, 9172700, 9197880, 25180
317271, 9172710, 9197894, 25184
317272, 9172720, 9197907, 25187
317273, 9172730, 9197921, 25191
317274, 9172740, 9197934, 25194
317276, 9172760, 9197947, 25187
317277, 9172770, 9197961, 25191
317278, 9172780, 9197974, 25194
317279, 9172790, 9197988, 25198
317280, 9172800, 9198001, 25201
317281, 9172810, 9198015, 25205
317282, 9172820, 9198028, 25208
317283, 9172830, 9198042, 25212
317284, 9172840, 9198055, 25215
317285, 9172850, 9198068, 25218
317287, 9172870, 9198082, 25212
317288, 9172880, 9198095, 25215
317289, 9172890, 9198109, 25219
317290, 9172900, 9198122, 25222
317291, 9172910, 9198136, 25226
317292, 9172920, 9198149, 25229
317293, 9172930, 9198162, 25232
317294, 9172940, 9198176, 25236
317295, 9172950, 9198189, 25239
317297, 9172970, 9198203, 25233
317298, 9172980, 9198216, 25236
317299, 9172990, 9198230, 25240
317301, 9173010, 9198257, 25247
317302, 9173020, 9198270, 25250
317303, 9173030, 9198283, 25253
317304, 9173040, 9198297, 25257
317305, 9173050, 9198310, 25260
317306, 9173060, 9198324, 25264
317308, 9173080, 9198337, 25257
317309, 9173090, 9198351, 25261
317310, 9173100, 9198364, 25264
317311, 9173110, 9198378, 25268
317312, 9173120, 9198391, 25271
317313, 9173130, 9198404, 25274
317314, 9173140, 9198418, 25278
317315, 9173150, 9198431, 25281
317316, 9173160, 9202012, 28852
317318, 9173180, 9202026, 28846
317319, 9173190, 9202039, 28849
317320, 9173200, 9202052, 28852
317321, 9173210, 9202066, 28856
317322, 9173220, 9202079, 28859
317323, 9173230, 9202093, 28863
317324, 9173240, 9202106, 28866
317325, 9173250, 9202120, 28870
317326, 9173260, 9202133, 28873
317327, 9173270, 9202146, 28876
317329, 9173290, 9202160, 28870
317330, 9173300, 9202173, 28873
317331, 9173310, 9202187, 28877
317332, 9173320, 9202200, 28880
317333, 9173330, 9202214, 28884
317334, 9173340, 9202227, 28887
317335, 9173350, 9202241, 28891
317336, 9173360, 9202254, 28894
317337, 9173370, 9202267, 28897
317338, 9173380, 9202281, 28901
317340, 9173400, 9202294, 28894
317341, 9173410, 9202308, 28898
317342, 9173420, 9202321, 28901
317343, 9173430, 9202335, 28905
317344, 9173440, 9202348, 28908
317345, 9173450, 9202362, 28912
317346, 9173460, 9202375, 28915
317347, 9173470, 9202388, 28918
317348, 9173480, 9202402, 28922
317351, 9173510, 9202429, 28919
317352, 9173520, 9202442, 28922
317353, 9173530, 9202456, 28926
317354, 9173540, 9202469, 28929
317355, 9173550, 9202482, 28932
317356, 9173560, 9202496, 28936
317357, 9173570, 9202509, 28939
317358, 9173580, 9202523, 28943
317359, 9173590, 9202536, 28946
317361, 9173610, 9202550, 28940
317362, 9173620, 9202563, 28943
317363, 9173630, 9202577, 28947
317364, 9173640, 9202590, 28950
317365, 9173650, 9202603, 28953
317366, 9173660, 9202617, 28957
317367, 9173670, 9202630, 28960
317368, 9173680, 9202644, 28964
317369, 9173690, 9202657, 28967
317371, 9173710, 9202671, 28961
317372, 9173720, 9202684, 28964
317373, 9173730, 9202698, 28968
317374, 9173740, 9202711, 28971
317375, 9173750, 9202724, 28974
317376, 9173760, 9202738, 28978
317377, 9173770, 9202751, 28981
317378, 9173780, 9202765, 28985
317379, 9173790, 9202778, 28988
317380, 9173800, 9202792, 28992
317382, 9173820, 9202805, 28985
317383, 9173830, 9202818, 28988
317384, 9173840, 9202832, 28992
317385, 9173850, 9202845, 28995
317386, 9173860, 9202859, 28999
317387, 9173870, 9202872, 29002
317388, 9173880, 9202886, 29006
317389, 9173890, 9202899, 29009
317390, 9173900, 9202913, 29013
317391, 9173910, 9202926, 29016
317393, 9173930, 9202939, 29009
317394, 9173940, 9202953, 29013
317395, 9173950, 9202966, 29016
317396, 9173960, 9202980, 29020
317397, 9173970, 9202993, 29023
317398, 9173980, 9203007, 29027
317399, 9173990, 9203020, 29030
317802, 9178020, 9203047, 25027
317803, 9178030, 9203060, 25030
317804, 9178040, 9203074, 25034
317805, 9178050, 9203087, 25037
317806, 9178060, 9203101, 25041
317807, 9178070, 9203114, 25044
317808, 9178080, 9203128, 25048
317809, 9178090, 9203141, 25051
317810, 9178100, 9203154, 25054
317812, 9178120, 9203168, 25048
317813, 9178130, 9203181, 25051
317814, 9178140, 9203195, 25055
317815, 9178150, 9203208, 25058
317816, 9178160, 9203222, 25062
317817, 9178170, 9203235, 25065
317818, 9178180, 9203249, 25069
317819, 9178190, 9203262, 25072
317820, 9178200, 9203275, 25075
317821, 9178210, 9203289, 25079
317823, 9178230, 9203302, 25072
317824, 9178240, 9203316, 25076
317825, 9178250, 9203329, 25079
317826, 9178260, 9203343, 25083
317827, 9178270, 9203356, 25086
317828, 9178280, 9203370, 25090
317829, 9178290, 9203383, 25093
317830, 9178300, 9203396, 25096
317831, 9178310, 9203410, 25100
317833, 9178330, 9203423, 25093
317834, 9178340, 9203437, 25097
317835, 9178350, 9203450, 25100
317836, 9178360, 9203464, 25104
317837, 9178370, 9203477, 25107
317838, 9178380, 9203490, 25110
317839, 9178390, 9203504, 25114
317840, 9178400, 9203517, 25117
317841, 9178410, 9203531, 25121
317842, 9178420, 9203544, 25124
317844, 9178440, 9203558, 25118
317845, 9178450, 9203571, 25121
317846, 9178460, 9203585, 25125
317847, 9178470, 9203598, 25128
317848, 9178480, 9203611, 25131
317849, 9178490, 9203625, 25135
317851, 9178510, 9203652, 25142
317852, 9178520, 9203665, 25145
317853, 9178530, 9203679, 25149
317855, 9178550, 9203692, 25142
317856, 9178560, 9203706, 25146
317857, 9178570, 9203719, 25149
317858, 9178580, 9203732, 25152
317859, 9178590, 9203746, 25156
317860, 9178600, 9203759, 25159
317861, 9178610, 9203773, 25163
317862, 9178620, 9203786, 25166
317863, 9178630, 9203800, 25170
317865, 9178650, 9203813, 25163
317866, 9178660, 9203826, 25166
317867, 9178670, 9203840, 25170
317868, 9178680, 9203853, 25173
317869, 9178690, 9203867, 25177
317870, 9178700, 9203880, 25180
317871, 9178710, 9203894, 25184
317872, 9178720, 9203907, 25187
317873, 9178730, 9203921, 25191
317874, 9178740, 9203934, 25194
317876, 9178760, 9203947, 25187
317877, 9178770, 9203961, 25191
317878, 9178780, 9203974, 25194
317879, 9178790, 9203988, 25198
317880, 9178800, 9204001, 25201
317881, 9178810, 9204015, 25205
317882, 9178820, 9204028, 25208
317883, 9178830, 9204042, 25212
317884, 9178840, 9204055, 25215
317885, 9178850, 9204068, 25218
317887, 9178870, 9204082, 25212
317888, 9178880, 9204095, 25215
317889, 9178890, 9204109, 25219
317890, 9178900, 9204122, 25222
317891, 9178910, 9204136, 25226
317892, 9178920, 9204149, 25229
317893, 9178930, 9204162, 25232
317894, 9178940, 9204176, 25236
317895, 9178950, 9204189, 25239
317897, 9178970, 9204203, 25233
317898, 9178980, 9204216, 25236
317899, 9178990, 9204230, 25240
317901, 9179010, 9204257, 25247
317902, 9179020, 9204270, 25250
317903, 9179030, 9204283, 25253
317904, 9179040, 9204297, 25257
317905, 9179050, 9204310, 25260
317906, 9179060, 9204324, 25264
317908, 9179080, 9204337, 25257
317909, 9179090, 9204351, 25261
317910, 9179100, 9204364, 25264
317911, 9179110, 9204378, 25268
317912, 9179120, 9204391, 25271
317913, 9179130, 9204404, 25274
317914, 9179140, 9204418, 25278
317915, 9179150, 9204431, 25281
317916, 9179160, 9208012, 28852
317918, 9179180, 9208026, 28846
317919, 9179190, 9208039, 28849
317920, 9179200, 9208052, 28852
317921, 9179210, 9208066, 28856
317922, 9179220, 9208079, 28859
317923, 9179230, 9208093, 28863
317924, 9179240, 9208106, 28866
317925, 9179250, 9208120, 28870
317926, 9179260, 9208133, 28873
317927, 9179270, 9208146, 28876
317929, 9179290, 9208160, 28870
317930, 9179300, 9208173, 28873
317931, 9179310, 9208187, 28877
317932, 9179320, 9208200, 28880
317933, 9179330, 9208214, 28884
317934, 9179340, 9208227, 28887
317935, 9179350, 9208241, 28891
317936, 9179360, 9208254, 28894
317937, 9179370, 9208267, 28897
317938, 9179380, 9208281, 28901
317940, 9179400, 9208294, 28894
317941, 9179410, 9208308, 28898
317942, 9179420, 9208321, 28901
317943, 9179430, 9208335, 28905
317944, 9179440, 9208348, 28908
317945, 9179450, 9208362, 28912
317946, 9179460, 9208375, 28915
317947, 9179470, 9208388, 28918
317948, 9179480, 9208402, 28922
317951, 9179510, 9208429, 28919
317952, 9179520, 9208442, 28922
317953, 9179530, 9208456, 28926
317954, 9179540, 9208469, 28929
317955, 9179550, 9208482, 28932
317956, 9179560, 9208496, 28936
317957, 9179570, 9208509, 28939
317958, 9179580, 9208523, 28943
317959, 9179590, 9208536, 28946
317961, 9179610, 9208550, 28940
317962, 9179620, 9208563, 28943
317963, 9179630, 9208577, 28947
317964, 9179640, 9208590, 28950
317965, 9179650, 9208603, 28953
317966, 9179660, 9208617, 28957
317967, 9179670, 9208630, 28960
317968, 9179680, 9208644, 28964
317969, 9179690, 9208657, 28967
317971, 9179710, 9208671, 28961
317972, 9179720, 9208684, 28964
317973, 9179730, 9208698, 28968
317974, 9179740, 9208711, 28971
317975, 9179750, 9208724, 28974
317976, 9179760, 9208738, 28978
317977, 9179770, 9208751, 28981
317978, 9179780, 9208765, 28985
317979, 9179790, 9208778, 28988
317980, 9179800, 9208792, 28992
317982, 9179820, 9208805, 28985
317983, 9179830, 9208818, 28988
317984, 9179840, 9208832, 28992
317985, 9179850, 9208845, 28995
317986, 9179860, 9208859, 28999
317987, 9179870, 9208872, 29002
317988, 9179880, 9208886, 29006
317989, 9179890, 9208899, 29009
317990, 9179900, 9208913, 29013
317991, 9179910, 9208926, 29016
317993, 9179930, 9208939, 29009
317994, 9179940, 9208953, 29013
317995, 9179950, 9208966, 29016
317996, 9179960, 9208980, 29020
317997, 9179970, 9208993, 29023
317998, 9179980, 9209007, 29027
317999, 9179990, 9209020, 29030
318402, 9184020, 9209047, 25027
318403, 9184030, 9209060, 25030
318404, 9184040, 9209074, 25034
318405, 9184050, 9209087, 25037
318406, 9184060, 9209101, 25041
318407, 9184070, 9209114, 25044
318408, 9184080, 9209128, 25048
318409, 9184090, 9209141, 25051
318410, 9184100, 9209154, 25054
318412, 9184120, 9209168, 25048
318413, 9184130, 9209181, 25051
318414, 9184140, 9209195, 25055
318415, 9184150, 9209208, 25058
318416, 9184160, 9209222, 25062
318417, 9184170, 9209235, 25065
318418, 9184180, 9209249, 25069
318419, 9184190, 9209262, 25072
318420, 9184200, 9209275, 25075
318421, 9184210, 9209289, 25079
318423, 9184230, 9209302, 25072
318424, 9184240, 9209316, 25076
318425, 9184250, 9209329, 25079
318426, 9184260, 9209343, 25083
318427, 9184270, 9209356, 25086
318428, 9184280, 9209370, 25090
318429, 9184290, 9209383, 25093
318430, 9184300, 9209396, 25096
318431, 9184310, 9209410, 25100
318433, 9184330, 9209423, 25093
318434, 9184340, 9209437, 25097
318435, 9184350, 9209450, 25100
318436, 9184360, 9209464, 25104
318437, 9184370, 9209477, 25107
318438, 9184380, 9209490, 25110
318439, 9184390, 9209504, 25114
318440, 9184400, 9209517, 25117
318441, 9184410, 9209531, 25121
318442, 9184420, 9209544, 25124
318444, 9184440, 9209558, 25118
318445, 9184450, 9209571, 25121
318446, 9184460, 9209585, 25125
318447, 9184470, 9209598, 25128
318448, 9184480, 9209611, 25131
318449, 9184490, 9209625, 25135
318451, 9184510, 9209652, 25142
318452, 9184520, 9209665, 25145
318453, 9184530, 9209679, 25149
318455, 9184550, 9209692, 25142
318456, 9184560, 9209706, 25146
318457, 9184570, 9209719, 25149
318458, 9184580, 9209732, 25152
318459, 9184590, 9209746, 25156
318460, 9184600, 9209759, 25159
318461, 9184610, 9209773, 25163
318462, 9184620, 9209786, 25166
318463, 9184630, 9209800, 25170
318465, 9184650, 9209813, 25163
318466, 9184660, 9209826, 25166
318467, 9184670, 9209840, 25170
318468, 9184680, 9209853, 25173
318469, 9184690, 9209867, 25177
318470, 9184700, 9209880, 25180
318471, 9184710, 9209894, 25184
318472, 9184720, 9209907, 25187
318473, 9184730, 9209921, 25191
318474, 9184740, 9209934, 25194
318476, 9184760, 9209947, 25187
318477, 9184770, 9209961, 25191
318478, 9184780, 9209974, 25194
318479, 9184790, 9209988, 25198
318480, 9184800, 9210001, 25201
318481, 9184810, 9210015, 25205
318482, 9184820, 9210028, 25208
318483, 9184830, 9210042, 25212
318484, 9184840, 9210055, 25215
318485, 9184850, 9210068, 25218
318487, 9184870, 9210082, 25212
318488, 9184880, 9210095, 25215
318489, 9184890, 9210109, 25219
318490, 9184900, 9210122, 25222
318491, 9184910, 9210136, 25226
318492, 9184920, 9210149, 25229
318493, 9184930, 9210162, 25232
318494, 9184940, 9210176, 25236
318495, 9184950, 9210189, 25239
318497, 9184970, 9210203, 25233
318498, 9184980, 9210216, 25236
318499, 9184990, 9210230, 25240
318501, 9185010, 9210257, 25247
318502, 9185020, 9210270, 25250
318503, 9185030, 9210283, 25253
318504, 9185040, 9210297, 25257
318505, 9185050, 9210310, 25260
318506, 9185060, 9210324, 25264
318508, 9185080, 9210337, 25257
318509, 9185090, 9210351, 25261
318510, 9185100, 9210364, 25264
318511, 9185110, 9210378, 25268
318512, 9185120, 9210391, 25271
318513, 9185130, 9210404, 25274
318514, 9185140, 9210418, 25278
318515, 9185150, 9210431, 25281
318516, 9185160, 9214012, 28852
318517, 9185170, 9214026, 28856
318519, 9185190, 9214039, 28849
318520, 9185200, 9214052, 28852
318521, 9185210, 9214066, 28856
318522, 9185220, 9214079, 28859
318523, 9185230, 9214093, 28863
318524, 9185240, 9214106, 28866
318525, 9185250, 9214120, 28870
318526, 9185260, 9214133, 28873
318527, 9185270, 9214146, 28876
318529, 9185290, 9214160, 28870
318530, 9185300, 9214173, 28873
318531, 9185310, 9214187, 28877
318532, 9185320, 9214200, 28880
318533, 9185330, 9214214, 28884
318534, 9185340, 9214227, 28887
318535, 9185350, 9214241, 28891
318536, 9185360, 9214254, 28894
318537, 9185370, 9214267, 28897
318538, 9185380, 9214281, 28901
318540, 9185400, 9214294, 28894
318541, 9185410, 9214308, 28898
318542, 9185420, 9214321, 28901
318543, 9185430, 9214335, 28905
318544, 9185440, 9214348, 28908
318545, 9185450, 9214362, 28912
318546, 9185460, 9214375, 28915
318547, 9185470, 9214388, 28918
318548, 9185480, 9214402, 28922
318551, 9185510, 9214429, 28919
318552, 9185520, 9214442, 28922
318553, 9185530, 9214456, 28926
318554, 9185540, 9214469, 28929
318555, 9185550, 9214482, 28932
318556, 9185560, 9214496, 28936
318557, 9185570, 9214509, 28939
318558, 9185580, 9214523, 28943
318559, 9185590, 9214536, 28946
318561, 9185610, 9214550, 28940
318562, 9185620, 9214563, 28943
318563, 9185630, 9214577, 28947
318564, 9185640, 9214590, 28950
318565, 9185650, 9214603, 28953
318566, 9185660, 9214617, 28957
318567, 9185670, 9214630, 28960
318568, 9185680, 9214644, 28964
318569, 9185690, 9214657, 28967
318570, 9185700, 9214671, 28971
318572, 9185720, 9214684, 28964
318573, 9185730, 9214698, 28968
318574, 9185740, 9214711, 28971
318575, 9185750, 9214724, 28974
318576, 9185760, 9214738, 28978
318577, 9185770, 9214751, 28981
318578, 9185780, 9214765, 28985
318579, 9185790, 9214778, 28988
318580, 9185800, 9214792, 28992
318582, 9185820, 9214805, 28985
318583, 9185830, 9214818, 28988
318584, 9185840, 9214832, 28992
318585, 9185850, 9214845, 28995
318586, 9185860, 9214859, 28999
318587, 9185870, 9214872, 29002
318588, 9185880, 9214886, 29006
318589, 9185890, 9214899, 29009
318590, 9185900, 9214913, 29013
318591, 9185910, 9214926, 29016
318593, 9185930, 9214939, 29009
318594, 9185940, 9214953, 29013
318595, 9185950, 9214966, 29016
318596, 9185960, 9214980, 29020
318597, 9185970, 9214993, 29023
318598, 9185980, 9215007, 29027
318599, 9185990, 9215020, 29030
319002, 9190020, 9215047, 25027
319003, 9190030, 9215060, 25030
319004, 9190040, 9215074, 25034
319005, 9190050, 9215087, 25037
319006, 9190060, 9215101, 25041
319007, 9190070, 9215114, 25044
319008, 9190080, 9215127, 25047
319009, 9190090, 9215141, 25051
319010, 9190100, 9215154, 25054
319012, 9190120, 9215168, 25048
319013, 9190130, 9215181, 25051
319014, 9190140, 9215195, 25055
319015, 9190150, 9215208, 25058
319016, 9190160, 9215222, 25062
319017, 9190170, 9215235, 25065
319018, 9190180, 9215248, 25068
319019, 9190190, 9215262, 25072
319020, 9190200, 9215275, 25075
319021, 9190210, 9215289, 25079
319023, 9190230, 9215302, 25072
319024, 9190240, 9215316, 25076
319025, 9190250, 9215329, 25079
319026, 9190260, 9215342, 25082
319027, 9190270, 9215356, 25086
319028, 9190280, 9215369, 25089
319029, 9190290, 9215383, 25093
319030, 9190300, 9215396, 25096
319031, 9190310, 9215410, 25100
319033, 9190330, 9215423, 25093
319034, 9190340, 9215437, 25097
319035, 9190350, 9215450, 25100
319036, 9190360, 9215463, 25103
319037, 9190370, 9215477, 25107
319038, 9190380, 9215490, 25110
319039, 9190390, 9215504, 25114
319040, 9190400, 9215517, 25117
319041, 9190410, 9215531, 25121
319042, 9190420, 9215544, 25124
319044, 9190440, 9215558, 25118
319045, 9190450, 9215571, 25121
319046, 9190460, 9215584, 25124
319047, 9190470, 9215598, 25128
319048, 9190480, 9215611, 25131
319049, 9190490, 9215625, 25135
319051, 9190510, 9215652, 25142
319052, 9190520, 9215665, 25145
319053, 9190530, 9215678, 25148
319055, 9190550, 9215692, 25142
319056, 9190560, 9215705, 25145
319057, 9190570, 9215719, 25149
319058, 9190580, 9215732, 25152
319059, 9190590, 9215746, 25156
319060, 9190600, 9215759, 25159
319061, 9190610, 9215773, 25163
319062, 9190620, 9215786, 25166
319063, 9190630, 9215799, 25169
319065, 9190650, 9215813, 25163
319066, 9190660, 9215826, 25166
319067, 9190670, 9215840, 25170
319068, 9190680, 9215853, 25173
319069, 9190690, 9215867, 25177
319070, 9190700, 9215880, 25180
319071, 9190710, 9215894, 25184
319072, 9190720, 9215907, 25187
319073, 9190730, 9215920, 25190
319074, 9190740, 9215934, 25194
319076, 9190760, 9215947, 25187
319077, 9190770, 9215961, 25191
319078, 9190780, 9215974, 25194
319079, 9190790, 9215988, 25198
319080, 9190800, 9216001, 25201
319081, 9190810, 9216014, 25204
319082, 9190820, 9216028, 25208
319083, 9190830, 9216041, 25211
319084, 9190840, 9216055, 25215
319085, 9190850, 9216068, 25218
319087, 9190870, 9216082, 25212
319088, 9190880, 9216095, 25215
319089, 9190890, 9216109, 25219
319090, 9190900, 9216122, 25222
319091, 9190910, 9216135, 25225
319092, 9190920, 9216149, 25229
319093, 9190930, 9216162, 25232
319094, 9190940, 9216176, 25236
319095, 9190950, 9216189, 25239
319097, 9190970, 9216203, 25233
319098, 9190980, 9216216, 25236
319099, 9190990, 9216230, 25240
319101, 9191010, 9216256, 25246
319102, 9191020, 9216270, 25250
319103, 9191030, 9216283, 25253
319104, 9191040, 9216297, 25257
319105, 9191050, 9216310, 25260
319106, 9191060, 9216324, 25264
319108, 9191080, 9216337, 25257
319109, 9191090, 9216350, 25260
319110, 9191100, 9216364, 25264
319111, 9191110, 9216377, 25267
319112, 9191120, 9216391, 25271
319113, 9191130, 9216404, 25274
319114, 9191140, 9216418, 25278
319115, 9191150, 9216431, 25281
319116, 9191160, 9220012, 28852
319118, 9191180, 9220026, 28846
319119, 9191190, 9220039, 28849
319120, 9191200, 9220052, 28852
319121, 9191210, 9220066, 28856
319122, 9191220, 9220079, 28859
319123, 9191230, 9220093, 28863
319124, 9191240, 9220106, 28866
319125, 9191250, 9220120, 28870
319126, 9191260, 9220133, 28873
319127, 9191270, 9220146, 28876
319129, 9191290, 9220160, 28870
319130, 9191300, 9220173, 28873
319131, 9191310, 9220187, 28877
319132, 9191320, 9220200, 28880
319133, 9191330, 9220214, 28884
319134, 9191340, 9220227, 28887
319135, 9191350, 9220241, 28891
319136, 9191360, 9220254, 28894
319137, 9191370, 9220267, 28897
319138, 9191380, 9220281, 28901
319140, 9191400, 9220294, 28894
319141, 9191410, 9220308, 28898
319142, 9191420, 9220321, 28901
319143, 9191430, 9220335, 28905
319144, 9191440, 9220348, 28908
319145, 9191450, 9220362, 28912
319146, 9191460, 9220375, 28915
319147, 9191470, 9220388, 28918
319148, 9191480, 9220402, 28922
319151, 9191510, 9220429, 28919
319152, 9191520, 9220442, 28922
319153, 9191530, 9220456, 28926
319154, 9191540, 9220469, 28929
319155, 9191550, 9220482, 28932
319156, 9191560, 9220496, 28936
319157, 9191570, 9220509, 28939
319158, 9191580, 9220523, 28943
319159, 9191590, 9220536, 28946
319161, 9191610, 9220550, 28940
319162, 9191620, 9220563, 28943
319163, 9191630, 9220577, 28947
319164, 9191640, 9220590, 28950
319165, 9191650, 9220603, 28953
319166, 9191660, 9220617, 28957
319167, 9191670, 9220630, 28960
319168, 9191680, 9220644, 28964
319169, 9191690, 9220657, 28967
319171, 9191710, 9220671, 28961
319172, 9191720, 9220684, 28964
319173, 9191730, 9220698, 28968
319174, 9191740, 9220711, 28971
319175, 9191750, 9220724, 28974
319176, 9191760, 9220738, 28978
319177, 9191770, 9220751, 28981
319178, 9191780, 9220765, 28985
319179, 9191790, 9220778, 28988
319180, 9191800, 9220792, 28992
319182, 9191820, 9220805, 28985
319183, 9191830, 9220818, 28988
319184, 9191840, 9220832, 28992
319185, 9191850, 9220845, 28995
319186, 9191860, 9220859, 28999
319187, 9191870, 9220872, 29002
319188, 9191880, 9220886, 29006
319189, 9191890, 9220899, 29009
319190, 9191900, 9220913, 29013
319191, 9191910, 9220926, 29016
319193, 9191930, 9220939, 29009
319194, 9191940, 9220953, 29013
319195, 9191950, 9220966, 29016
319196, 9191960, 9220980, 29020
319197, 9191970, 9220993, 29023
319198, 9191980, 9221007, 29027
319199, 9191990, 9221020, 29030
319602, 9196020, 9221047, 25027
319603, 9196030, 9221060, 25030
319604, 9196040, 9221074, 25034
319605, 9196050, 9221087, 25037
319606, 9196060, 9221101, 25041
319607, 9196070, 9221114, 25044
319608, 9196080, 9221128, 25048
319609, 9196090, 9221141, 25051
319610, 9196100, 9221154, 25054
319612, 9196120, 9221168, 25048
319613, 9196130, 9221181, 25051
319614, 9196140, 9221195, 25055
319615, 9196150, 9221208, 25058
319616, 9196160, 9221222, 25062
319617, 9196170, 9221235, 25065
319618, 9196180, 9221249, 25069
319619, 9196190, 9221262, 25072
319620, 9196200, 9221275, 25075
319621, 9196210, 9221289, 25079
319623, 9196230, 9221302, 25072
319624, 9196240, 9221316, 25076
319625, 9196250, 9221329, 25079
319626, 9196260, 9221343, 25083
319627, 9196270, 9221356, 25086
319628, 9196280, 9221370, 25090
319629, 9196290, 9221383, 25093
319630, 9196300, 9221396, 25096
319631, 9196310, 9221410, 25100
319633, 9196330, 9221423, 25093
319634, 9196340, 9221437, 25097
319635, 9196350, 9221450, 25100
319636, 9196360, 9221464, 25104
319637, 9196370, 9221477, 25107
319638, 9196380, 9221490, 25110
319639, 9196390, 9221504, 25114
319640, 9196400, 9221517, 25117
319641, 9196410, 9221531, 25121
319642, 9196420, 9221544, 25124
319644, 9196440, 9221558, 25118
319645, 9196450, 9221571, 25121
319646, 9196460, 9221585, 25125
319647, 9196470, 9221598, 25128
319648, 9196480, 9221611, 25131
319649, 9196490, 9221625, 25135
319651, 9196510, 9221652, 25142
319652, 9196520, 9221665, 25145
319653, 9196530, 9221679, 25149
319655, 9196550, 9221692, 25142
319656, 9196560, 9221706, 25146
319657, 9196570, 9221719, 25149
319658, 9196580, 9221732, 25152
319659, 9196590, 9221746, 25156
319660, 9196600, 9221759, 25159
319661, 9196610, 9221773, 25163
319662, 9196620, 9221786, 25166
319663, 9196630, 9221800, 25170
319665, 9196650, 9221813, 25163
319666, 9196660, 9221826, 25166
319667, 9196670, 9221840, 25170
319668, 9196680, 9221853, 25173
319669, 9196690, 9221867, 25177
319670, 9196700, 9221880, 25180
319671, 9196710, 9221894, 25184
319672, 9196720, 9221907, 25187
319673, 9196730, 9221921, 25191
319674, 9196740, 9221934, 25194
319676, 9196760, 9221947, 25187
319677, 9196770, 9221961, 25191
319678, 9196780, 9221974, 25194
319679, 9196790, 9221988, 25198
319680, 9196800, 9222001, 25201
319681, 9196810, 9222015, 25205
319682, 9196820, 9222028, 25208
319683, 9196830, 9222042, 25212
319684, 9196840, 9222055, 25215
319685, 9196850, 9222068, 25218
319687, 9196870, 9222082, 25212
319688, 9196880, 9222095, 25215
319689, 9196890, 9222109, 25219
319690, 9196900, 9222122, 25222
319691, 9196910, 9222136, 25226
319692, 9196920, 9222149, 25229
319693, 9196930, 9222162, 25232
319694, 9196940, 9222176, 25236
319695, 9196950, 9222189, 25239
319697, 9196970, 9222203, 25233
319698, 9196980, 9222216, 25236
319699, 9196990, 9222230, 25240
319701, 9197010, 9222257, 25247
319702, 9197020, 9222270, 25250
319703, 9197030, 9222283, 25253
319704, 9197040, 9222297, 25257
319705, 9197050, 9222310, 25260
319706, 9197060, 9222324, 25264
319708, 9197080, 9222337, 25257
319709, 9197090, 9222351, 25261
319710, 9197100, 9222364, 25264
319711, 9197110, 9222378, 25268
319712, 9197120, 9222391, 25271
319713, 9197130, 9222404, 25274
319714, 9197140, 9222418, 25278
319715, 9197150, 9222431, 25281
319716, 9197160, 9226012, 28852
319718, 9197180, 9226026, 28846
319719, 9197190, 9226039, 28849
319720, 9197200, 9226052, 28852
319721, 9197210, 9226066, 28856
319722, 9197220, 9226079, 28859
319723, 9197230, 9226093, 28863
319724, 9197240, 9226106, 28866
319725, 9197250, 9226120, 28870
319726, 9197260, 9226133, 28873
319727, 9197270, 9226146, 28876
319729, 9197290, 9226160, 28870
319730, 9197300, 9226173, 28873
319731, 9197310, 9226187, 28877
319732, 9197320, 9226200, 28880
319733, 9197330, 9226214, 28884
319734, 9197340, 9226227, 28887
319735, 9197350, 9226241, 28891
319736, 9197360, 9226254, 28894
319737, 9197370, 9226267, 28897
319738, 9197380, 9226281, 28901
319740, 9197400, 9226294, 28894
319741, 9197410, 9226308, 28898
319742, 9197420, 9226321, 28901
319743, 9197430, 9226335, 28905
319744, 9197440, 9226348, 28908
319745, 9197450, 9226362, 28912
319746, 9197460, 9226375, 28915
319747, 9197470, 9226388, 28918
319748, 9197480, 9226402, 28922
319751, 9197510, 9226429, 28919
319752, 9197520, 9226442, 28922
319753, 9197530, 9226456, 28926
319754, 9197540, 9226469, 28929
319755, 9197550, 9226482, 28932
319756, 9197560, 9226496, 28936
319757, 9197570, 9226509, 28939
319758, 9197580, 9226523, 28943
319759, 9197590, 9226536, 28946
319761, 9197610, 9226550, 28940
319762, 9197620, 9226563, 28943
319763, 9197630, 9226577, 28947
319764, 9197640, 9226590, 28950
319765, 9197650, 9226603, 28953
319766, 9197660, 9226617, 28957
319767, 9197670, 9226630, 28960
319768, 9197680, 9226644, 28964
319769, 9197690, 9226657, 28967
319771, 9197710, 9226671, 28961
319772, 9197720, 9226684, 28964
319773, 9197730, 9226698, 28968
319774, 9197740, 9226711, 28971
319775, 9197750, 9226724, 28974
319776, 9197760, 9226738, 28978
319777, 9197770, 9226751, 28981
319778, 9197780, 9226765, 28985
319779, 9197790, 9226778, 28988
319780, 9197800, 9226792, 28992
319782, 9197820, 9226805, 28985
319783, 9197830, 9226818, 28988
319784, 9197840, 9226832, 28992
319785, 9197850, 9226845, 28995
319786, 9197860, 9226859, 28999
319787, 9197870, 9226872, 29002
319788, 9197880, 9226886, 29006
319789, 9197890, 9226899, 29009
319790, 9197900, 9226913, 29013
319791, 9197910, 9226926, 29016
319793, 9197930, 9226939, 29009
319794, 9197940, 9226953, 29013
319795, 9197950, 9226966, 29016
319796, 9197960, 9226980, 29020
319797, 9197970, 9226993, 29023
319798, 9197980, 9227007, 29027
319799, 9197990, 9227020, 29030
320202, 9202020, 9227047, 25027
320203, 9202030, 9227060, 25030
320204, 9202040, 9227074, 25034
320205, 9202050, 9227087, 25037
320206, 9202060, 9227101, 25041
320207, 9202070, 9227114, 25044
320208, 9202080, 9227128, 25048
320209, 9202090, 9227141, 25051
320210, 9202100, 9227154, 25054
320212, 9202120, 9227168, 25048
320213, 9202130, 9227181, 25051
320214, 9202140, 9227195, 25055
320215, 9202150, 9227208, 25058
320216, 9202160, 9227222, 25062
320217, 9202170, 9227235, 25065
320218, 9202180, 9227249, 25069
320219, 9202190, 9227262, 25072
320220, 9202200, 9227275, 25075
320221, 9202210, 9227289, 25079
320223, 9202230, 9227302, 25072
320224, 9202240, 9227316, 25076
320225, 9202250, 9227329, 25079
320226, 9202260, 9227343, 25083
320227, 9202270, 9227356, 25086
320228, 9202280, 9227370, 25090
320229, 9202290, 9227383, 25093
320230, 9202300, 9227396, 25096
320231, 9202310, 9227410, 25100
320233, 9202330, 9227423, 25093
320234, 9202340, 9227437, 25097
320235, 9202350, 9227450, 25100
320236, 9202360, 9227464, 25104
320237, 9202370, 9227477, 25107
320238, 9202380, 9227490, 25110
320239, 9202390, 9227504, 25114
320240, 9202400, 9227517, 25117
320241, 9202410, 9227531, 25121
320242, 9202420, 9227544, 25124
320244, 9202440, 9227558, 25118
320245, 9202450, 9227571, 25121
320246, 9202460, 9227585, 25125
320247, 9202470, 9227598, 25128
320248, 9202480, 9227611, 25131
320249, 9202490, 9227625, 25135
320251, 9202510, 9227652, 25142
320252, 9202520, 9227665, 25145
320253, 9202530, 9227679, 25149
320255, 9202550, 9227692, 25142
320256, 9202560, 9227706, 25146
320257, 9202570, 9227719, 25149
320258, 9202580, 9227732, 25152
320259, 9202590, 9227746, 25156
320260, 9202600, 9227759, 25159
320261, 9202610, 9227773, 25163
320262, 9202620, 9227786, 25166
320263, 9202630, 9227800, 25170
320265, 9202650, 9227813, 25163
320266, 9202660, 9227826, 25166
320267, 9202670, 9227840, 25170
320268, 9202680, 9227853, 25173
320269, 9202690, 9227867, 25177
320270, 9202700, 9227880, 25180
320271, 9202710, 9227894, 25184
320272, 9202720, 9227907, 25187
320273, 9202730, 9227921, 25191
320274, 9202740, 9227934, 25194
320276, 9202760, 9227947, 25187
320277, 9202770, 9227961, 25191
320278, 9202780, 9227974, 25194
320279, 9202790, 9227988, 25198
320280, 9202800, 9228001, 25201
320281, 9202810, 9228015, 25205
320282, 9202820, 9228028, 25208
320283, 9202830, 9228042, 25212
320284, 9202840, 9228055, 25215
320285, 9202850, 9228068, 25218
320287, 9202870, 9228082, 25212
320288, 9202880, 9228095, 25215
320289, 9202890, 9228109, 25219
320290, 9202900, 9228122, 25222
320291, 9202910, 9228136, 25226
320292, 9202920, 9228149, 25229
320293, 9202930, 9228162, 25232
320294, 9202940, 9228176, 25236
320295, 9202950, 9228189, 25239
320297, 9202970, 9228203, 25233
320298, 9202980, 9228216, 25236
320299, 9202990, 9228230, 25240
320301, 9203010, 9228257, 25247
320302, 9203020, 9228270, 25250
320303, 9203030, 9228283, 25253
320304, 9203040, 9228297, 25257
320305, 9203050, 9228310, 25260
320306, 9203060, 9228324, 25264
320308, 9203080, 9228337, 25257
320309, 9203090, 9228351, 25261
320310, 9203100, 9228364, 25264
320311, 9203110, 9228378, 25268
320312, 9203120, 9228391, 25271
320313, 9203130, 9228404, 25274
320314, 9203140, 9228418, 25278
320315, 9203150, 9228431, 25281
320316, 9203160, 9232012, 28852
320318, 9203180, 9232026, 28846
320319, 9203190, 9232039, 28849
320320, 9203200, 9232052, 28852
320321, 9203210, 9232066, 28856
320322, 9203220, 9232079, 28859
320323, 9203230, 9232093, 28863
320324, 9203240, 9232106, 28866
320325, 9203250, 9232120, 28870
320326, 9203260, 9232133, 28873
320327, 9203270, 9232146, 28876
320329, 9203290, 9232160, 28870
320330, 9203300, 9232173, 28873
320331, 9203310, 9232187, 28877
320332, 9203320, 9232200, 28880
320333, 9203330, 9232214, 28884
320334, 9203340, 9232227, 28887
320335, 9203350, 9232241, 28891
320336, 9203360, 9232254, 28894
320337, 9203370, 9232267, 28897
320338, 9203380, 9232281, 28901
320340, 9203400, 9232294, 28894
320341, 9203410, 9232308, 28898
320342, 9203420, 9232321, 28901
320343, 9203430, 9232335, 28905
320344, 9203440, 9232348, 28908
320345, 9203450, 9232362, 28912
320346, 9203460, 9232375, 28915
320347, 9203470, 9232388, 28918
320348, 9203480, 9232402, 28922
320351, 9203510, 9232429, 28919
320352, 9203520, 9232442, 28922
320353, 9203530, 9232456, 28926
320354, 9203540, 9232469, 28929
320355, 9203550, 9232482, 28932
320356, 9203560, 9232496, 28936
320357, 9203570, 9232509, 28939
320358, 9203580, 9232523, 28943
320359, 9203590, 9232536, 28946
320361, 9203610, 9232550, 28940
320362, 9203620, 9232563, 28943
320363, 9203630, 9232577, 28947
320364, 9203640, 9232590, 28950
320365, 9203650, 9232603, 28953
320366, 9203660, 9232617, 28957
320367, 9203670, 9232630, 28960
320368, 9203680, 9232644, 28964
320369, 9203690, 9232657, 28967
320371, 9203710, 9232671, 28961
320372, 9203720, 9232684, 28964
320373, 9203730, 9232698, 28968
320374, 9203740, 9232711, 28971
320375, 9203750, 9232724, 28974
320376, 9203760, 9232738, 28978
320377, 9203770, 9232751, 28981
320378, 9203780, 9232765, 28985
320379, 9203790, 9232778, 28988
320380, 9203800, 9232792, 28992
320382, 9203820, 9232805, 28985
320383, 9203830, 9232818, 28988
320384, 9203840, 9232832, 28992
320385, 9203850, 9232845, 28995
320386, 9203860, 9232859, 28999
320387, 9203870, 9232872, 29002
320388, 9203880, 9232886, 29006
320389, 9203890, 9232899, 29009
320390, 9203900, 9232913, 29013
320391, 9203910, 9232926, 29016
320393, 9203930, 9232939, 29009
320394, 9203940, 9232953, 29013
320395, 9203950, 9232966, 29016
320396, 9203960, 9232980, 29020
320397, 9203970, 9232993, 29023
320398, 9203980, 9233007, 29027
320399, 9203990, 9233020, 29030
320802, 9208020, 9233047, 25027
320803, 9208030, 9233060, 25030
320804, 9208040, 9233074, 25034
320805, 9208050, 9233087, 25037
320806, 9208060, 9233101, 25041
320807, 9208070, 9233114, 25044
320808, 9208080, 9233128, 25048
320809, 9208090, 9233141, 25051
320810, 9208100, 9233154, 25054
320812, 9208120, 9233168, 25048
320813, 9208130, 9233181, 25051
320814, 9208140, 9233195, 25055
320815, 9208150, 9233208, 25058
320816, 9208160, 9233222, 25062
320817, 9208170, 9233235, 25065
320818, 9208180, 9233249, 25069
320819, 9208190, 9233262, 25072
320820, 9208200, 9233275, 25075
320821, 9208210, 9233289, 25079
320823, 9208230, 9233302, 25072
320824, 9208240, 9233316, 25076
320825, 9208250, 9233329, 25079
320826, 9208260, 9233343, 25083
320827, 9208270, 9233356, 25086
320828, 9208280, 9233370, 25090
320829, 9208290, 9233383, 25093
320830, 9208300, 9233396, 25096
320831, 9208310, 9233410, 25100
320833, 9208330, 9233423, 25093
320834, 9208340, 9233437, 25097
320835, 9208350, 9233450, 25100
320836, 9208360, 9233464, 25104
320837, 9208370, 9233477, 25107
320838, 9208380, 9233490, 25110
320839, 9208390, 9233504, 25114
320840, 9208400, 9233517, 25117
320841, 9208410, 9233531, 25121
320842, 9208420, 9233544, 25124
320844, 9208440, 9233558, 25118
320845, 9208450, 9233571, 25121
320846, 9208460, 9233585, 25125
320847, 9208470, 9233598, 25128
320848, 9208480, 9233611, 25131
320849, 9208490, 9233625, 25135
320851, 9208510, 9233652, 25142
320852, 9208520, 9233665, 25145
320853, 9208530, 9233679, 25149
320855, 9208550, 9233692, 25142
320856, 9208560, 9233706, 25146
320857, 9208570, 9233719, 25149
320858, 9208580, 9233732, 25152
320859, 9208590, 9233746, 25156
320860, 9208600, 9233759, 25159
320861, 9208610, 9233773, 25163
320862, 9208620, 9233786, 25166
320863, 9208630, 9233800, 25170
320865, 9208650, 9233813, 25163
320866, 9208660, 9233826, 25166
320867, 9208670, 9233840, 25170
320868, 9208680, 9233853, 25173
320869, 9208690, 9233867, 25177
320870, 9208700, 9233880, 25180
320871, 9208710, 9233894, 25184
320872, 9208720, 9233907, 25187
320873, 9208730, 9233921, 25191
320874, 9208740, 9233934, 25194
320876, 9208760, 9233947, 25187
320877, 9208770, 9233961, 25191
320878, 9208780, 9233974, 25194
320879, 9208790, 9233988, 25198
320880, 9208800, 9234001, 25201
320881, 9208810, 9234015, 25205
320882, 9208820, 9234028, 25208
320883, 9208830, 9234042, 25212
320884, 9208840, 9234055, 25215
320885, 9208850, 9234068, 25218
320887, 9208870, 9234082, 25212
320888, 9208880, 9234095, 25215
320889, 9208890, 9234109, 25219
320890, 9208900, 9234122, 25222
320891, 9208910, 9234136, 25226
320892, 9208920, 9234149, 25229
320893, 9208930, 9234162, 25232
320894, 9208940, 9234176, 25236
320895, 9208950, 9234189, 25239
320897, 9208970, 9234203, 25233
320898, 9208980, 9234216, 25236
320899, 9208990, 9234230, 25240
320901, 9209010, 9234257, 25247
320902, 9209020, 9234270, 25250
320903, 9209030, 9234283, 25253
320904, 9209040, 9234297, 25257
320905, 9209050, 9234310, 25260
320906, 9209060, 9234324, 25264
320908, 9209080, 9234337, 25257
320909, 9209090, 9234351, 25261
320910, 9209100, 9234364, 25264
320911, 9209110, 9234378, 25268
320912, 9209120, 9234391, 25271
320913, 9209130, 9234404, 25274
320914, 9209140, 9234418, 25278
320915, 9209150, 9234431, 25281
320916, 9209160, 9238012, 28852
320918, 9209180, 9238026, 28846
320919, 9209190, 9238039, 28849
320920, 9209200, 9238052, 28852
320921, 9209210, 9238066, 28856
320922, 9209220, 9238079, 28859
320923, 9209230, 9238093, 28863
320924, 9209240, 9238106, 28866
320925, 9209250, 9238120, 28870
320926, 9209260, 9238133, 28873
320927, 9209270, 9238146, 28876
320929, 9209290, 9238160, 28870
320930, 9209300, 9238173, 28873
320931, 9209310, 9238187, 28877
320932, 9209320, 9238200, 28880
320933, 9209330, 9238214, 28884
320934, 9209340, 9238227, 28887
320935, 9209350, 9238241, 28891
320936, 9209360, 9238254, 28894
320937, 9209370, 9238267, 28897
320938, 9209380, 9238281, 28901
320940, 9209400, 9238294, 28894
320941, 9209410, 9238308, 28898
320942, 9209420, 9238321, 28901
320943, 9209430, 9238335, 28905
320944, 9209440, 9238348, 28908
320945, 9209450, 9238362, 28912
320946, 9209460, 9238375, 28915
320947, 9209470, 9238388, 28918
320948, 9209480, 9238402, 28922
320951, 9209510, 9238429, 28919
320952, 9209520, 9238442, 28922
320953, 9209530, 9238456, 28926
320954, 9209540, 9238469, 28929
320955, 9209550, 9238482, 28932
320956, 9209560, 9238496, 28936
320957, 9209570, 9238509, 28939
320958, 9209580, 9238523, 28943
320959, 9209590, 9238536, 28946
320961, 9209610, 9238550, 28940
320962, 9209620, 9238563, 28943
320963, 9209630, 9238577, 28947
320964, 9209640, 9238590, 28950
320965, 9209650, 9238603, 28953
320966, 9209660, 9238617, 28957
320967, 9209670, 9238630, 28960
320968, 9209680, 9238644, 28964
320969, 9209690, 9238657, 28967
320971, 9209710, 9238671, 28961
320972, 9209720, 9238684, 28964
320973, 9209730, 9238698, 28968
320974, 9209740, 9238711, 28971
320975, 9209750, 9238724, 28974
320976, 9209760, 9238738, 28978
320977, 9209770, 9238751, 28981
320978, 9209780, 9238765, 28985
320979, 9209790, 9238778, 28988
320980, 9209800, 9238792, 28992
320982, 9209820, 9238805, 28985
320983, 9209830, 9238818, 28988
320984, 9209840, 9238832, 28992
320985, 9209850, 9238845, 28995
320986, 9209860, 9238859, 28999
320987, 9209870, 9238872, 29002
320988, 9209880, 9238886, 29006
320989, 9209890, 9238899, 29009
320990, 9209900, 9238913, 29013
320991, 9209910, 9238926, 29016
320993, 9209930, 9238939, 29009
320994, 9209940, 9238953, 29013
320995, 9209950, 9238966, 29016
320996, 9209960, 9238980, 29020
320997, 9209970, 9238993, 29023
320998, 9209980, 9239007, 29027
320999, 9209990, 9239020, 29030
321402, 9214020, 9239047, 25027
321403, 9214030, 9239060, 25030
321404, 9214040, 9239074, 25034
321405, 9214050, 9239087, 25037
321406, 9214060, 9239101, 25041
321407, 9214070, 9239114, 25044
321408, 9214080, 9239128, 25048
321409, 9214090, 9239141, 25051
321410, 9214100, 9239154, 25054
321412, 9214120, 9239168, 25048
321413, 9214130, 9239181, 25051
321414, 9214140, 9239195, 25055
321415, 9214150, 9239208, 25058
321416, 9214160, 9239222, 25062
321417, 9214170, 9239235, 25065
321418, 9214180, 9239249, 25069
321419, 9214190, 9239262, 25072
321420, 9214200, 9239275, 25075
321421, 9214210, 9239289, 25079
321423, 9214230, 9239302, 25072
321424, 9214240, 9239316, 25076
321425, 9214250, 9239329, 25079
321426, 9214260, 9239343, 25083
321427, 9214270, 9239356, 25086
321428, 9214280, 9239370, 25090
321429, 9214290, 9239383, 25093
321430, 9214300, 9239396, 25096
321431, 9214310, 9239410, 25100
321433, 9214330, 9239423, 25093
321434, 9214340, 9239437, 25097
321435, 9214350, 9239450, 25100
321436, 9214360, 9239464, 25104
321437, 9214370, 9239477, 25107
321438, 9214380, 9239490, 25110
321439, 9214390, 9239504, 25114
321440, 9214400, 9239517, 25117
321441, 9214410, 9239531, 25121
321442, 9214420, 9239544, 25124
321444, 9214440, 9239558, 25118
321445, 9214450, 9239571, 25121
321446, 9214460, 9239585, 25125
321447, 9214470, 9239598, 25128
321448, 9214480, 9239611, 25131
321449, 9214490, 9239625, 25135
321451, 9214510, 9239652, 25142
321452, 9214520, 9239665, 25145
321453, 9214530, 9239679, 25149
321455, 9214550, 9239692, 25142
321456, 9214560, 9239706, 25146
321457, 9214570, 9239719, 25149
321458, 9214580, 9239732, 25152
321459, 9214590, 9239746, 25156
321460, 9214600, 9239759, 25159
321461, 9214610, 9239773, 25163
321462, 9214620, 9239786, 25166
321463, 9214630, 9239800, 25170
321465, 9214650, 9239813, 25163
321466, 9214660, 9239826, 25166
321467, 9214670, 9239840, 25170
321468, 9214680, 9239853, 25173
321469, 9214690, 9239867, 25177
321470, 9214700, 9239880, 25180
321471, 9214710, 9239894, 25184
321472, 9214720, 9239907, 25187
321473, 9214730, 9239921, 25191
321474, 9214740, 9239934, 25194
321476, 9214760, 9239947, 25187
321477, 9214770, 9239961, 25191
321478, 9214780, 9239974, 25194
321479, 9214790, 9239988, 25198
321480, 9214800, 9240001, 25201
321481, 9214810, 9240015, 25205
321482, 9214820, 9240028, 25208
321483, 9214830, 9240042, 25212
321484, 9214840, 9240055, 25215
321485, 9214850, 9240068, 25218
321487, 9214870, 9240082, 25212
321488, 9214880, 9240095, 25215
321489, 9214890, 9240109, 25219
321490, 9214900, 9240122, 25222
321491, 9214910, 9240136, 25226
321492, 9214920, 9240149, 25229
321493, 9214930, 9240162, 25232
321494, 9214940, 9240176, 25236
321495, 9214950, 9240189, 25239
321497, 9214970, 9240203, 25233
321498, 9214980, 9240216, 25236
321499, 9214990, 9240230, 25240
321501, 9215010, 9240257, 25247
321502, 9215020, 9240270, 25250
321503, 9215030, 9240283, 25253
321504, 9215040, 9240297, 25257
321505, 9215050, 9240310, 25260
321506, 9215060, 9240324, 25264
321508, 9215080, 9240337, 25257
321509, 9215090, 9240351, 25261
321510, 9215100, 9240364, 25264
321511, 9215110, 9240378, 25268
321512, 9215120, 9240391, 25271
321513, 9215130, 9240404, 25274
321514, 9215140, 9240418, 25278
321515, 9215150, 9240431, 25281
321516, 9215160, 9244012, 28852
321517, 9215170, 9244026, 28856
321519, 9215190, 9244039, 28849
321520, 9215200, 9244052, 28852
321521, 9215210, 9244066, 28856
321522, 9215220, 9244079, 28859
321523, 9215230, 9244093, 28863
321524, 9215240, 9244106, 28866
321525, 9215250, 9244120, 28870
321526, 9215260, 9244133, 28873
321527, 9215270, 9244146, 28876
321529, 9215290, 9244160, 28870
321530, 9215300, 9244173, 28873
321531, 9215310, 9244187, 28877
321532, 9215320, 9244200, 28880
321533, 9215330, 9244214, 28884
321534, 9215340, 9244227, 28887
321535, 9215350, 9244241, 28891
321536, 9215360, 9244254, 28894
321537, 9215370, 9244267, 28897
321538, 9215380, 9244281, 28901
321540, 9215400, 9244294, 28894
321541, 9215410, 9244308, 28898
321542, 9215420, 9244321, 28901
321543, 9215430, 9244335, 28905
321544, 9215440, 9244348, 28908
321545, 9215450, 9244362, 28912
321546, 9215460, 9244375, 28915
321547, 9215470, 9244388, 28918
321548, 9215480, 9244402, 28922
321551, 9215510, 9244429, 28919
321552, 9215520, 9244442, 28922
321553, 9215530, 9244456, 28926
321554, 9215540, 9244469, 28929
321555, 9215550, 9244482, 28932
321556, 9215560, 9244496, 28936
321557, 9215570, 9244509, 28939
321558, 9215580, 9244523, 28943
321559, 9215590, 9244536, 28946
321561, 9215610, 9244550, 28940
321562, 9215620, 9244563, 28943
321563, 9215630, 9244577, 28947
321564, 9215640, 9244590, 28950
321565, 9215650, 9244603, 28953
321566, 9215660, 9244617, 28957
321567, 9215670, 9244630, 28960
321568, 9215680, 9244644, 28964
321569, 9215690, 9244657, 28967
321570, 9215700, 9244671, 28971
321572, 9215720, 9244684, 28964
321573, 9215730, 9244698, 28968
321574, 9215740, 9244711, 28971
321575, 9215750, 9244724, 28974
321576, 9215760, 9244738, 28978
321577, 9215770, 9244751, 28981
321578, 9215780, 9244765, 28985
321579, 9215790, 9244778, 28988
321580, 9215800, 9244792, 28992
321582, 9215820, 9244805, 28985
321583, 9215830, 9244818, 28988
321584, 9215840, 9244832, 28992
321585, 9215850, 9244845, 28995
321586, 9215860, 9244859, 28999
321587, 9215870, 9244872, 29002
321588, 9215880, 9244886, 29006
321589, 9215890, 9244899, 29009
321590, 9215900, 9244913, 29013
321591, 9215910, 9244926, 29016
321593, 9215930, 9244939, 29009
321594, 9215940, 9244953, 29013
321595, 9215950, 9244966, 29016
321596, 9215960, 9244980, 29020
321597, 9215970, 9244993, 29023
321598, 9215980, 9245007, 29027
321599, 9215990, 9245020, 29030
322002, 9220020, 9245047, 25027
322003, 9220030, 9245060, 25030
322004, 9220040, 9245074, 25034
322005, 9220050, 9245087, 25037
322006, 9220060, 9245101, 25041
322007, 9220070, 9245114, 25044
322008, 9220080, 9245127, 25047
322009, 9220090, 9245141, 25051
322010, 9220100, 9245154, 25054
322012, 9220120, 9245168, 25048
322013, 9220130, 9245181, 25051
322014, 9220140, 9245195, 25055
322015, 9220150, 9245208, 25058
322016, 9220160, 9245222, 25062
322017, 9220170, 9245235, 25065
322018, 9220180, 9245248, 25068
322019, 9220190, 9245262, 25072
322020, 9220200, 9245275, 25075
322021, 9220210, 9245289, 25079
322023, 9220230, 9245302, 25072
322024, 9220240, 9245316, 25076
322025, 9220250, 9245329, 25079
322026, 9220260, 9245342, 25082
322027, 9220270, 9245356, 25086
322028, 9220280, 9245369, 25089
322029, 9220290, 9245383, 25093
322030, 9220300, 9245396, 25096
322031, 9220310, 9245410, 25100
322033, 9220330, 9245423, 25093
322034, 9220340, 9245437, 25097
322035, 9220350, 9245450, 25100
322036, 9220360, 9245463, 25103
322037, 9220370, 9245477, 25107
322038, 9220380, 9245490, 25110
322039, 9220390, 9245504, 25114
322040, 9220400, 9245517, 25117
322041, 9220410, 9245531, 25121
322042, 9220420, 9245544, 25124
322044, 9220440, 9245558, 25118
322045, 9220450, 9245571, 25121
322046, 9220460, 9245584, 25124
322047, 9220470, 9245598, 25128
322048, 9220480, 9245611, 25131
322049, 9220490, 9245625, 25135
322051, 9220510, 9245652, 25142
322052, 9220520, 9245665, 25145
322053, 9220530, 9245678, 25148
322055, 9220550, 9245692, 25142
322056, 9220560, 9245705, 25145
322057, 9220570, 9245719, 25149
322058, 9220580, 9245732, 25152
322059, 9220590, 9245746, 25156
322060, 9220600, 9245759, 25159
322061, 9220610, 9245773, 25163
322062, 9220620, 9245786, 25166
322063, 9220630, 9245799, 25169
322065, 9220650, 9245813, 25163
322066, 9220660, 9245826, 25166
322067, 9220670, 9245840, 25170
322068, 9220680, 9245853, 25173
322069, 9220690, 9245867, 25177
322070, 9220700, 9245880, 25180
322071, 9220710, 9245894, 25184
322072, 9220720, 9245907, 25187
322073, 9220730, 9245920, 25190
322074, 9220740, 9245934, 25194
322076, 9220760, 9245947, 25187
322077, 9220770, 9245961, 25191
322078, 9220780, 9245974, 25194
322079, 9220790, 9245988, 25198
322080, 9220800, 9246001, 25201
322081, 9220810, 9246014, 25204
322082, 9220820, 9246028, 25208
322083, 9220830, 9246041, 25211
322084, 9220840, 9246055, 25215
322085, 9220850, 9246068, 25218
322087, 9220870, 9246082, 25212
322088, 9220880, 9246095, 25215
322089, 9220890, 9246109, 25219
322090, 9220900, 9246122, 25222
322091, 9220910, 9246135, 25225
322092, 9220920, 9246149, 25229
322093, 9220930, 9246162, 25232
322094, 9220940, 9246176, 25236
322095, 9220950, 9246189, 25239
322097, 9220970, 9246203, 25233
322098, 9220980, 9246216, 25236
322099, 9220990, 9246230, 25240
322101, 9221010, 9246256, 25246
322102, 9221020, 9246270, 25250
322103, 9221030, 9246283, 25253
322104, 9221040, 9246297, 25257
322105, 9221050, 9246310, 25260
322106, 9221060, 9246324, 25264
322108, 9221080, 9246337, 25257
322109, 9221090, 9246350, 25260
322110, 9221100, 9246364, 25264
322111, 9221110, 9246377, 25267
322112, 9221120, 9246391, 25271
322113, 9221130, 9246404, 25274
322114, 9221140, 9246418, 25278
322115, 9221150, 9246431, 25281
322116, 9221160, 9250012, 28852
322118, 9221180, 9250026, 28846
322119, 9221190, 9250039, 28849
322120, 9221200, 9250052, 28852
322121, 9221210, 9250066, 28856
322122, 9221220, 9250079, 28859
322123, 9221230, 9250093, 28863
322124, 9221240, 9250106, 28866
322125, 9221250, 9250120, 28870
322126, 9221260, 9250133, 28873
322127, 9221270, 9250146, 28876
322129, 9221290, 9250160, 28870
322130, 9221300, 9250173, 28873
322131, 9221310, 9250187, 28877
322132, 9221320, 9250200, 28880
322133, 9221330, 9250214, 28884
322134, 9221340, 9250227, 28887
322135, 9221350, 9250241, 28891
322136, 9221360, 9250254, 28894
322137, 9221370, 9250267, 28897
322138, 9221380, 9250281, 28901
322140, 9221400, 9250294, 28894
322141, 9221410, 9250308, 28898
322142, 9221420, 9250321, 28901
322143, 9221430, 9250335, 28905
322144, 9221440, 9250348, 28908
322145, 9221450, 9250362, 28912
322146, 9221460, 9250375, 28915
322147, 9221470, 9250388, 28918
322148, 9221480, 9250402, 28922
322151, 9221510, 9250429, 28919
322152, 9221520, 9250442, 28922
322153, 9221530, 9250456, 28926
322154, 9221540, 9250469, 28929
322155, 9221550, 9250482, 28932
322156, 9221560, 9250496, 28936
322157, 9221570, 9250509, 28939
322158, 9221580, 9250523, 28943
322159, 9221590, 9250536, 28946
322161, 9221610, 9250550, 28940
322162, 9221620, 9250563, 28943
322163, 9221630, 9250577, 28947
322164, 9221640, 9250590, 28950
322165, 9221650, 9250603, 28953
322166, 9221660, 9250617, 28957
322167, 9221670, 9250630, 28960
322168, 9221680, 9250644, 28964
322169, 9221690, 9250657, 28967
322171, 9221710, 9250671, 28961
322172, 9221720, 9250684, 28964
322173, 9221730, 9250698, 28968
322174, 9221740, 9250711, 28971
322175, 9221750, 9250724, 28974
322176, 9221760, 9250738, 28978
322177, 9221770, 9250751, 28981
322178, 9221780, 9250765, 28985
322179, 9221790, 9250778, 28988
322180, 9221800, 9250792, 28992
322182, 9221820, 9250805, 28985
322183, 9221830, 9250818, 28988
322184, 9221840, 9250832, 28992
322185, 9221850, 9250845, 28995
322186, 9221860, 9250859, 28999
322187, 9221870, 9250872, 29002
322188, 9221880, 9250886, 29006
322189, 9221890, 9250899, 29009
322190, 9221900, 9250913, 29013
322191, 9221910, 9250926, 29016
322193, 9221930, 9250939, 29009
322194, 9221940, 9250953, 29013
322195, 9221950, 9250966, 29016
322196, 9221960, 9250980, 29020
322197, 9221970, 9250993, 29023
322198, 9221980, 9251007, 29027
322199, 9221990, 9251020, 29030
322602, 9226020, 9251047, 25027
322603, 9226030, 9251060, 25030
322604, 9226040, 9251074, 25034
322605, 9226050, 9251087, 25037
322606, 9226060, 9251101, 25041
322607, 9226070, 9251114, 25044
322608, 9226080, 9251128, 25048
322609, 9226090, 9251141, 25051
322610, 9226100, 9251154, 25054
322612, 9226120, 9251168, 25048
322613, 9226130, 9251181, 25051
322614, 9226140, 9251195, 25055
322615, 9226150, 9251208, 25058
322616, 9226160, 9251222, 25062
322617, 9226170, 9251235, 25065
322618, 9226180, 9251249, 25069
322619, 9226190, 9251262, 25072
322620, 9226200, 9251275, 25075
322621, 9226210, 9251289, 25079
322623, 9226230, 9251302, 25072
322624, 9226240, 9251316, 25076
322625, 9226250, 9251329, 25079
322626, 9226260, 9251343, 25083
322627, 9226270, 9251356, 25086
322628, 9226280, 9251370, 25090
322629, 9226290, 9251383, 25093
322630, 9226300, 9251396, 25096
322631, 9226310, 9251410, 25100
322633, 9226330, 9251423, 25093
322634, 9226340, 9251437, 25097
322635, 9226350, 9251450, 25100
322636, 9226360, 9251464, 25104
322637, 9226370, 9251477, 25107
322638, 9226380, 9251490, 25110
322639, 9226390, 9251504, 25114
322640, 9226400, 9251517, 25117
322641, 9226410, 9251531, 25121
322642, 9226420, 9251544, 25124
322644, 9226440, 9251558, 25118
322645, 9226450, 9251571, 25121
322646, 9226460, 9251585, 25125
322647, 9226470, 9251598, 25128
322648, 9226480, 9251611, 25131
322649, 9226490, 9251625, 25135
322651, 9226510, 9251652, 25142
322652, 9226520, 9251665, 25145
322653, 9226530, 9251679, 25149
322655, 9226550, 9251692, 25142
322656, 9226560, 9251706, 25146
322657, 9226570, 9251719, 25149
322658, 9226580, 9251732, 25152
322659, 9226590, 9251746, 25156
322660, 9226600, 9251759, 25159
322661, 9226610, 9251773, 25163
322662, 9226620, 9251786, 25166
322663, 9226630, 9251800, 25170
322665, 9226650, 9251813, 25163
322666, 9226660, 9251826, 25166
322667, 9226670, 9251840, 25170
322668, 9226680, 9251853, 25173
322669, 9226690, 9251867, 25177
322670, 9226700, 9251880, 25180
322671, 9226710, 9251894, 25184
322672, 9226720, 9251907, 25187
322673, 9226730, 9251921, 25191
322674, 9226740, 9251934, 25194
322676, 9226760, 9251947, 25187
322677, 9226770, 9251961, 25191
322678, 9226780, 9251974, 25194
322679, 9226790, 9251988, 25198
322680, 9226800, 9252001, 25201
322681, 9226810, 9252015, 25205
322682, 9226820, 9252028, 25208
322683, 9226830, 9252042, 25212
322684, 9226840, 9252055, 25215
322685, 9226850, 9252068, 25218
322687, 9226870, 9252082, 25212
322688, 9226880, 9252095, 25215
322689, 9226890, 9252109, 25219
322690, 9226900, 9252122, 25222
322691, 9226910, 9252136, 25226
322692, 9226920, 9252149, 25229
322693, 9226930, 9252162, 25232
322694, 9226940, 9252176, 25236
322695, 9226950, 9252189, 25239
322697, 9226970, 9252203, 25233
322698, 9226980, 9252216, 25236
322699, 9226990, 9252230, 25240
322701, 9227010, 9252257, 25247
322702, 9227020, 9252270, 25250
322703, 9227030, 9252283, 25253
322704, 9227040, 9252297, 25257
322705, 9227050, 9252310, 25260
322706, 9227060, 9252324, 25264
322708, 9227080, 9252337, 25257
322709, 9227090, 9252351, 25261
322710, 9227100, 9252364, 25264
322711, 9227110, 9252378, 25268
322712, 9227120, 9252391, 25271
322713, 9227130, 9252404, 25274
322714, 9227140, 9252418, 25278
322715, 9227150, 9252431, 25281
322716, 9227160, 9256012, 28852
322718, 9227180, 9256026, 28846
322719, 9227190, 9256039, 28849
322720, 9227200, 9256052, 28852
322721, 9227210, 9256066, 28856
322722, 9227220, 9256079, 28859
322723, 9227230, 9256093, 28863
322724, 9227240, 9256106, 28866
322725, 9227250, 9256120, 28870
322726, 9227260, 9256133, 28873
322727, 9227270, 9256146, 28876
322729, 9227290, 9256160, 28870
322730, 9227300, 9256173, 28873
322731, 9227310, 9256187, 28877
322732, 9227320, 9256200, 28880
322733, 9227330, 9256214, 28884
322734, 9227340, 9256227, 28887
322735, 9227350, 9256241, 28891
322736, 9227360, 9256254, 28894
322737, 9227370, 9256267, 28897
322738, 9227380, 9256281, 28901
322740, 9227400, 9256294, 28894
322741, 9227410, 9256308, 28898
322742, 9227420, 9256321, 28901
322743, 9227430, 9256335, 28905
322744, 9227440, 9256348, 28908
322745, 9227450, 9256362, 28912
322746, 9227460, 9256375, 28915
322747, 9227470, 9256388, 28918
322748, 9227480, 9256402, 28922
322751, 9227510, 9256429, 28919
322752, 9227520, 9256442, 28922
322753, 9227530, 9256456, 28926
322754, 9227540, 9256469, 28929
322755, 9227550, 9256482, 28932
322756, 9227560, 9256496, 28936
322757, 9227570, 9256509, 28939
322758, 9227580, 9256523, 28943
322759, 9227590, 9256536, 28946
322761, 9227610, 9256550, 28940
322762, 9227620, 9256563, 28943
322763, 9227630, 9256577, 28947
322764, 9227640, 9256590, 28950
322765, 9227650, 9256603, 28953
322766, 9227660, 9256617, 28957
322767, 9227670, 9256630, 28960
322768, 9227680, 9256644, 28964
322769, 9227690, 9256657, 28967
322771, 9227710, 9256671, 28961
322772, 9227720, 9256684, 28964
322773, 9227730, 9256698, 28968
322774, 9227740, 9256711, 28971
322775, 9227750, 9256724, 28974
322776, 9227760, 9256738, 28978
322777, 9227770, 9256751, 28981
322778, 9227780, 9256765, 28985
322779, 9227790, 9256778, 28988
322780, 9227800, 9256792, 28992
322782, 9227820, 9256805, 28985
322783, 9227830, 9256818, 28988
322784, 9227840, 9256832, 28992
322785, 9227850, 9256845, 28995
322786, 9227860, 9256859, 28999
322787, 9227870, 9256872, 29002
322788, 9227880, 9256886, 29006
322789, 9227890, 9256899, 29009
322790, 9227900, 9256913, 29013
322791, 9227910, 9256926, 29016
322793, 9227930, 9256939, 29009
322794, 9227940, 9256953, 29013
322795, 9227950, 9256966, 29016
322796, 9227960, 9256980, 29020
322797, 9227970, 9256993, 29023
322798, 9227980, 9257007, 29027
322799, 9227990, 9257020, 29030
323202, 9232020, 9257047, 25027
323203, 9232030, 9257060, 25030
323204, 9232040, 9257074, 25034
323205, 9232050, 9257087, 25037
323206, 9232060, 9257101, 25041
323207, 9232070, 9257114, 25044
323208, 9232080, 9257128, 25048
323209, 9232090, 9257141, 25051
323210, 9232100, 9257154, 25054
323212, 9232120, 9257168, 25048
323213, 9232130, 9257181, 25051
323214, 9232140, 9257195, 25055
323215, 9232150, 9257208, 25058
323216, 9232160, 9257222, 25062
323217, 9232170, 9257235, 25065
323218, 9232180, 9257249, 25069
323219, 9232190, 9257262, 25072
323220, 9232200, 9257275, 25075
323221, 9232210, 9257289, 25079
323223, 9232230, 9257302, 25072
323224, 9232240, 9257316, 25076
323225, 9232250, 9257329, 25079
323226, 9232260, 9257343, 25083
323227, 9232270, 9257356, 25086
323228, 9232280, 9257370, 25090
323229, 9232290, 9257383, 25093
323230, 9232300, 9257396, 25096
323231, 9232310, 9257410, 25100
323233, 9232330, 9257423, 25093
323234, 9232340, 9257437, 25097
323235, 9232350, 9257450, 25100
323236, 9232360, 9257464, 25104
323237, 9232370, 9257477, 25107
323238, 9232380, 9257490, 25110
323239, 9232390, 9257504, 25114
323240, 9232400, 9257517, 25117
323241, 9232410, 9257531, 25121
323242, 9232420, 9257544, 25124
323244, 9232440, 9257558, 25118
323245, 9232450, 9257571, 25121
323246, 9232460, 9257585, 25125
323247, 9232470, 9257598, 25128
323248, 9232480, 9257611, 25131
323249, 9232490, 9257625, 25135
323251, 9232510, 9257652, 25142
323252, 9232520, 9257665, 25145
323253, 9232530, 9257679, 25149
323255, 9232550, 9257692, 25142
323256, 9232560, 9257706, 25146
323257, 9232570, 9257719, 25149
323258, 9232580, 9257732, 25152
323259, 9232590, 9257746, 25156
323260, 9232600, 9257759, 25159
323261, 9232610, 9257773, 25163
323262, 9232620, 9257786, 25166
323263, 9232630, 9257800, 25170
323265, 9232650, 9257813, 25163
323266, 9232660, 9257826, 25166
323267, 9232670, 9257840, 25170
323268, 9232680, 9257853, 25173
323269, 9232690, 9257867, 25177
323270, 9232700, 9257880, 25180
323271, 9232710, 9257894, 25184
323272, 9232720, 9257907, 25187
323273, 9232730, 9257921, 25191
323274, 9232740, 9257934, 25194
323276, 9232760, 9257947, 25187
323277, 9232770, 9257961, 25191
323278, 9232780, 9257974, 25194
323279, 9232790, 9257988, 25198
323280, 9232800, 9258001, 25201
323281, 9232810, 9258015, 25205
323282, 9232820, 9258028, 25208
323283, 9232830, 9258042, 25212
323284, 9232840, 9258055, 25215
323285, 9232850, 9258068, 25218
323287, 9232870, 9258082, 25212
323288, 9232880, 9258095, 25215
323289, 9232890, 9258109, 25219
323290, 9232900, 9258122, 25222
323291, 9232910, 9258136, 25226
323292, 9232920, 9258149, 25229
323293, 9232930, 9258162, 25232
323294, 9232940, 9258176, 25236
323295, 9232950, 9258189, 25239
323297, 9232970, 9258203, 25233
323298, 9232980, 9258216, 25236
323299, 9232990, 9258230, 25240
323301, 9233010, 9258257, 25247
323302, 9233020, 9258270, 25250
323303, 9233030, 9258283, 25253
323304, 9233040, 9258297, 25257
323305, 9233050, 9258310, 25260
323306, 9233060, 9258324, 25264
323308, 9233080, 9258337, 25257
323309, 9233090, 9258351, 25261
323310, 9233100, 9258364, 25264
323311, 9233110, 9258378, 25268
323312, 9233120, 9258391, 25271
323313, 9233130, 9258404, 25274
323314, 9233140, 9258418, 25278
323315, 9233150, 9258431, 25281
323316, 9233160, 9262012, 28852
323318, 9233180, 9262026, 28846
323319, 9233190, 9262039, 28849
323320, 9233200, 9262052, 28852
323321, 9233210, 9262066, 28856
323322, 9233220, 9262079, 28859
323323, 9233230, 9262093, 28863
323324, 9233240, 9262106, 28866
323325, 9233250, 9262120, 28870
323326, 9233260, 9262133, 28873
323327, 9233270, 9262146, 28876
323329, 9233290, 9262160, 28870
323330, 9233300, 9262173, 28873
323331, 9233310, 9262187, 28877
323332, 9233320, 9262200, 28880
323333, 9233330, 9262214, 28884
323334, 9233340, 9262227, 28887
323335, 9233350, 9262241, 28891
323336, 9233360, 9262254, 28894
323337, 9233370, 9262267, 28897
323338, 9233380, 9262281, 28901
323340, 9233400, 9262294, 28894
323341, 9233410, 9262308, 28898
323342, 9233420, 9262321, 28901
323343, 9233430, 9262335, 28905
323344, 9233440, 9262348, 28908
323345, 9233450, 9262362, 28912
323346, 9233460, 9262375, 28915
323347, 9233470, 9262388, 28918
323348, 9233480, 9262402, 28922
323351, 9233510, 9262429, 28919
323352, 9233520, 9262442, 28922
323353, 9233530, 9262456, 28926
323354, 9233540, 9262469, 28929
323355, 9233550, 9262482, 28932
323356, 9233560, 9262496, 28936
323357, 9233570, 9262509, 28939
323358, 9233580, 9262523, 28943
323359, 9233590, 9262536, 28946
323361, 9233610, 9262550, 28940
323362, 9233620, 9262563, 28943
323363, 9233630, 9262577, 28947
323364, 9233640, 9262590, 28950
323365, 9233650, 9262603, 28953
323366, 9233660, 9262617, 28957
323367, 9233670, 9262630, 28960
323368, 9233680, 9262644, 28964
323369, 9233690, 9262657, 28967
323371, 9233710, 9262671, 28961
323372, 9233720, 9262684, 28964
323373, 9233730, 9262698, 28968
323374, 9233740, 9262711, 28971
323375, 9233750, 9262724, 28974
323376, 9233760, 9262738, 28978
323377, 9233770, 9262751, 28981
323378, 9233780, 9262765, 28985
323379, 9233790, 9262778, 28988
323380, 9233800, 9262792, 28992
323382, 9233820, 9262805, 28985
323383, 9233830, 9262818, 28988
323384, 9233840, 9262832, 28992
323385, 9233850, 9262845, 28995
323386, 9233860, 9262859, 28999
323387, 9233870, 9262872, 29002
323388, 9233880, 9262886, 29006
323389, 9233890, 9262899, 29009
323390, 9233900, 9262913, 29013
323391, 9233910, 9262926, 29016
323393, 9233930, 9262939, 29009
323394, 9233940, 9262953, 29013
323395, 9233950, 9262966, 29016
323396, 9233960, 9262980, 29020
323397, 9233970, 9262993, 29023
323398, 9233980, 9263007, 29027
323399, 9233990, 9263020, 29030
323802, 9238020, 9263047, 25027
323803, 9238030, 9263060, 25030
323804, 9238040, 9263074, 25034
323805, 9238050, 9263087, 25037
323806, 9238060, 9263101, 25041
323807, 9238070, 9263114, 25044
323808, 9238080, 9263128, 25048
323809, 9238090, 9263141, 25051
323810, 9238100, 9263154, 25054
323812, 9238120, 9263168, 25048
323813, 9238130, 9263181, 25051
323814, 9238140, 9263195, 25055
323815, 9238150, 9263208, 25058
323816, 9238160, 9263222, 25062
323817, 9238170, 9263235, 25065
323818, 9238180, 9263249, 25069
323819, 9238190, 9263262, 25072
323820, 9238200, 9263275, 25075
323821, 9238210, 9263289, 25079
323823, 9238230, 9263302, 25072
323824, 9238240, 9263316, 25076
323825, 9238250, 9263329, 25079
323826, 9238260, 9263343, 25083
323827, 9238270, 9263356, 25086
323828, 9238280, 9263370, 25090
323829, 9238290, 9263383, 25093
323830, 9238300, 9263396, 25096
323831, 9238310, 9263410, 25100
323833, 9238330, 9263423, 25093
323834, 9238340, 9263437, 25097
323835, 9238350, 9263450, 25100
323836, 9238360, 9263464, 25104
323837, 9238370, 9263477, 25107
323838, 9238380, 9263490, 25110
323839, 9238390, 9263504, 25114
323840, 9238400, 9263517, 25117
323841, 9238410, 9263531, 25121
323842, 9238420, 9263544, 25124
323844, 9238440, 9263558, 25118
323845, 9238450, 9263571, 25121
323846, 9238460, 9263585, 25125
323847, 9238470, 9263598, 25128
323848, 9238480, 9263611, 25131
323849, 9238490, 9263625, 25135
323851, 9238510, 9263652, 25142
323852, 9238520, 9263665, 25145
323853, 9238530, 9263679, 25149
323855, 9238550, 9263692, 25142
323856, 9238560, 9263706, 25146
323857, 9238570, 9263719, 25149
323858, 9238580, 9263732, 25152
323859, 9238590, 9263746, 25156
323860, 9238600, 9263759, 25159
323861, 9238610, 9263773, 25163
323862, 9238620, 9263786, 25166
323863, 9238630, 9263800, 25170
323865, 9238650, 9263813, 25163
323866, 9238660, 9263826, 25166
323867, 9238670, 9263840, 25170
323868, 9238680, 9263853, 25173
323869, 9238690, 9263867, 25177
323870, 9238700, 9263880, 25180
323871, 9238710, 9263894, 25184
323872, 9238720, 9263907, 25187
323873, 9238730, 9263921, 25191
323874, 9238740, 9263934, 25194
323876, 9238760, 9263947, 25187
323877, 9238770, 9263961, 25191
323878, 9238780, 9263974, 25194
323879, 9238790, 9263988, 25198
323880, 9238800, 9264001, 25201
323881, 9238810, 9264015, 25205
323882, 9238820, 9264028, 25208
323883, 9238830, 9264042, 25212
323884, 9238840, 9264055, 25215
323885, 9238850, 9264068, 25218
323887, 9238870, 9264082, 25212
323888, 9238880, 9264095, 25215
323889, 9238890, 9264109, 25219
323890, 9238900, 9264122, 25222
323891, 9238910, 9264136, 25226
323892, 9238920, 9264149, 25229
323893, 9238930, 9264162, 25232
323894, 9238940, 9264176, 25236
323895, 9238950, 9264189, 25239
323897, 9238970, 9264203, 25233
323898, 9238980, 9264216, 25236
323899, 9238990, 9264230, 25240
323901, 9239010, 9264257, 25247
323902, 9239020, 9264270, 25250
323903, 9239030, 9264283, 25253
323904, 9239040, 9264297, 25257
323905, 9239050, 9264310, 25260
323906, 9239060, 9264324, 25264
323908, 9239080, 9264337, 25257
323909, 9239090, 9264351, 25261
323910, 9239100, 9264364, 25264
323911, 9239110, 9264378, 25268
323912, 9239120, 9264391, 25271
323913, 9239130, 9264404, 25274
323914, 9239140, 9264418, 25278
323915, 9239150, 9264431, 25281
323916, 9239160, 9268012, 28852
323918, 9239180, 9268026, 28846
323919, 9239190, 9268039, 28849
323920, 9239200, 9268052, 28852
323921, 9239210, 9268066, 28856
323922, 9239220, 9268079, 28859
323923, 9239230, 9268093, 28863
323924, 9239240, 9268106, 28866
323925, 9239250, 9268120, 28870
323926, 9239260, 9268133, 28873
323927, 9239270, 9268146, 28876
323929, 9239290, 9268160, 28870
323930, 9239300, 9268173, 28873
323931, 9239310, 9268187, 28877
323932, 9239320, 9268200, 28880
323933, 9239330, 9268214, 28884
323934, 9239340, 9268227, 28887
323935, 9239350, 9268241, 28891
323936, 9239360, 9268254, 28894
323937, 9239370, 9268267, 28897
323938, 9239380, 9268281, 28901
323940, 9239400, 9268294, 28894
323941, 9239410, 9268308, 28898
323942, 9239420, 9268321, 28901
323943, 9239430, 9268335, 28905
323944, 9239440, 9268348, 28908
323945, 9239450, 9268362, 28912
323946, 9239460, 9268375, 28915
323947, 9239470, 9268388, 28918
323948, 9239480, 9268402, 28922
323951, 9239510, 9268429, 28919
323952, 9239520, 9268442, 28922
323953, 9239530, 9268456, 28926
323954, 9239540, 9268469, 28929
323955, 9239550, 9268482, 28932
323956, 9239560, 9268496, 28936
323957, 9239570, 9268509, 28939
323958, 9239580, 9268523, 28943
323959, 9239590, 9268536, 28946
323961, 9239610, 9268550, 28940
323962, 9239620, 9268563, 28943
323963, 9239630, 9268577, 28947
323964, 9239640, 9268590, 28950
323965, 9239650, 9268603, 28953
323966, 9239660, 9268617, 28957
323967, 9239670, 9268630, 28960
323968, 9239680, 9268644, 28964
323969, 9239690, 9268657, 28967
323971, 9239710, 9268671, 28961
323972, 9239720, 9268684, 28964
323973, 9239730, 9268698, 28968
323974, 9239740, 9268711, 28971
323975, 9239750, 9268724, 28974
323976, 9239760, 9268738, 28978
323977, 9239770, 9268751, 28981
323978, 9239780, 9268765, 28985
323979, 9239790, 9268778, 28988
323980, 9239800, 9268792, 28992
323982, 9239820, 9268805, 28985
323983, 9239830, 9268818, 28988
323984, 9239840, 9268832, 28992
323985, 9239850, 9268845, 28995
323986, 9239860, 9268859, 28999
323987, 9239870, 9268872, 29002
323988, 9239880, 9268886, 29006
323989, 9239890, 9268899, 29009
323990, 9239900, 9268913, 29013
323991, 9239910, 9268926, 29016
323993, 9239930, 9268939, 29009
323994, 9239940, 9268953, 29013
323995, 9239950, 9268966, 29016
323996, 9239960, 9268980, 29020
323997, 9239970, 9268993, 29023
323998, 9239980, 9269007, 29027
323999, 9239990, 9269020, 29030
324402, 9244020, 9269047, 25027
324403, 9244030, 9269060, 25030
324404, 9244040, 9269074, 25034
324405, 9244050, 9269087, 25037
324406, 9244060, 9269101, 25041
324407, 9244070, 9269114, 25044
324408, 9244080, 9269128, 25048
324409, 9244090, 9269141, 25051
324410, 9244100, 9269154, 25054
324412, 9244120, 9269168, 25048
324413, 9244130, 9269181, 25051
324414, 9244140, 9269195, 25055
324415, 9244150, 9269208, 25058
324416, 9244160, 9269222, 25062
324417, 9244170, 9269235, 25065
324418, 9244180, 9269249, 25069
324419, 9244190, 9269262, 25072
324420, 9244200, 9269275, 25075
324421, 9244210, 9269289, 25079
324423, 9244230, 9269302, 25072
324424, 9244240, 9269316, 25076
324425, 9244250, 9269329, 25079
324426, 9244260, 9269343, 25083
324427, 9244270, 9269356, 25086
324428, 9244280, 9269370, 25090
324429, 9244290, 9269383, 25093
324430, 9244300, 9269396, 25096
324431, 9244310, 9269410, 25100
324433, 9244330, 9269423, 25093
324434, 9244340, 9269437, 25097
324435, 9244350, 9269450, 25100
324436, 9244360, 9269464, 25104
324437, 9244370, 9269477, 25107
324438, 9244380, 9269490, 25110
324439, 9244390, 9269504, 25114
324440, 9244400, 9269517, 25117
324441, 9244410, 9269531, 25121
324442, 9244420, 9269544, 25124
324444, 9244440, 9269558, 25118
324445, 9244450, 9269571, 25121
324446, 9244460, 9269585, 25125
324447, 9244470, 9269598, 25128
324448, 9244480, 9269611, 25131
324449, 9244490, 9269625, 25135
324451, 9244510, 9269652, 25142
324452, 9244520, 9269665, 25145
324453, 9244530, 9269679, 25149
324455, 9244550, 9269692, 25142
324456, 9244560, 9269706, 25146
324457, 9244570, 9269719, 25149
324458, 9244580, 9269732, 25152
324459, 9244590, 9269746, 25156
324460, 9244600, 9269759, 25159
324461, 9244610, 9269773, 25163
324462, 9244620, 9269786, 25166
324463, 9244630, 9269800, 25170
324465, 9244650, 9269813, 25163
324466, 9244660, 9269826, 25166
324467, 9244670, 9269840, 25170
324468, 9244680, 9269853, 25173
324469, 9244690, 9269867, 25177
324470, 9244700, 9269880, 25180
324471, 9244710, 9269894, 25184
324472, 9244720, 9269907, 25187
324473, 9244730, 9269921, 25191
324474, 9244740, 9269934, 25194
324476, 9244760, 9269947, 25187
324477, 9244770, 9269961, 25191
324478, 9244780, 9269974, 25194
324479, 9244790, 9269988, 25198
324480, 9244800, 9270001, 25201
324481, 9244810, 9270015, 25205
324482, 9244820, 9270028, 25208
324483, 9244830, 9270042, 25212
324484, 9244840, 9270055, 25215
324485, 9244850, 9270068, 25218
324487, 9244870, 9270082, 25212
324488, 9244880, 9270095, 25215
324489, 9244890, 9270109, 25219
324490, 9244900, 9270122, 25222
324491, 9244910, 9270136, 25226
324492, 9244920, 9270149, 25229
324493, 9244930, 9270162, 25232
324494, 9244940, 9270176, 25236
324495, 9244950, 9270189, 25239
324497, 9244970, 9270203, 25233
324498, 9244980, 9270216, 25236
324499, 9244990, 9270230, 25240
324501, 9245010, 9270257, 25247
324502, 9245020, 9270270, 25250
324503, 9245030, 9270283, 25253
324504, 9245040, 9270297, 25257
324505, 9245050, 9270310, 25260
324506, 9245060, 9270324, 25264
324508, 9245080, 9270337, 25257
324509, 9245090, 9270351, 25261
324510, 9245100, 9270364, 25264
324511, 9245110, 9270378, 25268
324512, 9245120, 9270391, 25271
324513, 9245130, 9270404, 25274
324514, 9245140, 9270418, 25278
324515, 9245150, 9270431, 25281
324516, 9245160, 9274012, 28852
324517, 9245170, 9274026, 28856
324519, 9245190, 9274039, 28849
324520, 9245200, 9274052, 28852
324521, 9245210, 9274066, 28856
324522, 9245220, 9274079, 28859
324523, 9245230, 9274093, 28863
324524, 9245240, 9274106, 28866
324525, 9245250, 9274120, 28870
324526, 9245260, 9274133, 28873
324527, 9245270, 9274146, 28876
324529, 9245290, 9274160, 28870
324530, 9245300, 9274173, 28873
324531, 9245310, 9274187, 28877
324532, 9245320, 9274200, 28880
324533, 9245330, 9274214, 28884
324534, 9245340, 9274227, 28887
324535, 9245350, 9274241, 28891
324536, 9245360, 9274254, 28894
324537, 9245370, 9274267, 28897
324538, 9245380, 9274281, 28901
324540, 9245400, 9274294, 28894
324541, 9245410, 9274308, 28898
324542, 9245420, 9274321, 28901
324543, 9245430, 9274335, 28905
324544, 9245440, 9274348, 28908
324545, 9245450, 9274362, 28912
324546, 9245460, 9274375, 28915
324547, 9245470, 9274388, 28918
324548, 9245480, 9274402, 28922
324551, 9245510, 9274429, 28919
324552, 9245520, 9274442, 28922
324553, 9245530, 9274456, 28926
324554, 9245540, 9274469, 28929
324555, 9245550, 9274482, 28932
324556, 9245560, 9274496, 28936
324557, 9245570, 9274509, 28939
324558, 9245580, 9274523, 28943
324559, 9245590, 9274536, 28946
324561, 9245610, 9274550, 28940
324562, 9245620, 9274563, 28943
324563, 9245630, 9274577, 28947
324564, 9245640, 9274590, 28950
324565, 9245650, 9274603, 28953
324566, 9245660, 9274617, 28957
324567, 9245670, 9274630, 28960
324568, 9245680, 9274644, 28964
324569, 9245690, 9274657, 28967
324570, 9245700, 9274671, 28971
324572, 9245720, 9274684, 28964
324573, 9245730, 9274698, 28968
324574, 9245740, 9274711, 28971
324575, 9245750, 9274724, 28974
324576, 9245760, 9274738, 28978
324577, 9245770, 9274751, 28981
324578, 9245780, 9274765, 28985
324579, 9245790, 9274778, 28988
324580, 9245800, 9274792, 28992
324582, 9245820, 9274805, 28985
324583, 9245830, 9274818, 28988
324584, 9245840, 9274832, 28992
324585, 9245850, 9274845, 28995
324586, 9245860, 9274859, 28999
324587, 9245870, 9274872, 29002
324588, 9245880, 9274886, 29006
324589, 9245890, 9274899, 29009
324590, 9245900, 9274913, 29013
324591, 9245910, 9274926, 29016
324593, 9245930, 9274939, 29009
324594, 9245940, 9274953, 29013
324595, 9245950, 9274966, 29016
324596, 9245960, 9274980, 29020
324597, 9245970, 9274993, 29023
324598, 9245980, 9275007, 29027
324599, 9245990, 9275020, 29030
325002, 9250020, 9275047, 25027
325003, 9250030, 9275060, 25030
325004, 9250040, 9275074, 25034
325005, 9250050, 9275087, 25037
325006, 9250060, 9275101, 25041
325007, 9250070, 9275114, 25044
325008, 9250080, 9275127, 25047
325009, 9250090, 9275141, 25051
325010, 9250100, 9275154, 25054
325012, 9250120, 9275168, 25048
325013, 9250130, 9275181, 25051
325014, 9250140, 9275195, 25055
325015, 9250150, 9275208, 25058
325016, 9250160, 9275222, 25062
325017, 9250170, 9275235, 25065
325018, 9250180, 9275248, 25068
325019, 9250190, 9275262, 25072
325020, 9250200, 9275275, 25075
325021, 9250210, 9275289, 25079
325023, 9250230, 9275302, 25072
325024, 9250240, 9275316, 25076
325025, 9250250, 9275329, 25079
325026, 9250260, 9275342, 25082
325027, 9250270, 9275356, 25086
325028, 9250280, 9275369, 25089
325029, 9250290, 9275383, 25093
325030, 9250300, 9275396, 25096
325031, 9250310, 9275410, 25100
325033, 9250330, 9275423, 25093
325034, 9250340, 9275437, 25097
325035, 9250350, 9275450, 25100
325036, 9250360, 9275463, 25103
325037, 9250370, 9275477, 25107
325038, 9250380, 9275490, 25110
325039, 9250390, 9275504, 25114
325040, 9250400, 9275517, 25117
325041, 9250410, 9275531, 25121
325042, 9250420, 9275544, 25124
325044, 9250440, 9275558, 25118
325045, 9250450, 9275571, 25121
325046, 9250460, 9275584, 25124
325047, 9250470, 9275598, 25128
325048, 9250480, 9275611, 25131
325049, 9250490, 9275625, 25135
325051, 9250510, 9275652, 25142
325052, 9250520, 9275665, 25145
325053, 9250530, 9275678, 25148
325055, 9250550, 9275692, 25142
325056, 9250560, 9275705, 25145
325057, 9250570, 9275719, 25149
325058, 9250580, 9275732, 25152
325059, 9250590, 9275746, 25156
325060, 9250600, 9275759, 25159
325061, 9250610, 9275773, 25163
325062, 9250620, 9275786, 25166
325063, 9250630, 9275799, 25169
325065, 9250650, 9275813, 25163
325066, 9250660, 9275826, 25166
325067, 9250670, 9275840, 25170
325068, 9250680, 9275853, 25173
325069, 9250690, 9275867, 25177
325070, 9250700, 9275880, 25180
325071, 9250710, 9275894, 25184
325072, 9250720, 9275907, 25187
325073, 9250730, 9275920, 25190
325074, 9250740, 9275934, 25194
325076, 9250760, 9275947, 25187
325077, 9250770, 9275961, 25191
325078, 9250780, 9275974, 25194
325079, 9250790, 9275988, 25198
325080, 9250800, 9276001, 25201
325081, 9250810, 9276014, 25204
325082, 9250820, 9276028, 25208
325083, 9250830, 9276041, 25211
325084, 9250840, 9276055, 25215
325085, 9250850, 9276068, 25218
325087, 9250870, 9276082, 25212
325088, 9250880, 9276095, 25215
325089, 9250890, 9276109, 25219
325090, 9250900, 9276122, 25222
325091, 9250910, 9276135, 25225
325092, 9250920, 9276149, 25229
325093, 9250930, 9276162, 25232
325094, 9250940, 9276176, 25236
325095, 9250950, 9276189, 25239
325097, 9250970, 9276203, 25233
325098, 9250980, 9276216, 25236
325099, 9250990, 9276230, 25240
325101, 9251010, 9276256, 25246
325102, 9251020, 9276270, 25250
325103, 9251030, 9276283, 25253
325104, 9251040, 9276297, 25257
325105, 9251050, 9276310, 25260
325106, 9251060, 9276324, 25264
325108, 9251080, 9276337, 25257
325109, 9251090, 9276350, 25260
325110, 9251100, 9276364, 25264
325111, 9251110, 9276377, 25267
325112, 9251120, 9276391, 25271
325113, 9251130, 9276404, 25274
325114, 9251140, 9276418, 25278
325115, 9251150, 9276431, 25281
325116, 9251160, 9280012, 28852
325118, 9251180, 9280026, 28846
325119, 9251190, 9280039, 28849
325120, 9251200, 9280052, 28852
325121, 9251210, 9280066, 28856
325122, 9251220, 9280079, 28859
325123, 9251230, 9280093, 28863
325124, 9251240, 9280106, 28866
325125, 9251250, 9280120, 28870
325126, 9251260, 9280133, 28873
325127, 9251270, 9280146, 28876
325129, 9251290, 9280160, 28870
325130, 9251300, 9280173, 28873
325131, 9251310, 9280187, 28877
325132, 9251320, 9280200, 28880
325133, 9251330, 9280214, 28884
325134, 9251340, 9280227, 28887
325135, 9251350, 9280241, 28891
325136, 9251360, 9280254, 28894
325137, 9251370, 9280267, 28897
325138, 9251380, 9280281, 28901
325140, 9251400, 9280294, 28894
325141, 9251410, 9280308, 28898
325142, 9251420, 9280321, 28901
325143, 9251430, 9280335, 28905
325144, 9251440, 9280348, 28908
325145, 9251450, 9280362, 28912
325146, 9251460, 9280375, 28915
325147, 9251470, 9280388, 28918
325148, 9251480, 9280402, 28922
325151, 9251510, 9280429, 28919
325152, 9251520, 9280442, 28922
325153, 9251530, 9280456, 28926
325154, 9251540, 9280469, 28929
325155, 9251550, 9280482, 28932
325156, 9251560, 9280496, 28936
325157, 9251570, 9280509, 28939
325158, 9251580, 9280523, 28943
325159, 9251590, 9280536, 28946
325161, 9251610, 9280550, 28940
325162, 9251620, 9280563, 28943
325163, 9251630, 9280577, 28947
325164, 9251640, 9280590, 28950
325165, 9251650, 9280603, 28953
325166, 9251660, 9280617, 28957
325167, 9251670, 9280630, 28960
325168, 9251680, 9280644, 28964
325169, 9251690, 9280657, 28967
325171, 9251710, 9280671, 28961
325172, 9251720, 9280684, 28964
325173, 9251730, 9280698, 28968
325174, 9251740, 9280711, 28971
325175, 9251750, 9280724, 28974
325176, 9251760, 9280738, 28978
325177, 9251770, 9280751, 28981
325178, 9251780, 9280765, 28985
325179, 9251790, 9280778, 28988
325180, 9251800, 9280792, 28992
325182, 9251820, 9280805, 28985
325183, 9251830, 9280818, 28988
325184, 9251840, 9280832, 28992
325185, 9251850, 9280845, 28995
325186, 9251860, 9280859, 28999
325187, 9251870, 9280872, 29002
325188, 9251880, 9280886, 29006
325189, 9251890, 9280899, 29009
325190, 9251900, 9280913, 29013
325191, 9251910, 9280926, 29016
325193, 9251930, 9280939, 29009
325194, 9251940, 9280953, 29013
325195, 9251950, 9280966, 29016
325196, 9251960, 9280980, 29020
325197, 9251970, 9280993, 29023
325198, 9251980, 9281007, 29027
325199, 9251990, 9281020, 29030
325602, 9256020, 9281047, 25027
325603, 9256030, 9281060, 25030
325604, 9256040, 9281074, 25034
325605, 9256050, 9281087, 25037
325606, 9256060, 9281101, 25041
325607, 9256070, 9281114, 25044
325608, 9256080, 9281128, 25048
325609, 9256090, 9281141, 25051
325610, 9256100, 9281154, 25054
325612, 9256120, 9281168, 25048
325613, 9256130, 9281181, 25051
325614, 9256140, 9281195, 25055
325615, 9256150, 9281208, 25058
325616, 9256160, 9281222, 25062
325617, 9256170, 9281235, 25065
325618, 9256180, 9281249, 25069
325619, 9256190, 9281262, 25072
325620, 9256200, 9281275, 25075
325621, 9256210, 9281289, 25079
325623, 9256230, 9281302, 25072
325624, 9256240, 9281316, 25076
325625, 9256250, 9281329, 25079
325626, 9256260, 9281343, 25083
325627, 9256270, 9281356, 25086
325628, 9256280, 9281370, 25090
325629, 9256290, 9281383, 25093
325630, 9256300, 9281396, 25096
325631, 9256310, 9281410, 25100
325633, 9256330, 9281423, 25093
325634, 9256340, 9281437, 25097
325635, 9256350, 9281450, 25100
325636, 9256360, 9281464, 25104
325637, 9256370, 9281477, 25107
325638, 9256380, 9281490, 25110
325639, 9256390, 9281504, 25114
325640, 9256400, 9281517, 25117
325641, 9256410, 9281531, 25121
325642, 9256420, 9281544, 25124
325644, 9256440, 9281558, 25118
325645, 9256450, 9281571, 25121
325646, 9256460, 9281585, 25125
325647, 9256470, 9281598, 25128
325648, 9256480, 9281611, 25131
325649, 9256490, 9281625, 25135
325651, 9256510, 9281652, 25142
325652, 9256520, 9281665, 25145
325653, 9256530, 9281679, 25149
325655, 9256550, 9281692, 25142
325656, 9256560, 9281706, 25146
325657, 9256570, 9281719, 25149
325658, 9256580, 9281732, 25152
325659, 9256590, 9281746, 25156
325660, 9256600, 9281759, 25159
325661, 9256610, 9281773, 25163
325662, 9256620, 9281786, 25166
325663, 9256630, 9281800, 25170
325665, 9256650, 9281813, 25163
325666, 9256660, 9281826, 25166
325667, 9256670, 9281840, 25170
325668, 9256680, 9281853, 25173
325669, 9256690, 9281867, 25177
325670, 9256700, 9281880, 25180
325671, 9256710, 9281894, 25184
325672, 9256720, 9281907, 25187
325673, 9256730, 9281921, 25191
325674, 9256740, 9281934, 25194
325676, 9256760, 9281947, 25187
325677, 9256770, 9281961, 25191
325678, 9256780, 9281974, 25194
325679, 9256790, 9281988, 25198
325680, 9256800, 9282001, 25201
325681, 9256810, 9282015, 25205
325682, 9256820, 9282028, 25208
325683, 9256830, 9282042, 25212
325684, 9256840, 9282055, 25215
325685, 9256850, 9282068, 25218
325687, 9256870, 9282082, 25212
325688, 9256880, 9282095, 25215
325689, 9256890, 9282109, 25219
325690, 9256900, 9282122, 25222
325691, 9256910, 9282136, 25226
325692, 9256920, 9282149, 25229
325693, 9256930, 9282162, 25232
325694, 9256940, 9282176, 25236
325695, 9256950, 9282189, 25239
325697, 9256970, 9282203, 25233
325698, 9256980, 9282216, 25236
325699, 9256990, 9282230, 25240
325701, 9257010, 9282257, 25247
325702, 9257020, 9282270, 25250
325703, 9257030, 9282283, 25253
325704, 9257040, 9282297, 25257
325705, 9257050, 9282310, 25260
325706, 9257060, 9282324, 25264
325708, 9257080, 9282337, 25257
325709, 9257090, 9282351, 25261
325710, 9257100, 9282364, 25264
325711, 9257110, 9282378, 25268
325712, 9257120, 9282391, 25271
325713, 9257130, 9282404, 25274
325714, 9257140, 9282418, 25278
325715, 9257150, 9282431, 25281
325716, 9257160, 9286012, 28852
325718, 9257180, 9286026, 28846
325719, 9257190, 9286039, 28849
325720, 9257200, 9286052, 28852
325721, 9257210, 9286066, 28856
325722, 9257220, 9286079, 28859
325723, 9257230, 9286093, 28863
325724, 9257240, 9286106, 28866
325725, 9257250, 9286120, 28870
325726, 9257260, 9286133, 28873
325727, 9257270, 9286146, 28876
325729, 9257290, 9286160, 28870
325730, 9257300, 9286173, 28873
325731, 9257310, 9286187, 28877
325732, 9257320, 9286200, 28880
325733, 9257330, 9286214, 28884
325734, 9257340, 9286227, 28887
325735, 9257350, 9286241, 28891
325736, 9257360, 9286254, 28894
325737, 9257370, 9286267, 28897
325738, 9257380, 9286281, 28901
325740, 9257400, 9286294, 28894
325741, 9257410, 9286308, 28898
325742, 9257420, 9286321, 28901
325743, 9257430, 9286335, 28905
325744, 9257440, 9286348, 28908
325745, 9257450, 9286362, 28912
325746, 9257460, 9286375, 28915
325747, 9257470, 9286388, 28918
325748, 9257480, 9286402, 28922
325751, 9257510, 9286429, 28919
325752, 9257520, 9286442, 28922
325753, 9257530, 9286456, 28926
325754, 9257540, 9286469, 28929
325755, 9257550, 9286482, 28932
325756, 9257560, 9286496, 28936
325757, 9257570, 9286509, 28939
325758, 9257580, 9286523, 28943
325759, 9257590, 9286536, 28946
325761, 9257610, 9286550, 28940
325762, 9257620, 9286563, 28943
325763, 9257630, 9286577, 28947
325764, 9257640, 9286590, 28950
325765, 9257650, 9286603, 28953
325766, 9257660, 9286617, 28957
325767, 9257670, 9286630, 28960
325768, 9257680, 9286644, 28964
325769, 9257690, 9286657, 28967
325771, 9257710, 9286671, 28961
325772, 9257720, 9286684, 28964
325773, 9257730, 9286698, 28968
325774, 9257740, 9286711, 28971
325775, 9257750, 9286724, 28974
325776, 9257760, 9286738, 28978
325777, 9257770, 9286751, 28981
325778, 9257780, 9286765, 28985
325779, 9257790, 9286778, 28988
325780, 9257800, 9286792, 28992
325782, 9257820, 9286805, 28985
325783, 9257830, 9286818, 28988
325784, 9257840, 9286832, 28992
325785, 9257850, 9286845, 28995
325786, 9257860, 9286859, 28999
325787, 9257870, 9286872, 29002
325788, 9257880, 9286886, 29006
325789, 9257890, 9286899, 29009
325790, 9257900, 9286913, 29013
325791, 9257910, 9286926, 29016
325793, 9257930, 9286939, 29009
325794, 9257940, 9286953, 29013
325795, 9257950, 9286966, 29016
325796, 9257960, 9286980, 29020
325797, 9257970, 9286993, 29023
325798, 9257980, 9287007, 29027
325799, 9257990, 9287020, 29030
326202, 9262020, 9287047, 25027
326203, 9262030, 9287060, 25030
326204, 9262040, 9287074, 25034
326205, 9262050, 9287087, 25037
326206, 9262060, 9287101, 25041
326207, 9262070, 9287114, 25044
326208, 9262080, 9287128, 25048
326209, 9262090, 9287141, 25051
326210, 9262100, 9287154, 25054
326212, 9262120, 9287168, 25048
326213, 9262130, 9287181, 25051
326214, 9262140, 9287195, 25055
326215, 9262150, 9287208, 25058
326216, 9262160, 9287222, 25062
326217, 9262170, 9287235, 25065
326218, 9262180, 9287249, 25069
326219, 9262190, 9287262, 25072
326220, 9262200, 9287275, 25075
326221, 9262210, 9287289, 25079
326223, 9262230, 9287302, 25072
326224, 9262240, 9287316, 25076
326225, 9262250, 9287329, 25079
326226, 9262260, 9287343, 25083
326227, 9262270, 9287356, 25086
326228, 9262280, 9287370, 25090
326229, 9262290, 9287383, 25093
326230, 9262300, 9287396, 25096
326231, 9262310, 9287410, 25100
326233, 9262330, 9287423, 25093
326234, 9262340, 9287437, 25097
326235, 9262350, 9287450, 25100
326236, 9262360, 9287464, 25104
326237, 9262370, 9287477, 25107
326238, 9262380, 9287490, 25110
326239, 9262390, 9287504, 25114
326240, 9262400, 9287517, 25117
326241, 9262410, 9287531, 25121
326242, 9262420, 9287544, 25124
326244, 9262440, 9287558, 25118
326245, 9262450, 9287571, 25121
326246, 9262460, 9287585, 25125
326247, 9262470, 9287598, 25128
326248, 9262480, 9287611, 25131
326249, 9262490, 9287625, 25135
326251, 9262510, 9287652, 25142
326252, 9262520, 9287665, 25145
326253, 9262530, 9287679, 25149
326255, 9262550, 9287692, 25142
326256, 9262560, 9287706, 25146
326257, 9262570, 9287719, 25149
326258, 9262580, 9287732, 25152
326259, 9262590, 9287746, 25156
326260, 9262600, 9287759, 25159
326261, 9262610, 9287773, 25163
326262, 9262620, 9287786, 25166
326263, 9262630, 9287800, 25170
326265, 9262650, 9287813, 25163
326266, 9262660, 9287826, 25166
326267, 9262670, 9287840, 25170
326268, 9262680, 9287853, 25173
326269, 9262690, 9287867, 25177
326270, 9262700, 9287880, 25180
326271, 9262710, 9287894, 25184
326272, 9262720, 9287907, 25187
326273, 9262730, 9287921, 25191
326274, 9262740, 9287934, 25194
326276, 9262760, 9287947, 25187
326277, 9262770, 9287961, 25191
326278, 9262780, 9287974, 25194
326279, 9262790, 9287988, 25198
326280, 9262800, 9288001, 25201
326281, 9262810, 9288015, 25205
326282, 9262820, 9288028, 25208
326283, 9262830, 9288042, 25212
326284, 9262840, 9288055, 25215
326285, 9262850, 9288068, 25218
326287, 9262870, 9288082, 25212
326288, 9262880, 9288095, 25215
326289, 9262890, 9288109, 25219
326290, 9262900, 9288122, 25222
326291, 9262910, 9288136, 25226
326292, 9262920, 9288149, 25229
326293, 9262930, 9288162, 25232
326294, 9262940, 9288176, 25236
326295, 9262950, 9288189, 25239
326297, 9262970, 9288203, 25233
326298, 9262980, 9288216, 25236
326299, 9262990, 9288230, 25240
326301, 9263010, 9288257, 25247
326302, 9263020, 9288270, 25250
326303, 9263030, 9288283, 25253
326304, 9263040, 9288297, 25257
326305, 9263050, 9288310, 25260
326306, 9263060, 9288324, 25264
326308, 9263080, 9288337, 25257
326309, 9263090, 9288351, 25261
326310, 9263100, 9288364, 25264
326311, 9263110, 9288378, 25268
326312, 9263120, 9288391, 25271
326313, 9263130, 9288404, 25274
326314, 9263140, 9288418, 25278
326315, 9263150, 9288431, 25281
326316, 9263160, 9292012, 28852
326318, 9263180, 9292026, 28846
326319, 9263190, 9292039, 28849
326320, 9263200, 9292052, 28852
326321, 9263210, 9292066, 28856
326322, 9263220, 9292079, 28859
326323, 9263230, 9292093, 28863
326324, 9263240, 9292106, 28866
326325, 9263250, 9292120, 28870
326326, 9263260, 9292133, 28873
326327, 9263270, 9292146, 28876
326329, 9263290, 9292160, 28870
326330, 9263300, 9292173, 28873
326331, 9263310, 9292187, 28877
326332, 9263320, 9292200, 28880
326333, 9263330, 9292214, 28884
326334, 9263340, 9292227, 28887
326335, 9263350, 9292241, 28891
326336, 9263360, 9292254, 28894
326337, 9263370, 9292267, 28897
326338, 9263380, 9292281, 28901
326340, 9263400, 9292294, 28894
326341, 9263410, 9292308, 28898
326342, 9263420, 9292321, 28901
326343, 9263430, 9292335, 28905
326344, 9263440, 9292348, 28908
326345, 9263450, 9292362, 28912
326346, 9263460, 9292375, 28915
326347, 9263470, 9292388, 28918
326348, 9263480, 9292402, 28922
326351, 9263510, 9292429, 28919
326352, 9263520, 9292442, 28922
326353, 9263530, 9292456, 28926
326354, 9263540, 9292469, 28929
326355, 9263550, 9292482, 28932
326356, 9263560, 9292496, 28936
326357, 9263570, 9292509, 28939
326358, 9263580, 9292523, 28943
326359, 9263590, 9292536, 28946
326361, 9263610, 9292550, 28940
326362, 9263620, 9292563, 28943
326363, 9263630, 9292577, 28947
326364, 9263640, 9292590, 28950
326365, 9263650, 9292603, 28953
326366, 9263660, 9292617, 28957
326367, 9263670, 9292630, 28960
326368, 9263680, 9292644, 28964
326369, 9263690, 9292657, 28967
326371, 9263710, 9292671, 28961
326372, 9263720, 9292684, 28964
326373, 9263730, 9292698, 28968
326374, 9263740, 9292711, 28971
326375, 9263750, 9292724, 28974
326376, 9263760, 9292738, 28978
326377, 9263770, 9292751, 28981
326378, 9263780, 9292765, 28985
326379, 9263790, 9292778, 28988
326380, 9263800, 9292792, 28992
326382, 9263820, 9292805, 28985
326383, 9263830, 9292818, 28988
326384, 9263840, 9292832, 28992
326385, 9263850, 9292845, 28995
326386, 9263860, 9292859, 28999
326387, 9263870, 9292872, 29002
326388, 9263880, 9292886, 29006
326389, 9263890, 9292899, 29009
326390, 9263900, 9292913, 29013
326391, 9263910, 9292926, 29016
326393, 9263930, 9292939, 29009
326394, 9263940, 9292953, 29013
326395, 9263950, 9292966, 29016
326396, 9263960, 9292980, 29020
326397, 9263970, 9292993, 29023
326398, 9263980, 9293007, 29027
326399, 9263990, 9293020, 29030
326802, 9268020, 9293047, 25027
326803, 9268030, 9293060, 25030
326804, 9268040, 9293074, 25034
326805, 9268050, 9293087, 25037
326806, 9268060, 9293101, 25041
326807, 9268070, 9293114, 25044
326808, 9268080, 9293128, 25048
326809, 9268090, 9293141, 25051
326810, 9268100, 9293154, 25054
326812, 9268120, 9293168, 25048
326813, 9268130, 9293181, 25051
326814, 9268140, 9293195, 25055
326815, 9268150, 9293208, 25058
326816, 9268160, 9293222, 25062
326817, 9268170, 9293235, 25065
326818, 9268180, 9293249, 25069
326819, 9268190, 9293262, 25072
326820, 9268200, 9293275, 25075
326821, 9268210, 9293289, 25079
326823, 9268230, 9293302, 25072
326824, 9268240, 9293316, 25076
326825, 9268250, 9293329, 25079
326826, 9268260, 9293343, 25083
326827, 9268270, 9293356, 25086
326828, 9268280, 9293370, 25090
326829, 9268290, 9293383, 25093
326830, 9268300, 9293396, 25096
326831, 9268310, 9293410, 25100
326833, 9268330, 9293423, 25093
326834, 9268340, 9293437, 25097
326835, 9268350, 9293450, 25100
326836, 9268360, 9293464, 25104
326837, 9268370, 9293477, 25107
326838, 9268380, 9293490, 25110
326839, 9268390, 9293504, 25114
326840, 9268400, 9293517, 25117
326841, 9268410, 9293531, 25121
326842, 9268420, 9293544, 25124
326844, 9268440, 9293558, 25118
326845, 9268450, 9293571, 25121
326846, 9268460, 9293585, 25125
326847, 9268470, 9293598, 25128
326848, 9268480, 9293611, 25131
326849, 9268490, 9293625, 25135
326851, 9268510, 9293652, 25142
326852, 9268520, 9293665, 25145
326853, 9268530, 9293679, 25149
326855, 9268550, 9293692, 25142
326856, 9268560, 9293706, 25146
326857, 9268570, 9293719, 25149
326858, 9268580, 9293732, 25152
326859, 9268590, 9293746, 25156
326860, 9268600, 9293759, 25159
326861, 9268610, 9293773, 25163
326862, 9268620, 9293786, 25166
326863, 9268630, 9293800, 25170
326865, 9268650, 9293813, 25163
326866, 9268660, 9293826, 25166
326867, 9268670, 9293840, 25170
326868, 9268680, 9293853, 25173
326869, 9268690, 9293867, 25177
326870, 9268700, 9293880, 25180
326871, 9268710, 9293894, 25184
326872, 9268720, 9293907, 25187
326873, 9268730, 9293921, 25191
326874, 9268740, 9293934, 25194
326876, 9268760, 9293947, 25187
326877, 9268770, 9293961, 25191
326878, 9268780, 9293974, 25194
326879, 9268790, 9293988, 25198
326880, 9268800, 9294001, 25201
326881, 9268810, 9294015, 25205
326882, 9268820, 9294028, 25208
326883, 9268830, 9294042, 25212
326884, 9268840, 9294055, 25215
326885, 9268850, 9294068, 25218
326887, 9268870, 9294082, 25212
326888, 9268880, 9294095, 25215
326889, 9268890, 9294109, 25219
326890, 9268900, 9294122, 25222
326891, 9268910, 9294136, 25226
326892, 9268920, 9294149, 25229
326893, 9268930, 9294162, 25232
326894, 9268940, 9294176, 25236
326895, 9268950, 9294189, 25239
326897, 9268970, 9294203, 25233
326898, 9268980, 9294216, 25236
326899, 9268990, 9294230, 25240
326901, 9269010, 9294257, 25247
326902, 9269020, 9294270, 25250
326903, 9269030, 9294283, 25253
326904, 9269040, 9294297, 25257
326905, 9269050, 9294310, 25260
326906, 9269060, 9294324, 25264
326908, 9269080, 9294337, 25257
326909, 9269090, 9294351, 25261
326910, 9269100, 9294364, 25264
326911, 9269110, 9294378, 25268
326912, 9269120, 9294391, 25271
326913, 9269130, 9294404, 25274
326914, 9269140, 9294418, 25278
326915, 9269150, 9294431, 25281
326916, 9269160, 9298012, 28852
326918, 9269180, 9298026, 28846
326919, 9269190, 9298039, 28849
326920, 9269200, 9298052, 28852
326921, 9269210, 9298066, 28856
326922, 9269220, 9298079, 28859
326923, 9269230, 9298093, 28863
326924, 9269240, 9298106, 28866
326925, 9269250, 9298120, 28870
326926, 9269260, 9298133, 28873
326927, 9269270, 9298146, 28876
326929, 9269290, 9298160, 28870
326930, 9269300, 9298173, 28873
326931, 9269310, 9298187, 28877
326932, 9269320, 9298200, 28880
326933, 9269330, 9298214, 28884
326934, 9269340, 9298227, 28887
326935, 9269350, 9298241, 28891
326936, 9269360, 9298254, 28894
326937, 9269370, 9298267, 28897
326938, 9269380, 9298281, 28901
326940, 9269400, 9298294, 28894
326941, 9269410, 9298308, 28898
326942, 9269420, 9298321, 28901
326943, 9269430, 9298335, 28905
326944, 9269440, 9298348, 28908
326945, 9269450, 9298362, 28912
326946, 9269460, 9298375, 28915
326947, 9269470, 9298388, 28918
326948, 9269480, 9298402, 28922
326951, 9269510, 9298429, 28919
326952, 9269520, 9298442, 28922
326953, 9269530, 9298456, 28926
326954, 9269540, 9298469, 28929
326955, 9269550, 9298482, 28932
326956, 9269560, 9298496, 28936
326957, 9269570, 9298509, 28939
326958, 9269580, 9298523, 28943
326959, 9269590, 9298536, 28946
326961, 9269610, 9298550, 28940
326962, 9269620, 9298563, 28943
326963, 9269630, 9298577, 28947
326964, 9269640, 9298590, 28950
326965, 9269650, 9298603, 28953
326966, 9269660, 9298617, 28957
326967, 9269670, 9298630, 28960
326968, 9269680, 9298644, 28964
326969, 9269690, 9298657, 28967
326971, 9269710, 9298671, 28961
326972, 9269720, 9298684, 28964
326973, 9269730, 9298698, 28968
326974, 9269740, 9298711, 28971
326975, 9269750, 9298724, 28974
326976, 9269760, 9298738, 28978
326977, 9269770, 9298751, 28981
326978, 9269780, 9298765, 28985
326979, 9269790, 9298778, 28988
326980, 9269800, 9298792, 28992
326982, 9269820, 9298805, 28985
326983, 9269830, 9298818, 28988
326984, 9269840, 9298832, 28992
326985, 9269850, 9298845, 28995
326986, 9269860, 9298859, 28999
326987, 9269870, 9298872, 29002
326988, 9269880, 9298886, 29006
326989, 9269890, 9298899, 29009
326990, 9269900, 9298913, 29013
326991, 9269910, 9298926, 29016
326993, 9269930, 9298939, 29009
326994, 9269940, 9298953, 29013
326995, 9269950, 9298966, 29016
326996, 9269960, 9298980, 29020
326997, 9269970, 9298993, 29023
326998, 9269980, 9299007, 29027
326999, 9269990, 9299020, 29030
327402, 9274020, 9299047, 25027
327403, 9274030, 9299060, 25030
327404, 9274040, 9299074, 25034
327405, 9274050, 9299087, 25037
327406, 9274060, 9299101, 25041
327407, 9274070, 9299114, 25044
327408, 9274080, 9299128, 25048
327409, 9274090, 9299141, 25051
327410, 9274100, 9299154, 25054
327412, 9274120, 9299168, 25048
327413, 9274130, 9299181, 25051
327414, 9274140, 9299195, 25055
327415, 9274150, 9299208, 25058
327416, 9274160, 9299222, 25062
327417, 9274170, 9299235, 25065
327418, 9274180, 9299249, 25069
327419, 9274190, 9299262, 25072
327420, 9274200, 9299275, 25075
327421, 9274210, 9299289, 25079
327423, 9274230, 9299302, 25072
327424, 9274240, 9299316, 25076
327425, 9274250, 9299329, 25079
327426, 9274260, 9299343, 25083
327427, 9274270, 9299356, 25086
327428, 9274280, 9299370, 25090
327429, 9274290, 9299383, 25093
327430, 9274300, 9299396, 25096
327431, 9274310, 9299410, 25100
327433, 9274330, 9299423, 25093
327434, 9274340, 9299437, 25097
327435, 9274350, 9299450, 25100
327436, 9274360, 9299464, 25104
327437, 9274370, 9299477, 25107
327438, 9274380, 9299490, 25110
327439, 9274390, 9299504, 25114
327440, 9274400, 9299517, 25117
327441, 9274410, 9299531, 25121
327442, 9274420, 9299544, 25124
327444, 9274440, 9299558, 25118
327445, 9274450, 9299571, 25121
327446, 9274460, 9299585, 25125
327447, 9274470, 9299598, 25128
327448, 9274480, 9299611, 25131
327449, 9274490, 9299625, 25135
327451, 9274510, 9299652, 25142
327452, 9274520, 9299665, 25145
327453, 9274530, 9299679, 25149
327455, 9274550, 9299692, 25142
327456, 9274560, 9299706, 25146
327457, 9274570, 9299719, 25149
327458, 9274580, 9299732, 25152
327459, 9274590, 9299746, 25156
327460, 9274600, 9299759, 25159
327461, 9274610, 9299773, 25163
327462, 9274620, 9299786, 25166
327463, 9274630, 9299800, 25170
327465, 9274650, 9299813, 25163
327466, 9274660, 9299826, 25166
327467, 9274670, 9299840, 25170
327468, 9274680, 9299853, 25173
327469, 9274690, 9299867, 25177
327470, 9274700, 9299880, 25180
327471, 9274710, 9299894, 25184
327472, 9274720, 9299907, 25187
327473, 9274730, 9299921, 25191
327474, 9274740, 9299934, 25194
327476, 9274760, 9299947, 25187
327477, 9274770, 9299961, 25191
327478, 9274780, 9299974, 25194
327479, 9274790, 9299988, 25198
327480, 9274800, 9300001, 25201
327481, 9274810, 9300015, 25205
327482, 9274820, 9300028, 25208
327483, 9274830, 9300042, 25212
327484, 9274840, 9300055, 25215
327485, 9274850, 9300068, 25218
327487, 9274870, 9300082, 25212
327488, 9274880, 9300095, 25215
327489, 9274890, 9300109, 25219
327490, 9274900, 9300122, 25222
327491, 9274910, 9300136, 25226
327492, 9274920, 9300149, 25229
327493, 9274930, 9300162, 25232
327494, 9274940, 9300176, 25236
327495, 9274950, 9300189, 25239
327497, 9274970, 9300203, 25233
327498, 9274980, 9300216, 25236
327499, 9274990, 9300230, 25240
327501, 9275010, 9300257, 25247
327502, 9275020, 9300270, 25250
327503, 9275030, 9300283, 25253
327504, 9275040, 9300297, 25257
327505, 9275050, 9300310, 25260
327506, 9275060, 9300324, 25264
327508, 9275080, 9300337, 25257
327509, 9275090, 9300351, 25261
327510, 9275100, 9300364, 25264
327511, 9275110, 9300378, 25268
327512, 9275120, 9300391, 25271
327513, 9275130, 9300404, 25274
327514, 9275140, 9300418, 25278
327515, 9275150, 9300431, 25281
327516, 9275160, 9304012, 28852
327517, 9275170, 9304026, 28856
327519, 9275190, 9304039, 28849
327520, 9275200, 9304052, 28852
327521, 9275210, 9304066, 28856
327522, 9275220, 9304079, 28859
327523, 9275230, 9304093, 28863
327524, 9275240, 9304106, 28866
327525, 9275250, 9304120, 28870
327526, 9275260, 9304133, 28873
327527, 9275270, 9304146, 28876
327529, 9275290, 9304160, 28870
327530, 9275300, 9304173, 28873
327531, 9275310, 9304187, 28877
327532, 9275320, 9304200, 28880
327533, 9275330, 9304214, 28884
327534, 9275340, 9304227, 28887
327535, 9275350, 9304241, 28891
327536, 9275360, 9304254, 28894
327537, 9275370, 9304267, 28897
327538, 9275380, 9304281, 28901
327540, 9275400, 9304294, 28894
327541, 9275410, 9304308, 28898
327542, 9275420, 9304321, 28901
327543, 9275430, 9304335, 28905
327544, 9275440, 9304348, 28908
327545, 9275450, 9304362, 28912
327546, 9275460, 9304375, 28915
327547, 9275470, 9304388, 28918
327548, 9275480, 9304402, 28922
327551, 9275510, 9304429, 28919
327552, 9275520, 9304442, 28922
327553, 9275530, 9304456, 28926
327554, 9275540, 9304469, 28929
327555, 9275550, 9304482, 28932
327556, 9275560, 9304496, 28936
327557, 9275570, 9304509, 28939
327558, 9275580, 9304523, 28943
327559, 9275590, 9304536, 28946
327561, 9275610, 9304550, 28940
327562, 9275620, 9304563, 28943
327563, 9275630, 9304577, 28947
327564, 9275640, 9304590, 28950
327565, 9275650, 9304603, 28953
327566, 9275660, 9304617, 28957
327567, 9275670, 9304630, 28960
327568, 9275680, 9304644, 28964
327569, 9275690, 9304657, 28967
327570, 9275700, 9304671, 28971
327572, 9275720, 9304684, 28964
327573, 9275730, 9304698, 28968
327574, 9275740, 9304711, 28971
327575, 9275750, 9304724, 28974
327576, 9275760, 9304738, 28978
327577, 9275770, 9304751, 28981
327578, 9275780, 9304765, 28985
327579, 9275790, 9304778, 28988
327580, 9275800, 9304792, 28992
327582, 9275820, 9304805, 28985
327583, 9275830, 9304818, 28988
327584, 9275840, 9304832, 28992
327585, 9275850, 9304845, 28995
327586, 9275860, 9304859, 28999
327587, 9275870, 9304872, 29002
327588, 9275880, 9304886, 29006
327589, 9275890, 9304899, 29009
327590, 9275900, 9304913, 29013
327591, 9275910, 9304926, 29016
327593, 9275930, 9304939, 29009
327594, 9275940, 9304953, 29013
327595, 9275950, 9304966, 29016
327596, 9275960, 9304980, 29020
327597, 9275970, 9304993, 29023
327598, 9275980, 9305007, 29027
327599, 9275990, 9305020, 29030
328002, 9280020, 9305047, 25027
328003, 9280030, 9305060, 25030
328004, 9280040, 9305074, 25034
328005, 9280050, 9305087, 25037
328006, 9280060, 9305101, 25041
328007, 9280070, 9305114, 25044
328008, 9280080, 9305127, 25047
328009, 9280090, 9305141, 25051
328010, 9280100, 9305154, 25054
328012, 9280120, 9305168, 25048
328013, 9280130, 9305181, 25051
328014, 9280140, 9305195, 25055
328015, 9280150, 9305208, 25058
328016, 9280160, 9305222, 25062
328017, 9280170, 9305235, 25065
328018, 9280180, 9305248, 25068
328019, 9280190, 9305262, 25072
328020, 9280200, 9305275, 25075
328021, 9280210, 9305289, 25079
328023, 9280230, 9305302, 25072
328024, 9280240, 9305316, 25076
328025, 9280250, 9305329, 25079
328026, 9280260, 9305342, 25082
328027, 9280270, 9305356, 25086
328028, 9280280, 9305369, 25089
328029, 9280290, 9305383, 25093
328030, 9280300, 9305396, 25096
328031, 9280310, 9305410, 25100
328033, 9280330, 9305423, 25093
328034, 9280340, 9305437, 25097
328035, 9280350, 9305450, 25100
328036, 9280360, 9305463, 25103
328037, 9280370, 9305477, 25107
328038, 9280380, 9305490, 25110
328039, 9280390, 9305504, 25114
328040, 9280400, 9305517, 25117
328041, 9280410, 9305531, 25121
328042, 9280420, 9305544, 25124
328044, 9280440, 9305558, 25118
328045, 9280450, 9305571, 25121
328046, 9280460, 9305584, 25124
328047, 9280470, 9305598, 25128
328048, 9280480, 9305611, 25131
328049, 9280490, 9305625, 25135
328051, 9280510, 9305652, 25142
328052, 9280520, 9305665, 25145
328053, 9280530, 9305678, 25148
328055, 9280550, 9305692, 25142
328056, 9280560, 9305705, 25145
328057, 9280570, 9305719, 25149
328058, 9280580, 9305732, 25152
328059, 9280590, 9305746, 25156
328060, 9280600, 9305759, 25159
328061, 9280610, 9305773, 25163
328062, 9280620, 9305786, 25166
328063, 9280630, 9305799, 25169
328065, 9280650, 9305813, 25163
328066, 9280660, 9305826, 25166
328067, 9280670, 9305840, 25170
328068, 9280680, 9305853, 25173
328069, 9280690, 9305867, 25177
328070, 9280700, 9305880, 25180
328071, 9280710, 9305894, 25184
328072, 9280720, 9305907, 25187
328073, 9280730, 9305920, 25190
328074, 9280740, 9305934, 25194
328076, 9280760, 9305947, 25187
328077, 9280770, 9305961, 25191
328078, 9280780, 9305974, 25194
328079, 9280790, 9305988, 25198
328080, 9280800, 9306001, 25201
328081, 9280810, 9306014, 25204
328082, 9280820, 9306028, 25208
328083, 9280830, 9306041, 25211
328084, 9280840, 9306055, 25215
328085, 9280850, 9306068, 25218
328087, 9280870, 9306082, 25212
328088, 9280880, 9306095, 25215
328089, 9280890, 9306109, 25219
328090, 9280900, 9306122, 25222
328091, 9280910, 9306135, 25225
328092, 9280920, 9306149, 25229
328093, 9280930, 9306162, 25232
328094, 9280940, 9306176, 25236
328095, 9280950, 9306189, 25239
328097, 9280970, 9306203, 25233
328098, 9280980, 9306216, 25236
328099, 9280990, 9306230, 25240
328101, 9281010, 9306256, 25246
328102, 9281020, 9306270, 25250
328103, 9281030, 9306283, 25253
328104, 9281040, 9306297, 25257
328105, 9281050, 9306310, 25260
328106, 9281060, 9306324, 25264
328108, 9281080, 9306337, 25257
328109, 9281090, 9306350, 25260
328110, 9281100, 9306364, 25264
328111, 9281110, 9306377, 25267
328112, 9281120, 9306391, 25271
328113, 9281130, 9306404, 25274
328114, 9281140, 9306418, 25278
328115, 9281150, 9306431, 25281
328116, 9281160, 9310012, 28852
328118, 9281180, 9310026, 28846
328119, 9281190, 9310039, 28849
328120, 9281200, 9310052, 28852
328121, 9281210, 9310066, 28856
328122, 9281220, 9310079, 28859
328123, 9281230, 9310093, 28863
328124, 9281240, 9310106, 28866
328125, 9281250, 9310120, 28870
328126, 9281260, 9310133, 28873
328127, 9281270, 9310146, 28876
328129, 9281290, 9310160, 28870
328130, 9281300, 9310173, 28873
328131, 9281310, 9310187, 28877
328132, 9281320, 9310200, 28880
328133, 9281330, 9310214, 28884
328134, 9281340, 9310227, 28887
328135, 9281350, 9310241, 28891
328136, 9281360, 9310254, 28894
328137, 9281370, 9310267, 28897
328138, 9281380, 9310281, 28901
328140, 9281400, 9310294, 28894
328141, 9281410, 9310308, 28898
328142, 9281420, 9310321, 28901
328143, 9281430, 9310335, 28905
328144, 9281440, 9310348, 28908
328145, 9281450, 9310362, 28912
328146, 9281460, 9310375, 28915
328147, 9281470, 9310388, 28918
328148, 9281480, 9310402, 28922
328151, 9281510, 9310429, 28919
328152, 9281520, 9310442, 28922
328153, 9281530, 9310456, 28926
328154, 9281540, 9310469, 28929
328155, 9281550, 9310482, 28932
328156, 9281560, 9310496, 28936
328157, 9281570, 9310509, 28939
328158, 9281580, 9310523, 28943
328159, 9281590, 9310536, 28946
328161, 9281610, 9310550, 28940
328162, 9281620, 9310563, 28943
328163, 9281630, 9310577, 28947
328164, 9281640, 9310590, 28950
328165, 9281650, 9310603, 28953
328166, 9281660, 9310617, 28957
328167, 9281670, 9310630, 28960
328168, 9281680, 9310644, 28964
328169, 9281690, 9310657, 28967
328171, 9281710, 9310671, 28961
328172, 9281720, 9310684, 28964
328173, 9281730, 9310698, 28968
328174, 9281740, 9310711, 28971
328175, 9281750, 9310724, 28974
328176, 9281760, 9310738, 28978
328177, 9281770, 9310751, 28981
328178, 9281780, 9310765, 28985
328179, 9281790, 9310778, 28988
328180, 9281800, 9310792, 28992
328182, 9281820, 9310805, 28985
328183, 9281830, 9310818, 28988
328184, 9281840, 9310832, 28992
328185, 9281850, 9310845, 28995
328186, 9281860, 9310859, 28999
328187, 9281870, 9310872, 29002
328188, 9281880, 9310886, 29006
328189, 9281890, 9310899, 29009
328190, 9281900, 9310913, 29013
328191, 9281910, 9310926, 29016
328193, 9281930, 9310939, 29009
328194, 9281940, 9310953, 29013
328195, 9281950, 9310966, 29016
328196, 9281960, 9310980, 29020
328197, 9281970, 9310993, 29023
328198, 9281980, 9311007, 29027
328199, 9281990, 9311020, 29030
328602, 9286020, 9311047, 25027
328603, 9286030, 9311060, 25030
328604, 9286040, 9311074, 25034
328605, 9286050, 9311087, 25037
328606, 9286060, 9311101, 25041
328607, 9286070, 9311114, 25044
328608, 9286080, 9311128, 25048
328609, 9286090, 9311141, 25051
328610, 9286100, 9311154, 25054
328612, 9286120, 9311168, 25048
328613, 9286130, 9311181, 25051
328614, 9286140, 9311195, 25055
328615, 9286150, 9311208, 25058
328616, 9286160, 9311222, 25062
328617, 9286170, 9311235, 25065
328618, 9286180, 9311249, 25069
328619, 9286190, 9311262, 25072
328620, 9286200, 9311275, 25075
328621, 9286210, 9311289, 25079
328623, 9286230, 9311302, 25072
328624, 9286240, 9311316, 25076
328625, 9286250, 9311329, 25079
328626, 9286260, 9311343, 25083
328627, 9286270, 9311356, 25086
328628, 9286280, 9311370, 25090
328629, 9286290, 9311383, 25093
328630, 9286300, 9311396, 25096
328631, 9286310, 9311410, 25100
328633, 9286330, 9311423, 25093
328634, 9286340, 9311437, 25097
328635, 9286350, 9311450, 25100
328636, 9286360, 9311464, 25104
328637, 9286370, 9311477, 25107
328638, 9286380, 9311490, 25110
328639, 9286390, 9311504, 25114
328640, 9286400, 9311517, 25117
328641, 9286410, 9311531, 25121
328642, 9286420, 9311544, 25124
328644, 9286440, 9311558, 25118
328645, 9286450, 9311571, 25121
328646, 9286460, 9311585, 25125
328647, 9286470, 9311598, 25128
328648, 9286480, 9311611, 25131
328649, 9286490, 9311625, 25135
328651, 9286510, 9311652, 25142
328652, 9286520, 9311665, 25145
328653, 9286530, 9311679, 25149
328655, 9286550, 9311692, 25142
328656, 9286560, 9311706, 25146
328657, 9286570, 9311719, 25149
328658, 9286580, 9311732, 25152
328659, 9286590, 9311746, 25156
328660, 9286600, 9311759, 25159
328661, 9286610, 9311773, 25163
328662, 9286620, 9311786, 25166
328663, 9286630, 9311800, 25170
328665, 9286650, 9311813, 25163
328666, 9286660, 9311826, 25166
328667, 9286670, 9311840, 25170
328668, 9286680, 9311853, 25173
328669, 9286690, 9311867, 25177
328670, 9286700, 9311880, 25180
328671, 9286710, 9311894, 25184
328672, 9286720, 9311907, 25187
328673, 9286730, 9311921, 25191
328674, 9286740, 9311934, 25194
328676, 9286760, 9311947, 25187
328677, 9286770, 9311961, 25191
328678, 9286780, 9311974, 25194
328679, 9286790, 9311988, 25198
328680, 9286800, 9312001, 25201
328681, 9286810, 9312015, 25205
328682, 9286820, 9312028, 25208
328683, 9286830, 9312042, 25212
328684, 9286840, 9312055, 25215
328685, 9286850, 9312068, 25218
328687, 9286870, 9312082, 25212
328688, 9286880, 9312095, 25215
328689, 9286890, 9312109, 25219
328690, 9286900, 9312122, 25222
328691, 9286910, 9312136, 25226
328692, 9286920, 9312149, 25229
328693, 9286930, 9312162, 25232
328694, 9286940, 9312176, 25236
328695, 9286950, 9312189, 25239
328697, 9286970, 9312203, 25233
328698, 9286980, 9312216, 25236
328699, 9286990, 9312230, 25240
328701, 9287010, 9312257, 25247
328702, 9287020, 9312270, 25250
328703, 9287030, 9312283, 25253
328704, 9287040, 9312297, 25257
328705, 9287050, 9312310, 25260
328706, 9287060, 9312324, 25264
328708, 9287080, 9312337, 25257
328709, 9287090, 9312351, 25261
328710, 9287100, 9312364, 25264
328711, 9287110, 9312378, 25268
328712, 9287120, 9312391, 25271
328713, 9287130, 9312404, 25274
328714, 9287140, 9312418, 25278
328715, 9287150, 9312431, 25281
328716, 9287160, 9316012, 28852
328718, 9287180, 9316026, 28846
328719, 9287190, 9316039, 28849
328720, 9287200, 9316052, 28852
328721, 9287210, 9316066, 28856
328722, 9287220, 9316079, 28859
328723, 9287230, 9316093, 28863
328724, 9287240, 9316106, 28866
328725, 9287250, 9316120, 28870
328726, 9287260, 9316133, 28873
328727, 9287270, 9316146, 28876
328729, 9287290, 9316160, 28870
328730, 9287300, 9316173, 28873
328731, 9287310, 9316187, 28877
328732, 9287320, 9316200, 28880
328733, 9287330, 9316214, 28884
328734, 9287340, 9316227, 28887
328735, 9287350, 9316241, 28891
328736, 9287360, 9316254, 28894
328737, 9287370, 9316267, 28897
328738, 9287380, 9316281, 28901
328740, 9287400, 9316294, 28894
328741, 9287410, 9316308, 28898
328742, 9287420, 9316321, 28901
328743, 9287430, 9316335, 28905
328744, 9287440, 9316348, 28908
328745, 9287450, 9316362, 28912
328746, 9287460, 9316375, 28915
328747, 9287470, 9316388, 28918
328748, 9287480, 9316402, 28922
328751, 9287510, 9316429, 28919
328752, 9287520, 9316442, 28922
328753, 9287530, 9316456, 28926
328754, 9287540, 9316469, 28929
328755, 9287550, 9316482, 28932
328756, 9287560, 9316496, 28936
328757, 9287570, 9316509, 28939
328758, 9287580, 9316523, 28943
328759, 9287590, 9316536, 28946
328761, 9287610, 9316550, 28940
328762, 9287620, 9316563, 28943
328763, 9287630, 9316577, 28947
328764, 9287640, 9316590, 28950
328765, 9287650, 9316603, 28953
328766, 9287660, 9316617, 28957
328767, 9287670, 9316630, 28960
328768, 9287680, 9316644, 28964
328769, 9287690, 9316657, 28967
328771, 9287710, 9316671, 28961
328772, 9287720, 9316684, 28964
328773, 9287730, 9316698, 28968
328774, 9287740, 9316711, 28971
328775, 9287750, 9316724, 28974
328776, 9287760, 9316738, 28978
328777, 9287770, 9316751, 28981
328778, 9287780, 9316765, 28985
328779, 9287790, 9316778, 28988
328780, 9287800, 9316792, 28992
328782, 9287820, 9316805, 28985
328783, 9287830, 9316818, 28988
328784, 9287840, 9316832, 28992
328785, 9287850, 9316845, 28995
328786, 9287860, 9316859, 28999
328787, 9287870, 9316872, 29002
328788, 9287880, 9316886, 29006
328789, 9287890, 9316899, 29009
328790, 9287900, 9316913, 29013
328791, 9287910, 9316926, 29016
328793, 9287930, 9316939, 29009
328794, 9287940, 9316953, 29013
328795, 9287950, 9316966, 29016
328796, 9287960, 9316980, 29020
328797, 9287970, 9316993, 29023
328798, 9287980, 9317007, 29027
328799, 9287990, 9317020, 29030
329202, 9292020, 9317047, 25027
329203, 9292030, 9317060, 25030
329204, 9292040, 9317074, 25034
329205, 9292050, 9317087, 25037
329206, 9292060, 9317101, 25041
329207, 9292070, 9317114, 25044
329208, 9292080, 9317128, 25048
329209, 9292090, 9317141, 25051
329210, 9292100, 9317154, 25054
329212, 9292120, 9317168, 25048
329213, 9292130, 9317181, 25051
329214, 9292140, 9317195, 25055
329215, 9292150, 9317208, 25058
329216, 9292160, 9317222, 25062
329217, 9292170, 9317235, 25065
329218, 9292180, 9317249, 25069
329219, 9292190, 9317262, 25072
329220, 9292200, 9317275, 25075
329221, 9292210, 9317289, 25079
329223, 9292230, 9317302, 25072
329224, 9292240, 9317316, 25076
329225, 9292250, 9317329, 25079
329226, 9292260, 9317343, 25083
329227, 9292270, 9317356, 25086
329228, 9292280, 9317370, 25090
329229, 9292290, 9317383, 25093
329230, 9292300, 9317396, 25096
329231, 9292310, 9317410, 25100
329233, 9292330, 9317423, 25093
329234, 9292340, 9317437, 25097
329235, 9292350, 9317450, 25100
329236, 9292360, 9317464, 25104
329237, 9292370, 9317477, 25107
329238, 9292380, 9317490, 25110
329239, 9292390, 9317504, 25114
329240, 9292400, 9317517, 25117
329241, 9292410, 9317531, 25121
329242, 9292420, 9317544, 25124
329244, 9292440, 9317558, 25118
329245, 9292450, 9317571, 25121
329246, 9292460, 9317585, 25125
329247, 9292470, 9317598, 25128
329248, 9292480, 9317611, 25131
329249, 9292490, 9317625, 25135
329251, 9292510, 9317652, 25142
329252, 9292520, 9317665, 25145
329253, 9292530, 9317679, 25149
329255, 9292550, 9317692, 25142
329256, 9292560, 9317706, 25146
329257, 9292570, 9317719, 25149
329258, 9292580, 9317732, 25152
329259, 9292590, 9317746, 25156
329260, 9292600, 9317759, 25159
329261, 9292610, 9317773, 25163
329262, 9292620, 9317786, 25166
329263, 9292630, 9317800, 25170
329265, 9292650, 9317813, 25163
329266, 9292660, 9317826, 25166
329267, 9292670, 9317840, 25170
329268, 9292680, 9317853, 25173
329269, 9292690, 9317867, 25177
329270, 9292700, 9317880, 25180
329271, 9292710, 9317894, 25184
329272, 9292720, 9317907, 25187
329273, 9292730, 9317921, 25191
329274, 9292740, 9317934, 25194
329276, 9292760, 9317947, 25187
329277, 9292770, 9317961, 25191
329278, 9292780, 9317974, 25194
329279, 9292790, 9317988, 25198
329280, 9292800, 9318001, 25201
329281, 9292810, 9318015, 25205
329282, 9292820, 9318028, 25208
329283, 9292830, 9318042, 25212
329284, 9292840, 9318055, 25215
329285, 9292850, 9318068, 25218
329287, 9292870, 9318082, 25212
329288, 9292880, 9318095, 25215
329289, 9292890, 9318109, 25219
329290, 9292900, 9318122, 25222
329291, 9292910, 9318136, 25226
329292, 9292920, 9318149, 25229
329293, 9292930, 9318162, 25232
329294, 9292940, 9318176, 25236
329295, 9292950, 9318189, 25239
329297, 9292970, 9318203, 25233
329298, 9292980, 9318216, 25236
329299, 9292990, 9318230, 25240
329301, 9293010, 9318257, 25247
329302, 9293020, 9318270, 25250
329303, 9293030, 9318283, 25253
329304, 9293040, 9318297, 25257
329305, 9293050, 9318310, 25260
329306, 9293060, 9318324, 25264
329308, 9293080, 9318337, 25257
329309, 9293090, 9318351, 25261
329310, 9293100, 9318364, 25264
329311, 9293110, 9318378, 25268
329312, 9293120, 9318391, 25271
329313, 9293130, 9318404, 25274
329314, 9293140, 9318418, 25278
329315, 9293150, 9318431, 25281
329316, 9293160, 9322012, 28852
329318, 9293180, 9322026, 28846
329319, 9293190, 9322039, 28849
329320, 9293200, 9322052, 28852
329321, 9293210, 9322066, 28856
329322, 9293220, 9322079, 28859
329323, 9293230, 9322093, 28863
329324, 9293240, 9322106, 28866
329325, 9293250, 9322120, 28870
329326, 9293260, 9322133, 28873
329327, 9293270, 9322146, 28876
329329, 9293290, 9322160, 28870
329330, 9293300, 9322173, 28873
329331, 9293310, 9322187, 28877
329332, 9293320, 9322200, 28880
329333, 9293330, 9322214, 28884
329334, 9293340, 9322227, 28887
329335, 9293350, 9322241, 28891
329336, 9293360, 9322254, 28894
329337, 9293370, 9322267, 28897
329338, 9293380, 9322281, 28901
329340, 9293400, 9322294, 28894
329341, 9293410, 9322308, 28898
329342, 9293420, 9322321, 28901
329343, 9293430, 9322335, 28905
329344, 9293440, 9322348, 28908
329345, 9293450, 9322362, 28912
329346, 9293460, 9322375, 28915
329347, 9293470, 9322388, 28918
329348, 9293480, 9322402, 28922
329351, 9293510, 9322429, 28919
329352, 9293520, 9322442, 28922
329353, 9293530, 9322456, 28926
329354, 9293540, 9322469, 28929
329355, 9293550, 9322482, 28932
329356, 9293560, 9322496, 28936
329357, 9293570, 9322509, 28939
329358, 9293580, 9322523, 28943
329359, 9293590, 9322536, 28946
329361, 9293610, 9322550, 28940
329362, 9293620, 9322563, 28943
329363, 9293630, 9322577, 28947
329364, 9293640, 9322590, 28950
329365, 9293650, 9322603, 28953
329366, 9293660, 9322617, 28957
329367, 9293670, 9322630, 28960
329368, 9293680, 9322644, 28964
329369, 9293690, 9322657, 28967
329371, 9293710, 9322671, 28961
329372, 9293720, 9322684, 28964
329373, 9293730, 9322698, 28968
329374, 9293740, 9322711, 28971
329375, 9293750, 9322724, 28974
329376, 9293760, 9322738, 28978
329377, 9293770, 9322751, 28981
329378, 9293780, 9322765, 28985
329379, 9293790, 9322778, 28988
329380, 9293800, 9322792, 28992
329382, 9293820, 9322805, 28985
329383, 9293830, 9322818, 28988
329384, 9293840, 9322832, 28992
329385, 9293850, 9322845, 28995
329386, 9293860, 9322859, 28999
329387, 9293870, 9322872, 29002
329388, 9293880, 9322886, 29006
329389, 9293890, 9322899, 29009
329390, 9293900, 9322913, 29013
329391, 9293910, 9322926, 29016
329393, 9293930, 9322939, 29009
329394, 9293940, 9322953, 29013
329395, 9293950, 9322966, 29016
329396, 9293960, 9322980, 29020
329397, 9293970, 9322993, 29023
329398, 9293980, 9323007, 29027
329399, 9293990, 9323020, 29030
329802, 9298020, 9323047, 25027
329803, 9298030, 9323060, 25030
329804, 9298040, 9323074, 25034
329805, 9298050, 9323087, 25037
329806, 9298060, 9323101, 25041
329807, 9298070, 9323114, 25044
329808, 9298080, 9323128, 25048
329809, 9298090, 9323141, 25051
329810, 9298100, 9323154, 25054
329812, 9298120, 9323168, 25048
329813, 9298130, 9323181, 25051
329814, 9298140, 9323195, 25055
329815, 9298150, 9323208, 25058
329816, 9298160, 9323222, 25062
329817, 9298170, 9323235, 25065
329818, 9298180, 9323249, 25069
329819, 9298190, 9323262, 25072
329820, 9298200, 9323275, 25075
329821, 9298210, 9323289, 25079
329823, 9298230, 9323302, 25072
329824, 9298240, 9323316, 25076
329825, 9298250, 9323329, 25079
329826, 9298260, 9323343, 25083
329827, 9298270, 9323356, 25086
329828, 9298280, 9323370, 25090
329829, 9298290, 9323383, 25093
329830, 9298300, 9323396, 25096
329831, 9298310, 9323410, 25100
329833, 9298330, 9323423, 25093
329834, 9298340, 9323437, 25097
329835, 9298350, 9323450, 25100
329836, 9298360, 9323464, 25104
329837, 9298370, 9323477, 25107
329838, 9298380, 9323490, 25110
329839, 9298390, 9323504, 25114
329840, 9298400, 9323517, 25117
329841, 9298410, 9323531, 25121
329842, 9298420, 9323544, 25124
329844, 9298440, 9323558, 25118
329845, 9298450, 9323571, 25121
329846, 9298460, 9323585, 25125
329847, 9298470, 9323598, 25128
329848, 9298480, 9323611, 25131
329849, 9298490, 9323625, 25135
329851, 9298510, 9323652, 25142
329852, 9298520, 9323665, 25145
329853, 9298530, 9323679, 25149
329855, 9298550, 9323692, 25142
329856, 9298560, 9323706, 25146
329857, 9298570, 9323719, 25149
329858, 9298580, 9323732, 25152
329859, 9298590, 9323746, 25156
329860, 9298600, 9323759, 25159
329861, 9298610, 9323773, 25163
329862, 9298620, 9323786, 25166
329863, 9298630, 9323800, 25170
329865, 9298650, 9323813, 25163
329866, 9298660, 9323826, 25166
329867, 9298670, 9323840, 25170
329868, 9298680, 9323853, 25173
329869, 9298690, 9323867, 25177
329870, 9298700, 9323880, 25180
329871, 9298710, 9323894, 25184
329872, 9298720, 9323907, 25187
329873, 9298730, 9323921, 25191
329874, 9298740, 9323934, 25194
329876, 9298760, 9323947, 25187
329877, 9298770, 9323961, 25191
329878, 9298780, 9323974, 25194
329879, 9298790, 9323988, 25198
329880, 9298800, 9324001, 25201
329881, 9298810, 9324015, 25205
329882, 9298820, 9324028, 25208
329883, 9298830, 9324042, 25212
329884, 9298840, 9324055, 25215
329885, 9298850, 9324068, 25218
329887, 9298870, 9324082, 25212
329888, 9298880, 9324095, 25215
329889, 9298890, 9324109, 25219
329890, 9298900, 9324122, 25222
329891, 9298910, 9324136, 25226
329892, 9298920, 9324149, 25229
329893, 9298930, 9324162, 25232
329894, 9298940, 9324176, 25236
329895, 9298950, 9324189, 25239
329897, 9298970, 9324203, 25233
329898, 9298980, 9324216, 25236
329899, 9298990, 9324230, 25240
329901, 9299010, 9324257, 25247
329902, 9299020, 9324270, 25250
329903, 9299030, 9324283, 25253
329904, 9299040, 9324297, 25257
329905, 9299050, 9324310, 25260
329906, 9299060, 9324324, 25264
329908, 9299080, 9324337, 25257
329909, 9299090, 9324351, 25261
329910, 9299100, 9324364, 25264
329911, 9299110, 9324378, 25268
329912, 9299120, 9324391, 25271
329913, 9299130, 9324404, 25274
329914, 9299140, 9324418, 25278
329915, 9299150, 9324431, 25281
329916, 9299160, 9328012, 28852
329918, 9299180, 9328026, 28846
329919, 9299190, 9328039, 28849
329920, 9299200, 9328052, 28852
329921, 9299210, 9328066, 28856
329922, 9299220, 9328079, 28859
329923, 9299230, 9328093, 28863
329924, 9299240, 9328106, 28866
329925, 9299250, 9328120, 28870
329926, 9299260, 9328133, 28873
329927, 9299270, 9328146, 28876
329929, 9299290, 9328160, 28870
329930, 9299300, 9328173, 28873
329931, 9299310, 9328187, 28877
329932, 9299320, 9328200, 28880
329933, 9299330, 9328214, 28884
329934, 9299340, 9328227, 28887
329935, 9299350, 9328241, 28891
329936, 9299360, 9328254, 28894
329937, 9299370, 9328267, 28897
329938, 9299380, 9328281, 28901
329940, 9299400, 9328294, 28894
329941, 9299410, 9328308, 28898
329942, 9299420, 9328321, 28901
329943, 9299430, 9328335, 28905
329944, 9299440, 9328348, 28908
329945, 9299450, 9328362, 28912
329946, 9299460, 9328375, 28915
329947, 9299470, 9328388, 28918
329948, 9299480, 9328402, 28922
329951, 9299510, 9328429, 28919
329952, 9299520, 9328442, 28922
329953, 9299530, 9328456, 28926
329954, 9299540, 9328469, 28929
329955, 9299550, 9328482, 28932
329956, 9299560, 9328496, 28936
329957, 9299570, 9328509, 28939
329958, 9299580, 9328523, 28943
329959, 9299590, 9328536, 28946
329961, 9299610, 9328550, 28940
329962, 9299620, 9328563, 28943
329963, 9299630, 9328577, 28947
329964, 9299640, 9328590, 28950
329965, 9299650, 9328603, 28953
329966, 9299660, 9328617, 28957
329967, 9299670, 9328630, 28960
329968, 9299680, 9328644, 28964
329969, 9299690, 9328657, 28967
329971, 9299710, 9328671, 28961
329972, 9299720, 9328684, 28964
329973, 9299730, 9328698, 28968
329974, 9299740, 9328711, 28971
329975, 9299750, 9328724, 28974
329976, 9299760, 9328738, 28978
329977, 9299770, 9328751, 28981
329978, 9299780, 9328765, 28985
329979, 9299790, 9328778, 28988
329980, 9299800, 9328792, 28992
329982, 9299820, 9328805, 28985
329983, 9299830, 9328818, 28988
329984, 9299840, 9328832, 28992
329985, 9299850, 9328845, 28995
329986, 9299860, 9328859, 28999
329987, 9299870, 9328872, 29002
329988, 9299880, 9328886, 29006
329989, 9299890, 9328899, 29009
329990, 9299900, 9328913, 29013
329991, 9299910, 9328926, 29016
329993, 9299930, 9328939, 29009
329994, 9299940, 9328953, 29013
329995, 9299950, 9328966, 29016
329996, 9299960, 9328980, 29020
329997, 9299970, 9328993, 29023
329998, 9299980, 9329007, 29027
329999, 9299990, 9329020, 29030
330402, 9304020, 9329047, 25027
330403, 9304030, 9329060, 25030
330404, 9304040, 9329074, 25034
330405, 9304050, 9329087, 25037
330406, 9304060, 9329101, 25041
330407, 9304070, 9329114, 25044
330408, 9304080, 9329128, 25048
330409, 9304090, 9329141, 25051
330410, 9304100, 9329154, 25054
330412, 9304120, 9329168, 25048
330413, 9304130, 9329181, 25051
330414, 9304140, 9329195, 25055
330415, 9304150, 9329208, 25058
330416, 9304160, 9329222, 25062
330417, 9304170, 9329235, 25065
330418, 9304180, 9329249, 25069
330419, 9304190, 9329262, 25072
330420, 9304200, 9329275, 25075
330421, 9304210, 9329289, 25079
330423, 9304230, 9329302, 25072
330424, 9304240, 9329316, 25076
330425, 9304250, 9329329, 25079
330426, 9304260, 9329343, 25083
330427, 9304270, 9329356, 25086
330428, 9304280, 9329370, 25090
330429, 9304290, 9329383, 25093
330430, 9304300, 9329396, 25096
330431, 9304310, 9329410, 25100
330433, 9304330, 9329423, 25093
330434, 9304340, 9329437, 25097
330435, 9304350, 9329450, 25100
330436, 9304360, 9329464, 25104
330437, 9304370, 9329477, 25107
330438, 9304380, 9329490, 25110
330439, 9304390, 9329504, 25114
330440, 9304400, 9329517, 25117
330441, 9304410, 9329531, 25121
330442, 9304420, 9329544, 25124
330444, 9304440, 9329558, 25118
330445, 9304450, 9329571, 25121
330446, 9304460, 9329585, 25125
330447, 9304470, 9329598, 25128
330448, 9304480, 9329611, 25131
330449, 9304490, 9329625, 25135
330451, 9304510, 9329652, 25142
330452, 9304520, 9329665, 25145
330453, 9304530, 9329679, 25149
330455, 9304550, 9329692, 25142
330456, 9304560, 9329706, 25146
330457, 9304570, 9329719, 25149
330458, 9304580, 9329732, 25152
330459, 9304590, 9329746, 25156
330460, 9304600, 9329759, 25159
330461, 9304610, 9329773, 25163
330462, 9304620, 9329786, 25166
330463, 9304630, 9329800, 25170
330465, 9304650, 9329813, 25163
330466, 9304660, 9329826, 25166
330467, 9304670, 9329840, 25170
330468, 9304680, 9329853, 25173
330469, 9304690, 9329867, 25177
330470, 9304700, 9329880, 25180
330471, 9304710, 9329894, 25184
330472, 9304720, 9329907, 25187
330473, 9304730, 9329921, 25191
330474, 9304740, 9329934, 25194
330476, 9304760, 9329947, 25187
330477, 9304770, 9329961, 25191
330478, 9304780, 9329974, 25194
330479, 9304790, 9329988, 25198
330480, 9304800, 9330001, 25201
330481, 9304810, 9330015, 25205
330482, 9304820, 9330028, 25208
330483, 9304830, 9330042, 25212
330484, 9304840, 9330055, 25215
330485, 9304850, 9330068, 25218
330487, 9304870, 9330082, 25212
330488, 9304880, 9330095, 25215
330489, 9304890, 9330109, 25219
330490, 9304900, 9330122, 25222
330491, 9304910, 9330136, 25226
330492, 9304920, 9330149, 25229
330493, 9304930, 9330162, 25232
330494, 9304940, 9330176, 25236
330495, 9304950, 9330189, 25239
330497, 9304970, 9330203, 25233
330498, 9304980, 9330216, 25236
330499, 9304990, 9330230, 25240
330501, 9305010, 9330257, 25247
330502, 9305020, 9330270, 25250
330503, 9305030, 9330283, 25253
330504, 9305040, 9330297, 25257
330505, 9305050, 9330310, 25260
330506, 9305060, 9330324, 25264
330508, 9305080, 9330337, 25257
330509, 9305090, 9330351, 25261
330510, 9305100, 9330364, 25264
330511, 9305110, 9330378, 25268
330512, 9305120, 9330391, 25271
330513, 9305130, 9330404, 25274
330514, 9305140, 9330418, 25278
330515, 9305150, 9330431, 25281
330516, 9305160, 9334012, 28852
330517, 9305170, 9334026, 28856
330519, 9305190, 9334039, 28849
330520, 9305200, 9334052, 28852
330521, 9305210, 9334066, 28856
330522, 9305220, 9334079, 28859
330523, 9305230, 9334093, 28863
330524, 9305240, 9334106, 28866
330525, 9305250, 9334120, 28870
330526, 9305260, 9334133, 28873
330527, 9305270, 9334146, 28876
330529, 9305290, 9334160, 28870
330530, 9305300, 9334173, 28873
330531, 9305310, 9334187, 28877
330532, 9305320, 9334200, 28880
330533, 9305330, 9334214, 28884
330534, 9305340, 9334227, 28887
330535, 9305350, 9334241, 28891
330536, 9305360, 9334254, 28894
330537, 9305370, 9334267, 28897
330538, 9305380, 9334281, 28901
330540, 9305400, 9334294, 28894
330541, 9305410, 9334308, 28898
330542, 9305420, 9334321, 28901
330543, 9305430, 9334335, 28905
330544, 9305440, 9334348, 28908
330545, 9305450, 9334362, 28912
330546, 9305460, 9334375, 28915
330547, 9305470, 9334388, 28918
330548, 9305480, 9334402, 28922
330551, 9305510, 9334429, 28919
330552, 9305520, 9334442, 28922
330553, 9305530, 9334456, 28926
330554, 9305540, 9334469, 28929
330555, 9305550, 9334482, 28932
330556, 9305560, 9334496, 28936
330557, 9305570, 9334509, 28939
330558, 9305580, 9334523, 28943
330559, 9305590, 9334536, 28946
330561, 9305610, 9334550, 28940
330562, 9305620, 9334563, 28943
330563, 9305630, 9334577, 28947
330564, 9305640, 9334590, 28950
330565, 9305650, 9334603, 28953
330566, 9305660, 9334617, 28957
330567, 9305670, 9334630, 28960
330568, 9305680, 9334644, 28964
330569, 9305690, 9334657, 28967
330570, 9305700, 9334671, 28971
330572, 9305720, 9334684, 28964
330573, 9305730, 9334698, 28968
330574, 9305740, 9334711, 28971
330575, 9305750, 9334724, 28974
330576, 9305760, 9334738, 28978
330577, 9305770, 9334751, 28981
330578, 9305780, 9334765, 28985
330579, 9305790, 9334778, 28988
330580, 9305800, 9334792, 28992
330582, 9305820, 9334805, 28985
330583, 9305830, 9334818, 28988
330584, 9305840, 9334832, 28992
330585, 9305850, 9334845, 28995
330586, 9305860, 9334859, 28999
330587, 9305870, 9334872, 29002
330588, 9305880, 9334886, 29006
330589, 9305890, 9334899, 29009
330590, 9305900, 9334913, 29013
330591, 9305910, 9334926, 29016
330593, 9305930, 9334939, 29009
330594, 9305940, 9334953, 29013
330595, 9305950, 9334966, 29016
330596, 9305960, 9334980, 29020
330597, 9305970, 9334993, 29023
330598, 9305980, 9335007, 29027
330599, 9305990, 9335020, 29030
331002, 9310020, 9335047, 25027
331003, 9310030, 9335060, 25030
331004, 9310040, 9335074, 25034
331005, 9310050, 9335087, 25037
331006, 9310060, 9335101, 25041
331007, 9310070, 9335114, 25044
331008, 9310080, 9335127, 25047
331009, 9310090, 9335141, 25051
331010, 9310100, 9335154, 25054
331012, 9310120, 9335168, 25048
331013, 9310130, 9335181, 25051
331014, 9310140, 9335195, 25055
331015, 9310150, 9335208, 25058
331016, 9310160, 9335222, 25062
331017, 9310170, 9335235, 25065
331018, 9310180, 9335248, 25068
331019, 9310190, 9335262, 25072
331020, 9310200, 9335275, 25075
331021, 9310210, 9335289, 25079
331023, 9310230, 9335302, 25072
331024, 9310240, 9335316, 25076
331025, 9310250, 9335329, 25079
331026, 9310260, 9335342, 25082
331027, 9310270, 9335356, 25086
331028, 9310280, 9335369, 25089
331029, 9310290, 9335383, 25093
331030, 9310300, 9335396, 25096
331031, 9310310, 9335410, 25100
331033, 9310330, 9335423, 25093
331034, 9310340, 9335437, 25097
331035, 9310350, 9335450, 25100
331036, 9310360, 9335463, 25103
331037, 9310370, 9335477, 25107
331038, 9310380, 9335490, 25110
331039, 9310390, 9335504, 25114
331040, 9310400, 9335517, 25117
331041, 9310410, 9335531, 25121
331042, 9310420, 9335544, 25124
331044, 9310440, 9335558, 25118
331045, 9310450, 9335571, 25121
331046, 9310460, 9335584, 25124
331047, 9310470, 9335598, 25128
331048, 9310480, 9335611, 25131
331049, 9310490, 9335625, 25135
331051, 9310510, 9335652, 25142
331052, 9310520, 9335665, 25145
331053, 9310530, 9335678, 25148
331055, 9310550, 9335692, 25142
331056, 9310560, 9335705, 25145
331057, 9310570, 9335719, 25149
331058, 9310580, 9335732, 25152
331059, 9310590, 9335746, 25156
331060, 9310600, 9335759, 25159
331061, 9310610, 9335773, 25163
331062, 9310620, 9335786, 25166
331063, 9310630, 9335799, 25169
331065, 9310650, 9335813, 25163
331066, 9310660, 9335826, 25166
331067, 9310670, 9335840, 25170
331068, 9310680, 9335853, 25173
331069, 9310690, 9335867, 25177
331070, 9310700, 9335880, 25180
331071, 9310710, 9335894, 25184
331072, 9310720, 9335907, 25187
331073, 9310730, 9335920, 25190
331074, 9310740, 9335934, 25194
331076, 9310760, 9335947, 25187
331077, 9310770, 9335961, 25191
331078, 9310780, 9335974, 25194
331079, 9310790, 9335988, 25198
331080, 9310800, 9336001, 25201
331081, 9310810, 9336014, 25204
331082, 9310820, 9336028, 25208
331083, 9310830, 9336041, 25211
331084, 9310840, 9336055, 25215
331085, 9310850, 9336068, 25218
331087, 9310870, 9336082, 25212
331088, 9310880, 9336095, 25215
331089, 9310890, 9336109, 25219
331090, 9310900, 9336122, 25222
331091, 9310910, 9336135, 25225
331092, 9310920, 9336149, 25229
331093, 9310930, 9336162, 25232
331094, 9310940, 9336176, 25236
331095, 9310950, 9336189, 25239
331097, 9310970, 9336203, 25233
331098, 9310980, 9336216, 25236
331099, 9310990, 9336230, 25240
331101, 9311010, 9336256, 25246
331102, 9311020, 9336270, 25250
331103, 9311030, 9336283, 25253
331104, 9311040, 9336297, 25257
331105, 9311050, 9336310, 25260
331106, 9311060, 9336324, 25264
331108, 9311080, 9336337, 25257
331109, 9311090, 9336350, 25260
331110, 9311100, 9336364, 25264
331111, 9311110, 9336377, 25267
331112, 9311120, 9336391, 25271
331113, 9311130, 9336404, 25274
331114, 9311140, 9336418, 25278
331115, 9311150, 9336431, 25281
331116, 9311160, 9340012, 28852
331118, 9311180, 9340026, 28846
331119, 9311190, 9340039, 28849
331120, 9311200, 9340052, 28852
331121, 9311210, 9340066, 28856
331122, 9311220, 9340079, 28859
331123, 9311230, 9340093, 28863
331124, 9311240, 9340106, 28866
331125, 9311250, 9340120, 28870
331126, 9311260, 9340133, 28873
331127, 9311270, 9340146, 28876
331129, 9311290, 9340160, 28870
331130, 9311300, 9340173, 28873
331131, 9311310, 9340187, 28877
331132, 9311320, 9340200, 28880
331133, 9311330, 9340214, 28884
331134, 9311340, 9340227, 28887
331135, 9311350, 9340241, 28891
331136, 9311360, 9340254, 28894
331137, 9311370, 9340267, 28897
331138, 9311380, 9340281, 28901
331140, 9311400, 9340294, 28894
331141, 9311410, 9340308, 28898
331142, 9311420, 9340321, 28901
331143, 9311430, 9340335, 28905
331144, 9311440, 9340348, 28908
331145, 9311450, 9340362, 28912
331146, 9311460, 9340375, 28915
331147, 9311470, 9340388, 28918
331148, 9311480, 9340402, 28922
331151, 9311510, 9340429, 28919
331152, 9311520, 9340442, 28922
331153, 9311530, 9340456, 28926
331154, 9311540, 9340469, 28929
331155, 9311550, 9340482, 28932
331156, 9311560, 9340496, 28936
331157, 9311570, 9340509, 28939
331158, 9311580, 9340523, 28943
331159, 9311590, 9340536, 28946
331161, 9311610, 9340550, 28940
331162, 9311620, 9340563, 28943
331163, 9311630, 9340577, 28947
331164, 9311640, 9340590, 28950
331165, 9311650, 9340603, 28953
331166, 9311660, 9340617, 28957
331167, 9311670, 9340630, 28960
331168, 9311680, 9340644, 28964
331169, 9311690, 9340657, 28967
331171, 9311710, 9340671, 28961
331172, 9311720, 9340684, 28964
331173, 9311730, 9340698, 28968
331174, 9311740, 9340711, 28971
331175, 9311750, 9340724, 28974
331176, 9311760, 9340738, 28978
331177, 9311770, 9340751, 28981
331178, 9311780, 9340765, 28985
331179, 9311790, 9340778, 28988
331180, 9311800, 9340792, 28992
331182, 9311820, 9340805, 28985
331183, 9311830, 9340818, 28988
331184, 9311840, 9340832, 28992
331185, 9311850, 9340845, 28995
331186, 9311860, 9340859, 28999
331187, 9311870, 9340872, 29002
331188, 9311880, 9340886, 29006
331189, 9311890, 9340899, 29009
331190, 9311900, 9340913, 29013
331191, 9311910, 9340926, 29016
331193, 9311930, 9340939, 29009
331194, 9311940, 9340953, 29013
331195, 9311950, 9340966, 29016
331196, 9311960, 9340980, 29020
331197, 9311970, 9340993, 29023
331198, 9311980, 9341007, 29027
331199, 9311990, 9341020, 29030
331602, 9316020, 9341047, 25027
331603, 9316030, 9341060, 25030
331604, 9316040, 9341074, 25034
331605, 9316050, 9341087, 25037
331606, 9316060, 9341101, 25041
331607, 9316070, 9341114, 25044
331608, 9316080, 9341128, 25048
331609, 9316090, 9341141, 25051
331610, 9316100, 9341154, 25054
331612, 9316120, 9341168, 25048
331613, 9316130, 9341181, 25051
331614, 9316140, 9341195, 25055
331615, 9316150, 9341208, 25058
331616, 9316160, 9341222, 25062
331617, 9316170, 9341235, 25065
331618, 9316180, 9341249, 25069
331619, 9316190, 9341262, 25072
331620, 9316200, 9341275, 25075
331621, 9316210, 9341289, 25079
331623, 9316230, 9341302, 25072
331624, 9316240, 9341316, 25076
331625, 9316250, 9341329, 25079
331626, 9316260, 9341343, 25083
331627, 9316270, 9341356, 25086
331628, 9316280, 9341370, 25090
331629, 9316290, 9341383, 25093
331630, 9316300, 9341396, 25096
331631, 9316310, 9341410, 25100
331633, 9316330, 9341423, 25093
331634, 9316340, 9341437, 25097
331635, 9316350, 9341450, 25100
331636, 9316360, 9341464, 25104
331637, 9316370, 9341477, 25107
331638, 9316380, 9341490, 25110
331639, 9316390, 9341504, 25114
331640, 9316400, 9341517, 25117
331641, 9316410, 9341531, 25121
331642, 9316420, 9341544, 25124
331644, 9316440, 9341558, 25118
331645, 9316450, 9341571, 25121
331646, 9316460, 9341585, 25125
331647, 9316470, 9341598, 25128
331648, 9316480, 9341611, 25131
331649, 9316490, 9341625, 25135
331651, 9316510, 9341652, 25142
331652, 9316520, 9341665, 25145
331653, 9316530, 9341679, 25149
331655, 9316550, 9341692, 25142
331656, 9316560, 9341706, 25146
331657, 9316570, 9341719, 25149
331658, 9316580, 9341732, 25152
331659, 9316590, 9341746, 25156
331660, 9316600, 9341759, 25159
331661, 9316610, 9341773, 25163
331662, 9316620, 9341786, 25166
331663, 9316630, 9341800, 25170
331665, 9316650, 9341813, 25163
331666, 9316660, 9341826, 25166
331667, 9316670, 9341840, 25170
331668, 9316680, 9341853, 25173
331669, 9316690, 9341867, 25177
331670, 9316700, 9341880, 25180
331671, 9316710, 9341894, 25184
331672, 9316720, 9341907, 25187
331673, 9316730, 9341921, 25191
331674, 9316740, 9341934, 25194
331676, 9316760, 9341947, 25187
331677, 9316770, 9341961, 25191
331678, 9316780, 9341974, 25194
331679, 9316790, 9341988, 25198
331680, 9316800, 9342001, 25201
331681, 9316810, 9342015, 25205
331682, 9316820, 9342028, 25208
331683, 9316830, 9342042, 25212
331684, 9316840, 9342055, 25215
331685, 9316850, 9342068, 25218
331687, 9316870, 9342082, 25212
331688, 9316880, 9342095, 25215
331689, 9316890, 9342109, 25219
331690, 9316900, 9342122, 25222
331691, 9316910, 9342136, 25226
331692, 9316920, 9342149, 25229
331693, 9316930, 9342162, 25232
331694, 9316940, 9342176, 25236
331695, 9316950, 9342189, 25239
331697, 9316970, 9342203, 25233
331698, 9316980, 9342216, 25236
331699, 9316990, 9342230, 25240
331701, 9317010, 9342257, 25247
331702, 9317020, 9342270, 25250
331703, 9317030, 9342283, 25253
331704, 9317040, 9342297, 25257
331705, 9317050, 9342310, 25260
331706, 9317060, 9342324, 25264
331708, 9317080, 9342337, 25257
331709, 9317090, 9342351, 25261
331710, 9317100, 9342364, 25264
331711, 9317110, 9342378, 25268
331712, 9317120, 9342391, 25271
331713, 9317130, 9342404, 25274
331714, 9317140, 9342418, 25278
331715, 9317150, 9342431, 25281
331716, 9317160, 9346012, 28852
331718, 9317180, 9346026, 28846
331719, 9317190, 9346039, 28849
331720, 9317200, 9346052, 28852
331721, 9317210, 9346066, 28856
331722, 9317220, 9346079, 28859
331723, 9317230, 9346093, 28863
331724, 9317240, 9346106, 28866
331725, 9317250, 9346120, 28870
331726, 9317260, 9346133, 28873
331727, 9317270, 9346146, 28876
331729, 9317290, 9346160, 28870
331730, 9317300, 9346173, 28873
331731, 9317310, 9346187, 28877
331732, 9317320, 9346200, 28880
331733, 9317330, 9346214, 28884
331734, 9317340, 9346227, 28887
331735, 9317350, 9346241, 28891
331736, 9317360, 9346254, 28894
331737, 9317370, 9346267, 28897
331738, 9317380, 9346281, 28901
331740, 9317400, 9346294, 28894
331741, 9317410, 9346308, 28898
331742, 9317420, 9346321, 28901
331743, 9317430, 9346335, 28905
331744, 9317440, 9346348, 28908
331745, 9317450, 9346362, 28912
331746, 9317460, 9346375, 28915
331747, 9317470, 9346388, 28918
331748, 9317480, 9346402, 28922
331751, 9317510, 9346429, 28919
331752, 9317520, 9346442, 28922
331753, 9317530, 9346456, 28926
331754, 9317540, 9346469, 28929
331755, 9317550, 9346482, 28932
331756, 9317560, 9346496, 28936
331757, 9317570, 9346509, 28939
331758, 9317580, 9346523, 28943
331759, 9317590, 9346536, 28946
331761, 9317610, 9346550, 28940
331762, 9317620, 9346563, 28943
331763, 9317630, 9346577, 28947
331764, 9317640, 9346590, 28950
331765, 9317650, 9346603, 28953
331766, 9317660, 9346617, 28957
331767, 9317670, 9346630, 28960
331768, 9317680, 9346644, 28964
331769, 9317690, 9346657, 28967
331771, 9317710, 9346671, 28961
331772, 9317720, 9346684, 28964
331773, 9317730, 9346698, 28968
331774, 9317740, 9346711, 28971
331775, 9317750, 9346724, 28974
331776, 9317760, 9346738, 28978
331777, 9317770, 9346751, 28981
331778, 9317780, 9346765, 28985
331779, 9317790, 9346778, 28988
331780, 9317800, 9346792, 28992
331782, 9317820, 9346805, 28985
331783, 9317830, 9346818, 28988
331784, 9317840, 9346832, 28992
331785, 9317850, 9346845, 28995
331786, 9317860, 9346859, 28999
331787, 9317870, 9346872, 29002
331788, 9317880, 9346886, 29006
331789, 9317890, 9346899, 29009
331790, 9317900, 9346913, 29013
331791, 9317910, 9346926, 29016
331793, 9317930, 9346939, 29009
331794, 9317940, 9346953, 29013
331795, 9317950, 9346966, 29016
331796, 9317960, 9346980, 29020
331797, 9317970, 9346993, 29023
331798, 9317980, 9347007, 29027
331799, 9317990, 9347020, 29030
332202, 9322020, 9347047, 25027
332203, 9322030, 9347060, 25030
332204, 9322040, 9347074, 25034
332205, 9322050, 9347087, 25037
332206, 9322060, 9347101, 25041
332207, 9322070, 9347114, 25044
332208, 9322080, 9347128, 25048
332209, 9322090, 9347141, 25051
332210, 9322100, 9347154, 25054
332212, 9322120, 9347168, 25048
332213, 9322130, 9347181, 25051
332214, 9322140, 9347195, 25055
332215, 9322150, 9347208, 25058
332216, 9322160, 9347222, 25062
332217, 9322170, 9347235, 25065
332218, 9322180, 9347249, 25069
332219, 9322190, 9347262, 25072
332220, 9322200, 9347275, 25075
332221, 9322210, 9347289, 25079
332223, 9322230, 9347302, 25072
332224, 9322240, 9347316, 25076
332225, 9322250, 9347329, 25079
332226, 9322260, 9347343, 25083
332227, 9322270, 9347356, 25086
332228, 9322280, 9347370, 25090
332229, 9322290, 9347383, 25093
332230, 9322300, 9347396, 25096
332231, 9322310, 9347410, 25100
332233, 9322330, 9347423, 25093
332234, 9322340, 9347437, 25097
332235, 9322350, 9347450, 25100
332236, 9322360, 9347464, 25104
332237, 9322370, 9347477, 25107
332238, 9322380, 9347490, 25110
332239, 9322390, 9347504, 25114
332240, 9322400, 9347517, 25117
332241, 9322410, 9347531, 25121
332242, 9322420, 9347544, 25124
332244, 9322440, 9347558, 25118
332245, 9322450, 9347571, 25121
332246, 9322460, 9347585, 25125
332247, 9322470, 9347598, 25128
332248, 9322480, 9347611, 25131
332249, 9322490, 9347625, 25135
332251, 9322510, 9347652, 25142
332252, 9322520, 9347665, 25145
332253, 9322530, 9347679, 25149
332255, 9322550, 9347692, 25142
332256, 9322560, 9347706, 25146
332257, 9322570, 9347719, 25149
332258, 9322580, 9347732, 25152
332259, 9322590, 9347746, 25156
332260, 9322600, 9347759, 25159
332261, 9322610, 9347773, 25163
332262, 9322620, 9347786, 25166
332263, 9322630, 9347800, 25170
332265, 9322650, 9347813, 25163
332266, 9322660, 9347826, 25166
332267, 9322670, 9347840, 25170
332268, 9322680, 9347853, 25173
332269, 9322690, 9347867, 25177
332270, 9322700, 9347880, 25180
332271, 9322710, 9347894, 25184
332272, 9322720, 9347907, 25187
332273, 9322730, 9347921, 25191
332274, 9322740, 9347934, 25194
332276, 9322760, 9347947, 25187
332277, 9322770, 9347961, 25191
332278, 9322780, 9347974, 25194
332279, 9322790, 9347988, 25198
332280, 9322800, 9348001, 25201
332281, 9322810, 9348015, 25205
332282, 9322820, 9348028, 25208
332283, 9322830, 9348042, 25212
332284, 9322840, 9348055, 25215
332285, 9322850, 9348068, 25218
332287, 9322870, 9348082, 25212
332288, 9322880, 9348095, 25215
332289, 9322890, 9348109, 25219
332290, 9322900, 9348122, 25222
332291, 9322910, 9348136, 25226
332292, 9322920, 9348149, 25229
332293, 9322930, 9348162, 25232
332294, 9322940, 9348176, 25236
332295, 9322950, 9348189, 25239
332297, 9322970, 9348203, 25233
332298, 9322980, 9348216, 25236
332299, 9322990, 9348230, 25240
332301, 9323010, 9348257, 25247
332302, 9323020, 9348270, 25250
332303, 9323030, 9348283, 25253
332304, 9323040, 9348297, 25257
332305, 9323050, 9348310, 25260
332306, 9323060, 9348324, 25264
332308, 9323080, 9348337, 25257
332309, 9323090, 9348351, 25261
332310, 9323100, 9348364, 25264
332311, 9323110, 9348378, 25268
332312, 9323120, 9348391, 25271
332313, 9323130, 9348404, 25274
332314, 9323140, 9348418, 25278
332315, 9323150, 9348431, 25281
332316, 9323160, 9352012, 28852
332318, 9323180, 9352026, 28846
332319, 9323190, 9352039, 28849
332320, 9323200, 9352052, 28852
332321, 9323210, 9352066, 28856
332322, 9323220, 9352079, 28859
332323, 9323230, 9352093, 28863
332324, 9323240, 9352106, 28866
332325, 9323250, 9352120, 28870
332326, 9323260, 9352133, 28873
332327, 9323270, 9352146, 28876
332329, 9323290, 9352160, 28870
332330, 9323300, 9352173, 28873
332331, 9323310, 9352187, 28877
332332, 9323320, 9352200, 28880
332333, 9323330, 9352214, 28884
332334, 9323340, 9352227, 28887
332335, 9323350, 9352241, 28891
332336, 9323360, 9352254, 28894
332337, 9323370, 9352267, 28897
332338, 9323380, 9352281, 28901
332340, 9323400, 9352294, 28894
332341, 9323410, 9352308, 28898
332342, 9323420, 9352321, 28901
332343, 9323430, 9352335, 28905
332344, 9323440, 9352348, 28908
332345, 9323450, 9352362, 28912
332346, 9323460, 9352375, 28915
332347, 9323470, 9352388, 28918
332348, 9323480, 9352402, 28922
332351, 9323510, 9352429, 28919
332352, 9323520, 9352442, 28922
332353, 9323530, 9352456, 28926
332354, 9323540, 9352469, 28929
332355, 9323550, 9352482, 28932
332356, 9323560, 9352496, 28936
332357, 9323570, 9352509, 28939
332358, 9323580, 9352523, 28943
332359, 9323590, 9352536, 28946
332361, 9323610, 9352550, 28940
332362, 9323620, 9352563, 28943
332363, 9323630, 9352577, 28947
332364, 9323640, 9352590, 28950
332365, 9323650, 9352603, 28953
332366, 9323660, 9352617, 28957
332367, 9323670, 9352630, 28960
332368, 9323680, 9352644, 28964
332369, 9323690, 9352657, 28967
332371, 9323710, 9352671, 28961
332372, 9323720, 9352684, 28964
332373, 9323730, 9352698, 28968
332374, 9323740, 9352711, 28971
332375, 9323750, 9352724, 28974
332376, 9323760, 9352738, 28978
332377, 9323770, 9352751, 28981
332378, 9323780, 9352765, 28985
332379, 9323790, 9352778, 28988
332380, 9323800, 9352792, 28992
332382, 9323820, 9352805, 28985
332383, 9323830, 9352818, 28988
332384, 9323840, 9352832, 28992
332385, 9323850, 9352845, 28995
332386, 9323860, 9352859, 28999
332387, 9323870, 9352872, 29002
332388, 9323880, 9352886, 29006
332389, 9323890, 9352899, 29009
332390, 9323900, 9352913, 29013
332391, 9323910, 9352926, 29016
332393, 9323930, 9352939, 29009
332394, 9323940, 9352953, 29013
332395, 9323950, 9352966, 29016
332396, 9323960, 9352980, 29020
332397, 9323970, 9352993, 29023
332398, 9323980, 9353007, 29027
332399, 9323990, 9353020, 29030
332802, 9328020, 9353047, 25027
332803, 9328030, 9353060, 25030
332804, 9328040, 9353074, 25034
332805, 9328050, 9353087, 25037
332806, 9328060, 9353101, 25041
332807, 9328070, 9353114, 25044
332808, 9328080, 9353128, 25048
332809, 9328090, 9353141, 25051
332810, 9328100, 9353154, 25054
332812, 9328120, 9353168, 25048
332813, 9328130, 9353181, 25051
332814, 9328140, 9353195, 25055
332815, 9328150, 9353208, 25058
332816, 9328160, 9353222, 25062
332817, 9328170, 9353235, 25065
332818, 9328180, 9353249, 25069
332819, 9328190, 9353262, 25072
332820, 9328200, 9353275, 25075
332821, 9328210, 9353289, 25079
332823, 9328230, 9353302, 25072
332824, 9328240, 9353316, 25076
332825, 9328250, 9353329, 25079
332826, 9328260, 9353343, 25083
332827, 9328270, 9353356, 25086
332828, 9328280, 9353370, 25090
332829, 9328290, 9353383, 25093
332830, 9328300, 9353396, 25096
332831, 9328310, 9353410, 25100
332833, 9328330, 9353423, 25093
332834, 9328340, 9353437, 25097
332835, 9328350, 9353450, 25100
332836, 9328360, 9353464, 25104
332837, 9328370, 9353477, 25107
332838, 9328380, 9353490, 25110
332839, 9328390, 9353504, 25114
332840, 9328400, 9353517, 25117
332841, 9328410, 9353531, 25121
332842, 9328420, 9353544, 25124
332844, 9328440, 9353558, 25118
332845, 9328450, 9353571, 25121
332846, 9328460, 9353585, 25125
332847, 9328470, 9353598, 25128
332848, 9328480, 9353611, 25131
332849, 9328490, 9353625, 25135
332851, 9328510, 9353652, 25142
332852, 9328520, 9353665, 25145
332853, 9328530, 9353679, 25149
332855, 9328550, 9353692, 25142
332856, 9328560, 9353706, 25146
332857, 9328570, 9353719, 25149
332858, 9328580, 9353732, 25152
332859, 9328590, 9353746, 25156
332860, 9328600, 9353759, 25159
332861, 9328610, 9353773, 25163
332862, 9328620, 9353786, 25166
332863, 9328630, 9353800, 25170
332865, 9328650, 9353813, 25163
332866, 9328660, 9353826, 25166
332867, 9328670, 9353840, 25170
332868, 9328680, 9353853, 25173
332869, 9328690, 9353867, 25177
332870, 9328700, 9353880, 25180
332871, 9328710, 9353894, 25184
332872, 9328720, 9353907, 25187
332873, 9328730, 9353921, 25191
332874, 9328740, 9353934, 25194
332876, 9328760, 9353947, 25187
332877, 9328770, 9353961, 25191
332878, 9328780, 9353974, 25194
332879, 9328790, 9353988, 25198
332880, 9328800, 9354001, 25201
332881, 9328810, 9354015, 25205
332882, 9328820, 9354028, 25208
332883, 9328830, 9354042, 25212
332884, 9328840, 9354055, 25215
332885, 9328850, 9354068, 25218
332887, 9328870, 9354082, 25212
332888, 9328880, 9354095, 25215
332889, 9328890, 9354109, 25219
332890, 9328900, 9354122, 25222
332891, 9328910, 9354136, 25226
332892, 9328920, 9354149, 25229
332893, 9328930, 9354162, 25232
332894, 9328940, 9354176, 25236
332895, 9328950, 9354189, 25239
332897, 9328970, 9354203, 25233
332898, 9328980, 9354216, 25236
332899, 9328990, 9354230, 25240
332901, 9329010, 9354257, 25247
332902, 9329020, 9354270, 25250
332903, 9329030, 9354283, 25253
332904, 9329040, 9354297, 25257
332905, 9329050, 9354310, 25260
332906, 9329060, 9354324, 25264
332908, 9329080, 9354337, 25257
332909, 9329090, 9354351, 25261
332910, 9329100, 9354364, 25264
332911, 9329110, 9354378, 25268
332912, 9329120, 9354391, 25271
332913, 9329130, 9354404, 25274
332914, 9329140, 9354418, 25278
332915, 9329150, 9354431, 25281
332916, 9329160, 9358012, 28852
332918, 9329180, 9358026, 28846
332919, 9329190, 9358039, 28849
332920, 9329200, 9358052, 28852
332921, 9329210, 9358066, 28856
332922, 9329220, 9358079, 28859
332923, 9329230, 9358093, 28863
332924, 9329240, 9358106, 28866
332925, 9329250, 9358120, 28870
332926, 9329260, 9358133, 28873
332927, 9329270, 9358146, 28876
332929, 9329290, 9358160, 28870
332930, 9329300, 9358173, 28873
332931, 9329310, 9358187, 28877
332932, 9329320, 9358200, 28880
332933, 9329330, 9358214, 28884
332934, 9329340, 9358227, 28887
332935, 9329350, 9358241, 28891
332936, 9329360, 9358254, 28894
332937, 9329370, 9358267, 28897
332938, 9329380, 9358281, 28901
332940, 9329400, 9358294, 28894
332941, 9329410, 9358308, 28898
332942, 9329420, 9358321, 28901
332943, 9329430, 9358335, 28905
332944, 9329440, 9358348, 28908
332945, 9329450, 9358362, 28912
332946, 9329460, 9358375, 28915
332947, 9329470, 9358388, 28918
332948, 9329480, 9358402, 28922
332951, 9329510, 9358429, 28919
332952, 9329520, 9358442, 28922
332953, 9329530, 9358456, 28926
332954, 9329540, 9358469, 28929
332955, 9329550, 9358482, 28932
332956, 9329560, 9358496, 28936
332957, 9329570, 9358509, 28939
332958, 9329580, 9358523, 28943
332959, 9329590, 9358536, 28946
332961, 9329610, 9358550, 28940
332962, 9329620, 9358563, 28943
332963, 9329630, 9358577, 28947
332964, 9329640, 9358590, 28950
332965, 9329650, 9358603, 28953
332966, 9329660, 9358617, 28957
332967, 9329670, 9358630, 28960
332968, 9329680, 9358644, 28964
332969, 9329690, 9358657, 28967
332971, 9329710, 9358671, 28961
332972, 9329720, 9358684, 28964
332973, 9329730, 9358698, 28968
332974, 9329740, 9358711, 28971
332975, 9329750, 9358724, 28974
332976, 9329760, 9358738, 28978
332977, 9329770, 9358751, 28981
332978, 9329780, 9358765, 28985
332979, 9329790, 9358778, 28988
332980, 9329800, 9358792, 28992
332982, 9329820, 9358805, 28985
332983, 9329830, 9358818, 28988
332984, 9329840, 9358832, 28992
332985, 9329850, 9358845, 28995
332986, 9329860, 9358859, 28999
332987, 9329870, 9358872, 29002
332988, 9329880, 9358886, 29006
332989, 9329890, 9358899, 29009
332990, 9329900, 9358913, 29013
332991, 9329910, 9358926, 29016
332993, 9329930, 9358939, 29009
332994, 9329940, 9358953, 29013
332995, 9329950, 9358966, 29016
332996, 9329960, 9358980, 29020
332997, 9329970, 9358993, 29023
332998, 9329980, 9359007, 29027
332999, 9329990, 9359020, 29030
333402, 9334020, 9359047, 25027
333403, 9334030, 9359060, 25030
333404, 9334040, 9359074, 25034
333405, 9334050, 9359087, 25037
333406, 9334060, 9359101, 25041
333407, 9334070, 9359114, 25044
333408, 9334080, 9359128, 25048
333409, 9334090, 9359141, 25051
333410, 9334100, 9359154, 25054
333412, 9334120, 9359168, 25048
333413, 9334130, 9359181, 25051
333414, 9334140, 9359195, 25055
333415, 9334150, 9359208, 25058
333416, 9334160, 9359222, 25062
333417, 9334170, 9359235, 25065
333418, 9334180, 9359249, 25069
333419, 9334190, 9359262, 25072
333420, 9334200, 9359275, 25075
333421, 9334210, 9359289, 25079
333423, 9334230, 9359302, 25072
333424, 9334240, 9359316, 25076
333425, 9334250, 9359329, 25079
333426, 9334260, 9359343, 25083
333427, 9334270, 9359356, 25086
333428, 9334280, 9359370, 25090
333429, 9334290, 9359383, 25093
333430, 9334300, 9359396, 25096
333431, 9334310, 9359410, 25100
333433, 9334330, 9359423, 25093
333434, 9334340, 9359437, 25097
333435, 9334350, 9359450, 25100
333436, 9334360, 9359464, 25104
333437, 9334370, 9359477, 25107
333438, 9334380, 9359490, 25110
333439, 9334390, 9359504, 25114
333440, 9334400, 9359517, 25117
333441, 9334410, 9359531, 25121
333442, 9334420, 9359544, 25124
333444, 9334440, 9359558, 25118
333445, 9334450, 9359571, 25121
333446, 9334460, 9359585, 25125
333447, 9334470, 9359598, 25128
333448, 9334480, 9359611, 25131
333449, 9334490, 9359625, 25135
333451, 9334510, 9359652, 25142
333452, 9334520, 9359665, 25145
333453, 9334530, 9359679, 25149
333455, 9334550, 9359692, 25142
333456, 9334560, 9359706, 25146
333457, 9334570, 9359719, 25149
333458, 9334580, 9359732, 25152
333459, 9334590, 9359746, 25156
333460, 9334600, 9359759, 25159
333461, 9334610, 9359773, 25163
333462, 9334620, 9359786, 25166
333463, 9334630, 9359800, 25170
333465, 9334650, 9359813, 25163
333466, 9334660, 9359826, 25166
333467, 9334670, 9359840, 25170
333468, 9334680, 9359853, 25173
333469, 9334690, 9359867, 25177
333470, 9334700, 9359880, 25180
333471, 9334710, 9359894, 25184
333472, 9334720, 9359907, 25187
333473, 9334730, 9359921, 25191
333474, 9334740, 9359934, 25194
333476, 9334760, 9359947, 25187
333477, 9334770, 9359961, 25191
333478, 9334780, 9359974, 25194
333479, 9334790, 9359988, 25198
333480, 9334800, 9360001, 25201
333481, 9334810, 9360015, 25205
333482, 9334820, 9360028, 25208
333483, 9334830, 9360042, 25212
333484, 9334840, 9360055, 25215
333485, 9334850, 9360068, 25218
333487, 9334870, 9360082, 25212
333488, 9334880, 9360095, 25215
333489, 9334890, 9360109, 25219
333490, 9334900, 9360122, 25222
333491, 9334910, 9360136, 25226
333492, 9334920, 9360149, 25229
333493, 9334930, 9360162, 25232
333494, 9334940, 9360176, 25236
333495, 9334950, 9360189, 25239
333497, 9334970, 9360203, 25233
333498, 9334980, 9360216, 25236
333499, 9334990, 9360230, 25240
333501, 9335010, 9360257, 25247
333502, 9335020, 9360270, 25250
333503, 9335030, 9360283, 25253
333504, 9335040, 9360297, 25257
333505, 9335050, 9360310, 25260
333506, 9335060, 9360324, 25264
333508, 9335080, 9360337, 25257
333509, 9335090, 9360351, 25261
333510, 9335100, 9360364, 25264
333511, 9335110, 9360378, 25268
333512, 9335120, 9360391, 25271
333513, 9335130, 9360404, 25274
333514, 9335140, 9360418, 25278
333515, 9335150, 9360431, 25281
333516, 9335160, 9364012, 28852
333517, 9335170, 9364026, 28856
333519, 9335190, 9364039, 28849
333520, 9335200, 9364052, 28852
333521, 9335210, 9364066, 28856
333522, 9335220, 9364079, 28859
333523, 9335230, 9364093, 28863
333524, 9335240, 9364106, 28866
333525, 9335250, 9364120, 28870
333526, 9335260, 9364133, 28873
333527, 9335270, 9364146, 28876
333529, 9335290, 9364160, 28870
333530, 9335300, 9364173, 28873
333531, 9335310, 9364187, 28877
333532, 9335320, 9364200, 28880
333533, 9335330, 9364214, 28884
333534, 9335340, 9364227, 28887
333535, 9335350, 9364241, 28891
333536, 9335360, 9364254, 28894
333537, 9335370, 9364267, 28897
333538, 9335380, 9364281, 28901
333540, 9335400, 9364294, 28894
333541, 9335410, 9364308, 28898
333542, 9335420, 9364321, 28901
333543, 9335430, 9364335, 28905
333544, 9335440, 9364348, 28908
333545, 9335450, 9364362, 28912
333546, 9335460, 9364375, 28915
333547, 9335470, 9364388, 28918
333548, 9335480, 9364402, 28922
333551, 9335510, 9364429, 28919
333552, 9335520, 9364442, 28922
333553, 9335530, 9364456, 28926
333554, 9335540, 9364469, 28929
333555, 9335550, 9364482, 28932
333556, 9335560, 9364496, 28936
333557, 9335570, 9364509, 28939
333558, 9335580, 9364523, 28943
333559, 9335590, 9364536, 28946
333561, 9335610, 9364550, 28940
333562, 9335620, 9364563, 28943
333563, 9335630, 9364577, 28947
333564, 9335640, 9364590, 28950
333565, 9335650, 9364603, 28953
333566, 9335660, 9364617, 28957
333567, 9335670, 9364630, 28960
333568, 9335680, 9364644, 28964
333569, 9335690, 9364657, 28967
333570, 9335700, 9364671, 28971
333572, 9335720, 9364684, 28964
333573, 9335730, 9364698, 28968
333574, 9335740, 9364711, 28971
333575, 9335750, 9364724, 28974
333576, 9335760, 9364738, 28978
333577, 9335770, 9364751, 28981
333578, 9335780, 9364765, 28985
333579, 9335790, 9364778, 28988
333580, 9335800, 9364792, 28992
333582, 9335820, 9364805, 28985
333583, 9335830, 9364818, 28988
333584, 9335840, 9364832, 28992
333585, 9335850, 9364845, 28995
333586, 9335860, 9364859, 28999
333587, 9335870, 9364872, 29002
333588, 9335880, 9364886, 29006
333589, 9335890, 9364899, 29009
333590, 9335900, 9364913, 29013
333591, 9335910, 9364926, 29016
333593, 9335930, 9364939, 29009
333594, 9335940, 9364953, 29013
333595, 9335950, 9364966, 29016
333596, 9335960, 9364980, 29020
333597, 9335970, 9364993, 29023
333598, 9335980, 9365007, 29027
333599, 9335990, 9365020, 29030
334002, 9340020, 9365047, 25027
334003, 9340030, 9365060, 25030
334004, 9340040, 9365074, 25034
334005, 9340050, 9365087, 25037
334006, 9340060, 9365101, 25041
334007, 9340070, 9365114, 25044
334008, 9340080, 9365127, 25047
334009, 9340090, 9365141, 25051
334010, 9340100, 9365154, 25054
334012, 9340120, 9365168, 25048
334013, 9340130, 9365181, 25051
334014, 9340140, 9365195, 25055
334015, 9340150, 9365208, 25058
334016, 9340160, 9365222, 25062
334017, 9340170, 9365235, 25065
334018, 9340180, 9365248, 25068
334019, 9340190, 9365262, 25072
334020, 9340200, 9365275, 25075
334021, 9340210, 9365289, 25079
334023, 9340230, 9365302, 25072
334024, 9340240, 9365316, 25076
334025, 9340250, 9365329, 25079
334026, 9340260, 9365342, 25082
334027, 9340270, 9365356, 25086
334028, 9340280, 9365369, 25089
334029, 9340290, 9365383, 25093
334030, 9340300, 9365396, 25096
334031, 9340310, 9365410, 25100
334033, 9340330, 9365423, 25093
334034, 9340340, 9365437, 25097
334035, 9340350, 9365450, 25100
334036, 9340360, 9365463, 25103
334037, 9340370, 9365477, 25107
334038, 9340380, 9365490, 25110
334039, 9340390, 9365504, 25114
334040, 9340400, 9365517, 25117
334041, 9340410, 9365531, 25121
334042, 9340420, 9365544, 25124
334044, 9340440, 9365558, 25118
334045, 9340450, 9365571, 25121
334046, 9340460, 9365584, 25124
334047, 9340470, 9365598, 25128
334048, 9340480, 9365611, 25131
334049, 9340490, 9365625, 25135
334051, 9340510, 9365652, 25142
334052, 9340520, 9365665, 25145
334053, 9340530, 9365678, 25148
334055, 9340550, 9365692, 25142
334056, 9340560, 9365705, 25145
334057, 9340570, 9365719, 25149
334058, 9340580, 9365732, 25152
334059, 9340590, 9365746, 25156
334060, 9340600, 9365759, 25159
334061, 9340610, 9365773, 25163
334062, 9340620, 9365786, 25166
334063, 9340630, 9365799, 25169
334065, 9340650, 9365813, 25163
334066, 9340660, 9365826, 25166
334067, 9340670, 9365840, 25170
334068, 9340680, 9365853, 25173
334069, 9340690, 9365867, 25177
334070, 9340700, 9365880, 25180
334071, 9340710, 9365894, 25184
334072, 9340720, 9365907, 25187
334073, 9340730, 9365920, 25190
334074, 9340740, 9365934, 25194
334076, 9340760, 9365947, 25187
334077, 9340770, 9365961, 25191
334078, 9340780, 9365974, 25194
334079, 9340790, 9365988, 25198
334080, 9340800, 9366001, 25201
334081, 9340810, 9366014, 25204
334082, 9340820, 9366028, 25208
334083, 9340830, 9366041, 25211
334084, 9340840, 9366055, 25215
334085, 9340850, 9366068, 25218
334087, 9340870, 9366082, 25212
334088, 9340880, 9366095, 25215
334089, 9340890, 9366109, 25219
334090, 9340900, 9366122, 25222
334091, 9340910, 9366135, 25225
334092, 9340920, 9366149, 25229
334093, 9340930, 9366162, 25232
334094, 9340940, 9366176, 25236
334095, 9340950, 9366189, 25239
334097, 9340970, 9366203, 25233
334098, 9340980, 9366216, 25236
334099, 9340990, 9366230, 25240
334101, 9341010, 9366256, 25246
334102, 9341020, 9366270, 25250
334103, 9341030, 9366283, 25253
334104, 9341040, 9366297, 25257
334105, 9341050, 9366310, 25260
334106, 9341060, 9366324, 25264
334108, 9341080, 9366337, 25257
334109, 9341090, 9366350, 25260
334110, 9341100, 9366364, 25264
334111, 9341110, 9366377, 25267
334112, 9341120, 9366391, 25271
334113, 9341130, 9366404, 25274
334114, 9341140, 9366418, 25278
334115, 9341150, 9366431, 25281
334116, 9341160, 9370012, 28852
334118, 9341180, 9370026, 28846
334119, 9341190, 9370039, 28849
334120, 9341200, 9370052, 28852
334121, 9341210, 9370066, 28856
334122, 9341220, 9370079, 28859
334123, 9341230, 9370093, 28863
334124, 9341240, 9370106, 28866
334125, 9341250, 9370120, 28870
334126, 9341260, 9370133, 28873
334127, 9341270, 9370146, 28876
334129, 9341290, 9370160, 28870
334130, 9341300, 9370173, 28873
334131, 9341310, 9370187, 28877
334132, 9341320, 9370200, 28880
334133, 9341330, 9370214, 28884
334134, 9341340, 9370227, 28887
334135, 9341350, 9370241, 28891
334136, 9341360, 9370254, 28894
334137, 9341370, 9370267, 28897
334138, 9341380, 9370281, 28901
334140, 9341400, 9370294, 28894
334141, 9341410, 9370308, 28898
334142, 9341420, 9370321, 28901
334143, 9341430, 9370335, 28905
334144, 9341440, 9370348, 28908
334145, 9341450, 9370362, 28912
334146, 9341460, 9370375, 28915
334147, 9341470, 9370388, 28918
334148, 9341480, 9370402, 28922
334151, 9341510, 9370429, 28919
334152, 9341520, 9370442, 28922
334153, 9341530, 9370456, 28926
334154, 9341540, 9370469, 28929
334155, 9341550, 9370482, 28932
334156, 9341560, 9370496, 28936
334157, 9341570, 9370509, 28939
334158, 9341580, 9370523, 28943
334159, 9341590, 9370536, 28946
334161, 9341610, 9370550, 28940
334162, 9341620, 9370563, 28943
334163, 9341630, 9370577, 28947
334164, 9341640, 9370590, 28950
334165, 9341650, 9370603, 28953
334166, 9341660, 9370617, 28957
334167, 9341670, 9370630, 28960
334168, 9341680, 9370644, 28964
334169, 9341690, 9370657, 28967
334171, 9341710, 9370671, 28961
334172, 9341720, 9370684, 28964
334173, 9341730, 9370698, 28968
334174, 9341740, 9370711, 28971
334175, 9341750, 9370724, 28974
334176, 9341760, 9370738, 28978
334177, 9341770, 9370751, 28981
334178, 9341780, 9370765, 28985
334179, 9341790, 9370778, 28988
334180, 9341800, 9370792, 28992
334182, 9341820, 9370805, 28985
334183, 9341830, 9370818, 28988
334184, 9341840, 9370832, 28992
334185, 9341850, 9370845, 28995
334186, 9341860, 9370859, 28999
334187, 9341870, 9370872, 29002
334188, 9341880, 9370886, 29006
334189, 9341890, 9370899, 29009
334190, 9341900, 9370913, 29013
334191, 9341910, 9370926, 29016
334193, 9341930, 9370939, 29009
334194, 9341940, 9370953, 29013
334195, 9341950, 9370966, 29016
334196, 9341960, 9370980, 29020
334197, 9341970, 9370993, 29023
334198, 9341980, 9371007, 29027
334199, 9341990, 9371020, 29030
334602, 9346020, 9371047, 25027
334603, 9346030, 9371060, 25030
334604, 9346040, 9371074, 25034
334605, 9346050, 9371087, 25037
334606, 9346060, 9371101, 25041
334607, 9346070, 9371114, 25044
334608, 9346080, 9371128, 25048
334609, 9346090, 9371141, 25051
334610, 9346100, 9371154, 25054
334612, 9346120, 9371168, 25048
334613, 9346130, 9371181, 25051
334614, 9346140, 9371195, 25055
334615, 9346150, 9371208, 25058
334616, 9346160, 9371222, 25062
334617, 9346170, 9371235, 25065
334618, 9346180, 9371249, 25069
334619, 9346190, 9371262, 25072
334620, 9346200, 9371275, 25075
334621, 9346210, 9371289, 25079
334623, 9346230, 9371302, 25072
334624, 9346240, 9371316, 25076
334625, 9346250, 9371329, 25079
334626, 9346260, 9371343, 25083
334627, 9346270, 9371356, 25086
334628, 9346280, 9371370, 25090
334629, 9346290, 9371383, 25093
334630, 9346300, 9371396, 25096
334631, 9346310, 9371410, 25100
334633, 9346330, 9371423, 25093
334634, 9346340, 9371437, 25097
334635, 9346350, 9371450, 25100
334636, 9346360, 9371464, 25104
334637, 9346370, 9371477, 25107
334638, 9346380, 9371490, 25110
334639, 9346390, 9371504, 25114
334640, 9346400, 9371517, 25117
334641, 9346410, 9371531, 25121
334642, 9346420, 9371544, 25124
334644, 9346440, 9371558, 25118
334645, 9346450, 9371571, 25121
334646, 9346460, 9371585, 25125
334647, 9346470, 9371598, 25128
334648, 9346480, 9371611, 25131
334649, 9346490, 9371625, 25135
334651, 9346510, 9371652, 25142
334652, 9346520, 9371665, 25145
334653, 9346530, 9371679, 25149
334655, 9346550, 9371692, 25142
334656, 9346560, 9371706, 25146
334657, 9346570, 9371719, 25149
334658, 9346580, 9371732, 25152
334659, 9346590, 9371746, 25156
334660, 9346600, 9371759, 25159
334661, 9346610, 9371773, 25163
334662, 9346620, 9371786, 25166
334663, 9346630, 9371800, 25170
334665, 9346650, 9371813, 25163
334666, 9346660, 9371826, 25166
334667, 9346670, 9371840, 25170
334668, 9346680, 9371853, 25173
334669, 9346690, 9371867, 25177
334670, 9346700, 9371880, 25180
334671, 9346710, 9371894, 25184
334672, 9346720, 9371907, 25187
334673, 9346730, 9371921, 25191
334674, 9346740, 9371934, 25194
334676, 9346760, 9371947, 25187
334677, 9346770, 9371961, 25191
334678, 9346780, 9371974, 25194
334679, 9346790, 9371988, 25198
334680, 9346800, 9372001, 25201
334681, 9346810, 9372015, 25205
334682, 9346820, 9372028, 25208
334683, 9346830, 9372042, 25212
334684, 9346840, 9372055, 25215
334685, 9346850, 9372068, 25218
334687, 9346870, 9372082, 25212
334688, 9346880, 9372095, 25215
334689, 9346890, 9372109, 25219
334690, 9346900, 9372122, 25222
334691, 9346910, 9372136, 25226
334692, 9346920, 9372149, 25229
334693, 9346930, 9372162, 25232
334694, 9346940, 9372176, 25236
334695, 9346950, 9372189, 25239
334697, 9346970, 9372203, 25233
334698, 9346980, 9372216, 25236
334699, 9346990, 9372230, 25240
334701, 9347010, 9372257, 25247
334702, 9347020, 9372270, 25250
334703, 9347030, 9372283, 25253
334704, 9347040, 9372297, 25257
334705, 9347050, 9372310, 25260
334706, 9347060, 9372324, 25264
334708, 9347080, 9372337, 25257
334709, 9347090, 9372351, 25261
334710, 9347100, 9372364, 25264
334711, 9347110, 9372378, 25268
334712, 9347120, 9372391, 25271
334713, 9347130, 9372404, 25274
334714, 9347140, 9372418, 25278
334715, 9347150, 9372431, 25281
334716, 9347160, 9376012, 28852
334718, 9347180, 9376026, 28846
334719, 9347190, 9376039, 28849
334720, 9347200, 9376052, 28852
334721, 9347210, 9376066, 28856
334722, 9347220, 9376079, 28859
334723, 9347230, 9376093, 28863
334724, 9347240, 9376106, 28866
334725, 9347250, 9376120, 28870
334726, 9347260, 9376133, 28873
334727, 9347270, 9376146, 28876
334729, 9347290, 9376160, 28870
334730, 9347300, 9376173, 28873
334731, 9347310, 9376187, 28877
334732, 9347320, 9376200, 28880
334733, 9347330, 9376214, 28884
334734, 9347340, 9376227, 28887
334735, 9347350, 9376241, 28891
334736, 9347360, 9376254, 28894
334737, 9347370, 9376267, 28897
334738, 9347380, 9376281, 28901
334740, 9347400, 9376294, 28894
334741, 9347410, 9376308, 28898
334742, 9347420, 9376321, 28901
334743, 9347430, 9376335, 28905
334744, 9347440, 9376348, 28908
334745, 9347450, 9376362, 28912
334746, 9347460, 9376375, 28915
334747, 9347470, 9376388, 28918
334748, 9347480, 9376402, 28922
334751, 9347510, 9376429, 28919
334752, 9347520, 9376442, 28922
334753, 9347530, 9376456, 28926
334754, 9347540, 9376469, 28929
334755, 9347550, 9376482, 28932
334756, 9347560, 9376496, 28936
334757, 9347570, 9376509, 28939
334758, 9347580, 9376523, 28943
334759, 9347590, 9376536, 28946
334761, 9347610, 9376550, 28940
334762, 9347620, 9376563, 28943
334763, 9347630, 9376577, 28947
334764, 9347640, 9376590, 28950
334765, 9347650, 9376603, 28953
334766, 9347660, 9376617, 28957
334767, 9347670, 9376630, 28960
334768, 9347680, 9376644, 28964
334769, 9347690, 9376657, 28967
334771, 9347710, 9376671, 28961
334772, 9347720, 9376684, 28964
334773, 9347730, 9376698, 28968
334774, 9347740, 9376711, 28971
334775, 9347750, 9376724, 28974
334776, 9347760, 9376738, 28978
334777, 9347770, 9376751, 28981
334778, 9347780, 9376765, 28985
334779, 9347790, 9376778, 28988
334780, 9347800, 9376792, 28992
334782, 9347820, 9376805, 28985
334783, 9347830, 9376818, 28988
334784, 9347840, 9376832, 28992
334785, 9347850, 9376845, 28995
334786, 9347860, 9376859, 28999
334787, 9347870, 9376872, 29002
334788, 9347880, 9376886, 29006
334789, 9347890, 9376899, 29009
334790, 9347900, 9376913, 29013
334791, 9347910, 9376926, 29016
334793, 9347930, 9376939, 29009
334794, 9347940, 9376953, 29013
334795, 9347950, 9376966, 29016
334796, 9347960, 9376980, 29020
334797, 9347970, 9376993, 29023
334798, 9347980, 9377007, 29027
334799, 9347990, 9377020, 29030
335202, 9352020, 9377047, 25027
335203, 9352030, 9377060, 25030
335204, 9352040, 9377074, 25034
335205, 9352050, 9377087, 25037
335206, 9352060, 9377101, 25041
335207, 9352070, 9377114, 25044
335208, 9352080, 9377128, 25048
335209, 9352090, 9377141, 25051
335210, 9352100, 9377154, 25054
335212, 9352120, 9377168, 25048
335213, 9352130, 9377181, 25051
335214, 9352140, 9377195, 25055
335215, 9352150, 9377208, 25058
335216, 9352160, 9377222, 25062
335217, 9352170, 9377235, 25065
335218, 9352180, 9377249, 25069
335219, 9352190, 9377262, 25072
335220, 9352200, 9377275, 25075
335221, 9352210, 9377289, 25079
335223, 9352230, 9377302, 25072
335224, 9352240, 9377316, 25076
335225, 9352250, 9377329, 25079
335226, 9352260, 9377343, 25083
335227, 9352270, 9377356, 25086
335228, 9352280, 9377370, 25090
335229, 9352290, 9377383, 25093
335230, 9352300, 9377396, 25096
335231, 9352310, 9377410, 25100
335233, 9352330, 9377423, 25093
335234, 9352340, 9377437, 25097
335235, 9352350, 9377450, 25100
335236, 9352360, 9377464, 25104
335237, 9352370, 9377477, 25107
335238, 9352380, 9377490, 25110
335239, 9352390, 9377504, 25114
335240, 9352400, 9377517, 25117
335241, 9352410, 9377531, 25121
335242, 9352420, 9377544, 25124
335244, 9352440, 9377558, 25118
335245, 9352450, 9377571, 25121
335246, 9352460, 9377585, 25125
335247, 9352470, 9377598, 25128
335248, 9352480, 9377611, 25131
335249, 9352490, 9377625, 25135
335251, 9352510, 9377652, 25142
335252, 9352520, 9377665, 25145
335253, 9352530, 9377679, 25149
335255, 9352550, 9377692, 25142
335256, 9352560, 9377706, 25146
335257, 9352570, 9377719, 25149
335258, 9352580, 9377732, 25152
335259, 9352590, 9377746, 25156
335260, 9352600, 9377759, 25159
335261, 9352610, 9377773, 25163
335262, 9352620, 9377786, 25166
335263, 9352630, 9377800, 25170
335265, 9352650, 9377813, 25163
335266, 9352660, 9377826, 25166
335267, 9352670, 9377840, 25170
335268, 9352680, 9377853, 25173
335269, 9352690, 9377867, 25177
335270, 9352700, 9377880, 25180
335271, 9352710, 9377894, 25184
335272, 9352720, 9377907, 25187
335273, 9352730, 9377921, 25191
335274, 9352740, 9377934, 25194
335276, 9352760, 9377947, 25187
335277, 9352770, 9377961, 25191
335278, 9352780, 9377974, 25194
335279, 9352790, 9377988, 25198
335280, 9352800, 9378001, 25201
335281, 9352810, 9378015, 25205
335282, 9352820, 9378028, 25208
335283, 9352830, 9378042, 25212
335284, 9352840, 9378055, 25215
335285, 9352850, 9378068, 25218
335287, 9352870, 9378082, 25212
335288, 9352880, 9378095, 25215
335289, 9352890, 9378109, 25219
335290, 9352900, 9378122, 25222
335291, 9352910, 9378136, 25226
335292, 9352920, 9378149, 25229
335293, 9352930, 9378162, 25232
335294, 9352940, 9378176, 25236
335295, 9352950, 9378189, 25239
335297, 9352970, 9378203, 25233
335298, 9352980, 9378216, 25236
335299, 9352990, 9378230, 25240
335301, 9353010, 9378257, 25247
335302, 9353020, 9378270, 25250
335303, 9353030, 9378283, 25253
335304, 9353040, 9378297, 25257
335305, 9353050, 9378310, 25260
335306, 9353060, 9378324, 25264
335308, 9353080, 9378337, 25257
335309, 9353090, 9378351, 25261
335310, 9353100, 9378364, 25264
335311, 9353110, 9378378, 25268
335312, 9353120, 9378391, 25271
335313, 9353130, 9378404, 25274
335314, 9353140, 9378418, 25278
335315, 9353150, 9378431, 25281
335316, 9353160, 9382012, 28852
335318, 9353180, 9382026, 28846
335319, 9353190, 9382039, 28849
335320, 9353200, 9382052, 28852
335321, 9353210, 9382066, 28856
335322, 9353220, 9382079, 28859
335323, 9353230, 9382093, 28863
335324, 9353240, 9382106, 28866
335325, 9353250, 9382120, 28870
335326, 9353260, 9382133, 28873
335327, 9353270, 9382146, 28876
335329, 9353290, 9382160, 28870
335330, 9353300, 9382173, 28873
335331, 9353310, 9382187, 28877
335332, 9353320, 9382200, 28880
335333, 9353330, 9382214, 28884
335334, 9353340, 9382227, 28887
335335, 9353350, 9382241, 28891
335336, 9353360, 9382254, 28894
335337, 9353370, 9382267, 28897
335338, 9353380, 9382281, 28901
335340, 9353400, 9382294, 28894
335341, 9353410, 9382308, 28898
335342, 9353420, 9382321, 28901
335343, 9353430, 9382335, 28905
335344, 9353440, 9382348, 28908
335345, 9353450, 9382362, 28912
335346, 9353460, 9382375, 28915
335347, 9353470, 9382388, 28918
335348, 9353480, 9382402, 28922
335351, 9353510, 9382429, 28919
335352, 9353520, 9382442, 28922
335353, 9353530, 9382456, 28926
335354, 9353540, 9382469, 28929
335355, 9353550, 9382482, 28932
335356, 9353560, 9382496, 28936
335357, 9353570, 9382509, 28939
335358, 9353580, 9382523, 28943
335359, 9353590, 9382536, 28946
335361, 9353610, 9382550, 28940
335362, 9353620, 9382563, 28943
335363, 9353630, 9382577, 28947
335364, 9353640, 9382590, 28950
335365, 9353650, 9382603, 28953
335366, 9353660, 9382617, 28957
335367, 9353670, 9382630, 28960
335368, 9353680, 9382644, 28964
335369, 9353690, 9382657, 28967
335371, 9353710, 9382671, 28961
335372, 9353720, 9382684, 28964
335373, 9353730, 9382698, 28968
335374, 9353740, 9382711, 28971
335375, 9353750, 9382724, 28974
335376, 9353760, 9382738, 28978
335377, 9353770, 9382751, 28981
335378, 9353780, 9382765, 28985
335379, 9353790, 9382778, 28988
335380, 9353800, 9382792, 28992
335382, 9353820, 9382805, 28985
335383, 9353830, 9382818, 28988
335384, 9353840, 9382832, 28992
335385, 9353850, 9382845, 28995
335386, 9353860, 9382859, 28999
335387, 9353870, 9382872, 29002
335388, 9353880, 9382886, 29006
335389, 9353890, 9382899, 29009
335390, 9353900, 9382913, 29013
335391, 9353910, 9382926, 29016
335393, 9353930, 9382939, 29009
335394, 9353940, 9382953, 29013
335395, 9353950, 9382966, 29016
335396, 9353960, 9382980, 29020
335397, 9353970, 9382993, 29023
335398, 9353980, 9383007, 29027
335399, 9353990, 9383020, 29030
335802, 9358020, 9383047, 25027
335803, 9358030, 9383060, 25030
335804, 9358040, 9383074, 25034
335805, 9358050, 9383087, 25037
335806, 9358060, 9383101, 25041
335807, 9358070, 9383114, 25044
335808, 9358080, 9383128, 25048
335809, 9358090, 9383141, 25051
335810, 9358100, 9383154, 25054
335812, 9358120, 9383168, 25048
335813, 9358130, 9383181, 25051
335814, 9358140, 9383195, 25055
335815, 9358150, 9383208, 25058
335816, 9358160, 9383222, 25062
335817, 9358170, 9383235, 25065
335818, 9358180, 9383249, 25069
335819, 9358190, 9383262, 25072
335820, 9358200, 9383275, 25075
335821, 9358210, 9383289, 25079
335823, 9358230, 9383302, 25072
335824, 9358240, 9383316, 25076
335825, 9358250, 9383329, 25079
335826, 9358260, 9383343, 25083
335827, 9358270, 9383356, 25086
335828, 9358280, 9383370, 25090
335829, 9358290, 9383383, 25093
335830, 9358300, 9383396, 25096
335831, 9358310, 9383410, 25100
335833, 9358330, 9383423, 25093
335834, 9358340, 9383437, 25097
335835, 9358350, 9383450, 25100
335836, 9358360, 9383464, 25104
335837, 9358370, 9383477, 25107
335838, 9358380, 9383490, 25110
335839, 9358390, 9383504, 25114
335840, 9358400, 9383517, 25117
335841, 9358410, 9383531, 25121
335842, 9358420, 9383544, 25124
335844, 9358440, 9383558, 25118
335845, 9358450, 9383571, 25121
335846, 9358460, 9383585, 25125
335847, 9358470, 9383598, 25128
335848, 9358480, 9383611, 25131
335849, 9358490, 9383625, 25135
335851, 9358510, 9383652, 25142
335852, 9358520, 9383665, 25145
335853, 9358530, 9383679, 25149
335855, 9358550, 9383692, 25142
335856, 9358560, 9383706, 25146
335857, 9358570, 9383719, 25149
335858, 9358580, 9383732, 25152
335859, 9358590, 9383746, 25156
335860, 9358600, 9383759, 25159
335861, 9358610, 9383773, 25163
335862, 9358620, 9383786, 25166
335863, 9358630, 9383800, 25170
335865, 9358650, 9383813, 25163
335866, 9358660, 9383826, 25166
335867, 9358670, 9383840, 25170
335868, 9358680, 9383853, 25173
335869, 9358690, 9383867, 25177
335870, 9358700, 9383880, 25180
335871, 9358710, 9383894, 25184
335872, 9358720, 9383907, 25187
335873, 9358730, 9383921, 25191
335874, 9358740, 9383934, 25194
335876, 9358760, 9383947, 25187
335877, 9358770, 9383961, 25191
335878, 9358780, 9383974, 25194
335879, 9358790, 9383988, 25198
335880, 9358800, 9384001, 25201
335881, 9358810, 9384015, 25205
335882, 9358820, 9384028, 25208
335883, 9358830, 9384042, 25212
335884, 9358840, 9384055, 25215
335885, 9358850, 9384068, 25218
335887, 9358870, 9384082, 25212
335888, 9358880, 9384095, 25215
335889, 9358890, 9384109, 25219
335890, 9358900, 9384122, 25222
335891, 9358910, 9384136, 25226
335892, 9358920, 9384149, 25229
335893, 9358930, 9384162, 25232
335894, 9358940, 9384176, 25236
335895, 9358950, 9384189, 25239
335897, 9358970, 9384203, 25233
335898, 9358980, 9384216, 25236
335899, 9358990, 9384230, 25240
335901, 9359010, 9384257, 25247
335902, 9359020, 9384270, 25250
335903, 9359030, 9384283, 25253
335904, 9359040, 9384297, 25257
335905, 9359050, 9384310, 25260
335906, 9359060, 9384324, 25264
335908, 9359080, 9384337, 25257
335909, 9359090, 9384351, 25261
335910, 9359100, 9384364, 25264
335911, 9359110, 9384378, 25268
335912, 9359120, 9384391, 25271
335913, 9359130, 9384404, 25274
335914, 9359140, 9384418, 25278
335915, 9359150, 9384431, 25281
335916, 9359160, 9388012, 28852
335918, 9359180, 9388026, 28846
335919, 9359190, 9388039, 28849
335920, 9359200, 9388052, 28852
335921, 9359210, 9388066, 28856
335922, 9359220, 9388079, 28859
335923, 9359230, 9388093, 28863
335924, 9359240, 9388106, 28866
335925, 9359250, 9388120, 28870
335926, 9359260, 9388133, 28873
335927, 9359270, 9388146, 28876
335929, 9359290, 9388160, 28870
335930, 9359300, 9388173, 28873
335931, 9359310, 9388187, 28877
335932, 9359320, 9388200, 28880
335933, 9359330, 9388214, 28884
335934, 9359340, 9388227, 28887
335935, 9359350, 9388241, 28891
335936, 9359360, 9388254, 28894
335937, 9359370, 9388267, 28897
335938, 9359380, 9388281, 28901
335940, 9359400, 9388294, 28894
335941, 9359410, 9388308, 28898
335942, 9359420, 9388321, 28901
335943, 9359430, 9388335, 28905
335944, 9359440, 9388348, 28908
335945, 9359450, 9388362, 28912
335946, 9359460, 9388375, 28915
335947, 9359470, 9388388, 28918
335948, 9359480, 9388402, 28922
335951, 9359510, 9388429, 28919
335952, 9359520, 9388442, 28922
335953, 9359530, 9388456, 28926
335954, 9359540, 9388469, 28929
335955, 9359550, 9388482, 28932
335956, 9359560, 9388496, 28936
335957, 9359570, 9388509, 28939
335958, 9359580, 9388523, 28943
335959, 9359590, 9388536, 28946
335961, 9359610, 9388550, 28940
335962, 9359620, 9388563, 28943
335963, 9359630, 9388577, 28947
335964, 9359640, 9388590, 28950
335965, 9359650, 9388603, 28953
335966, 9359660, 9388617, 28957
335967, 9359670, 9388630, 28960
335968, 9359680, 9388644, 28964
335969, 9359690, 9388657, 28967
335971, 9359710, 9388671, 28961
335972, 9359720, 9388684, 28964
335973, 9359730, 9388698, 28968
335974, 9359740, 9388711, 28971
335975, 9359750, 9388724, 28974
335976, 9359760, 9388738, 28978
335977, 9359770, 9388751, 28981
335978, 9359780, 9388765, 28985
335979, 9359790, 9388778, 28988
335980, 9359800, 9388792, 28992
335982, 9359820, 9388805, 28985
335983, 9359830, 9388818, 28988
335984, 9359840, 9388832, 28992
335985, 9359850, 9388845, 28995
335986, 9359860, 9388859, 28999
335987, 9359870, 9388872, 29002
335988, 9359880, 9388886, 29006
335989, 9359890, 9388899, 29009
335990, 9359900, 9388913, 29013
335991, 9359910, 9388926, 29016
335993, 9359930, 9388939, 29009
335994, 9359940, 9388953, 29013
335995, 9359950, 9388966, 29016
335996, 9359960, 9388980, 29020
335997, 9359970, 9388993, 29023
335998, 9359980, 9389007, 29027
335999, 9359990, 9389020, 29030
336402, 9364020, 9389047, 25027
336403, 9364030, 9389060, 25030
336404, 9364040, 9389074, 25034
336405, 9364050, 9389087, 25037
336406, 9364060, 9389101, 25041
336407, 9364070, 9389114, 25044
336408, 9364080, 9389128, 25048
336409, 9364090, 9389141, 25051
336410, 9364100, 9389154, 25054
336412, 9364120, 9389168, 25048
336413, 9364130, 9389181, 25051
336414, 9364140, 9389195, 25055
336415, 9364150, 9389208, 25058
336416, 9364160, 9389222, 25062
336417, 9364170, 9389235, 25065
336418, 9364180, 9389249, 25069
336419, 9364190, 9389262, 25072
336420, 9364200, 9389275, 25075
336421, 9364210, 9389289, 25079
336423, 9364230, 9389302, 25072
336424, 9364240, 9389316, 25076
336425, 9364250, 9389329, 25079
336426, 9364260, 9389343, 25083
336427, 9364270, 9389356, 25086
336428, 9364280, 9389370, 25090
336429, 9364290, 9389383, 25093
336430, 9364300, 9389396, 25096
336431, 9364310, 9389410, 25100
336433, 9364330, 9389423, 25093
336434, 9364340, 9389437, 25097
336435, 9364350, 9389450, 25100
336436, 9364360, 9389464, 25104
336437, 9364370, 9389477, 25107
336438, 9364380, 9389490, 25110
336439, 9364390, 9389504, 25114
336440, 9364400, 9389517, 25117
336441, 9364410, 9389531, 25121
336442, 9364420, 9389544, 25124
336444, 9364440, 9389558, 25118
336445, 9364450, 9389571, 25121
336446, 9364460, 9389585, 25125
336447, 9364470, 9389598, 25128
336448, 9364480, 9389611, 25131
336449, 9364490, 9389625, 25135
336451, 9364510, 9389652, 25142
336452, 9364520, 9389665, 25145
336453, 9364530, 9389679, 25149
336455, 9364550, 9389692, 25142
336456, 9364560, 9389706, 25146
336457, 9364570, 9389719, 25149
336458, 9364580, 9389732, 25152
336459, 9364590, 9389746, 25156
336460, 9364600, 9389759, 25159
336461, 9364610, 9389773, 25163
336462, 9364620, 9389786, 25166
336463, 9364630, 9389800, 25170
336465, 9364650, 9389813, 25163
336466, 9364660, 9389826, 25166
336467, 9364670, 9389840, 25170
336468, 9364680, 9389853, 25173
336469, 9364690, 9389867, 25177
336470, 9364700, 9389880, 25180
336471, 9364710, 9389894, 25184
336472, 9364720, 9389907, 25187
336473, 9364730, 9389921, 25191
336474, 9364740, 9389934, 25194
336476, 9364760, 9389947, 25187
336477, 9364770, 9389961, 25191
336478, 9364780, 9389974, 25194
336479, 9364790, 9389988, 25198
336480, 9364800, 9390001, 25201
336481, 9364810, 9390015, 25205
336482, 9364820, 9390028, 25208
336483, 9364830, 9390042, 25212
336484, 9364840, 9390055, 25215
336485, 9364850, 9390068, 25218
336487, 9364870, 9390082, 25212
336488, 9364880, 9390095, 25215
336489, 9364890, 9390109, 25219
336490, 9364900, 9390122, 25222
336491, 9364910, 9390136, 25226
336492, 9364920, 9390149, 25229
336493, 9364930, 9390162, 25232
336494, 9364940, 9390176, 25236
336495, 9364950, 9390189, 25239
336497, 9364970, 9390203, 25233
336498, 9364980, 9390216, 25236
336499, 9364990, 9390230, 25240
336501, 9365010, 9390257, 25247
336502, 9365020, 9390270, 25250
336503, 9365030, 9390283, 25253
336504, 9365040, 9390297, 25257
336505, 9365050, 9390310, 25260
336506, 9365060, 9390324, 25264
336508, 9365080, 9390337, 25257
336509, 9365090, 9390351, 25261
336510, 9365100, 9390364, 25264
336511, 9365110, 9390378, 25268
336512, 9365120, 9390391, 25271
336513, 9365130, 9390404, 25274
336514, 9365140, 9390418, 25278
336515, 9365150, 9390431, 25281
336516, 9365160, 9394012, 28852
336517, 9365170, 9394026, 28856
336519, 9365190, 9394039, 28849
336520, 9365200, 9394052, 28852
336521, 9365210, 9394066, 28856
336522, 9365220, 9394079, 28859
336523, 9365230, 9394093, 28863
336524, 9365240, 9394106, 28866
336525, 9365250, 9394120, 28870
336526, 9365260, 9394133, 28873
336527, 9365270, 9394146, 28876
336529, 9365290, 9394160, 28870
336530, 9365300, 9394173, 28873
336531, 9365310, 9394187, 28877
336532, 9365320, 9394200, 28880
336533, 9365330, 9394214, 28884
336534, 9365340, 9394227, 28887
336535, 9365350, 9394241, 28891
336536, 9365360, 9394254, 28894
336537, 9365370, 9394267, 28897
336538, 9365380, 9394281, 28901
336540, 9365400, 9394294, 28894
336541, 9365410, 9394308, 28898
336542, 9365420, 9394321, 28901
336543, 9365430, 9394335, 28905
336544, 9365440, 9394348, 28908
336545, 9365450, 9394362, 28912
336546, 9365460, 9394375, 28915
336547, 9365470, 9394388, 28918
336548, 9365480, 9394402, 28922
336551, 9365510, 9394429, 28919
336552, 9365520, 9394442, 28922
336553, 9365530, 9394456, 28926
336554, 9365540, 9394469, 28929
336555, 9365550, 9394482, 28932
336556, 9365560, 9394496, 28936
336557, 9365570, 9394509, 28939
336558, 9365580, 9394523, 28943
336559, 9365590, 9394536, 28946
336561, 9365610, 9394550, 28940
336562, 9365620, 9394563, 28943
336563, 9365630, 9394577, 28947
336564, 9365640, 9394590, 28950
336565, 9365650, 9394603, 28953
336566, 9365660, 9394617, 28957
336567, 9365670, 9394630, 28960
336568, 9365680, 9394644, 28964
336569, 9365690, 9394657, 28967
336570, 9365700, 9394671, 28971
336572, 9365720, 9394684, 28964
336573, 9365730, 9394698, 28968
336574, 9365740, 9394711, 28971
336575, 9365750, 9394724, 28974
336576, 9365760, 9394738, 28978
336577, 9365770, 9394751, 28981
336578, 9365780, 9394765, 28985
336579, 9365790, 9394778, 28988
336580, 9365800, 9394792, 28992
336582, 9365820, 9394805, 28985
336583, 9365830, 9394818, 28988
336584, 9365840, 9394832, 28992
336585, 9365850, 9394845, 28995
336586, 9365860, 9394859, 28999
336587, 9365870, 9394872, 29002
336588, 9365880, 9394886, 29006
336589, 9365890, 9394899, 29009
336590, 9365900, 9394913, 29013
336591, 9365910, 9394926, 29016
336593, 9365930, 9394939, 29009
336594, 9365940, 9394953, 29013
336595, 9365950, 9394966, 29016
336596, 9365960, 9394980, 29020
336597, 9365970, 9394993, 29023
336598, 9365980, 9395007, 29027
336599, 9365990, 9395020, 29030
337002, 9370020, 9395047, 25027
337003, 9370030, 9395060, 25030
337004, 9370040, 9395074, 25034
337005, 9370050, 9395087, 25037
337006, 9370060, 9395101, 25041
337007, 9370070, 9395114, 25044
337008, 9370080, 9395127, 25047
337009, 9370090, 9395141, 25051
337010, 9370100, 9395154, 25054
337012, 9370120, 9395168, 25048
337013, 9370130, 9395181, 25051
337014, 9370140, 9395195, 25055
337015, 9370150, 9395208, 25058
337016, 9370160, 9395222, 25062
337017, 9370170, 9395235, 25065
337018, 9370180, 9395248, 25068
337019, 9370190, 9395262, 25072
337020, 9370200, 9395275, 25075
337021, 9370210, 9395289, 25079
337023, 9370230, 9395302, 25072
337024, 9370240, 9395316, 25076
337025, 9370250, 9395329, 25079
337026, 9370260, 9395342, 25082
337027, 9370270, 9395356, 25086
337028, 9370280, 9395369, 25089
337029, 9370290, 9395383, 25093
337030, 9370300, 9395396, 25096
337031, 9370310, 9395410, 25100
337033, 9370330, 9395423, 25093
337034, 9370340, 9395437, 25097
337035, 9370350, 9395450, 25100
337036, 9370360, 9395463, 25103
337037, 9370370, 9395477, 25107
337038, 9370380, 9395490, 25110
337039, 9370390, 9395504, 25114
337040, 9370400, 9395517, 25117
337041, 9370410, 9395531, 25121
337042, 9370420, 9395544, 25124
337044, 9370440, 9395558, 25118
337045, 9370450, 9395571, 25121
337046, 9370460, 9395584, 25124
337047, 9370470, 9395598, 25128
337048, 9370480, 9395611, 25131
337049, 9370490, 9395625, 25135
337051, 9370510, 9395652, 25142
337052, 9370520, 9395665, 25145
337053, 9370530, 9395678, 25148
337055, 9370550, 9395692, 25142
337056, 9370560, 9395705, 25145
337057, 9370570, 9395719, 25149
337058, 9370580, 9395732, 25152
337059, 9370590, 9395746, 25156
337060, 9370600, 9395759, 25159
337061, 9370610, 9395773, 25163
337062, 9370620, 9395786, 25166
337063, 9370630, 9395799, 25169
337065, 9370650, 9395813, 25163
337066, 9370660, 9395826, 25166
337067, 9370670, 9395840, 25170
337068, 9370680, 9395853, 25173
337069, 9370690, 9395867, 25177
337070, 9370700, 9395880, 25180
337071, 9370710, 9395894, 25184
337072, 9370720, 9395907, 25187
337073, 9370730, 9395920, 25190
337074, 9370740, 9395934, 25194
337076, 9370760, 9395947, 25187
337077, 9370770, 9395961, 25191
337078, 9370780, 9395974, 25194
337079, 9370790, 9395988, 25198
337080, 9370800, 9396001, 25201
337081, 9370810, 9396014, 25204
337082, 9370820, 9396028, 25208
337083, 9370830, 9396041, 25211
337084, 9370840, 9396055, 25215
337085, 9370850, 9396068, 25218
337087, 9370870, 9396082, 25212
337088, 9370880, 9396095, 25215
337089, 9370890, 9396109, 25219
337090, 9370900, 9396122, 25222
337091, 9370910, 9396135, 25225
337092, 9370920, 9396149, 25229
337093, 9370930, 9396162, 25232
337094, 9370940, 9396176, 25236
337095, 9370950, 9396189, 25239
337097, 9370970, 9396203, 25233
337098, 9370980, 9396216, 25236
337099, 9370990, 9396230, 25240
337101, 9371010, 9396256, 25246
337102, 9371020, 9396270, 25250
337103, 9371030, 9396283, 25253
337104, 9371040, 9396297, 25257
337105, 9371050, 9396310, 25260
337106, 9371060, 9396324, 25264
337108, 9371080, 9396337, 25257
337109, 9371090, 9396350, 25260
337110, 9371100, 9396364, 25264
337111, 9371110, 9396377, 25267
337112, 9371120, 9396391, 25271
337113, 9371130, 9396404, 25274
337114, 9371140, 9396418, 25278
337115, 9371150, 9396431, 25281
337116, 9371160, 9400012, 28852
337118, 9371180, 9400026, 28846
337119, 9371190, 9400039, 28849
337120, 9371200, 9400052, 28852
337121, 9371210, 9400066, 28856
337122, 9371220, 9400079, 28859
337123, 9371230, 9400093, 28863
337124, 9371240, 9400106, 28866
337125, 9371250, 9400120, 28870
337126, 9371260, 9400133, 28873
337127, 9371270, 9400146, 28876
337129, 9371290, 9400160, 28870
337130, 9371300, 9400173, 28873
337131, 9371310, 9400187, 28877
337132, 9371320, 9400200, 28880
337133, 9371330, 9400214, 28884
337134, 9371340, 9400227, 28887
337135, 9371350, 9400241, 28891
337136, 9371360, 9400254, 28894
337137, 9371370, 9400267, 28897
337138, 9371380, 9400281, 28901
337140, 9371400, 9400294, 28894
337141, 9371410, 9400308, 28898
337142, 9371420, 9400321, 28901
337143, 9371430, 9400335, 28905
337144, 9371440, 9400348, 28908
337145, 9371450, 9400362, 28912
337146, 9371460, 9400375, 28915
337147, 9371470, 9400388, 28918
337148, 9371480, 9400402, 28922
337151, 9371510, 9400429, 28919
337152, 9371520, 9400442, 28922
337153, 9371530, 9400456, 28926
337154, 9371540, 9400469, 28929
337155, 9371550, 9400482, 28932
337156, 9371560, 9400496, 28936
337157, 9371570, 9400509, 28939
337158, 9371580, 9400523, 28943
337159, 9371590, 9400536, 28946
337161, 9371610, 9400550, 28940
337162, 9371620, 9400563, 28943
337163, 9371630, 9400577, 28947
337164, 9371640, 9400590, 28950
337165, 9371650, 9400603, 28953
337166, 9371660, 9400617, 28957
337167, 9371670, 9400630, 28960
337168, 9371680, 9400644, 28964
337169, 9371690, 9400657, 28967
337171, 9371710, 9400671, 28961
337172, 9371720, 9400684, 28964
337173, 9371730, 9400698, 28968
337174, 9371740, 9400711, 28971
337175, 9371750, 9400724, 28974
337176, 9371760, 9400738, 28978
337177, 9371770, 9400751, 28981
337178, 9371780, 9400765, 28985
337179, 9371790, 9400778, 28988
337180, 9371800, 9400792, 28992
337182, 9371820, 9400805, 28985
337183, 9371830, 9400818, 28988
337184, 9371840, 9400832, 28992
337185, 9371850, 9400845, 28995
337186, 9371860, 9400859, 28999
337187, 9371870, 9400872, 29002
337188, 9371880, 9400886, 29006
337189, 9371890, 9400899, 29009
337190, 9371900, 9400913, 29013
337191, 9371910, 9400926, 29016
337193, 9371930, 9400939, 29009
337194, 9371940, 9400953, 29013
337195, 9371950, 9400966, 29016
337196, 9371960, 9400980, 29020
337197, 9371970, 9400993, 29023
337198, 9371980, 9401007, 29027
337199, 9371990, 9401020, 29030
337602, 9376020, 9401047, 25027
337603, 9376030, 9401060, 25030
337604, 9376040, 9401074, 25034
337605, 9376050, 9401087, 25037
337606, 9376060, 9401101, 25041
337607, 9376070, 9401114, 25044
337608, 9376080, 9401128, 25048
337609, 9376090, 9401141, 25051
337610, 9376100, 9401154, 25054
337612, 9376120, 9401168, 25048
337613, 9376130, 9401181, 25051
337614, 9376140, 9401195, 25055
337615, 9376150, 9401208, 25058
337616, 9376160, 9401222, 25062
337617, 9376170, 9401235, 25065
337618, 9376180, 9401249, 25069
337619, 9376190, 9401262, 25072
337620, 9376200, 9401275, 25075
337621, 9376210, 9401289, 25079
337623, 9376230, 9401302, 25072
337624, 9376240, 9401316, 25076
337625, 9376250, 9401329, 25079
337626, 9376260, 9401343, 25083
337627, 9376270, 9401356, 25086
337628, 9376280, 9401370, 25090
337629, 9376290, 9401383, 25093
337630, 9376300, 9401396, 25096
337631, 9376310, 9401410, 25100
337633, 9376330, 9401423, 25093
337634, 9376340, 9401437, 25097
337635, 9376350, 9401450, 25100
337636, 9376360, 9401464, 25104
337637, 9376370, 9401477, 25107
337638, 9376380, 9401490, 25110
337639, 9376390, 9401504, 25114
337640, 9376400, 9401517, 25117
337641, 9376410, 9401531, 25121
337642, 9376420, 9401544, 25124
337644, 9376440, 9401558, 25118
337645, 9376450, 9401571, 25121
337646, 9376460, 9401585, 25125
337647, 9376470, 9401598, 25128
337648, 9376480, 9401611, 25131
337649, 9376490, 9401625, 25135
337651, 9376510, 9401652, 25142
337652, 9376520, 9401665, 25145
337653, 9376530, 9401679, 25149
337655, 9376550, 9401692, 25142
337656, 9376560, 9401706, 25146
337657, 9376570, 9401719, 25149
337658, 9376580, 9401732, 25152
337659, 9376590, 9401746, 25156
337660, 9376600, 9401759, 25159
337661, 9376610, 9401773, 25163
337662, 9376620, 9401786, 25166
337663, 9376630, 9401800, 25170
337665, 9376650, 9401813, 25163
337666, 9376660, 9401826, 25166
337667, 9376670, 9401840, 25170
337668, 9376680, 9401853, 25173
337669, 9376690, 9401867, 25177
337670, 9376700, 9401880, 25180
337671, 9376710, 9401894, 25184
337672, 9376720, 9401907, 25187
337673, 9376730, 9401921, 25191
337674, 9376740, 9401934, 25194
337676, 9376760, 9401947, 25187
337677, 9376770, 9401961, 25191
337678, 9376780, 9401974, 25194
337679, 9376790, 9401988, 25198
337680, 9376800, 9402001, 25201
337681, 9376810, 9402015, 25205
337682, 9376820, 9402028, 25208
337683, 9376830, 9402042, 25212
337684, 9376840, 9402055, 25215
337685, 9376850, 9402068, 25218
337687, 9376870, 9402082, 25212
337688, 9376880, 9402095, 25215
337689, 9376890, 9402109, 25219
337690, 9376900, 9402122, 25222
337691, 9376910, 9402136, 25226
337692, 9376920, 9402149, 25229
337693, 9376930, 9402162, 25232
337694, 9376940, 9402176, 25236
337695, 9376950, 9402189, 25239
337697, 9376970, 9402203, 25233
337698, 9376980, 9402216, 25236
337699, 9376990, 9402230, 25240
337701, 9377010, 9402257, 25247
337702, 9377020, 9402270, 25250
337703, 9377030, 9402283, 25253
337704, 9377040, 9402297, 25257
337705, 9377050, 9402310, 25260
337706, 9377060, 9402324, 25264
337708, 9377080, 9402337, 25257
337709, 9377090, 9402351, 25261
337710, 9377100, 9402364, 25264
337711, 9377110, 9402378, 25268
337712, 9377120, 9402391, 25271
337713, 9377130, 9402404, 25274
337714, 9377140, 9402418, 25278
337715, 9377150, 9402431, 25281
337716, 9377160, 9406012, 28852
337718, 9377180, 9406026, 28846
337719, 9377190, 9406039, 28849
337720, 9377200, 9406052, 28852
337721, 9377210, 9406066, 28856
337722, 9377220, 9406079, 28859
337723, 9377230, 9406093, 28863
337724, 9377240, 9406106, 28866
337725, 9377250, 9406120, 28870
337726, 9377260, 9406133, 28873
337727, 9377270, 9406146, 28876
337729, 9377290, 9406160, 28870
337730, 9377300, 9406173, 28873
337731, 9377310, 9406187, 28877
337732, 9377320, 9406200, 28880
337733, 9377330, 9406214, 28884
337734, 9377340, 9406227, 28887
337735, 9377350, 9406241, 28891
337736, 9377360, 9406254, 28894
337737, 9377370, 9406267, 28897
337738, 9377380, 9406281, 28901
337740, 9377400, 9406294, 28894
337741, 9377410, 9406308, 28898
337742, 9377420, 9406321, 28901
337743, 9377430, 9406335, 28905
337744, 9377440, 9406348, 28908
337745, 9377450, 9406362, 28912
337746, 9377460, 9406375, 28915
337747, 9377470, 9406388, 28918
337748, 9377480, 9406402, 28922
337751, 9377510, 9406429, 28919
337752, 9377520, 9406442, 28922
337753, 9377530, 9406456, 28926
337754, 9377540, 9406469, 28929
337755, 9377550, 9406482, 28932
337756, 9377560, 9406496, 28936
337757, 9377570, 9406509, 28939
337758, 9377580, 9406523, 28943
337759, 9377590, 9406536, 28946
337761, 9377610, 9406550, 28940
337762, 9377620, 9406563, 28943
337763, 9377630, 9406577, 28947
337764, 9377640, 9406590, 28950
337765, 9377650, 9406603, 28953
337766, 9377660, 9406617, 28957
337767, 9377670, 9406630, 28960
337768, 9377680, 9406644, 28964
337769, 9377690, 9406657, 28967
337771, 9377710, 9406671, 28961
337772, 9377720, 9406684, 28964
337773, 9377730, 9406698, 28968
337774, 9377740, 9406711, 28971
337775, 9377750, 9406724, 28974
337776, 9377760, 9406738, 28978
337777, 9377770, 9406751, 28981
337778, 9377780, 9406765, 28985
337779, 9377790, 9406778, 28988
337780, 9377800, 9406792, 28992
337782, 9377820, 9406805, 28985
337783, 9377830, 9406818, 28988
337784, 9377840, 9406832, 28992
337785, 9377850, 9406845, 28995
337786, 9377860, 9406859, 28999
337787, 9377870, 9406872, 29002
337788, 9377880, 9406886, 29006
337789, 9377890, 9406899, 29009
337790, 9377900, 9406913, 29013
337791, 9377910, 9406926, 29016
337793, 9377930, 9406939, 29009
337794, 9377940, 9406953, 29013
337795, 9377950, 9406966, 29016
337796, 9377960, 9406980, 29020
337797, 9377970, 9406993, 29023
337798, 9377980, 9407007, 29027
337799, 9377990, 9407020, 29030
338202, 9382020, 9407047, 25027
338203, 9382030, 9407060, 25030
338204, 9382040, 9407074, 25034
338205, 9382050, 9407087, 25037
338206, 9382060, 9407101, 25041
338207, 9382070, 9407114, 25044
338208, 9382080, 9407128, 25048
338209, 9382090, 9407141, 25051
338210, 9382100, 9407154, 25054
338212, 9382120, 9407168, 25048
338213, 9382130, 9407181, 25051
338214, 9382140, 9407195, 25055
338215, 9382150, 9407208, 25058
338216, 9382160, 9407222, 25062
338217, 9382170, 9407235, 25065
338218, 9382180, 9407249, 25069
338219, 9382190, 9407262, 25072
338220, 9382200, 9407275, 25075
338221, 9382210, 9407289, 25079
338223, 9382230, 9407302, 25072
338224, 9382240, 9407316, 25076
338225, 9382250, 9407329, 25079
338226, 9382260, 9407343, 25083
338227, 9382270, 9407356, 25086
338228, 9382280, 9407370, 25090
338229, 9382290, 9407383, 25093
338230, 9382300, 9407396, 25096
338231, 9382310, 9407410, 25100
338233, 9382330, 9407423, 25093
338234, 9382340, 9407437, 25097
338235, 9382350, 9407450, 25100
338236, 9382360, 9407464, 25104
338237, 9382370, 9407477, 25107
338238, 9382380, 9407490, 25110
338239, 9382390, 9407504, 25114
338240, 9382400, 9407517, 25117
338241, 9382410, 9407531, 25121
338242, 9382420, 9407544, 25124
338244, 9382440, 9407558, 25118
338245, 9382450, 9407571, 25121
338246, 9382460, 9407585, 25125
338247, 9382470, 9407598, 25128
338248, 9382480, 9407611, 25131
338249, 9382490, 9407625, 25135
338251, 9382510, 9407652, 25142
338252, 9382520, 9407665, 25145
338253, 9382530, 9407679, 25149
338255, 9382550, 9407692, 25142
338256, 9382560, 9407706, 25146
338257, 9382570, 9407719, 25149
338258, 9382580, 9407732, 25152
338259, 9382590, 9407746, 25156
338260, 9382600, 9407759, 25159
338261, 9382610, 9407773, 25163
338262, 9382620, 9407786, 25166
338263, 9382630, 9407800, 25170
338265, 9382650, 9407813, 25163
338266, 9382660, 9407826, 25166
338267, 9382670, 9407840, 25170
338268, 9382680, 9407853, 25173
338269, 9382690, 9407867, 25177
338270, 9382700, 9407880, 25180
338271, 9382710, 9407894, 25184
338272, 9382720, 9407907, 25187
338273, 9382730, 9407921, 25191
338274, 9382740, 9407934, 25194
338276, 9382760, 9407947, 25187
338277, 9382770, 9407961, 25191
338278, 9382780, 9407974, 25194
338279, 9382790, 9407988, 25198
338280, 9382800, 9408001, 25201
338281, 9382810, 9408015, 25205
338282, 9382820, 9408028, 25208
338283, 9382830, 9408042, 25212
338284, 9382840, 9408055, 25215
338285, 9382850, 9408068, 25218
338287, 9382870, 9408082, 25212
338288, 9382880, 9408095, 25215
338289, 9382890, 9408109, 25219
338290, 9382900, 9408122, 25222
338291, 9382910, 9408136, 25226
338292, 9382920, 9408149, 25229
338293, 9382930, 9408162, 25232
338294, 9382940, 9408176, 25236
338295, 9382950, 9408189, 25239
338297, 9382970, 9408203, 25233
338298, 9382980, 9408216, 25236
338299, 9382990, 9408230, 25240
338301, 9383010, 9408257, 25247
338302, 9383020, 9408270, 25250
338303, 9383030, 9408283, 25253
338304, 9383040, 9408297, 25257
338305, 9383050, 9408310, 25260
338306, 9383060, 9408324, 25264
338308, 9383080, 9408337, 25257
338309, 9383090, 9408351, 25261
338310, 9383100, 9408364, 25264
338311, 9383110, 9408378, 25268
338312, 9383120, 9408391, 25271
338313, 9383130, 9408404, 25274
338314, 9383140, 9408418, 25278
338315, 9383150, 9408431, 25281
338316, 9383160, 9412012, 28852
338318, 9383180, 9412026, 28846
338319, 9383190, 9412039, 28849
338320, 9383200, 9412052, 28852
338321, 9383210, 9412066, 28856
338322, 9383220, 9412079, 28859
338323, 9383230, 9412093, 28863
338324, 9383240, 9412106, 28866
338325, 9383250, 9412120, 28870
338326, 9383260, 9412133, 28873
338327, 9383270, 9412146, 28876
338329, 9383290, 9412160, 28870
338330, 9383300, 9412173, 28873
338331, 9383310, 9412187, 28877
338332, 9383320, 9412200, 28880
338333, 9383330, 9412214, 28884
338334, 9383340, 9412227, 28887
338335, 9383350, 9412241, 28891
338336, 9383360, 9412254, 28894
338337, 9383370, 9412267, 28897
338338, 9383380, 9412281, 28901
338340, 9383400, 9412294, 28894
338341, 9383410, 9412308, 28898
338342, 9383420, 9412321, 28901
338343, 9383430, 9412335, 28905
338344, 9383440, 9412348, 28908
338345, 9383450, 9412362, 28912
338346, 9383460, 9412375, 28915
338347, 9383470, 9412388, 28918
338348, 9383480, 9412402, 28922
338351, 9383510, 9412429, 28919
338352, 9383520, 9412442, 28922
338353, 9383530, 9412456, 28926
338354, 9383540, 9412469, 28929
338355, 9383550, 9412482, 28932
338356, 9383560, 9412496, 28936
338357, 9383570, 9412509, 28939
338358, 9383580, 9412523, 28943
338359, 9383590, 9412536, 28946
338361, 9383610, 9412550, 28940
338362, 9383620, 9412563, 28943
338363, 9383630, 9412577, 28947
338364, 9383640, 9412590, 28950
338365, 9383650, 9412603, 28953
338366, 9383660, 9412617, 28957
338367, 9383670, 9412630, 28960
338368, 9383680, 9412644, 28964
338369, 9383690, 9412657, 28967
338371, 9383710, 9412671, 28961
338372, 9383720, 9412684, 28964
338373, 9383730, 9412698, 28968
338374, 9383740, 9412711, 28971
338375, 9383750, 9412724, 28974
338376, 9383760, 9412738, 28978
338377, 9383770, 9412751, 28981
338378, 9383780, 9412765, 28985
338379, 9383790, 9412778, 28988
338380, 9383800, 9412792, 28992
338382, 9383820, 9412805, 28985
338383, 9383830, 9412818, 28988
338384, 9383840, 9412832, 28992
338385, 9383850, 9412845, 28995
338386, 9383860, 9412859, 28999
338387, 9383870, 9412872, 29002
338388, 9383880, 9412886, 29006
338389, 9383890, 9412899, 29009
338390, 9383900, 9412913, 29013
338391, 9383910, 9412926, 29016
338393, 9383930, 9412939, 29009
338394, 9383940, 9412953, 29013
338395, 9383950, 9412966, 29016
338396, 9383960, 9412980, 29020
338397, 9383970, 9412993, 29023
338398, 9383980, 9413007, 29027
338399, 9383990, 9413020, 29030
338802, 9388020, 9413047, 25027
338803, 9388030, 9413060, 25030
338804, 9388040, 9413074, 25034
338805, 9388050, 9413087, 25037
338806, 9388060, 9413101, 25041
338807, 9388070, 9413114, 25044
338808, 9388080, 9413128, 25048
338809, 9388090, 9413141, 25051
338810, 9388100, 9413154, 25054
338812, 9388120, 9413168, 25048
338813, 9388130, 9413181, 25051
338814, 9388140, 9413195, 25055
338815, 9388150, 9413208, 25058
338816, 9388160, 9413222, 25062
338817, 9388170, 9413235, 25065
338818, 9388180, 9413249, 25069
338819, 9388190, 9413262, 25072
338820, 9388200, 9413275, 25075
338821, 9388210, 9413289, 25079
338823, 9388230, 9413302, 25072
338824, 9388240, 9413316, 25076
338825, 9388250, 9413329, 25079
338826, 9388260, 9413343, 25083
338827, 9388270, 9413356, 25086
338828, 9388280, 9413370, 25090
338829, 9388290, 9413383, 25093
338830, 9388300, 9413396, 25096
338831, 9388310, 9413410, 25100
338833, 9388330, 9413423, 25093
338834, 9388340, 9413437, 25097
338835, 9388350, 9413450, 25100
338836, 9388360, 9413464, 25104
338837, 9388370, 9413477, 25107
338838, 9388380, 9413490, 25110
338839, 9388390, 9413504, 25114
338840, 9388400, 9413517, 25117
338841, 9388410, 9413531, 25121
338842, 9388420, 9413544, 25124
338844, 9388440, 9413558, 25118
338845, 9388450, 9413571, 25121
338846, 9388460, 9413585, 25125
338847, 9388470, 9413598, 25128
338848, 9388480, 9413611, 25131
338849, 9388490, 9413625, 25135
338851, 9388510, 9413652, 25142
338852, 9388520, 9413665, 25145
338853, 9388530, 9413679, 25149
338855, 9388550, 9413692, 25142
338856, 9388560, 9413706, 25146
338857, 9388570, 9413719, 25149
338858, 9388580, 9413732, 25152
338859, 9388590, 9413746, 25156
338860, 9388600, 9413759, 25159
338861, 9388610, 9413773, 25163
338862, 9388620, 9413786, 25166
338863, 9388630, 9413800, 25170
338865, 9388650, 9413813, 25163
338866, 9388660, 9413826, 25166
338867, 9388670, 9413840, 25170
338868, 9388680, 9413853, 25173
338869, 9388690, 9413867, 25177
338870, 9388700, 9413880, 25180
338871, 9388710, 9413894, 25184
338872, 9388720, 9413907, 25187
338873, 9388730, 9413921, 25191
338874, 9388740, 9413934, 25194
338876, 9388760, 9413947, 25187
338877, 9388770, 9413961, 25191
338878, 9388780, 9413974, 25194
338879, 9388790, 9413988, 25198
338880, 9388800, 9414001, 25201
338881, 9388810, 9414015, 25205
338882, 9388820, 9414028, 25208
338883, 9388830, 9414042, 25212
338884, 9388840, 9414055, 25215
338885, 9388850, 9414068, 25218
338887, 9388870, 9414082, 25212
338888, 9388880, 9414095, 25215
338889, 9388890, 9414109, 25219
338890, 9388900, 9414122, 25222
338891, 9388910, 9414136, 25226
338892, 9388920, 9414149, 25229
338893, 9388930, 9414162, 25232
338894, 9388940, 9414176, 25236
338895, 9388950, 9414189, 25239
338897, 9388970, 9414203, 25233
338898, 9388980, 9414216, 25236
338899, 9388990, 9414230, 25240
338901, 9389010, 9414257, 25247
338902, 9389020, 9414270, 25250
338903, 9389030, 9414283, 25253
338904, 9389040, 9414297, 25257
338905, 9389050, 9414310, 25260
338906, 9389060, 9414324, 25264
338908, 9389080, 9414337, 25257
338909, 9389090, 9414351, 25261
338910, 9389100, 9414364, 25264
338911, 9389110, 9414378, 25268
338912, 9389120, 9414391, 25271
338913, 9389130, 9414404, 25274
338914, 9389140, 9414418, 25278
338915, 9389150, 9414431, 25281
338916, 9389160, 9418012, 28852
338918, 9389180, 9418026, 28846
338919, 9389190, 9418039, 28849
338920, 9389200, 9418052, 28852
338921, 9389210, 9418066, 28856
338922, 9389220, 9418079, 28859
338923, 9389230, 9418093, 28863
338924, 9389240, 9418106, 28866
338925, 9389250, 9418120, 28870
338926, 9389260, 9418133, 28873
338927, 9389270, 9418146, 28876
338929, 9389290, 9418160, 28870
338930, 9389300, 9418173, 28873
338931, 9389310, 9418187, 28877
338932, 9389320, 9418200, 28880
338933, 9389330, 9418214, 28884
338934, 9389340, 9418227, 28887
338935, 9389350, 9418241, 28891
338936, 9389360, 9418254, 28894
338937, 9389370, 9418267, 28897
338938, 9389380, 9418281, 28901
338940, 9389400, 9418294, 28894
338941, 9389410, 9418308, 28898
338942, 9389420, 9418321, 28901
338943, 9389430, 9418335, 28905
338944, 9389440, 9418348, 28908
338945, 9389450, 9418362, 28912
338946, 9389460, 9418375, 28915
338947, 9389470, 9418388, 28918
338948, 9389480, 9418402, 28922
338951, 9389510, 9418429, 28919
338952, 9389520, 9418442, 28922
338953, 9389530, 9418456, 28926
338954, 9389540, 9418469, 28929
338955, 9389550, 9418482, 28932
338956, 9389560, 9418496, 28936
338957, 9389570, 9418509, 28939
338958, 9389580, 9418523, 28943
338959, 9389590, 9418536, 28946
338961, 9389610, 9418550, 28940
338962, 9389620, 9418563, 28943
338963, 9389630, 9418577, 28947
338964, 9389640, 9418590, 28950
338965, 9389650, 9418603, 28953
338966, 9389660, 9418617, 28957
338967, 9389670, 9418630, 28960
338968, 9389680, 9418644, 28964
338969, 9389690, 9418657, 28967
338971, 9389710, 9418671, 28961
338972, 9389720, 9418684, 28964
338973, 9389730, 9418698, 28968
338974, 9389740, 9418711, 28971
338975, 9389750, 9418724, 28974
338976, 9389760, 9418738, 28978
338977, 9389770, 9418751, 28981
338978, 9389780, 9418765, 28985
338979, 9389790, 9418778, 28988
338980, 9389800, 9418792, 28992
338982, 9389820, 9418805, 28985
338983, 9389830, 9418818, 28988
338984, 9389840, 9418832, 28992
338985, 9389850, 9418845, 28995
338986, 9389860, 9418859, 28999
338987, 9389870, 9418872, 29002
338988, 9389880, 9418886, 29006
338989, 9389890, 9418899, 29009
338990, 9389900, 9418913, 29013
338991, 9389910, 9418926, 29016
338993, 9389930, 9418939, 29009
338994, 9389940, 9418953, 29013
338995, 9389950, 9418966, 29016
338996, 9389960, 9418980, 29020
338997, 9389970, 9418993, 29023
338998, 9389980, 9419007, 29027
338999, 9389990, 9419020, 29030
339402, 9394020, 9419047, 25027
339403, 9394030, 9419060, 25030
339404, 9394040, 9419074, 25034
339405, 9394050, 9419087, 25037
339406, 9394060, 9419101, 25041
339407, 9394070, 9419114, 25044
339408, 9394080, 9419128, 25048
339409, 9394090, 9419141, 25051
339410, 9394100, 9419154, 25054
339412, 9394120, 9419168, 25048
339413, 9394130, 9419181, 25051
339414, 9394140, 9419195, 25055
339415, 9394150, 9419208, 25058
339416, 9394160, 9419222, 25062
339417, 9394170, 9419235, 25065
339418, 9394180, 9419249, 25069
339419, 9394190, 9419262, 25072
339420, 9394200, 9419275, 25075
339421, 9394210, 9419289, 25079
339423, 9394230, 9419302, 25072
339424, 9394240, 9419316, 25076
339425, 9394250, 9419329, 25079
339426, 9394260, 9419343, 25083
339427, 9394270, 9419356, 25086
339428, 9394280, 9419370, 25090
339429, 9394290, 9419383, 25093
339430, 9394300, 9419396, 25096
339431, 9394310, 9419410, 25100
339433, 9394330, 9419423, 25093
339434, 9394340, 9419437, 25097
339435, 9394350, 9419450, 25100
339436, 9394360, 9419464, 25104
339437, 9394370, 9419477, 25107
339438, 9394380, 9419490, 25110
339439, 9394390, 9419504, 25114
339440, 9394400, 9419517, 25117
339441, 9394410, 9419531, 25121
339442, 9394420, 9419544, 25124
339444, 9394440, 9419558, 25118
339445, 9394450, 9419571, 25121
339446, 9394460, 9419585, 25125
339447, 9394470, 9419598, 25128
339448, 9394480, 9419611, 25131
339449, 9394490, 9419625, 25135
339451, 9394510, 9419652, 25142
339452, 9394520, 9419665, 25145
339453, 9394530, 9419679, 25149
339455, 9394550, 9419692, 25142
339456, 9394560, 9419706, 25146
339457, 9394570, 9419719, 25149
339458, 9394580, 9419732, 25152
339459, 9394590, 9419746, 25156
339460, 9394600, 9419759, 25159
339461, 9394610, 9419773, 25163
339462, 9394620, 9419786, 25166
339463, 9394630, 9419800, 25170
339465, 9394650, 9419813, 25163
339466, 9394660, 9419826, 25166
339467, 9394670, 9419840, 25170
339468, 9394680, 9419853, 25173
339469, 9394690, 9419867, 25177
339470, 9394700, 9419880, 25180
339471, 9394710, 9419894, 25184
339472, 9394720, 9419907, 25187
339473, 9394730, 9419921, 25191
339474, 9394740, 9419934, 25194
339476, 9394760, 9419947, 25187
339477, 9394770, 9419961, 25191
339478, 9394780, 9419974, 25194
339479, 9394790, 9419988, 25198
339480, 9394800, 9420001, 25201
339481, 9394810, 9420015, 25205
339482, 9394820, 9420028, 25208
339483, 9394830, 9420042, 25212
339484, 9394840, 9420055, 25215
339485, 9394850, 9420068, 25218
339487, 9394870, 9420082, 25212
339488, 9394880, 9420095, 25215
339489, 9394890, 9420109, 25219
339490, 9394900, 9420122, 25222
339491, 9394910, 9420136, 25226
339492, 9394920, 9420149, 25229
339493, 9394930, 9420162, 25232
339494, 9394940, 9420176, 25236
339495, 9394950, 9420189, 25239
339497, 9394970, 9420203, 25233
339498, 9394980, 9420216, 25236
339499, 9394990, 9420230, 25240
339501, 9395010, 9420257, 25247
339502, 9395020, 9420270, 25250
339503, 9395030, 9420283, 25253
339504, 9395040, 9420297, 25257
339505, 9395050, 9420310, 25260
339506, 9395060, 9420324, 25264
339508, 9395080, 9420337, 25257
339509, 9395090, 9420351, 25261
339510, 9395100, 9420364, 25264
339511, 9395110, 9420378, 25268
339512, 9395120, 9420391, 25271
339513, 9395130, 9420404, 25274
339514, 9395140, 9420418, 25278
339515, 9395150, 9420431, 25281
339516, 9395160, 9424012, 28852
339517, 9395170, 9424026, 28856
339519, 9395190, 9424039, 28849
339520, 9395200, 9424052, 28852
339521, 9395210, 9424066, 28856
339522, 9395220, 9424079, 28859
339523, 9395230, 9424093, 28863
339524, 9395240, 9424106, 28866
339525, 9395250, 9424120, 28870
339526, 9395260, 9424133, 28873
339527, 9395270, 9424146, 28876
339529, 9395290, 9424160, 28870
339530, 9395300, 9424173, 28873
339531, 9395310, 9424187, 28877
339532, 9395320, 9424200, 28880
339533, 9395330, 9424214, 28884
339534, 9395340, 9424227, 28887
339535, 9395350, 9424241, 28891
339536, 9395360, 9424254, 28894
339537, 9395370, 9424267, 28897
339538, 9395380, 9424281, 28901
339540, 9395400, 9424294, 28894
339541, 9395410, 9424308, 28898
339542, 9395420, 9424321, 28901
339543, 9395430, 9424335, 28905
339544, 9395440, 9424348, 28908
339545, 9395450, 9424362, 28912
339546, 9395460, 9424375, 28915
339547, 9395470, 9424388, 28918
339548, 9395480, 9424402, 28922
339551, 9395510, 9424429, 28919
339552, 9395520, 9424442, 28922
339553, 9395530, 9424456, 28926
339554, 9395540, 9424469, 28929
339555, 9395550, 9424482, 28932
339556, 9395560, 9424496, 28936
339557, 9395570, 9424509, 28939
339558, 9395580, 9424523, 28943
339559, 9395590, 9424536, 28946
339561, 9395610, 9424550, 28940
339562, 9395620, 9424563, 28943
339563, 9395630, 9424577, 28947
339564, 9395640, 9424590, 28950
339565, 9395650, 9424603, 28953
339566, 9395660, 9424617, 28957
339567, 9395670, 9424630, 28960
339568, 9395680, 9424644, 28964
339569, 9395690, 9424657, 28967
339570, 9395700, 9424671, 28971
339572, 9395720, 9424684, 28964
339573, 9395730, 9424698, 28968
339574, 9395740, 9424711, 28971
339575, 9395750, 9424724, 28974
339576, 9395760, 9424738, 28978
339577, 9395770, 9424751, 28981
339578, 9395780, 9424765, 28985
339579, 9395790, 9424778, 28988
339580, 9395800, 9424792, 28992
339582, 9395820, 9424805, 28985
339583, 9395830, 9424818, 28988
339584, 9395840, 9424832, 28992
339585, 9395850, 9424845, 28995
339586, 9395860, 9424859, 28999
339587, 9395870, 9424872, 29002
339588, 9395880, 9424886, 29006
339589, 9395890, 9424899, 29009
339590, 9395900, 9424913, 29013
339591, 9395910, 9424926, 29016
339593, 9395930, 9424939, 29009
339594, 9395940, 9424953, 29013
339595, 9395950, 9424966, 29016
339596, 9395960, 9424980, 29020
339597, 9395970, 9424993, 29023
339598, 9395980, 9425007, 29027
339599, 9395990, 9425020, 29030
340002, 9400020, 9425047, 25027
340003, 9400030, 9425060, 25030
340004, 9400040, 9425074, 25034
340005, 9400050, 9425087, 25037
340006, 9400060, 9425101, 25041
340007, 9400070, 9425114, 25044
340008, 9400080, 9425127, 25047
340009, 9400090, 9425141, 25051
340010, 9400100, 9425154, 25054
340012, 9400120, 9425168, 25048
340013, 9400130, 9425181, 25051
340014, 9400140, 9425195, 25055
340015, 9400150, 9425208, 25058
340016, 9400160, 9425222, 25062
340017, 9400170, 9425235, 25065
340018, 9400180, 9425248, 25068
340019, 9400190, 9425262, 25072
340020, 9400200, 9425275, 25075
340021, 9400210, 9425289, 25079
340023, 9400230, 9425302, 25072
340024, 9400240, 9425316, 25076
340025, 9400250, 9425329, 25079
340026, 9400260, 9425342, 25082
340027, 9400270, 9425356, 25086
340028, 9400280, 9425369, 25089
340029, 9400290, 9425383, 25093
340030, 9400300, 9425396, 25096
340031, 9400310, 9425410, 25100
340033, 9400330, 9425423, 25093
340034, 9400340, 9425437, 25097
340035, 9400350, 9425450, 25100
340036, 9400360, 9425463, 25103
340037, 9400370, 9425477, 25107
340038, 9400380, 9425490, 25110
340039, 9400390, 9425504, 25114
340040, 9400400, 9425517, 25117
340041, 9400410, 9425531, 25121
340042, 9400420, 9425544, 25124
340044, 9400440, 9425558, 25118
340045, 9400450, 9425571, 25121
340046, 9400460, 9425584, 25124
340047, 9400470, 9425598, 25128
340048, 9400480, 9425611, 25131
340049, 9400490, 9425625, 25135
340051, 9400510, 9425652, 25142
340052, 9400520, 9425665, 25145
340053, 9400530, 9425678, 25148
340055, 9400550, 9425692, 25142
340056, 9400560, 9425705, 25145
340057, 9400570, 9425719, 25149
340058, 9400580, 9425732, 25152
340059, 9400590, 9425746, 25156
340060, 9400600, 9425759, 25159
340061, 9400610, 9425773, 25163
340062, 9400620, 9425786, 25166
340063, 9400630, 9425799, 25169
340065, 9400650, 9425813, 25163
340066, 9400660, 9425826, 25166
340067, 9400670, 9425840, 25170
340068, 9400680, 9425853, 25173
340069, 9400690, 9425867, 25177
340070, 9400700, 9425880, 25180
340071, 9400710, 9425894, 25184
340072, 9400720, 9425907, 25187
340073, 9400730, 9425920, 25190
340074, 9400740, 9425934, 25194
340076, 9400760, 9425947, 25187
340077, 9400770, 9425961, 25191
340078, 9400780, 9425974, 25194
340079, 9400790, 9425988, 25198
340080, 9400800, 9426001, 25201
340081, 9400810, 9426014, 25204
340082, 9400820, 9426028, 25208
340083, 9400830, 9426041, 25211
340084, 9400840, 9426055, 25215
340085, 9400850, 9426068, 25218
340087, 9400870, 9426082, 25212
340088, 9400880, 9426095, 25215
340089, 9400890, 9426109, 25219
340090, 9400900, 9426122, 25222
340091, 9400910, 9426135, 25225
340092, 9400920, 9426149, 25229
340093, 9400930, 9426162, 25232
340094, 9400940, 9426176, 25236
340095, 9400950, 9426189, 25239
340097, 9400970, 9426203, 25233
340098, 9400980, 9426216, 25236
340099, 9400990, 9426230, 25240
340101, 9401010, 9426256, 25246
340102, 9401020, 9426270, 25250
340103, 9401030, 9426283, 25253
340104, 9401040, 9426297, 25257
340105, 9401050, 9426310, 25260
340106, 9401060, 9426324, 25264
340108, 9401080, 9426337, 25257
340109, 9401090, 9426350, 25260
340110, 9401100, 9426364, 25264
340111, 9401110, 9426377, 25267
340112, 9401120, 9426391, 25271
340113, 9401130, 9426404, 25274
340114, 9401140, 9426418, 25278
340115, 9401150, 9426431, 25281
340116, 9401160, 9430012, 28852
340118, 9401180, 9430026, 28846
340119, 9401190, 9430039, 28849
340120, 9401200, 9430052, 28852
340121, 9401210, 9430066, 28856
340122, 9401220, 9430079, 28859
340123, 9401230, 9430093, 28863
340124, 9401240, 9430106, 28866
340125, 9401250, 9430120, 28870
340126, 9401260, 9430133, 28873
340127, 9401270, 9430146, 28876
340129, 9401290, 9430160, 28870
340130, 9401300, 9430173, 28873
340131, 9401310, 9430187, 28877
340132, 9401320, 9430200, 28880
340133, 9401330, 9430214, 28884
340134, 9401340, 9430227, 28887
340135, 9401350, 9430241, 28891
340136, 9401360, 9430254, 28894
340137, 9401370, 9430267, 28897
340138, 9401380, 9430281, 28901
340140, 9401400, 9430294, 28894
340141, 9401410, 9430308, 28898
340142, 9401420, 9430321, 28901
340143, 9401430, 9430335, 28905
340144, 9401440, 9430348, 28908
340145, 9401450, 9430362, 28912
340146, 9401460, 9430375, 28915
340147, 9401470, 9430388, 28918
340148, 9401480, 9430402, 28922
340151, 9401510, 9430429, 28919
340152, 9401520, 9430442, 28922
340153, 9401530, 9430456, 28926
340154, 9401540, 9430469, 28929
340155, 9401550, 9430482, 28932
340156, 9401560, 9430496, 28936
340157, 9401570, 9430509, 28939
340158, 9401580, 9430523, 28943
340159, 9401590, 9430536, 28946
340161, 9401610, 9430550, 28940
340162, 9401620, 9430563, 28943
340163, 9401630, 9430577, 28947
340164, 9401640, 9430590, 28950
340165, 9401650, 9430603, 28953
340166, 9401660, 9430617, 28957
340167, 9401670, 9430630, 28960
340168, 9401680, 9430644, 28964
340169, 9401690, 9430657, 28967
340171, 9401710, 9430671, 28961
340172, 9401720, 9430684, 28964
340173, 9401730, 9430698, 28968
340174, 9401740, 9430711, 28971
340175, 9401750, 9430724, 28974
340176, 9401760, 9430738, 28978
340177, 9401770, 9430751, 28981
340178, 9401780, 9430765, 28985
340179, 9401790, 9430778, 28988
340180, 9401800, 9430792, 28992
340182, 9401820, 9430805, 28985
340183, 9401830, 9430818, 28988
340184, 9401840, 9430832, 28992
340185, 9401850, 9430845, 28995
340186, 9401860, 9430859, 28999
340187, 9401870, 9430872, 29002
340188, 9401880, 9430886, 29006
340189, 9401890, 9430899, 29009
340190, 9401900, 9430913, 29013
340191, 9401910, 9430926, 29016
340193, 9401930, 9430939, 29009
340194, 9401940, 9430953, 29013
340195, 9401950, 9430966, 29016
340196, 9401960, 9430980, 29020
340197, 9401970, 9430993, 29023
340198, 9401980, 9431007, 29027
340199, 9401990, 9431020, 29030
340602, 9406020, 9431047, 25027
340603, 9406030, 9431060, 25030
340604, 9406040, 9431074, 25034
340605, 9406050, 9431087, 25037
340606, 9406060, 9431101, 25041
340607, 9406070, 9431114, 25044
340608, 9406080, 9431128, 25048
340609, 9406090, 9431141, 25051
340610, 9406100, 9431154, 25054
340612, 9406120, 9431168, 25048
340613, 9406130, 9431181, 25051
340614, 9406140, 9431195, 25055
340615, 9406150, 9431208, 25058
340616, 9406160, 9431222, 25062
340617, 9406170, 9431235, 25065
340618, 9406180, 9431249, 25069
340619, 9406190, 9431262, 25072
340620, 9406200, 9431275, 25075
340621, 9406210, 9431289, 25079
340623, 9406230, 9431302, 25072
340624, 9406240, 9431316, 25076
340625, 9406250, 9431329, 25079
340626, 9406260, 9431343, 25083
340627, 9406270, 9431356, 25086
340628, 9406280, 9431370, 25090
340629, 9406290, 9431383, 25093
340630, 9406300, 9431396, 25096
340631, 9406310, 9431410, 25100
340633, 9406330, 9431423, 25093
340634, 9406340, 9431437, 25097
340635, 9406350, 9431450, 25100
340636, 9406360, 9431464, 25104
340637, 9406370, 9431477, 25107
340638, 9406380, 9431490, 25110
340639, 9406390, 9431504, 25114
340640, 9406400, 9431517, 25117
340641, 9406410, 9431531, 25121
340642, 9406420, 9431544, 25124
340644, 9406440, 9431558, 25118
340645, 9406450, 9431571, 25121
340646, 9406460, 9431585, 25125
340647, 9406470, 9431598, 25128
340648, 9406480, 9431611, 25131
340649, 9406490, 9431625, 25135
340651, 9406510, 9431652, 25142
340652, 9406520, 9431665, 25145
340653, 9406530, 9431679, 25149
340655, 9406550, 9431692, 25142
340656, 9406560, 9431706, 25146
340657, 9406570, 9431719, 25149
340658, 9406580, 9431732, 25152
340659, 9406590, 9431746, 25156
340660, 9406600, 9431759, 25159
340661, 9406610, 9431773, 25163
340662, 9406620, 9431786, 25166
340663, 9406630, 9431800, 25170
340665, 9406650, 9431813, 25163
340666, 9406660, 9431826, 25166
340667, 9406670, 9431840, 25170
340668, 9406680, 9431853, 25173
340669, 9406690, 9431867, 25177
340670, 9406700, 9431880, 25180
340671, 9406710, 9431894, 25184
340672, 9406720, 9431907, 25187
340673, 9406730, 9431921, 25191
340674, 9406740, 9431934, 25194
340676, 9406760, 9431947, 25187
340677, 9406770, 9431961, 25191
340678, 9406780, 9431974, 25194
340679, 9406790, 9431988, 25198
340680, 9406800, 9432001, 25201
340681, 9406810, 9432015, 25205
340682, 9406820, 9432028, 25208
340683, 9406830, 9432042, 25212
340684, 9406840, 9432055, 25215
340685, 9406850, 9432068, 25218
340687, 9406870, 9432082, 25212
340688, 9406880, 9432095, 25215
340689, 9406890, 9432109, 25219
340690, 9406900, 9432122, 25222
340691, 9406910, 9432136, 25226
340692, 9406920, 9432149, 25229
340693, 9406930, 9432162, 25232
340694, 9406940, 9432176, 25236
340695, 9406950, 9432189, 25239
340697, 9406970, 9432203, 25233
340698, 9406980, 9432216, 25236
340699, 9406990, 9432230, 25240
340701, 9407010, 9432257, 25247
340702, 9407020, 9432270, 25250
340703, 9407030, 9432283, 25253
340704, 9407040, 9432297, 25257
340705, 9407050, 9432310, 25260
340706, 9407060, 9432324, 25264
340708, 9407080, 9432337, 25257
340709, 9407090, 9432351, 25261
340710, 9407100, 9432364, 25264
340711, 9407110, 9432378, 25268
340712, 9407120, 9432391, 25271
340713, 9407130, 9432404, 25274
340714, 9407140, 9432418, 25278
340715, 9407150, 9432431, 25281
340716, 9407160, 9436012, 28852
340718, 9407180, 9436026, 28846
340719, 9407190, 9436039, 28849
340720, 9407200, 9436052, 28852
340721, 9407210, 9436066, 28856
340722, 9407220, 9436079, 28859
340723, 9407230, 9436093, 28863
340724, 9407240, 9436106, 28866
340725, 9407250, 9436120, 28870
340726, 9407260, 9436133, 28873
340727, 9407270, 9436146, 28876
340729, 9407290, 9436160, 28870
340730, 9407300, 9436173, 28873
340731, 9407310, 9436187, 28877
340732, 9407320, 9436200, 28880
340733, 9407330, 9436214, 28884
340734, 9407340, 9436227, 28887
340735, 9407350, 9436241, 28891
340736, 9407360, 9436254, 28894
340737, 9407370, 9436267, 28897
340738, 9407380, 9436281, 28901
340740, 9407400, 9436294, 28894
340741, 9407410, 9436308, 28898
340742, 9407420, 9436321, 28901
340743, 9407430, 9436335, 28905
340744, 9407440, 9436348, 28908
340745, 9407450, 9436362, 28912
340746, 9407460, 9436375, 28915
340747, 9407470, 9436388, 28918
340748, 9407480, 9436402, 28922
340751, 9407510, 9436429, 28919
340752, 9407520, 9436442, 28922
340753, 9407530, 9436456, 28926
340754, 9407540, 9436469, 28929
340755, 9407550, 9436482, 28932
340756, 9407560, 9436496, 28936
340757, 9407570, 9436509, 28939
340758, 9407580, 9436523, 28943
340759, 9407590, 9436536, 28946
340761, 9407610, 9436550, 28940
340762, 9407620, 9436563, 28943
340763, 9407630, 9436577, 28947
340764, 9407640, 9436590, 28950
340765, 9407650, 9436603, 28953
340766, 9407660, 9436617, 28957
340767, 9407670, 9436630, 28960
340768, 9407680, 9436644, 28964
340769, 9407690, 9436657, 28967
340771, 9407710, 9436671, 28961
340772, 9407720, 9436684, 28964
340773, 9407730, 9436698, 28968
340774, 9407740, 9436711, 28971
340775, 9407750, 9436724, 28974
340776, 9407760, 9436738, 28978
340777, 9407770, 9436751, 28981
340778, 9407780, 9436765, 28985
340779, 9407790, 9436778, 28988
340780, 9407800, 9436792, 28992
340782, 9407820, 9436805, 28985
340783, 9407830, 9436818, 28988
340784, 9407840, 9436832, 28992
340785, 9407850, 9436845, 28995
340786, 9407860, 9436859, 28999
340787, 9407870, 9436872, 29002
340788, 9407880, 9436886, 29006
340789, 9407890, 9436899, 29009
340790, 9407900, 9436913, 29013
340791, 9407910, 9436926, 29016
340793, 9407930, 9436939, 29009
340794, 9407940, 9436953, 29013
340795, 9407950, 9436966, 29016
340796, 9407960, 9436980, 29020
340797, 9407970, 9436993, 29023
340798, 9407980, 9437007, 29027
340799, 9407990, 9437020, 29030
341202, 9412020, 9437047, 25027
341203, 9412030, 9437060, 25030
341204, 9412040, 9437074, 25034
341205, 9412050, 9437087, 25037
341206, 9412060, 9437101, 25041
341207, 9412070, 9437114, 25044
341208, 9412080, 9437128, 25048
341209, 9412090, 9437141, 25051
341210, 9412100, 9437154, 25054
341212, 9412120, 9437168, 25048
341213, 9412130, 9437181, 25051
341214, 9412140, 9437195, 25055
341215, 9412150, 9437208, 25058
341216, 9412160, 9437222, 25062
341217, 9412170, 9437235, 25065
341218, 9412180, 9437249, 25069
341219, 9412190, 9437262, 25072
341220, 9412200, 9437275, 25075
341221, 9412210, 9437289, 25079
341223, 9412230, 9437302, 25072
341224, 9412240, 9437316, 25076
341225, 9412250, 9437329, 25079
341226, 9412260, 9437343, 25083
341227, 9412270, 9437356, 25086
341228, 9412280, 9437370, 25090
341229, 9412290, 9437383, 25093
341230, 9412300, 9437396, 25096
341231, 9412310, 9437410, 25100
341233, 9412330, 9437423, 25093
341234, 9412340, 9437437, 25097
341235, 9412350, 9437450, 25100
341236, 9412360, 9437464, 25104
341237, 9412370, 9437477, 25107
341238, 9412380, 9437490, 25110
341239, 9412390, 9437504, 25114
341240, 9412400, 9437517, 25117
341241, 9412410, 9437531, 25121
341242, 9412420, 9437544, 25124
341244, 9412440, 9437558, 25118
341245, 9412450, 9437571, 25121
341246, 9412460, 9437585, 25125
341247, 9412470, 9437598, 25128
341248, 9412480, 9437611, 25131
341249, 9412490, 9437625, 25135
341251, 9412510, 9437652, 25142
341252, 9412520, 9437665, 25145
341253, 9412530, 9437679, 25149
341255, 9412550, 9437692, 25142
341256, 9412560, 9437706, 25146
341257, 9412570, 9437719, 25149
341258, 9412580, 9437732, 25152
341259, 9412590, 9437746, 25156
341260, 9412600, 9437759, 25159
341261, 9412610, 9437773, 25163
341262, 9412620, 9437786, 25166
341263, 9412630, 9437800, 25170
341265, 9412650, 9437813, 25163
341266, 9412660, 9437826, 25166
341267, 9412670, 9437840, 25170
341268, 9412680, 9437853, 25173
341269, 9412690, 9437867, 25177
341270, 9412700, 9437880, 25180
341271, 9412710, 9437894, 25184
341272, 9412720, 9437907, 25187
341273, 9412730, 9437921, 25191
341274, 9412740, 9437934, 25194
341276, 9412760, 9437947, 25187
341277, 9412770, 9437961, 25191
341278, 9412780, 9437974, 25194
341279, 9412790, 9437988, 25198
341280, 9412800, 9438001, 25201
341281, 9412810, 9438015, 25205
341282, 9412820, 9438028, 25208
341283, 9412830, 9438042, 25212
341284, 9412840, 9438055, 25215
341285, 9412850, 9438068, 25218
341287, 9412870, 9438082, 25212
341288, 9412880, 9438095, 25215
341289, 9412890, 9438109, 25219
341290, 9412900, 9438122, 25222
341291, 9412910, 9438136, 25226
341292, 9412920, 9438149, 25229
341293, 9412930, 9438162, 25232
341294, 9412940, 9438176, 25236
341295, 9412950, 9438189, 25239
341297, 9412970, 9438203, 25233
341298, 9412980, 9438216, 25236
341299, 9412990, 9438230, 25240
341301, 9413010, 9438257, 25247
341302, 9413020, 9438270, 25250
341303, 9413030, 9438283, 25253
341304, 9413040, 9438297, 25257
341305, 9413050, 9438310, 25260
341306, 9413060, 9438324, 25264
341308, 9413080, 9438337, 25257
341309, 9413090, 9438351, 25261
341310, 9413100, 9438364, 25264
341311, 9413110, 9438378, 25268
341312, 9413120, 9438391, 25271
341313, 9413130, 9438404, 25274
341314, 9413140, 9438418, 25278
341315, 9413150, 9438431, 25281
341316, 9413160, 9442012, 28852
341318, 9413180, 9442026, 28846
341319, 9413190, 9442039, 28849
341320, 9413200, 9442052, 28852
341321, 9413210, 9442066, 28856
341322, 9413220, 9442079, 28859
341323, 9413230, 9442093, 28863
341324, 9413240, 9442106, 28866
341325, 9413250, 9442120, 28870
341326, 9413260, 9442133, 28873
341327, 9413270, 9442146, 28876
341329, 9413290, 9442160, 28870
341330, 9413300, 9442173, 28873
341331, 9413310, 9442187, 28877
341332, 9413320, 9442200, 28880
341333, 9413330, 9442214, 28884
341334, 9413340, 9442227, 28887
341335, 9413350, 9442241, 28891
341336, 9413360, 9442254, 28894
341337, 9413370, 9442267, 28897
341338, 9413380, 9442281, 28901
341340, 9413400, 9442294, 28894
341341, 9413410, 9442308, 28898
341342, 9413420, 9442321, 28901
341343, 9413430, 9442335, 28905
341344, 9413440, 9442348, 28908
341345, 9413450, 9442362, 28912
341346, 9413460, 9442375, 28915
341347, 9413470, 9442388, 28918
341348, 9413480, 9442402, 28922
341351, 9413510, 9442429, 28919
341352, 9413520, 9442442, 28922
341353, 9413530, 9442456, 28926
341354, 9413540, 9442469, 28929
341355, 9413550, 9442482, 28932
341356, 9413560, 9442496, 28936
341357, 9413570, 9442509, 28939
341358, 9413580, 9442523, 28943
341359, 9413590, 9442536, 28946
341361, 9413610, 9442550, 28940
341362, 9413620, 9442563, 28943
341363, 9413630, 9442577, 28947
341364, 9413640, 9442590, 28950
341365, 9413650, 9442603, 28953
341366, 9413660, 9442617, 28957
341367, 9413670, 9442630, 28960
341368, 9413680, 9442644, 28964
341369, 9413690, 9442657, 28967
341371, 9413710, 9442671, 28961
341372, 9413720, 9442684, 28964
341373, 9413730, 9442698, 28968
341374, 9413740, 9442711, 28971
341375, 9413750, 9442724, 28974
341376, 9413760, 9442738, 28978
341377, 9413770, 9442751, 28981
341378, 9413780, 9442765, 28985
341379, 9413790, 9442778, 28988
341380, 9413800, 9442792, 28992
341382, 9413820, 9442805, 28985
341383, 9413830, 9442818, 28988
341384, 9413840, 9442832, 28992
341385, 9413850, 9442845, 28995
341386, 9413860, 9442859, 28999
341387, 9413870, 9442872, 29002
341388, 9413880, 9442886, 29006
341389, 9413890, 9442899, 29009
341390, 9413900, 9442913, 29013
341391, 9413910, 9442926, 29016
341393, 9413930, 9442939, 29009
341394, 9413940, 9442953, 29013
341395, 9413950, 9442966, 29016
341396, 9413960, 9442980, 29020
341397, 9413970, 9442993, 29023
341398, 9413980, 9443007, 29027
341399, 9413990, 9443020, 29030
341802, 9418020, 9443047, 25027
341803, 9418030, 9443060, 25030
341804, 9418040, 9443074, 25034
341805, 9418050, 9443087, 25037
341806, 9418060, 9443101, 25041
341807, 9418070, 9443114, 25044
341808, 9418080, 9443128, 25048
341809, 9418090, 9443141, 25051
341810, 9418100, 9443154, 25054
341812, 9418120, 9443168, 25048
341813, 9418130, 9443181, 25051
341814, 9418140, 9443195, 25055
341815, 9418150, 9443208, 25058
341816, 9418160, 9443222, 25062
341817, 9418170, 9443235, 25065
341818, 9418180, 9443249, 25069
341819, 9418190, 9443262, 25072
341820, 9418200, 9443275, 25075
341821, 9418210, 9443289, 25079
341823, 9418230, 9443302, 25072
341824, 9418240, 9443316, 25076
341825, 9418250, 9443329, 25079
341826, 9418260, 9443343, 25083
341827, 9418270, 9443356, 25086
341828, 9418280, 9443370, 25090
341829, 9418290, 9443383, 25093
341830, 9418300, 9443396, 25096
341831, 9418310, 9443410, 25100
341833, 9418330, 9443423, 25093
341834, 9418340, 9443437, 25097
341835, 9418350, 9443450, 25100
341836, 9418360, 9443464, 25104
341837, 9418370, 9443477, 25107
341838, 9418380, 9443490, 25110
341839, 9418390, 9443504, 25114
341840, 9418400, 9443517, 25117
341841, 9418410, 9443531, 25121
341842, 9418420, 9443544, 25124
341844, 9418440, 9443558, 25118
341845, 9418450, 9443571, 25121
341846, 9418460, 9443585, 25125
341847, 9418470, 9443598, 25128
341848, 9418480, 9443611, 25131
341849, 9418490, 9443625, 25135
341851, 9418510, 9443652, 25142
341852, 9418520, 9443665, 25145
341853, 9418530, 9443679, 25149
341855, 9418550, 9443692, 25142
341856, 9418560, 9443706, 25146
341857, 9418570, 9443719, 25149
341858, 9418580, 9443732, 25152
341859, 9418590, 9443746, 25156
341860, 9418600, 9443759, 25159
341861, 9418610, 9443773, 25163
341862, 9418620, 9443786, 25166
341863, 9418630, 9443800, 25170
341865, 9418650, 9443813, 25163
341866, 9418660, 9443826, 25166
341867, 9418670, 9443840, 25170
341868, 9418680, 9443853, 25173
341869, 9418690, 9443867, 25177
341870, 9418700, 9443880, 25180
341871, 9418710, 9443894, 25184
341872, 9418720, 9443907, 25187
341873, 9418730, 9443921, 25191
341874, 9418740, 9443934, 25194
341876, 9418760, 9443947, 25187
341877, 9418770, 9443961, 25191
341878, 9418780, 9443974, 25194
341879, 9418790, 9443988, 25198
341880, 9418800, 9444001, 25201
341881, 9418810, 9444015, 25205
341882, 9418820, 9444028, 25208
341883, 9418830, 9444042, 25212
341884, 9418840, 9444055, 25215
341885, 9418850, 9444068, 25218
341887, 9418870, 9444082, 25212
341888, 9418880, 9444095, 25215
341889, 9418890, 9444109, 25219
341890, 9418900, 9444122, 25222
341891, 9418910, 9444136, 25226
341892, 9418920, 9444149, 25229
341893, 9418930, 9444162, 25232
341894, 9418940, 9444176, 25236
341895, 9418950, 9444189, 25239
341897, 9418970, 9444203, 25233
341898, 9418980, 9444216, 25236
341899, 9418990, 9444230, 25240
341901, 9419010, 9444257, 25247
341902, 9419020, 9444270, 25250
341903, 9419030, 9444283, 25253
341904, 9419040, 9444297, 25257
341905, 9419050, 9444310, 25260
341906, 9419060, 9444324, 25264
341908, 9419080, 9444337, 25257
341909, 9419090, 9444351, 25261
341910, 9419100, 9444364, 25264
341911, 9419110, 9444378, 25268
341912, 9419120, 9444391, 25271
341913, 9419130, 9444404, 25274
341914, 9419140, 9444418, 25278
341915, 9419150, 9444431, 25281
341916, 9419160, 9448012, 28852
341918, 9419180, 9448026, 28846
341919, 9419190, 9448039, 28849
341920, 9419200, 9448052, 28852
341921, 9419210, 9448066, 28856
341922, 9419220, 9448079, 28859
341923, 9419230, 9448093, 28863
341924, 9419240, 9448106, 28866
341925, 9419250, 9448120, 28870
341926, 9419260, 9448133, 28873
341927, 9419270, 9448146, 28876
341929, 9419290, 9448160, 28870
341930, 9419300, 9448173, 28873
341931, 9419310, 9448187, 28877
341932, 9419320, 9448200, 28880
341933, 9419330, 9448214, 28884
341934, 9419340, 9448227, 28887
341935, 9419350, 9448241, 28891
341936, 9419360, 9448254, 28894
341937, 9419370, 9448267, 28897
341938, 9419380, 9448281, 28901
341940, 9419400, 9448294, 28894
341941, 9419410, 9448308, 28898
341942, 9419420, 9448321, 28901
341943, 9419430, 9448335, 28905
341944, 9419440, 9448348, 28908
341945, 9419450, 9448362, 28912
341946, 9419460, 9448375, 28915
341947, 9419470, 9448388, 28918
341948, 9419480, 9448402, 28922
341951, 9419510, 9448429, 28919
341952, 9419520, 9448442, 28922
341953, 9419530, 9448456, 28926
341954, 9419540, 9448469, 28929
341955, 9419550, 9448482, 28932
341956, 9419560, 9448496, 28936
341957, 9419570, 9448509, 28939
341958, 9419580, 9448523, 28943
341959, 9419590, 9448536, 28946
341961, 9419610, 9448550, 28940
341962, 9419620, 9448563, 28943
341963, 9419630, 9448577, 28947
341964, 9419640, 9448590, 28950
341965, 9419650, 9448603, 28953
341966, 9419660, 9448617, 28957
341967, 9419670, 9448630, 28960
341968, 9419680, 9448644, 28964
341969, 9419690, 9448657, 28967
341971, 9419710, 9448671, 28961
341972, 9419720, 9448684, 28964
341973, 9419730, 9448698, 28968
341974, 9419740, 9448711, 28971
341975, 9419750, 9448724, 28974
341976, 9419760, 9448738, 28978
341977, 9419770, 9448751, 28981
341978, 9419780, 9448765, 28985
341979, 9419790, 9448778, 28988
341980, 9419800, 9448792, 28992
341982, 9419820, 9448805, 28985
341983, 9419830, 9448818, 28988
341984, 9419840, 9448832, 28992
341985, 9419850, 9448845, 28995
341986, 9419860, 9448859, 28999
341987, 9419870, 9448872, 29002
341988, 9419880, 9448886, 29006
341989, 9419890, 9448899, 29009
341990, 9419900, 9448913, 29013
341991, 9419910, 9448926, 29016
341993, 9419930, 9448939, 29009
341994, 9419940, 9448953, 29013
341995, 9419950, 9448966, 29016
341996, 9419960, 9448980, 29020
341997, 9419970, 9448993, 29023
341998, 9419980, 9449007, 29027
341999, 9419990, 9449020, 29030
342402, 9424020, 9449047, 25027
342403, 9424030, 9449060, 25030
342404, 9424040, 9449074, 25034
342405, 9424050, 9449087, 25037
342406, 9424060, 9449101, 25041
342407, 9424070, 9449114, 25044
342408, 9424080, 9449128, 25048
342409, 9424090, 9449141, 25051
342410, 9424100, 9449154, 25054
342412, 9424120, 9449168, 25048
342413, 9424130, 9449181, 25051
342414, 9424140, 9449195, 25055
342415, 9424150, 9449208, 25058
342416, 9424160, 9449222, 25062
342417, 9424170, 9449235, 25065
342418, 9424180, 9449249, 25069
342419, 9424190, 9449262, 25072
342420, 9424200, 9449275, 25075
342421, 9424210, 9449289, 25079
342423, 9424230, 9449302, 25072
342424, 9424240, 9449316, 25076
342425, 9424250, 9449329, 25079
342426, 9424260, 9449343, 25083
342427, 9424270, 9449356, 25086
342428, 9424280, 9449370, 25090
342429, 9424290, 9449383, 25093
342430, 9424300, 9449396, 25096
342431, 9424310, 9449410, 25100
342433, 9424330, 9449423, 25093
342434, 9424340, 9449437, 25097
342435, 9424350, 9449450, 25100
342436, 9424360, 9449464, 25104
342437, 9424370, 9449477, 25107
342438, 9424380, 9449490, 25110
342439, 9424390, 9449504, 25114
342440, 9424400, 9449517, 25117
342441, 9424410, 9449531, 25121
342442, 9424420, 9449544, 25124
342444, 9424440, 9449558, 25118
342445, 9424450, 9449571, 25121
342446, 9424460, 9449585, 25125
342447, 9424470, 9449598, 25128
342448, 9424480, 9449611, 25131
342449, 9424490, 9449625, 25135
342451, 9424510, 9449652, 25142
342452, 9424520, 9449665, 25145
342453, 9424530, 9449679, 25149
342455, 9424550, 9449692, 25142
342456, 9424560, 9449706, 25146
342457, 9424570, 9449719, 25149
342458, 9424580, 9449732, 25152
342459, 9424590, 9449746, 25156
342460, 9424600, 9449759, 25159
342461, 9424610, 9449773, 25163
342462, 9424620, 9449786, 25166
342463, 9424630, 9449800, 25170
342465, 9424650, 9449813, 25163
342466, 9424660, 9449826, 25166
342467, 9424670, 9449840, 25170
342468, 9424680, 9449853, 25173
342469, 9424690, 9449867, 25177
342470, 9424700, 9449880, 25180
342471, 9424710, 9449894, 25184
342472, 9424720, 9449907, 25187
342473, 9424730, 9449921, 25191
342474, 9424740, 9449934, 25194
342476, 9424760, 9449947, 25187
342477, 9424770, 9449961, 25191
342478, 9424780, 9449974, 25194
342479, 9424790, 9449988, 25198
342480, 9424800, 9450001, 25201
342481, 9424810, 9450015, 25205
342482, 9424820, 9450028, 25208
342483, 9424830, 9450042, 25212
342484, 9424840, 9450055, 25215
342485, 9424850, 9450068, 25218
342487, 9424870, 9450082, 25212
342488, 9424880, 9450095, 25215
342489, 9424890, 9450109, 25219
342490, 9424900, 9450122, 25222
342491, 9424910, 9450136, 25226
342492, 9424920, 9450149, 25229
342493, 9424930, 9450162, 25232
342494, 9424940, 9450176, 25236
342495, 9424950, 9450189, 25239
342497, 9424970, 9450203, 25233
342498, 9424980, 9450216, 25236
342499, 9424990, 9450230, 25240
342501, 9425010, 9450257, 25247
342502, 9425020, 9450270, 25250
342503, 9425030, 9450283, 25253
342504, 9425040, 9450297, 25257
342505, 9425050, 9450310, 25260
342506, 9425060, 9450324, 25264
342508, 9425080, 9450337, 25257
342509, 9425090, 9450351, 25261
342510, 9425100, 9450364, 25264
342511, 9425110, 9450378, 25268
342512, 9425120, 9450391, 25271
342513, 9425130, 9450404, 25274
342514, 9425140, 9450418, 25278
342515, 9425150, 9450431, 25281
342516, 9425160, 9454012, 28852
342517, 9425170, 9454026, 28856
342519, 9425190, 9454039, 28849
342520, 9425200, 9454052, 28852
342521, 9425210, 9454066, 28856
342522, 9425220, 9454079, 28859
342523, 9425230, 9454093, 28863
342524, 9425240, 9454106, 28866
342525, 9425250, 9454120, 28870
342526, 9425260, 9454133, 28873
342527, 9425270, 9454146, 28876
342529, 9425290, 9454160, 28870
342530, 9425300, 9454173, 28873
342531, 9425310, 9454187, 28877
342532, 9425320, 9454200, 28880
342533, 9425330, 9454214, 28884
342534, 9425340, 9454227, 28887
342535, 9425350, 9454241, 28891
342536, 9425360, 9454254, 28894
342537, 9425370, 9454267, 28897
342538, 9425380, 9454281, 28901
342540, 9425400, 9454294, 28894
342541, 9425410, 9454308, 28898
342542, 9425420, 9454321, 28901
342543, 9425430, 9454335, 28905
342544, 9425440, 9454348, 28908
342545, 9425450, 9454362, 28912
342546, 9425460, 9454375, 28915
342547, 9425470, 9454388, 28918
342548, 9425480, 9454402, 28922
342551, 9425510, 9454429, 28919
342552, 9425520, 9454442, 28922
342553, 9425530, 9454456, 28926
342554, 9425540, 9454469, 28929
342555, 9425550, 9454482, 28932
342556, 9425560, 9454496, 28936
342557, 9425570, 9454509, 28939
342558, 9425580, 9454523, 28943
342559, 9425590, 9454536, 28946
342561, 9425610, 9454550, 28940
342562, 9425620, 9454563, 28943
342563, 9425630, 9454577, 28947
342564, 9425640, 9454590, 28950
342565, 9425650, 9454603, 28953
342566, 9425660, 9454617, 28957
342567, 9425670, 9454630, 28960
342568, 9425680, 9454644, 28964
342569, 9425690, 9454657, 28967
342570, 9425700, 9454671, 28971
342572, 9425720, 9454684, 28964
342573, 9425730, 9454698, 28968
342574, 9425740, 9454711, 28971
342575, 9425750, 9454724, 28974
342576, 9425760, 9454738, 28978
342577, 9425770, 9454751, 28981
342578, 9425780, 9454765, 28985
342579, 9425790, 9454778, 28988
342580, 9425800, 9454792, 28992
342582, 9425820, 9454805, 28985
342583, 9425830, 9454818, 28988
342584, 9425840, 9454832, 28992
342585, 9425850, 9454845, 28995
342586, 9425860, 9454859, 28999
342587, 9425870, 9454872, 29002
342588, 9425880, 9454886, 29006
342589, 9425890, 9454899, 29009
342590, 9425900, 9454913, 29013
342591, 9425910, 9454926, 29016
342593, 9425930, 9454939, 29009
342594, 9425940, 9454953, 29013
342595, 9425950, 9454966, 29016
342596, 9425960, 9454980, 29020
342597, 9425970, 9454993, 29023
342598, 9425980, 9455007, 29027
342599, 9425990, 9455020, 29030
343002, 9430020, 9455047, 25027
343003, 9430030, 9455060, 25030
343004, 9430040, 9455074, 25034
343005, 9430050, 9455087, 25037
343006, 9430060, 9455101, 25041
343007, 9430070, 9455114, 25044
343008, 9430080, 9455127, 25047
343009, 9430090, 9455141, 25051
343010, 9430100, 9455154, 25054
343012, 9430120, 9455168, 25048
343013, 9430130, 9455181, 25051
343014, 9430140, 9455195, 25055
343015, 9430150, 9455208, 25058
343016, 9430160, 9455222, 25062
343017, 9430170, 9455235, 25065
343018, 9430180, 9455248, 25068
343019, 9430190, 9455262, 25072
343020, 9430200, 9455275, 25075
343021, 9430210, 9455289, 25079
343023, 9430230, 9455302, 25072
343024, 9430240, 9455316, 25076
343025, 9430250, 9455329, 25079
343026, 9430260, 9455342, 25082
343027, 9430270, 9455356, 25086
343028, 9430280, 9455369, 25089
343029, 9430290, 9455383, 25093
343030, 9430300, 9455396, 25096
343031, 9430310, 9455410, 25100
343033, 9430330, 9455423, 25093
343034, 9430340, 9455437, 25097
343035, 9430350, 9455450, 25100
343036, 9430360, 9455463, 25103
343037, 9430370, 9455477, 25107
343038, 9430380, 9455490, 25110
343039, 9430390, 9455504, 25114
343040, 9430400, 9455517, 25117
343041, 9430410, 9455531, 25121
343042, 9430420, 9455544, 25124
343044, 9430440, 9455558, 25118
343045, 9430450, 9455571, 25121
343046, 9430460, 9455584, 25124
343047, 9430470, 9455598, 25128
343048, 9430480, 9455611, 25131
343049, 9430490, 9455625, 25135
343051, 9430510, 9455652, 25142
343052, 9430520, 9455665, 25145
343053, 9430530, 9455678, 25148
343055, 9430550, 9455692, 25142
343056, 9430560, 9455705, 25145
343057, 9430570, 9455719, 25149
343058, 9430580, 9455732, 25152
343059, 9430590, 9455746, 25156
343060, 9430600, 9455759, 25159
343061, 9430610, 9455773, 25163
343062, 9430620, 9455786, 25166
343063, 9430630, 9455799, 25169
343065, 9430650, 9455813, 25163
343066, 9430660, 9455826, 25166
343067, 9430670, 9455840, 25170
343068, 9430680, 9455853, 25173
343069, 9430690, 9455867, 25177
343070, 9430700, 9455880, 25180
343071, 9430710, 9455894, 25184
343072, 9430720, 9455907, 25187
343073, 9430730, 9455920, 25190
343074, 9430740, 9455934, 25194
343076, 9430760, 9455947, 25187
343077, 9430770, 9455961, 25191
343078, 9430780, 9455974, 25194
343079, 9430790, 9455988, 25198
343080, 9430800, 9456001, 25201
343081, 9430810, 9456014, 25204
343082, 9430820, 9456028, 25208
343083, 9430830, 9456041, 25211
343084, 9430840, 9456055, 25215
343085, 9430850, 9456068, 25218
343087, 9430870, 9456082, 25212
343088, 9430880, 9456095, 25215
343089, 9430890, 9456109, 25219
343090, 9430900, 9456122, 25222
343091, 9430910, 9456135, 25225
343092, 9430920, 9456149, 25229
343093, 9430930, 9456162, 25232
343094, 9430940, 9456176, 25236
343095, 9430950, 9456189, 25239
343097, 9430970, 9456203, 25233
343098, 9430980, 9456216, 25236
343099, 9430990, 9456230, 25240
343101, 9431010, 9456256, 25246
343102, 9431020, 9456270, 25250
343103, 9431030, 9456283, 25253
343104, 9431040, 9456297, 25257
343105, 9431050, 9456310, 25260
343106, 9431060, 9456324, 25264
343108, 9431080, 9456337, 25257
343109, 9431090, 9456350, 25260
343110, 9431100, 9456364, 25264
343111, 9431110, 9456377, 25267
343112, 9431120, 9456391, 25271
343113, 9431130, 9456404, 25274
343114, 9431140, 9456418, 25278
343115, 9431150, 9456431, 25281
343116, 9431160, 9460012, 28852
343118, 9431180, 9460026, 28846
343119, 9431190, 9460039, 28849
343120, 9431200, 9460052, 28852
343121, 9431210, 9460066, 28856
343122, 9431220, 9460079, 28859
343123, 9431230, 9460093, 28863
343124, 9431240, 9460106, 28866
343125, 9431250, 9460120, 28870
343126, 9431260, 9460133, 28873
343127, 9431270, 9460146, 28876
343129, 9431290, 9460160, 28870
343130, 9431300, 9460173, 28873
343131, 9431310, 9460187, 28877
343132, 9431320, 9460200, 28880
343133, 9431330, 9460214, 28884
343134, 9431340, 9460227, 28887
343135, 9431350, 9460241, 28891
343136, 9431360, 9460254, 28894
343137, 9431370, 9460267, 28897
343138, 9431380, 9460281, 28901
343140, 9431400, 9460294, 28894
343141, 9431410, 9460308, 28898
343142, 9431420, 9460321, 28901
343143, 9431430, 9460335, 28905
343144, 9431440, 9460348, 28908
343145, 9431450, 9460362, 28912
343146, 9431460, 9460375, 28915
343147, 9431470, 9460388, 28918
343148, 9431480, 9460402, 28922
343151, 9431510, 9460429, 28919
343152, 9431520, 9460442, 28922
343153, 9431530, 9460456, 28926
343154, 9431540, 9460469, 28929
343155, 9431550, 9460482, 28932
343156, 9431560, 9460496, 28936
343157, 9431570, 9460509, 28939
343158, 9431580, 9460523, 28943
343159, 9431590, 9460536, 28946
343161, 9431610, 9460550, 28940
343162, 9431620, 9460563, 28943
343163, 9431630, 9460577, 28947
343164, 9431640, 9460590, 28950
343165, 9431650, 9460603, 28953
343166, 9431660, 9460617, 28957
343167, 9431670, 9460630, 28960
343168, 9431680, 9460644, 28964
343169, 9431690, 9460657, 28967
343171, 9431710, 9460671, 28961
343172, 9431720, 9460684, 28964
343173, 9431730, 9460698, 28968
343174, 9431740, 9460711, 28971
343175, 9431750, 9460724, 28974
343176, 9431760, 9460738, 28978
343177, 9431770, 9460751, 28981
343178, 9431780, 9460765, 28985
343179, 9431790, 9460778, 28988
343180, 9431800, 9460792, 28992
343182, 9431820, 9460805, 28985
343183, 9431830, 9460818, 28988
343184, 9431840, 9460832, 28992
343185, 9431850, 9460845, 28995
343186, 9431860, 9460859, 28999
343187, 9431870, 9460872, 29002
343188, 9431880, 9460886, 29006
343189, 9431890, 9460899, 29009
343190, 9431900, 9460913, 29013
343191, 9431910, 9460926, 29016
343193, 9431930, 9460939, 29009
343194, 9431940, 9460953, 29013
343195, 9431950, 9460966, 29016
343196, 9431960, 9460980, 29020
343197, 9431970, 9460993, 29023
343198, 9431980, 9461007, 29027
343199, 9431990, 9461020, 29030
343602, 9436020, 9461047, 25027
343603, 9436030, 9461060, 25030
343604, 9436040, 9461074, 25034
343605, 9436050, 9461087, 25037
343606, 9436060, 9461101, 25041
343607, 9436070, 9461114, 25044
343608, 9436080, 9461128, 25048
343609, 9436090, 9461141, 25051
343610, 9436100, 9461154, 25054
343612, 9436120, 9461168, 25048
343613, 9436130, 9461181, 25051
343614, 9436140, 9461195, 25055
343615, 9436150, 9461208, 25058
343616, 9436160, 9461222, 25062
343617, 9436170, 9461235, 25065
343618, 9436180, 9461249, 25069
343619, 9436190, 9461262, 25072
343620, 9436200, 9461275, 25075
343621, 9436210, 9461289, 25079
343623, 9436230, 9461302, 25072
343624, 9436240, 9461316, 25076
343625, 9436250, 9461329, 25079
343626, 9436260, 9461343, 25083
343627, 9436270, 9461356, 25086
343628, 9436280, 9461370, 25090
343629, 9436290, 9461383, 25093
343630, 9436300, 9461396, 25096
343631, 9436310, 9461410, 25100
343633, 9436330, 9461423, 25093
343634, 9436340, 9461437, 25097
343635, 9436350, 9461450, 25100
343636, 9436360, 9461464, 25104
343637, 9436370, 9461477, 25107
343638, 9436380, 9461490, 25110
343639, 9436390, 9461504, 25114
343640, 9436400, 9461517, 25117
343641, 9436410, 9461531, 25121
343642, 9436420, 9461544, 25124
343644, 9436440, 9461558, 25118
343645, 9436450, 9461571, 25121
343646, 9436460, 9461585, 25125
343647, 9436470, 9461598, 25128
343648, 9436480, 9461611, 25131
343649, 9436490, 9461625, 25135
343651, 9436510, 9461652, 25142
343652, 9436520, 9461665, 25145
343653, 9436530, 9461679, 25149
343655, 9436550, 9461692, 25142
343656, 9436560, 9461706, 25146
343657, 9436570, 9461719, 25149
343658, 9436580, 9461732, 25152
343659, 9436590, 9461746, 25156
343660, 9436600, 9461759, 25159
343661, 9436610, 9461773, 25163
343662, 9436620, 9461786, 25166
343663, 9436630, 9461800, 25170
343665, 9436650, 9461813, 25163
343666, 9436660, 9461826, 25166
343667, 9436670, 9461840, 25170
343668, 9436680, 9461853, 25173
343669, 9436690, 9461867, 25177
343670, 9436700, 9461880, 25180
343671, 9436710, 9461894, 25184
343672, 9436720, 9461907, 25187
343673, 9436730, 9461921, 25191
343674, 9436740, 9461934, 25194
343676, 9436760, 9461947, 25187
343677, 9436770, 9461961, 25191
343678, 9436780, 9461974, 25194
343679, 9436790, 9461988, 25198
343680, 9436800, 9462001, 25201
343681, 9436810, 9462015, 25205
343682, 9436820, 9462028, 25208
343683, 9436830, 9462042, 25212
343684, 9436840, 9462055, 25215
343685, 9436850, 9462068, 25218
343687, 9436870, 9462082, 25212
343688, 9436880, 9462095, 25215
343689, 9436890, 9462109, 25219
343690, 9436900, 9462122, 25222
343691, 9436910, 9462136, 25226
343692, 9436920, 9462149, 25229
343693, 9436930, 9462162, 25232
343694, 9436940, 9462176, 25236
343695, 9436950, 9462189, 25239
343697, 9436970, 9462203, 25233
343698, 9436980, 9462216, 25236
343699, 9436990, 9462230, 25240
343701, 9437010, 9462257, 25247
343702, 9437020, 9462270, 25250
343703, 9437030, 9462283, 25253
343704, 9437040, 9462297, 25257
343705, 9437050, 9462310, 25260
343706, 9437060, 9462324, 25264
343708, 9437080, 9462337, 25257
343709, 9437090, 9462351, 25261
343710, 9437100, 9462364, 25264
343711, 9437110, 9462378, 25268
343712, 9437120, 9462391, 25271
343713, 9437130, 9462404, 25274
343714, 9437140, 9462418, 25278
343715, 9437150, 9462431, 25281
343716, 9437160, 9466012, 28852
343718, 9437180, 9466026, 28846
343719, 9437190, 9466039, 28849
343720, 9437200, 9466052, 28852
343721, 9437210, 9466066, 28856
343722, 9437220, 9466079, 28859
343723, 9437230, 9466093, 28863
343724, 9437240, 9466106, 28866
343725, 9437250, 9466120, 28870
343726, 9437260, 9466133, 28873
343727, 9437270, 9466146, 28876
343729, 9437290, 9466160, 28870
343730, 9437300, 9466173, 28873
343731, 9437310, 9466187, 28877
343732, 9437320, 9466200, 28880
343733, 9437330, 9466214, 28884
343734, 9437340, 9466227, 28887
343735, 9437350, 9466241, 28891
343736, 9437360, 9466254, 28894
343737, 9437370, 9466267, 28897
343738, 9437380, 9466281, 28901
343740, 9437400, 9466294, 28894
343741, 9437410, 9466308, 28898
343742, 9437420, 9466321, 28901
343743, 9437430, 9466335, 28905
343744, 9437440, 9466348, 28908
343745, 9437450, 9466362, 28912
343746, 9437460, 9466375, 28915
343747, 9437470, 9466388, 28918
343748, 9437480, 9466402, 28922
343751, 9437510, 9466429, 28919
343752, 9437520, 9466442, 28922
343753, 9437530, 9466456, 28926
343754, 9437540, 9466469, 28929
343755, 9437550, 9466482, 28932
343756, 9437560, 9466496, 28936
343757, 9437570, 9466509, 28939
343758, 9437580, 9466523, 28943
343759, 9437590, 9466536, 28946
343761, 9437610, 9466550, 28940
343762, 9437620, 9466563, 28943
343763, 9437630, 9466577, 28947
343764, 9437640, 9466590, 28950
343765, 9437650, 9466603, 28953
343766, 9437660, 9466617, 28957
343767, 9437670, 9466630, 28960
343768, 9437680, 9466644, 28964
343769, 9437690, 9466657, 28967
343771, 9437710, 9466671, 28961
343772, 9437720, 9466684, 28964
343773, 9437730, 9466698, 28968
343774, 9437740, 9466711, 28971
343775, 9437750, 9466724, 28974
343776, 9437760, 9466738, 28978
343777, 9437770, 9466751, 28981
343778, 9437780, 9466765, 28985
343779, 9437790, 9466778, 28988
343780, 9437800, 9466792, 28992
343782, 9437820, 9466805, 28985
343783, 9437830, 9466818, 28988
343784, 9437840, 9466832, 28992
343785, 9437850, 9466845, 28995
343786, 9437860, 9466859, 28999
343787, 9437870, 9466872, 29002
343788, 9437880, 9466886, 29006
343789, 9437890, 9466899, 29009
343790, 9437900, 9466913, 29013
343791, 9437910, 9466926, 29016
343793, 9437930, 9466939, 29009
343794, 9437940, 9466953, 29013
343795, 9437950, 9466966, 29016
343796, 9437960, 9466980, 29020
343797, 9437970, 9466993, 29023
343798, 9437980, 9467007, 29027
343799, 9437990, 9467020, 29030
344202, 9442020, 9467047, 25027
344203, 9442030, 9467060, 25030
344204, 9442040, 9467074, 25034
344205, 9442050, 9467087, 25037
344206, 9442060, 9467101, 25041
344207, 9442070, 9467114, 25044
344208, 9442080, 9467128, 25048
344209, 9442090, 9467141, 25051
344210, 9442100, 9467154, 25054
344212, 9442120, 9467168, 25048
344213, 9442130, 9467181, 25051
344214, 9442140, 9467195, 25055
344215, 9442150, 9467208, 25058
344216, 9442160, 9467222, 25062
344217, 9442170, 9467235, 25065
344218, 9442180, 9467249, 25069
344219, 9442190, 9467262, 25072
344220, 9442200, 9467275, 25075
344221, 9442210, 9467289, 25079
344223, 9442230, 9467302, 25072
344224, 9442240, 9467316, 25076
344225, 9442250, 9467329, 25079
344226, 9442260, 9467343, 25083
344227, 9442270, 9467356, 25086
344228, 9442280, 9467370, 25090
344229, 9442290, 9467383, 25093
344230, 9442300, 9467396, 25096
344231, 9442310, 9467410, 25100
344233, 9442330, 9467423, 25093
344234, 9442340, 9467437, 25097
344235, 9442350, 9467450, 25100
344236, 9442360, 9467464, 25104
344237, 9442370, 9467477, 25107
344238, 9442380, 9467490, 25110
344239, 9442390, 9467504, 25114
344240, 9442400, 9467517, 25117
344241, 9442410, 9467531, 25121
344242, 9442420, 9467544, 25124
344244, 9442440, 9467558, 25118
344245, 9442450, 9467571, 25121
344246, 9442460, 9467585, 25125
344247, 9442470, 9467598, 25128
344248, 9442480, 9467611, 25131
344249, 9442490, 9467625, 25135
344251, 9442510, 9467652, 25142
344252, 9442520, 9467665, 25145
344253, 9442530, 9467679, 25149
344255, 9442550, 9467692, 25142
344256, 9442560, 9467706, 25146
344257, 9442570, 9467719, 25149
344258, 9442580, 9467732, 25152
344259, 9442590, 9467746, 25156
344260, 9442600, 9467759, 25159
344261, 9442610, 9467773, 25163
344262, 9442620, 9467786, 25166
344263, 9442630, 9467800, 25170
344265, 9442650, 9467813, 25163
344266, 9442660, 9467826, 25166
344267, 9442670, 9467840, 25170
344268, 9442680, 9467853, 25173
344269, 9442690, 9467867, 25177
344270, 9442700, 9467880, 25180
344271, 9442710, 9467894, 25184
344272, 9442720, 9467907, 25187
344273, 9442730, 9467921, 25191
344274, 9442740, 9467934, 25194
344276, 9442760, 9467947, 25187
344277, 9442770, 9467961, 25191
344278, 9442780, 9467974, 25194
344279, 9442790, 9467988, 25198
344280, 9442800, 9468001, 25201
344281, 9442810, 9468015, 25205
344282, 9442820, 9468028, 25208
344283, 9442830, 9468042, 25212
344284, 9442840, 9468055, 25215
344285, 9442850, 9468068, 25218
344287, 9442870, 9468082, 25212
344288, 9442880, 9468095, 25215
344289, 9442890, 9468109, 25219
344290, 9442900, 9468122, 25222
344291, 9442910, 9468136, 25226
344292, 9442920, 9468149, 25229
344293, 9442930, 9468162, 25232
344294, 9442940, 9468176, 25236
344295, 9442950, 9468189, 25239
344297, 9442970, 9468203, 25233
344298, 9442980, 9468216, 25236
344299, 9442990, 9468230, 25240
344301, 9443010, 9468257, 25247
344302, 9443020, 9468270, 25250
344303, 9443030, 9468283, 25253
344304, 9443040, 9468297, 25257
344305, 9443050, 9468310, 25260
344306, 9443060, 9468324, 25264
344308, 9443080, 9468337, 25257
344309, 9443090, 9468351, 25261
344310, 9443100, 9468364, 25264
344311, 9443110, 9468378, 25268
344312, 9443120, 9468391, 25271
344313, 9443130, 9468404, 25274
344314, 9443140, 9468418, 25278
344315, 9443150, 9468431, 25281
344316, 9443160, 9472012, 28852
344318, 9443180, 9472026, 28846
344319, 9443190, 9472039, 28849
344320, 9443200, 9472052, 28852
344321, 9443210, 9472066, 28856
344322, 9443220, 9472079, 28859
344323, 9443230, 9472093, 28863
344324, 9443240, 9472106, 28866
344325, 9443250, 9472120, 28870
344326, 9443260, 9472133, 28873
344327, 9443270, 9472146, 28876
344329, 9443290, 9472160, 28870
344330, 9443300, 9472173, 28873
344331, 9443310, 9472187, 28877
344332, 9443320, 9472200, 28880
344333, 9443330, 9472214, 28884
344334, 9443340, 9472227, 28887
344335, 9443350, 9472241, 28891
344336, 9443360, 9472254, 28894
344337, 9443370, 9472267, 28897
344338, 9443380, 9472281, 28901
344340, 9443400, 9472294, 28894
344341, 9443410, 9472308, 28898
344342, 9443420, 9472321, 28901
344343, 9443430, 9472335, 28905
344344, 9443440, 9472348, 28908
344345, 9443450, 9472362, 28912
344346, 9443460, 9472375, 28915
344347, 9443470, 9472388, 28918
344348, 9443480, 9472402, 28922
344351, 9443510, 9472429, 28919
344352, 9443520, 9472442, 28922
344353, 9443530, 9472456, 28926
344354, 9443540, 9472469, 28929
344355, 9443550, 9472482, 28932
344356, 9443560, 9472496, 28936
344357, 9443570, 9472509, 28939
344358, 9443580, 9472523, 28943
344359, 9443590, 9472536, 28946
344361, 9443610, 9472550, 28940
344362, 9443620, 9472563, 28943
344363, 9443630, 9472577, 28947
344364, 9443640, 9472590, 28950
344365, 9443650, 9472603, 28953
344366, 9443660, 9472617, 28957
344367, 9443670, 9472630, 28960
344368, 9443680, 9472644, 28964
344369, 9443690, 9472657, 28967
344371, 9443710, 9472671, 28961
344372, 9443720, 9472684, 28964
344373, 9443730, 9472698, 28968
344374, 9443740, 9472711, 28971
344375, 9443750, 9472724, 28974
344376, 9443760, 9472738, 28978
344377, 9443770, 9472751, 28981
344378, 9443780, 9472765, 28985
344379, 9443790, 9472778, 28988
344380, 9443800, 9472792, 28992
344382, 9443820, 9472805, 28985
344383, 9443830, 9472818, 28988
344384, 9443840, 9472832, 28992
344385, 9443850, 9472845, 28995
344386, 9443860, 9472859, 28999
344387, 9443870, 9472872, 29002
344388, 9443880, 9472886, 29006
344389, 9443890, 9472899, 29009
344390, 9443900, 9472913, 29013
344391, 9443910, 9472926, 29016
344393, 9443930, 9472939, 29009
344394, 9443940, 9472953, 29013
344395, 9443950, 9472966, 29016
344396, 9443960, 9472980, 29020
344397, 9443970, 9472993, 29023
344398, 9443980, 9473007, 29027
344399, 9443990, 9473020, 29030
344802, 9448020, 9473047, 25027
344803, 9448030, 9473060, 25030
344804, 9448040, 9473074, 25034
344805, 9448050, 9473087, 25037
344806, 9448060, 9473101, 25041
344807, 9448070, 9473114, 25044
344808, 9448080, 9473128, 25048
344809, 9448090, 9473141, 25051
344810, 9448100, 9473154, 25054
344812, 9448120, 9473168, 25048
344813, 9448130, 9473181, 25051
344814, 9448140, 9473195, 25055
344815, 9448150, 9473208, 25058
344816, 9448160, 9473222, 25062
344817, 9448170, 9473235, 25065
344818, 9448180, 9473249, 25069
344819, 9448190, 9473262, 25072
344820, 9448200, 9473275, 25075
344821, 9448210, 9473289, 25079
344823, 9448230, 9473302, 25072
344824, 9448240, 9473316, 25076
344825, 9448250, 9473329, 25079
344826, 9448260, 9473343, 25083
344827, 9448270, 9473356, 25086
344828, 9448280, 9473370, 25090
344829, 9448290, 9473383, 25093
344830, 9448300, 9473396, 25096
344831, 9448310, 9473410, 25100
344833, 9448330, 9473423, 25093
344834, 9448340, 9473437, 25097
344835, 9448350, 9473450, 25100
344836, 9448360, 9473464, 25104
344837, 9448370, 9473477, 25107
344838, 9448380, 9473490, 25110
344839, 9448390, 9473504, 25114
344840, 9448400, 9473517, 25117
344841, 9448410, 9473531, 25121
344842, 9448420, 9473544, 25124
344844, 9448440, 9473558, 25118
344845, 9448450, 9473571, 25121
344846, 9448460, 9473585, 25125
344847, 9448470, 9473598, 25128
344848, 9448480, 9473611, 25131
344849, 9448490, 9473625, 25135
344851, 9448510, 9473652, 25142
344852, 9448520, 9473665, 25145
344853, 9448530, 9473679, 25149
344855, 9448550, 9473692, 25142
344856, 9448560, 9473706, 25146
344857, 9448570, 9473719, 25149
344858, 9448580, 9473732, 25152
344859, 9448590, 9473746, 25156
344860, 9448600, 9473759, 25159
344861, 9448610, 9473773, 25163
344862, 9448620, 9473786, 25166
344863, 9448630, 9473800, 25170
344865, 9448650, 9473813, 25163
344866, 9448660, 9473826, 25166
344867, 9448670, 9473840, 25170
344868, 9448680, 9473853, 25173
344869, 9448690, 9473867, 25177
344870, 9448700, 9473880, 25180
344871, 9448710, 9473894, 25184
344872, 9448720, 9473907, 25187
344873, 9448730, 9473921, 25191
344874, 9448740, 9473934, 25194
344876, 9448760, 9473947, 25187
344877, 9448770, 9473961, 25191
344878, 9448780, 9473974, 25194
344879, 9448790, 9473988, 25198
344880, 9448800, 9474001, 25201
344881, 9448810, 9474015, 25205
344882, 9448820, 9474028, 25208
344883, 9448830, 9474042, 25212
344884, 9448840, 9474055, 25215
344885, 9448850, 9474068, 25218
344887, 9448870, 9474082, 25212
344888, 9448880, 9474095, 25215
344889, 9448890, 9474109, 25219
344890, 9448900, 9474122, 25222
344891, 9448910, 9474136, 25226
344892, 9448920, 9474149, 25229
344893, 9448930, 9474162, 25232
344894, 9448940, 9474176, 25236
344895, 9448950, 9474189, 25239
344897, 9448970, 9474203, 25233
344898, 9448980, 9474216, 25236
344899, 9448990, 9474230, 25240
344901, 9449010, 9474257, 25247
344902, 9449020, 9474270, 25250
344903, 9449030, 9474283, 25253
344904, 9449040, 9474297, 25257
344905, 9449050, 9474310, 25260
344906, 9449060, 9474324, 25264
344908, 9449080, 9474337, 25257
344909, 9449090, 9474351, 25261
344910, 9449100, 9474364, 25264
344911, 9449110, 9474378, 25268
344912, 9449120, 9474391, 25271
344913, 9449130, 9474404, 25274
344914, 9449140, 9474418, 25278
344915, 9449150, 9474431, 25281
344916, 9449160, 9478012, 28852
344918, 9449180, 9478026, 28846
344919, 9449190, 9478039, 28849
344920, 9449200, 9478052, 28852
344921, 9449210, 9478066, 28856
344922, 9449220, 9478079, 28859
344923, 9449230, 9478093, 28863
344924, 9449240, 9478106, 28866
344925, 9449250, 9478120, 28870
344926, 9449260, 9478133, 28873
344927, 9449270, 9478146, 28876
344929, 9449290, 9478160, 28870
344930, 9449300, 9478173, 28873
344931, 9449310, 9478187, 28877
344932, 9449320, 9478200, 28880
344933, 9449330, 9478214, 28884
344934, 9449340, 9478227, 28887
344935, 9449350, 9478241, 28891
344936, 9449360, 9478254, 28894
344937, 9449370, 9478267, 28897
344938, 9449380, 9478281, 28901
344940, 9449400, 9478294, 28894
344941, 9449410, 9478308, 28898
344942, 9449420, 9478321, 28901
344943, 9449430, 9478335, 28905
344944, 9449440, 9478348, 28908
344945, 9449450, 9478362, 28912
344946, 9449460, 9478375, 28915
344947, 9449470, 9478388, 28918
344948, 9449480, 9478402, 28922
344951, 9449510, 9478429, 28919
344952, 9449520, 9478442, 28922
344953, 9449530, 9478456, 28926
344954, 9449540, 9478469, 28929
344955, 9449550, 9478482, 28932
344956, 9449560, 9478496, 28936
344957, 9449570, 9478509, 28939
344958, 9449580, 9478523, 28943
344959, 9449590, 9478536, 28946
344961, 9449610, 9478550, 28940
344962, 9449620, 9478563, 28943
344963, 9449630, 9478577, 28947
344964, 9449640, 9478590, 28950
344965, 9449650, 9478603, 28953
344966, 9449660, 9478617, 28957
344967, 9449670, 9478630, 28960
344968, 9449680, 9478644, 28964
344969, 9449690, 9478657, 28967
344971, 9449710, 9478671, 28961
344972, 9449720, 9478684, 28964
344973, 9449730, 9478698, 28968
344974, 9449740, 9478711, 28971
344975, 9449750, 9478724, 28974
344976, 9449760, 9478738, 28978
344977, 9449770, 9478751, 28981
344978, 9449780, 9478765, 28985
344979, 9449790, 9478778, 28988
344980, 9449800, 9478792, 28992
344982, 9449820, 9478805, 28985
344983, 9449830, 9478818, 28988
344984, 9449840, 9478832, 28992
344985, 9449850, 9478845, 28995
344986, 9449860, 9478859, 28999
344987, 9449870, 9478872, 29002
344988, 9449880, 9478886, 29006
344989, 9449890, 9478899, 29009
344990, 9449900, 9478913, 29013
344991, 9449910, 9478926, 29016
344993, 9449930, 9478939, 29009
344994, 9449940, 9478953, 29013
344995, 9449950, 9478966, 29016
344996, 9449960, 9478980, 29020
344997, 9449970, 9478993, 29023
344998, 9449980, 9479007, 29027
344999, 9449990, 9479020, 29030
345402, 9454020, 9479047, 25027
345403, 9454030, 9479060, 25030
345404, 9454040, 9479074, 25034
345405, 9454050, 9479087, 25037
345406, 9454060, 9479101, 25041
345407, 9454070, 9479114, 25044
345408, 9454080, 9479128, 25048
345409, 9454090, 9479141, 25051
345410, 9454100, 9479154, 25054
345412, 9454120, 9479168, 25048
345413, 9454130, 9479181, 25051
345414, 9454140, 9479195, 25055
345415, 9454150, 9479208, 25058
345416, 9454160, 9479222, 25062
345417, 9454170, 9479235, 25065
345418, 9454180, 9479249, 25069
345419, 9454190, 9479262, 25072
345420, 9454200, 9479275, 25075
345421, 9454210, 9479289, 25079
345423, 9454230, 9479302, 25072
345424, 9454240, 9479316, 25076
345425, 9454250, 9479329, 25079
345426, 9454260, 9479343, 25083
345427, 9454270, 9479356, 25086
345428, 9454280, 9479370, 25090
345429, 9454290, 9479383, 25093
345430, 9454300, 9479396, 25096
345431, 9454310, 9479410, 25100
345433, 9454330, 9479423, 25093
345434, 9454340, 9479437, 25097
345435, 9454350, 9479450, 25100
345436, 9454360, 9479464, 25104
345437, 9454370, 9479477, 25107
345438, 9454380, 9479490, 25110
345439, 9454390, 9479504, 25114
345440, 9454400, 9479517, 25117
345441, 9454410, 9479531, 25121
345442, 9454420, 9479544, 25124
345444, 9454440, 9479558, 25118
345445, 9454450, 9479571, 25121
345446, 9454460, 9479585, 25125
345447, 9454470, 9479598, 25128
345448, 9454480, 9479611, 25131
345449, 9454490, 9479625, 25135
345451, 9454510, 9479652, 25142
345452, 9454520, 9479665, 25145
345453, 9454530, 9479679, 25149
345455, 9454550, 9479692, 25142
345456, 9454560, 9479706, 25146
345457, 9454570, 9479719, 25149
345458, 9454580, 9479732, 25152
345459, 9454590, 9479746, 25156
345460, 9454600, 9479759, 25159
345461, 9454610, 9479773, 25163
345462, 9454620, 9479786, 25166
345463, 9454630, 9479800, 25170
345465, 9454650, 9479813, 25163
345466, 9454660, 9479826, 25166
345467, 9454670, 9479840, 25170
345468, 9454680, 9479853, 25173
345469, 9454690, 9479867, 25177
345470, 9454700, 9479880, 25180
345471, 9454710, 9479894, 25184
345472, 9454720, 9479907, 25187
345473, 9454730, 9479921, 25191
345474, 9454740, 9479934, 25194
345476, 9454760, 9479947, 25187
345477, 9454770, 9479961, 25191
345478, 9454780, 9479974, 25194
345479, 9454790, 9479988, 25198
345480, 9454800, 9480001, 25201
345481, 9454810, 9480015, 25205
345482, 9454820, 9480028, 25208
345483, 9454830, 9480042, 25212
345484, 9454840, 9480055, 25215
345485, 9454850, 9480068, 25218
345487, 9454870, 9480082, 25212
345488, 9454880, 9480095, 25215
345489, 9454890, 9480109, 25219
345490, 9454900, 9480122, 25222
345491, 9454910, 9480136, 25226
345492, 9454920, 9480149, 25229
345493, 9454930, 9480162, 25232
345494, 9454940, 9480176, 25236
345495, 9454950, 9480189, 25239
345497, 9454970, 9480203, 25233
345498, 9454980, 9480216, 25236
345499, 9454990, 9480230, 25240
345501, 9455010, 9480257, 25247
345502, 9455020, 9480270, 25250
345503, 9455030, 9480283, 25253
345504, 9455040, 9480297, 25257
345505, 9455050, 9480310, 25260
345506, 9455060, 9480324, 25264
345508, 9455080, 9480337, 25257
345509, 9455090, 9480351, 25261
345510, 9455100, 9480364, 25264
345511, 9455110, 9480378, 25268
345512, 9455120, 9480391, 25271
345513, 9455130, 9480404, 25274
345514, 9455140, 9480418, 25278
345515, 9455150, 9480431, 25281
345516, 9455160, 9484012, 28852
345517, 9455170, 9484026, 28856
345519, 9455190, 9484039, 28849
345520, 9455200, 9484052, 28852
345521, 9455210, 9484066, 28856
345522, 9455220, 9484079, 28859
345523, 9455230, 9484093, 28863
345524, 9455240, 9484106, 28866
345525, 9455250, 9484120, 28870
345526, 9455260, 9484133, 28873
345527, 9455270, 9484146, 28876
345529, 9455290, 9484160, 28870
345530, 9455300, 9484173, 28873
345531, 9455310, 9484187, 28877
345532, 9455320, 9484200, 28880
345533, 9455330, 9484214, 28884
345534, 9455340, 9484227, 28887
345535, 9455350, 9484241, 28891
345536, 9455360, 9484254, 28894
345537, 9455370, 9484267, 28897
345538, 9455380, 9484281, 28901
345540, 9455400, 9484294, 28894
345541, 9455410, 9484308, 28898
345542, 9455420, 9484321, 28901
345543, 9455430, 9484335, 28905
345544, 9455440, 9484348, 28908
345545, 9455450, 9484362, 28912
345546, 9455460, 9484375, 28915
345547, 9455470, 9484388, 28918
345548, 9455480, 9484402, 28922
345551, 9455510, 9484429, 28919
345552, 9455520, 9484442, 28922
345553, 9455530, 9484456, 28926
345554, 9455540, 9484469, 28929
345555, 9455550, 9484482, 28932
345556, 9455560, 9484496, 28936
345557, 9455570, 9484509, 28939
345558, 9455580, 9484523, 28943
345559, 9455590, 9484536, 28946
345561, 9455610, 9484550, 28940
345562, 9455620, 9484563, 28943
345563, 9455630, 9484577, 28947
345564, 9455640, 9484590, 28950
345565, 9455650, 9484603, 28953
345566, 9455660, 9484617, 28957
345567, 9455670, 9484630, 28960
345568, 9455680, 9484644, 28964
345569, 9455690, 9484657, 28967
345570, 9455700, 9484671, 28971
345572, 9455720, 9484684, 28964
345573, 9455730, 9484698, 28968
345574, 9455740, 9484711, 28971
345575, 9455750, 9484724, 28974
345576, 9455760, 9484738, 28978
345577, 9455770, 9484751, 28981
345578, 9455780, 9484765, 28985
345579, 9455790, 9484778, 28988
345580, 9455800, 9484792, 28992
345582, 9455820, 9484805, 28985
345583, 9455830, 9484818, 28988
345584, 9455840, 9484832, 28992
345585, 9455850, 9484845, 28995
345586, 9455860, 9484859, 28999
345587, 9455870, 9484872, 29002
345588, 9455880, 9484886, 29006
345589, 9455890, 9484899, 29009
345590, 9455900, 9484913, 29013
345591, 9455910, 9484926, 29016
345593, 9455930, 9484939, 29009
345594, 9455940, 9484953, 29013
345595, 9455950, 9484966, 29016
345596, 9455960, 9484980, 29020
345597, 9455970, 9484993, 29023
345598, 9455980, 9485007, 29027
345599, 9455990, 9485020, 29030
346002, 9460020, 9485047, 25027
346003, 9460030, 9485060, 25030
346004, 9460040, 9485074, 25034
346005, 9460050, 9485087, 25037
346006, 9460060, 9485101, 25041
346007, 9460070, 9485114, 25044
346008, 9460080, 9485127, 25047
346009, 9460090, 9485141, 25051
346010, 9460100, 9485154, 25054
346012, 9460120, 9485168, 25048
346013, 9460130, 9485181, 25051
346014, 9460140, 9485195, 25055
346015, 9460150, 9485208, 25058
346016, 9460160, 9485222, 25062
346017, 9460170, 9485235, 25065
346018, 9460180, 9485248, 25068
346019, 9460190, 9485262, 25072
346020, 9460200, 9485275, 25075
346021, 9460210, 9485289, 25079
346023, 9460230, 9485302, 25072
346024, 9460240, 9485316, 25076
346025, 9460250, 9485329, 25079
346026, 9460260, 9485342, 25082
346027, 9460270, 9485356, 25086
346028, 9460280, 9485369, 25089
346029, 9460290, 9485383, 25093
346030, 9460300, 9485396, 25096
346031, 9460310, 9485410, 25100
346033, 9460330, 9485423, 25093
346034, 9460340, 9485437, 25097
346035, 9460350, 9485450, 25100
346036, 9460360, 9485463, 25103
346037, 9460370, 9485477, 25107
346038, 9460380, 9485490, 25110
346039, 9460390, 9485504, 25114
346040, 9460400, 9485517, 25117
346041, 9460410, 9485531, 25121
346042, 9460420, 9485544, 25124
346044, 9460440, 9485558, 25118
346045, 9460450, 9485571, 25121
346046, 9460460, 9485584, 25124
346047, 9460470, 9485598, 25128
346048, 9460480, 9485611, 25131
346049, 9460490, 9485625, 25135
346051, 9460510, 9485652, 25142
346052, 9460520, 9485665, 25145
346053, 9460530, 9485678, 25148
346055, 9460550, 9485692, 25142
346056, 9460560, 9485705, 25145
346057, 9460570, 9485719, 25149
346058, 9460580, 9485732, 25152
346059, 9460590, 9485746, 25156
346060, 9460600, 9485759, 25159
346061, 9460610, 9485773, 25163
346062, 9460620, 9485786, 25166
346063, 9460630, 9485799, 25169
346065, 9460650, 9485813, 25163
346066, 9460660, 9485826, 25166
346067, 9460670, 9485840, 25170
346068, 9460680, 9485853, 25173
346069, 9460690, 9485867, 25177
346070, 9460700, 9485880, 25180
346071, 9460710, 9485894, 25184
346072, 9460720, 9485907, 25187
346073, 9460730, 9485920, 25190
346074, 9460740, 9485934, 25194
346076, 9460760, 9485947, 25187
346077, 9460770, 9485961, 25191
346078, 9460780, 9485974, 25194
346079, 9460790, 9485988, 25198
346080, 9460800, 9486001, 25201
346081, 9460810, 9486014, 25204
346082, 9460820, 9486028, 25208
346083, 9460830, 9486041, 25211
346084, 9460840, 9486055, 25215
346085, 9460850, 9486068, 25218
346087, 9460870, 9486082, 25212
346088, 9460880, 9486095, 25215
346089, 9460890, 9486109, 25219
346090, 9460900, 9486122, 25222
346091, 9460910, 9486135, 25225
346092, 9460920, 9486149, 25229
346093, 9460930, 9486162, 25232
346094, 9460940, 9486176, 25236
346095, 9460950, 9486189, 25239
346097, 9460970, 9486203, 25233
346098, 9460980, 9486216, 25236
346099, 9460990, 9486230, 25240
346101, 9461010, 9486256, 25246
346102, 9461020, 9486270, 25250
346103, 9461030, 9486283, 25253
346104, 9461040, 9486297, 25257
346105, 9461050, 9486310, 25260
346106, 9461060, 9486324, 25264
346108, 9461080, 9486337, 25257
346109, 9461090, 9486350, 25260
346110, 9461100, 9486364, 25264
346111, 9461110, 9486377, 25267
346112, 9461120, 9486391, 25271
346113, 9461130, 9486404, 25274
346114, 9461140, 9486418, 25278
346115, 9461150, 9486431, 25281
346116, 9461160, 9490012, 28852
346118, 9461180, 9490026, 28846
346119, 9461190, 9490039, 28849
346120, 9461200, 9490052, 28852
346121, 9461210, 9490066, 28856
346122, 9461220, 9490079, 28859
346123, 9461230, 9490093, 28863
346124, 9461240, 9490106, 28866
346125, 9461250, 9490120, 28870
346126, 9461260, 9490133, 28873
346127, 9461270, 9490146, 28876
346129, 9461290, 9490160, 28870
346130, 9461300, 9490173, 28873
346131, 9461310, 9490187, 28877
346132, 9461320, 9490200, 28880
346133, 9461330, 9490214, 28884
346134, 9461340, 9490227, 28887
346135, 9461350, 9490241, 28891
346136, 9461360, 9490254, 28894
346137, 9461370, 9490267, 28897
346138, 9461380, 9490281, 28901
346140, 9461400, 9490294, 28894
346141, 9461410, 9490308, 28898
346142, 9461420, 9490321, 28901
346143, 9461430, 9490335, 28905
346144, 9461440, 9490348, 28908
346145, 9461450, 9490362, 28912
346146, 9461460, 9490375, 28915
346147, 9461470, 9490388, 28918
346148, 9461480, 9490402, 28922
346151, 9461510, 9490429, 28919
346152, 9461520, 9490442, 28922
346153, 9461530, 9490456, 28926
346154, 9461540, 9490469, 28929
346155, 9461550, 9490482, 28932
346156, 9461560, 9490496, 28936
346157, 9461570, 9490509, 28939
346158, 9461580, 9490523, 28943
346159, 9461590, 9490536, 28946
346161, 9461610, 9490550, 28940
346162, 9461620, 9490563, 28943
346163, 9461630, 9490577, 28947
346164, 9461640, 9490590, 28950
346165, 9461650, 9490603, 28953
346166, 9461660, 9490617, 28957
346167, 9461670, 9490630, 28960
346168, 9461680, 9490644, 28964
346169, 9461690, 9490657, 28967
346171, 9461710, 9490671, 28961
346172, 9461720, 9490684, 28964
346173, 9461730, 9490698, 28968
346174, 9461740, 9490711, 28971
346175, 9461750, 9490724, 28974
346176, 9461760, 9490738, 28978
346177, 9461770, 9490751, 28981
346178, 9461780, 9490765, 28985
346179, 9461790, 9490778, 28988
346180, 9461800, 9490792, 28992
346182, 9461820, 9490805, 28985
346183, 9461830, 9490818, 28988
346184, 9461840, 9490832, 28992
346185, 9461850, 9490845, 28995
346186, 9461860, 9490859, 28999
346187, 9461870, 9490872, 29002
346188, 9461880, 9490886, 29006
346189, 9461890, 9490899, 29009
346190, 9461900, 9490913, 29013
346191, 9461910, 9490926, 29016
346193, 9461930, 9490939, 29009
346194, 9461940, 9490953, 29013
346195, 9461950, 9490966, 29016
346196, 9461960, 9490980, 29020
346197, 9461970, 9490993, 29023
346198, 9461980, 9491007, 29027
346199, 9461990, 9491020, 29030
346602, 9466020, 9491047, 25027
346603, 9466030, 9491060, 25030
346604, 9466040, 9491074, 25034
346605, 9466050, 9491087, 25037
346606, 9466060, 9491101, 25041
346607, 9466070, 9491114, 25044
346608, 9466080, 9491128, 25048
346609, 9466090, 9491141, 25051
346610, 9466100, 9491154, 25054
346612, 9466120, 9491168, 25048
346613, 9466130, 9491181, 25051
346614, 9466140, 9491195, 25055
346615, 9466150, 9491208, 25058
346616, 9466160, 9491222, 25062
346617, 9466170, 9491235, 25065
346618, 9466180, 9491249, 25069
346619, 9466190, 9491262, 25072
346620, 9466200, 9491275, 25075
346621, 9466210, 9491289, 25079
346623, 9466230, 9491302, 25072
346624, 9466240, 9491316, 25076
346625, 9466250, 9491329, 25079
346626, 9466260, 9491343, 25083
346627, 9466270, 9491356, 25086
346628, 9466280, 9491370, 25090
346629, 9466290, 9491383, 25093
346630, 9466300, 9491396, 25096
346631, 9466310, 9491410, 25100
346633, 9466330, 9491423, 25093
346634, 9466340, 9491437, 25097
346635, 9466350, 9491450, 25100
346636, 9466360, 9491464, 25104
346637, 9466370, 9491477, 25107
346638, 9466380, 9491490, 25110
346639, 9466390, 9491504, 25114
346640, 9466400, 9491517, 25117
346641, 9466410, 9491531, 25121
346642, 9466420, 9491544, 25124
346644, 9466440, 9491558, 25118
346645, 9466450, 9491571, 25121
346646, 9466460, 9491585, 25125
346647, 9466470, 9491598, 25128
346648, 9466480, 9491611, 25131
346649, 9466490, 9491625, 25135
346651, 9466510, 9491652, 25142
346652, 9466520, 9491665, 25145
346653, 9466530, 9491679, 25149
346655, 9466550, 9491692, 25142
346656, 9466560, 9491706, 25146
346657, 9466570, 9491719, 25149
346658, 9466580, 9491732, 25152
346659, 9466590, 9491746, 25156
346660, 9466600, 9491759, 25159
346661, 9466610, 9491773, 25163
346662, 9466620, 9491786, 25166
346663, 9466630, 9491800, 25170
346665, 9466650, 9491813, 25163
346666, 9466660, 9491826, 25166
346667, 9466670, 9491840, 25170
346668, 9466680, 9491853, 25173
346669, 9466690, 9491867, 25177
346670, 9466700, 9491880, 25180
346671, 9466710, 9491894, 25184
346672, 9466720, 9491907, 25187
346673, 9466730, 9491921, 25191
346674, 9466740, 9491934, 25194
346676, 9466760, 9491947, 25187
346677, 9466770, 9491961, 25191
346678, 9466780, 9491974, 25194
346679, 9466790, 9491988, 25198
346680, 9466800, 9492001, 25201
346681, 9466810, 9492015, 25205
346682, 9466820, 9492028, 25208
346683, 9466830, 9492042, 25212
346684, 9466840, 9492055, 25215
346685, 9466850, 9492068, 25218
346687, 9466870, 9492082, 25212
346688, 9466880, 9492095, 25215
346689, 9466890, 9492109, 25219
346690, 9466900, 9492122, 25222
346691, 9466910, 9492136, 25226
346692, 9466920, 9492149, 25229
346693, 9466930, 9492162, 25232
346694, 9466940, 9492176, 25236
346695, 9466950, 9492189, 25239
346697, 9466970, 9492203, 25233
346698, 9466980, 9492216, 25236
346699, 9466990, 9492230, 25240
346701, 9467010, 9492257, 25247
346702, 9467020, 9492270, 25250
346703, 9467030, 9492283, 25253
346704, 9467040, 9492297, 25257
346705, 9467050, 9492310, 25260
346706, 9467060, 9492324, 25264
346708, 9467080, 9492337, 25257
346709, 9467090, 9492351, 25261
346710, 9467100, 9492364, 25264
346711, 9467110, 9492378, 25268
346712, 9467120, 9492391, 25271
346713, 9467130, 9492404, 25274
346714, 9467140, 9492418, 25278
346715, 9467150, 9492431, 25281
346716, 9467160, 9496012, 28852
346718, 9467180, 9496026, 28846
346719, 9467190, 9496039, 28849
346720, 9467200, 9496052, 28852
346721, 9467210, 9496066, 28856
346722, 9467220, 9496079, 28859
346723, 9467230, 9496093, 28863
346724, 9467240, 9496106, 28866
346725, 9467250, 9496120, 28870
346726, 9467260, 9496133, 28873
346727, 9467270, 9496146, 28876
346729, 9467290, 9496160, 28870
346730, 9467300, 9496173, 28873
346731, 9467310, 9496187, 28877
346732, 9467320, 9496200, 28880
346733, 9467330, 9496214, 28884
346734, 9467340, 9496227, 28887
346735, 9467350, 9496241, 28891
346736, 9467360, 9496254, 28894
346737, 9467370, 9496267, 28897
346738, 9467380, 9496281, 28901
346740, 9467400, 9496294, 28894
346741, 9467410, 9496308, 28898
346742, 9467420, 9496321, 28901
346743, 9467430, 9496335, 28905
346744, 9467440, 9496348, 28908
346745, 9467450, 9496362, 28912
346746, 9467460, 9496375, 28915
346747, 9467470, 9496388, 28918
346748, 9467480, 9496402, 28922
346751, 9467510, 9496429, 28919
346752, 9467520, 9496442, 28922
346753, 9467530, 9496456, 28926
346754, 9467540, 9496469, 28929
346755, 9467550, 9496482, 28932
346756, 9467560, 9496496, 28936
346757, 9467570, 9496509, 28939
346758, 9467580, 9496523, 28943
346759, 9467590, 9496536, 28946
346761, 9467610, 9496550, 28940
346762, 9467620, 9496563, 28943
346763, 9467630, 9496577, 28947
346764, 9467640, 9496590, 28950
346765, 9467650, 9496603, 28953
346766, 9467660, 9496617, 28957
346767, 9467670, 9496630, 28960
346768, 9467680, 9496644, 28964
346769, 9467690, 9496657, 28967
346771, 9467710, 9496671, 28961
346772, 9467720, 9496684, 28964
346773, 9467730, 9496698, 28968
346774, 9467740, 9496711, 28971
346775, 9467750, 9496724, 28974
346776, 9467760, 9496738, 28978
346777, 9467770, 9496751, 28981
346778, 9467780, 9496765, 28985
346779, 9467790, 9496778, 28988
346780, 9467800, 9496792, 28992
346782, 9467820, 9496805, 28985
346783, 9467830, 9496818, 28988
346784, 9467840, 9496832, 28992
346785, 9467850, 9496845, 28995
346786, 9467860, 9496859, 28999
346787, 9467870, 9496872, 29002
346788, 9467880, 9496886, 29006
346789, 9467890, 9496899, 29009
346790, 9467900, 9496913, 29013
346791, 9467910, 9496926, 29016
346793, 9467930, 9496939, 29009
346794, 9467940, 9496953, 29013
346795, 9467950, 9496966, 29016
346796, 9467960, 9496980, 29020
346797, 9467970, 9496993, 29023
346798, 9467980, 9497007, 29027
346799, 9467990, 9497020, 29030
347202, 9472020, 9497047, 25027
347203, 9472030, 9497060, 25030
347204, 9472040, 9497074, 25034
347205, 9472050, 9497087, 25037
347206, 9472060, 9497101, 25041
347207, 9472070, 9497114, 25044
347208, 9472080, 9497128, 25048
347209, 9472090, 9497141, 25051
347210, 9472100, 9497154, 25054
347212, 9472120, 9497168, 25048
347213, 9472130, 9497181, 25051
347214, 9472140, 9497195, 25055
347215, 9472150, 9497208, 25058
347216, 9472160, 9497222, 25062
347217, 9472170, 9497235, 25065
347218, 9472180, 9497249, 25069
347219, 9472190, 9497262, 25072
347220, 9472200, 9497275, 25075
347221, 9472210, 9497289, 25079
347223, 9472230, 9497302, 25072
347224, 9472240, 9497316, 25076
347225, 9472250, 9497329, 25079
347226, 9472260, 9497343, 25083
347227, 9472270, 9497356, 25086
347228, 9472280, 9497370, 25090
347229, 9472290, 9497383, 25093
347230, 9472300, 9497396, 25096
347231, 9472310, 9497410, 25100
347233, 9472330, 9497423, 25093
347234, 9472340, 9497437, 25097
347235, 9472350, 9497450, 25100
347236, 9472360, 9497464, 25104
347237, 9472370, 9497477, 25107
347238, 9472380, 9497490, 25110
347239, 9472390, 9497504, 25114
347240, 9472400, 9497517, 25117
347241, 9472410, 9497531, 25121
347242, 9472420, 9497544, 25124
347244, 9472440, 9497558, 25118
347245, 9472450, 9497571, 25121
347246, 9472460, 9497585, 25125
347247, 9472470, 9497598, 25128
347248, 9472480, 9497611, 25131
347249, 9472490, 9497625, 25135
347251, 9472510, 9497652, 25142
347252, 9472520, 9497665, 25145
347253, 9472530, 9497679, 25149
347255, 9472550, 9497692, 25142
347256, 9472560, 9497706, 25146
347257, 9472570, 9497719, 25149
347258, 9472580, 9497732, 25152
347259, 9472590, 9497746, 25156
347260, 9472600, 9497759, 25159
347261, 9472610, 9497773, 25163
347262, 9472620, 9497786, 25166
347263, 9472630, 9497800, 25170
347265, 9472650, 9497813, 25163
347266, 9472660, 9497826, 25166
347267, 9472670, 9497840, 25170
347268, 9472680, 9497853, 25173
347269, 9472690, 9497867, 25177
347270, 9472700, 9497880, 25180
347271, 9472710, 9497894, 25184
347272, 9472720, 9497907, 25187
347273, 9472730, 9497921, 25191
347274, 9472740, 9497934, 25194
347276, 9472760, 9497947, 25187
347277, 9472770, 9497961, 25191
347278, 9472780, 9497974, 25194
347279, 9472790, 9497988, 25198
347280, 9472800, 9498001, 25201
347281, 9472810, 9498015, 25205
347282, 9472820, 9498028, 25208
347283, 9472830, 9498042, 25212
347284, 9472840, 9498055, 25215
347285, 9472850, 9498068, 25218
347287, 9472870, 9498082, 25212
347288, 9472880, 9498095, 25215
347289, 9472890, 9498109, 25219
347290, 9472900, 9498122, 25222
347291, 9472910, 9498136, 25226
347292, 9472920, 9498149, 25229
347293, 9472930, 9498162, 25232
347294, 9472940, 9498176, 25236
347295, 9472950, 9498189, 25239
347297, 9472970, 9498203, 25233
347298, 9472980, 9498216, 25236
347299, 9472990, 9498230, 25240
347301, 9473010, 9498257, 25247
347302, 9473020, 9498270, 25250
347303, 9473030, 9498283, 25253
347304, 9473040, 9498297, 25257
347305, 9473050, 9498310, 25260
347306, 9473060, 9498324, 25264
347308, 9473080, 9498337, 25257
347309, 9473090, 9498351, 25261
347310, 9473100, 9498364, 25264
347311, 9473110, 9498378, 25268
347312, 9473120, 9498391, 25271
347313, 9473130, 9498404, 25274
347314, 9473140, 9498418, 25278
347315, 9473150, 9498431, 25281
347316, 9473160, 9502012, 28852
347318, 9473180, 9502026, 28846
347319, 9473190, 9502039, 28849
347320, 9473200, 9502052, 28852
347321, 9473210, 9502066, 28856
347322, 9473220, 9502079, 28859
347323, 9473230, 9502093, 28863
347324, 9473240, 9502106, 28866
347325, 9473250, 9502120, 28870
347326, 9473260, 9502133, 28873
347327, 9473270, 9502146, 28876
347329, 9473290, 9502160, 28870
347330, 9473300, 9502173, 28873
347331, 9473310, 9502187, 28877
347332, 9473320, 9502200, 28880
347333, 9473330, 9502214, 28884
347334, 9473340, 9502227, 28887
347335, 9473350, 9502241, 28891
347336, 9473360, 9502254, 28894
347337, 9473370, 9502267, 28897
347338, 9473380, 9502281, 28901
347340, 9473400, 9502294, 28894
347341, 9473410, 9502308, 28898
347342, 9473420, 9502321, 28901
347343, 9473430, 9502335, 28905
347344, 9473440, 9502348, 28908
347345, 9473450, 9502362, 28912
347346, 9473460, 9502375, 28915
347347, 9473470, 9502388, 28918
347348, 9473480, 9502402, 28922
347351, 9473510, 9502429, 28919
347352, 9473520, 9502442, 28922
347353, 9473530, 9502456, 28926
347354, 9473540, 9502469, 28929
347355, 9473550, 9502482, 28932
347356, 9473560, 9502496, 28936
347357, 9473570, 9502509, 28939
347358, 9473580, 9502523, 28943
347359, 9473590, 9502536, 28946
347361, 9473610, 9502550, 28940
347362, 9473620, 9502563, 28943
347363, 9473630, 9502577, 28947
347364, 9473640, 9502590, 28950
347365, 9473650, 9502603, 28953
347366, 9473660, 9502617, 28957
347367, 9473670, 9502630, 28960
347368, 9473680, 9502644, 28964
347369, 9473690, 9502657, 28967
347371, 9473710, 9502671, 28961
347372, 9473720, 9502684, 28964
347373, 9473730, 9502698, 28968
347374, 9473740, 9502711, 28971
347375, 9473750, 9502724, 28974
347376, 9473760, 9502738, 28978
347377, 9473770, 9502751, 28981
347378, 9473780, 9502765, 28985
347379, 9473790, 9502778, 28988
347380, 9473800, 9502792, 28992
347382, 9473820, 9502805, 28985
347383, 9473830, 9502818, 28988
347384, 9473840, 9502832, 28992
347385, 9473850, 9502845, 28995
347386, 9473860, 9502859, 28999
347387, 9473870, 9502872, 29002
347388, 9473880, 9502886, 29006
347389, 9473890, 9502899, 29009
347390, 9473900, 9502913, 29013
347391, 9473910, 9502926, 29016
347393, 9473930, 9502939, 29009
347394, 9473940, 9502953, 29013
347395, 9473950, 9502966, 29016
347396, 9473960, 9502980, 29020
347397, 9473970, 9502993, 29023
347398, 9473980, 9503007, 29027
347399, 9473990, 9503020, 29030
347802, 9478020, 9503047, 25027
347803, 9478030, 9503060, 25030
347804, 9478040, 9503074, 25034
347805, 9478050, 9503087, 25037
347806, 9478060, 9503101, 25041
347807, 9478070, 9503114, 25044
347808, 9478080, 9503128, 25048
347809, 9478090, 9503141, 25051
347810, 9478100, 9503154, 25054
347812, 9478120, 9503168, 25048
347813, 9478130, 9503181, 25051
347814, 9478140, 9503195, 25055
347815, 9478150, 9503208, 25058
347816, 9478160, 9503222, 25062
347817, 9478170, 9503235, 25065
347818, 9478180, 9503249, 25069
347819, 9478190, 9503262, 25072
347820, 9478200, 9503275, 25075
347821, 9478210, 9503289, 25079
347823, 9478230, 9503302, 25072
347824, 9478240, 9503316, 25076
347825, 9478250, 9503329, 25079
347826, 9478260, 9503343, 25083
347827, 9478270, 9503356, 25086
347828, 9478280, 9503370, 25090
347829, 9478290, 9503383, 25093
347830, 9478300, 9503396, 25096
347831, 9478310, 9503410, 25100
347833, 9478330, 9503423, 25093
347834, 9478340, 9503437, 25097
347835, 9478350, 9503450, 25100
347836, 9478360, 9503464, 25104
347837, 9478370, 9503477, 25107
347838, 9478380, 9503490, 25110
347839, 9478390, 9503504, 25114
347840, 9478400, 9503517, 25117
347841, 9478410, 9503531, 25121
347842, 9478420, 9503544, 25124
347844, 9478440, 9503558, 25118
347845, 9478450, 9503571, 25121
347846, 9478460, 9503585, 25125
347847, 9478470, 9503598, 25128
347848, 9478480, 9503611, 25131
347849, 9478490, 9503625, 25135
347851, 9478510, 9503652, 25142
347852, 9478520, 9503665, 25145
347853, 9478530, 9503679, 25149
347855, 9478550, 9503692, 25142
347856, 9478560, 9503706, 25146
347857, 9478570, 9503719, 25149
347858, 9478580, 9503732, 25152
347859, 9478590, 9503746, 25156
347860, 9478600, 9503759, 25159
347861, 9478610, 9503773, 25163
347862, 9478620, 9503786, 25166
347863, 9478630, 9503800, 25170
347865, 9478650, 9503813, 25163
347866, 9478660, 9503826, 25166
347867, 9478670, 9503840, 25170
347868, 9478680, 9503853, 25173
347869, 9478690, 9503867, 25177
347870, 9478700, 9503880, 25180
347871, 9478710, 9503894, 25184
347872, 9478720, 9503907, 25187
347873, 9478730, 9503921, 25191
347874, 9478740, 9503934, 25194
347876, 9478760, 9503947, 25187
347877, 9478770, 9503961, 25191
347878, 9478780, 9503974, 25194
347879, 9478790, 9503988, 25198
347880, 9478800, 9504001, 25201
347881, 9478810, 9504015, 25205
347882, 9478820, 9504028, 25208
347883, 9478830, 9504042, 25212
347884, 9478840, 9504055, 25215
347885, 9478850, 9504068, 25218
347887, 9478870, 9504082, 25212
347888, 9478880, 9504095, 25215
347889, 9478890, 9504109, 25219
347890, 9478900, 9504122, 25222
347891, 9478910, 9504136, 25226
347892, 9478920, 9504149, 25229
347893, 9478930, 9504162, 25232
347894, 9478940, 9504176, 25236
347895, 9478950, 9504189, 25239
347897, 9478970, 9504203, 25233
347898, 9478980, 9504216, 25236
347899, 9478990, 9504230, 25240
347901, 9479010, 9504257, 25247
347902, 9479020, 9504270, 25250
347903, 9479030, 9504283, 25253
347904, 9479040, 9504297, 25257
347905, 9479050, 9504310, 25260
347906, 9479060, 9504324, 25264
347908, 9479080, 9504337, 25257
347909, 9479090, 9504351, 25261
347910, 9479100, 9504364, 25264
347911, 9479110, 9504378, 25268
347912, 9479120, 9504391, 25271
347913, 9479130, 9504404, 25274
347914, 9479140, 9504418, 25278
347915, 9479150, 9504431, 25281
347916, 9479160, 9508012, 28852
347918, 9479180, 9508026, 28846
347919, 9479190, 9508039, 28849
347920, 9479200, 9508052, 28852
347921, 9479210, 9508066, 28856
347922, 9479220, 9508079, 28859
347923, 9479230, 9508093, 28863
347924, 9479240, 9508106, 28866
347925, 9479250, 9508120, 28870
347926, 9479260, 9508133, 28873
347927, 9479270, 9508146, 28876
347929, 9479290, 9508160, 28870
347930, 9479300, 9508173, 28873
347931, 9479310, 9508187, 28877
347932, 9479320, 9508200, 28880
347933, 9479330, 9508214, 28884
347934, 9479340, 9508227, 28887
347935, 9479350, 9508241, 28891
347936, 9479360, 9508254, 28894
347937, 9479370, 9508267, 28897
347938, 9479380, 9508281, 28901
347940, 9479400, 9508294, 28894
347941, 9479410, 9508308, 28898
347942, 9479420, 9508321, 28901
347943, 9479430, 9508335, 28905
347944, 9479440, 9508348, 28908
347945, 9479450, 9508362, 28912
347946, 9479460, 9508375, 28915
347947, 9479470, 9508388, 28918
347948, 9479480, 9508402, 28922
347951, 9479510, 9508429, 28919
347952, 9479520, 9508442, 28922
347953, 9479530, 9508456, 28926
347954, 9479540, 9508469, 28929
347955, 9479550, 9508482, 28932
347956, 9479560, 9508496, 28936
347957, 9479570, 9508509, 28939
347958, 9479580, 9508523, 28943
347959, 9479590, 9508536, 28946
347961, 9479610, 9508550, 28940
347962, 9479620, 9508563, 28943
347963, 9479630, 9508577, 28947
347964, 9479640, 9508590, 28950
347965, 9479650, 9508603, 28953
347966, 9479660, 9508617, 28957
347967, 9479670, 9508630, 28960
347968, 9479680, 9508644, 28964
347969, 9479690, 9508657, 28967
347971, 9479710, 9508671, 28961
347972, 9479720, 9508684, 28964
347973, 9479730, 9508698, 28968
347974, 9479740, 9508711, 28971
347975, 9479750, 9508724, 28974
347976, 9479760, 9508738, 28978
347977, 9479770, 9508751, 28981
347978, 9479780, 9508765, 28985
347979, 9479790, 9508778, 28988
347980, 9479800, 9508792, 28992
347982, 9479820, 9508805, 28985
347983, 9479830, 9508818, 28988
347984, 9479840, 9508832, 28992
347985, 9479850, 9508845, 28995
347986, 9479860, 9508859, 28999
347987, 9479870, 9508872, 29002
347988, 9479880, 9508886, 29006
347989, 9479890, 9508899, 29009
347990, 9479900, 9508913, 29013
347991, 9479910, 9508926, 29016
347993, 9479930, 9508939, 29009
347994, 9479940, 9508953, 29013
347995, 9479950, 9508966, 29016
347996, 9479960, 9508980, 29020
347997, 9479970, 9508993, 29023
347998, 9479980, 9509007, 29027
347999, 9479990, 9509020, 29030
348402, 9484020, 9509047, 25027
348403, 9484030, 9509060, 25030
348404, 9484040, 9509074, 25034
348405, 9484050, 9509087, 25037
348406, 9484060, 9509101, 25041
348407, 9484070, 9509114, 25044
348408, 9484080, 9509128, 25048
348409, 9484090, 9509141, 25051
348410, 9484100, 9509154, 25054
348412, 9484120, 9509168, 25048
348413, 9484130, 9509181, 25051
348414, 9484140, 9509195, 25055
348415, 9484150, 9509208, 25058
348416, 9484160, 9509222, 25062
348417, 9484170, 9509235, 25065
348418, 9484180, 9509249, 25069
348419, 9484190, 9509262, 25072
348420, 9484200, 9509275, 25075
348421, 9484210, 9509289, 25079
348423, 9484230, 9509302, 25072
348424, 9484240, 9509316, 25076
348425, 9484250, 9509329, 25079
348426, 9484260, 9509343, 25083
348427, 9484270, 9509356, 25086
348428, 9484280, 9509370, 25090
348429, 9484290, 9509383, 25093
348430, 9484300, 9509396, 25096
348431, 9484310, 9509410, 25100
348433, 9484330, 9509423, 25093
348434, 9484340, 9509437, 25097
348435, 9484350, 9509450, 25100
348436, 9484360, 9509464, 25104
348437, 9484370, 9509477, 25107
348438, 9484380, 9509490, 25110
348439, 9484390, 9509504, 25114
348440, 9484400, 9509517, 25117
348441, 9484410, 9509531, 25121
348442, 9484420, 9509544, 25124
348444, 9484440, 9509558, 25118
348445, 9484450, 9509571, 25121
348446, 9484460, 9509585, 25125
348447, 9484470, 9509598, 25128
348448, 9484480, 9509611, 25131
348449, 9484490, 9509625, 25135
348451, 9484510, 9509652, 25142
348452, 9484520, 9509665, 25145
348453, 9484530, 9509679, 25149
348455, 9484550, 9509692, 25142
348456, 9484560, 9509706, 25146
348457, 9484570, 9509719, 25149
348458, 9484580, 9509732, 25152
348459, 9484590, 9509746, 25156
348460, 9484600, 9509759, 25159
348461, 9484610, 9509773, 25163
348462, 9484620, 9509786, 25166
348463, 9484630, 9509800, 25170
348465, 9484650, 9509813, 25163
348466, 9484660, 9509826, 25166
348467, 9484670, 9509840, 25170
348468, 9484680, 9509853, 25173
348469, 9484690, 9509867, 25177
348470, 9484700, 9509880, 25180
348471, 9484710, 9509894, 25184
348472, 9484720, 9509907, 25187
348473, 9484730, 9509921, 25191
348474, 9484740, 9509934, 25194
348476, 9484760, 9509947, 25187
348477, 9484770, 9509961, 25191
348478, 9484780, 9509974, 25194
348479, 9484790, 9509988, 25198
348480, 9484800, 9510001, 25201
348481, 9484810, 9510015, 25205
348482, 9484820, 9510028, 25208
348483, 9484830, 9510042, 25212
348484, 9484840, 9510055, 25215
348485, 9484850, 9510068, 25218
348487, 9484870, 9510082, 25212
348488, 9484880, 9510095, 25215
348489, 9484890, 9510109, 25219
348490, 9484900, 9510122, 25222
348491, 9484910, 9510136, 25226
348492, 9484920, 9510149, 25229
348493, 9484930, 9510162, 25232
348494, 9484940, 9510176, 25236
348495, 9484950, 9510189, 25239
348497, 9484970, 9510203, 25233
348498, 9484980, 9510216, 25236
348499, 9484990, 9510230, 25240
348501, 9485010, 9510257, 25247
348502, 9485020, 9510270, 25250
348503, 9485030, 9510283, 25253
348504, 9485040, 9510297, 25257
348505, 9485050, 9510310, 25260
348506, 9485060, 9510324, 25264
348508, 9485080, 9510337, 25257
348509, 9485090, 9510351, 25261
348510, 9485100, 9510364, 25264
348511, 9485110, 9510378, 25268
348512, 9485120, 9510391, 25271
348513, 9485130, 9510404, 25274
348514, 9485140, 9510418, 25278
348515, 9485150, 9510431, 25281
348516, 9485160, 9514012, 28852
348517, 9485170, 9514026, 28856
348519, 9485190, 9514039, 28849
348520, 9485200, 9514052, 28852
348521, 9485210, 9514066, 28856
348522, 9485220, 9514079, 28859
348523, 9485230, 9514093, 28863
348524, 9485240, 9514106, 28866
348525, 9485250, 9514120, 28870
348526, 9485260, 9514133, 28873
348527, 9485270, 9514146, 28876
348529, 9485290, 9514160, 28870
348530, 9485300, 9514173, 28873
348531, 9485310, 9514187, 28877
348532, 9485320, 9514200, 28880
348533, 9485330, 9514214, 28884
348534, 9485340, 9514227, 28887
348535, 9485350, 9514241, 28891
348536, 9485360, 9514254, 28894
348537, 9485370, 9514267, 28897
348538, 9485380, 9514281, 28901
348540, 9485400, 9514294, 28894
348541, 9485410, 9514308, 28898
348542, 9485420, 9514321, 28901
348543, 9485430, 9514335, 28905
348544, 9485440, 9514348, 28908
348545, 9485450, 9514362, 28912
348546, 9485460, 9514375, 28915
348547, 9485470, 9514388, 28918
348548, 9485480, 9514402, 28922
348551, 9485510, 9514429, 28919
348552, 9485520, 9514442, 28922
348553, 9485530, 9514456, 28926
348554, 9485540, 9514469, 28929
348555, 9485550, 9514482, 28932
348556, 9485560, 9514496, 28936
348557, 9485570, 9514509, 28939
348558, 9485580, 9514523, 28943
348559, 9485590, 9514536, 28946
348561, 9485610, 9514550, 28940
348562, 9485620, 9514563, 28943
348563, 9485630, 9514577, 28947
348564, 9485640, 9514590, 28950
348565, 9485650, 9514603, 28953
348566, 9485660, 9514617, 28957
348567, 9485670, 9514630, 28960
348568, 9485680, 9514644, 28964
348569, 9485690, 9514657, 28967
348570, 9485700, 9514671, 28971
348572, 9485720, 9514684, 28964
348573, 9485730, 9514698, 28968
348574, 9485740, 9514711, 28971
348575, 9485750, 9514724, 28974
348576, 9485760, 9514738, 28978
348577, 9485770, 9514751, 28981
348578, 9485780, 9514765, 28985
348579, 9485790, 9514778, 28988
348580, 9485800, 9514792, 28992
348582, 9485820, 9514805, 28985
348583, 9485830, 9514818, 28988
348584, 9485840, 9514832, 28992
348585, 9485850, 9514845, 28995
348586, 9485860, 9514859, 28999
348587, 9485870, 9514872, 29002
348588, 9485880, 9514886, 29006
348589, 9485890, 9514899, 29009
348590, 9485900, 9514913, 29013
348591, 9485910, 9514926, 29016
348593, 9485930, 9514939, 29009
348594, 9485940, 9514953, 29013
348595, 9485950, 9514966, 29016
348596, 9485960, 9514980, 29020
348597, 9485970, 9514993, 29023
348598, 9485980, 9515007, 29027
348599, 9485990, 9515020, 29030
349002, 9490020, 9515047, 25027
349003, 9490030, 9515060, 25030
349004, 9490040, 9515074, 25034
349005, 9490050, 9515087, 25037
349006, 9490060, 9515101, 25041
349007, 9490070, 9515114, 25044
349008, 9490080, 9515127, 25047
349009, 9490090, 9515141, 25051
349010, 9490100, 9515154, 25054
349012, 9490120, 9515168, 25048
349013, 9490130, 9515181, 25051
349014, 9490140, 9515195, 25055
349015, 9490150, 9515208, 25058
349016, 9490160, 9515222, 25062
349017, 9490170, 9515235, 25065
349018, 9490180, 9515248, 25068
349019, 9490190, 9515262, 25072
349020, 9490200, 9515275, 25075
349021, 9490210, 9515289, 25079
349023, 9490230, 9515302, 25072
349024, 9490240, 9515316, 25076
349025, 9490250, 9515329, 25079
349026, 9490260, 9515342, 25082
349027, 9490270, 9515356, 25086
349028, 9490280, 9515369, 25089
349029, 9490290, 9515383, 25093
349030, 9490300, 9515396, 25096
349031, 9490310, 9515410, 25100
349033, 9490330, 9515423, 25093
349034, 9490340, 9515437, 25097
349035, 9490350, 9515450, 25100
349036, 9490360, 9515463, 25103
349037, 9490370, 9515477, 25107
349038, 9490380, 9515490, 25110
349039, 9490390, 9515504, 25114
349040, 9490400, 9515517, 25117
349041, 9490410, 9515531, 25121
349042, 9490420, 9515544, 25124
349044, 9490440, 9515558, 25118
349045, 9490450, 9515571, 25121
349046, 9490460, 9515584, 25124
349047, 9490470, 9515598, 25128
349048, 9490480, 9515611, 25131
349049, 9490490, 9515625, 25135
349051, 9490510, 9515652, 25142
349052, 9490520, 9515665, 25145
349053, 9490530, 9515678, 25148
349055, 9490550, 9515692, 25142
349056, 9490560, 9515705, 25145
349057, 9490570, 9515719, 25149
349058, 9490580, 9515732, 25152
349059, 9490590, 9515746, 25156
349060, 9490600, 9515759, 25159
349061, 9490610, 9515773, 25163
349062, 9490620, 9515786, 25166
349063, 9490630, 9515799, 25169
349065, 9490650, 9515813, 25163
349066, 9490660, 9515826, 25166
349067, 9490670, 9515840, 25170
349068, 9490680, 9515853, 25173
349069, 9490690, 9515867, 25177
349070, 9490700, 9515880, 25180
349071, 9490710, 9515894, 25184
349072, 9490720, 9515907, 25187
349073, 9490730, 9515920, 25190
349074, 9490740, 9515934, 25194
349076, 9490760, 9515947, 25187
349077, 9490770, 9515961, 25191
349078, 9490780, 9515974, 25194
349079, 9490790, 9515988, 25198
349080, 9490800, 9516001, 25201
349081, 9490810, 9516014, 25204
349082, 9490820, 9516028, 25208
349083, 9490830, 9516041, 25211
349084, 9490840, 9516055, 25215
349085, 9490850, 9516068, 25218
349087, 9490870, 9516082, 25212
349088, 9490880, 9516095, 25215
349089, 9490890, 9516109, 25219
349090, 9490900, 9516122, 25222
349091, 9490910, 9516135, 25225
349092, 9490920, 9516149, 25229
349093, 9490930, 9516162, 25232
349094, 9490940, 9516176, 25236
349095, 9490950, 9516189, 25239
349097, 9490970, 9516203, 25233
349098, 9490980, 9516216, 25236
349099, 9490990, 9516230, 25240
349101, 9491010, 9516256, 25246
349102, 9491020, 9516270, 25250
349103, 9491030, 9516283, 25253
349104, 9491040, 9516297, 25257
349105, 9491050, 9516310, 25260
349106, 9491060, 9516324, 25264
349108, 9491080, 9516337, 25257
349109, 9491090, 9516350, 25260
349110, 9491100, 9516364, 25264
349111, 9491110, 9516377, 25267
349112, 9491120, 9516391, 25271
349113, 9491130, 9516404, 25274
349114, 9491140, 9516418, 25278
349115, 9491150, 9516431, 25281
349116, 9491160, 9520012, 28852
349118, 9491180, 9520026, 28846
349119, 9491190, 9520039, 28849
349120, 9491200, 9520052, 28852
349121, 9491210, 9520066, 28856
349122, 9491220, 9520079, 28859
349123, 9491230, 9520093, 28863
349124, 9491240, 9520106, 28866
349125, 9491250, 9520120, 28870
349126, 9491260, 9520133, 28873
349127, 9491270, 9520146, 28876
349129, 9491290, 9520160, 28870
349130, 9491300, 9520173, 28873
349131, 9491310, 9520187, 28877
349132, 9491320, 9520200, 28880
349133, 9491330, 9520214, 28884
349134, 9491340, 9520227, 28887
349135, 9491350, 9520241, 28891
349136, 9491360, 9520254, 28894
349137, 9491370, 9520267, 28897
349138, 9491380, 9520281, 28901
349140, 9491400, 9520294, 28894
349141, 9491410, 9520308, 28898
349142, 9491420, 9520321, 28901
349143, 9491430, 9520335, 28905
349144, 9491440, 9520348, 28908
349145, 9491450, 9520362, 28912
349146, 9491460, 9520375, 28915
349147, 9491470, 9520388, 28918
349148, 9491480, 9520402, 28922
349151, 9491510, 9520429, 28919
349152, 9491520, 9520442, 28922
349153, 9491530, 9520456, 28926
349154, 9491540, 9520469, 28929
349155, 9491550, 9520482, 28932
349156, 9491560, 9520496, 28936
349157, 9491570, 9520509, 28939
349158, 9491580, 9520523, 28943
349159, 9491590, 9520536, 28946
349161, 9491610, 9520550, 28940
349162, 9491620, 9520563, 28943
349163, 9491630, 9520577, 28947
349164, 9491640, 9520590, 28950
349165, 9491650, 9520603, 28953
349166, 9491660, 9520617, 28957
349167, 9491670, 9520630, 28960
349168, 9491680, 9520644, 28964
349169, 9491690, 9520657, 28967
349171, 9491710, 9520671, 28961
349172, 9491720, 9520684, 28964
349173, 9491730, 9520698, 28968
349174, 9491740, 9520711, 28971
349175, 9491750, 9520724, 28974
349176, 9491760, 9520738, 28978
349177, 9491770, 9520751, 28981
349178, 9491780, 9520765, 28985
349179, 9491790, 9520778, 28988
349180, 9491800, 9520792, 28992
349182, 9491820, 9520805, 28985
349183, 9491830, 9520818, 28988
349184, 9491840, 9520832, 28992
349185, 9491850, 9520845, 28995
349186, 9491860, 9520859, 28999
349187, 9491870, 9520872, 29002
349188, 9491880, 9520886, 29006
349189, 9491890, 9520899, 29009
349190, 9491900, 9520913, 29013
349191, 9491910, 9520926, 29016
349193, 9491930, 9520939, 29009
349194, 9491940, 9520953, 29013
349195, 9491950, 9520966, 29016
349196, 9491960, 9520980, 29020
349197, 9491970, 9520993, 29023
349198, 9491980, 9521007, 29027
349199, 9491990, 9521020, 29030
349602, 9496020, 9521047, 25027
349603, 9496030, 9521060, 25030
349604, 9496040, 9521074, 25034
349605, 9496050, 9521087, 25037
349606, 9496060, 9521101, 25041
349607, 9496070, 9521114, 25044
349608, 9496080, 9521128, 25048
349609, 9496090, 9521141, 25051
349610, 9496100, 9521154, 25054
349612, 9496120, 9521168, 25048
349613, 9496130, 9521181, 25051
349614, 9496140, 9521195, 25055
349615, 9496150, 9521208, 25058
349616, 9496160, 9521222, 25062
349617, 9496170, 9521235, 25065
349618, 9496180, 9521249, 25069
349619, 9496190, 9521262, 25072
349620, 9496200, 9521275, 25075
349621, 9496210, 9521289, 25079
349623, 9496230, 9521302, 25072
349624, 9496240, 9521316, 25076
349625, 9496250, 9521329, 25079
349626, 9496260, 9521343, 25083
349627, 9496270, 9521356, 25086
349628, 9496280, 9521370, 25090
349629, 9496290, 9521383, 25093
349630, 9496300, 9521396, 25096
349631, 9496310, 9521410, 25100
349633, 9496330, 9521423, 25093
349634, 9496340, 9521437, 25097
349635, 9496350, 9521450, 25100
349636, 9496360, 9521464, 25104
349637, 9496370, 9521477, 25107
349638, 9496380, 9521490, 25110
349639, 9496390, 9521504, 25114
349640, 9496400, 9521517, 25117
349641, 9496410, 9521531, 25121
349642, 9496420, 9521544, 25124
349644, 9496440, 9521558, 25118
349645, 9496450, 9521571, 25121
349646, 9496460, 9521585, 25125
349647, 9496470, 9521598, 25128
349648, 9496480, 9521611, 25131
349649, 9496490, 9521625, 25135
349651, 9496510, 9521652, 25142
349652, 9496520, 9521665, 25145
349653, 9496530, 9521679, 25149
349655, 9496550, 9521692, 25142
349656, 9496560, 9521706, 25146
349657, 9496570, 9521719, 25149
349658, 9496580, 9521732, 25152
349659, 9496590, 9521746, 25156
349660, 9496600, 9521759, 25159
349661, 9496610, 9521773, 25163
349662, 9496620, 9521786, 25166
349663, 9496630, 9521800, 25170
349665, 9496650, 9521813, 25163
349666, 9496660, 9521826, 25166
349667, 9496670, 9521840, 25170
349668, 9496680, 9521853, 25173
349669, 9496690, 9521867, 25177
349670, 9496700, 9521880, 25180
349671, 9496710, 9521894, 25184
349672, 9496720, 9521907, 25187
349673, 9496730, 9521921, 25191
349674, 9496740, 9521934, 25194
349676, 9496760, 9521947, 25187
349677, 9496770, 9521961, 25191
349678, 9496780, 9521974, 25194
349679, 9496790, 9521988, 25198
349680, 9496800, 9522001, 25201
349681, 9496810, 9522015, 25205
349682, 9496820, 9522028, 25208
349683, 9496830, 9522042, 25212
349684, 9496840, 9522055, 25215
349685, 9496850, 9522068, 25218
349687, 9496870, 9522082, 25212
349688, 9496880, 9522095, 25215
349689, 9496890, 9522109, 25219
349690, 9496900, 9522122, 25222
349691, 9496910, 9522136, 25226
349692, 9496920, 9522149, 25229
349693, 9496930, 9522162, 25232
349694, 9496940, 9522176, 25236
349695, 9496950, 9522189, 25239
349697, 9496970, 9522203, 25233
349698, 9496980, 9522216, 25236
349699, 9496990, 9522230, 25240
349701, 9497010, 9522257, 25247
349702, 9497020, 9522270, 25250
349703, 9497030, 9522283, 25253
349704, 9497040, 9522297, 25257
349705, 9497050, 9522310, 25260
349706, 9497060, 9522324, 25264
349708, 9497080, 9522337, 25257
349709, 9497090, 9522351, 25261
349710, 9497100, 9522364, 25264
349711, 9497110, 9522378, 25268
349712, 9497120, 9522391, 25271
349713, 9497130, 9522404, 25274
349714, 9497140, 9522418, 25278
349715, 9497150, 9522431, 25281
349716, 9497160, 9526012, 28852
349718, 9497180, 9526026, 28846
349719, 9497190, 9526039, 28849
349720, 9497200, 9526052, 28852
349721, 9497210, 9526066, 28856
349722, 9497220, 9526079, 28859
349723, 9497230, 9526093, 28863
349724, 9497240, 9526106, 28866
349725, 9497250, 9526120, 28870
349726, 9497260, 9526133, 28873
349727, 9497270, 9526146, 28876
349729, 9497290, 9526160, 28870
349730, 9497300, 9526173, 28873
349731, 9497310, 9526187, 28877
349732, 9497320, 9526200, 28880
349733, 9497330, 9526214, 28884
349734, 9497340, 9526227, 28887
349735, 9497350, 9526241, 28891
349736, 9497360, 9526254, 28894
349737, 9497370, 9526267, 28897
349738, 9497380, 9526281, 28901
349740, 9497400, 9526294, 28894
349741, 9497410, 9526308, 28898
349742, 9497420, 9526321, 28901
349743, 9497430, 9526335, 28905
349744, 9497440, 9526348, 28908
349745, 9497450, 9526362, 28912
349746, 9497460, 9526375, 28915
349747, 9497470, 9526388, 28918
349748, 9497480, 9526402, 28922
349751, 9497510, 9526429, 28919
349752, 9497520, 9526442, 28922
349753, 9497530, 9526456, 28926
349754, 9497540, 9526469, 28929
349755, 9497550, 9526482, 28932
349756, 9497560, 9526496, 28936
349757, 9497570, 9526509, 28939
349758, 9497580, 9526523, 28943
349759, 9497590, 9526536, 28946
349761, 9497610, 9526550, 28940
349762, 9497620, 9526563, 28943
349763, 9497630, 9526577, 28947
349764, 9497640, 9526590, 28950
349765, 9497650, 9526603, 28953
349766, 9497660, 9526617, 28957
349767, 9497670, 9526630, 28960
349768, 9497680, 9526644, 28964
349769, 9497690, 9526657, 28967
349771, 9497710, 9526671, 28961
349772, 9497720, 9526684, 28964
349773, 9497730, 9526698, 28968
349774, 9497740, 9526711, 28971
349775, 9497750, 9526724, 28974
349776, 9497760, 9526738, 28978
349777, 9497770, 9526751, 28981
349778, 9497780, 9526765, 28985
349779, 9497790, 9526778, 28988
349780, 9497800, 9526792, 28992
349782, 9497820, 9526805, 28985
349783, 9497830, 9526818, 28988
349784, 9497840, 9526832, 28992
349785, 9497850, 9526845, 28995
349786, 9497860, 9526859, 28999
349787, 9497870, 9526872, 29002
349788, 9497880, 9526886, 29006
349789, 9497890, 9526899, 29009
349790, 9497900, 9526913, 29013
349791, 9497910, 9526926, 29016
349793, 9497930, 9526939, 29009
349794, 9497940, 9526953, 29013
349795, 9497950, 9526966, 29016
349796, 9497960, 9526980, 29020
349797, 9497970, 9526993, 29023
349798, 9497980, 9527007, 29027
349799, 9497990, 9527020, 29030
350202, 9502020, 9527047, 25027
350203, 9502030, 9527060, 25030
350204, 9502040, 9527074, 25034
350205, 9502050, 9527087, 25037
350206, 9502060, 9527101, 25041
350207, 9502070, 9527114, 25044
350208, 9502080, 9527128, 25048
350209, 9502090, 9527141, 25051
350210, 9502100, 9527154, 25054
350212, 9502120, 9527168, 25048
350213, 9502130, 9527181, 25051
350214, 9502140, 9527195, 25055
350215, 9502150, 9527208, 25058
350216, 9502160, 9527222, 25062
350217, 9502170, 9527235, 25065
350218, 9502180, 9527249, 25069
350219, 9502190, 9527262, 25072
350220, 9502200, 9527275, 25075
350221, 9502210, 9527289, 25079
350223, 9502230, 9527302, 25072
350224, 9502240, 9527316, 25076
350225, 9502250, 9527329, 25079
350226, 9502260, 9527343, 25083
350227, 9502270, 9527356, 25086
350228, 9502280, 9527370, 25090
350229, 9502290, 9527383, 25093
350230, 9502300, 9527396, 25096
350231, 9502310, 9527410, 25100
350233, 9502330, 9527423, 25093
350234, 9502340, 9527437, 25097
350235, 9502350, 9527450, 25100
350236, 9502360, 9527464, 25104
350237, 9502370, 9527477, 25107
350238, 9502380, 9527490, 25110
350239, 9502390, 9527504, 25114
350240, 9502400, 9527517, 25117
350241, 9502410, 9527531, 25121
350242, 9502420, 9527544, 25124
350244, 9502440, 9527558, 25118
350245, 9502450, 9527571, 25121
350246, 9502460, 9527585, 25125
350247, 9502470, 9527598, 25128
350248, 9502480, 9527611, 25131
350249, 9502490, 9527625, 25135
350251, 9502510, 9527652, 25142
350252, 9502520, 9527665, 25145
350253, 9502530, 9527679, 25149
350255, 9502550, 9527692, 25142
350256, 9502560, 9527706, 25146
350257, 9502570, 9527719, 25149
350258, 9502580, 9527732, 25152
350259, 9502590, 9527746, 25156
350260, 9502600, 9527759, 25159
350261, 9502610, 9527773, 25163
350262, 9502620, 9527786, 25166
350263, 9502630, 9527800, 25170
350265, 9502650, 9527813, 25163
350266, 9502660, 9527826, 25166
350267, 9502670, 9527840, 25170
350268, 9502680, 9527853, 25173
350269, 9502690, 9527867, 25177
350270, 9502700, 9527880, 25180
350271, 9502710, 9527894, 25184
350272, 9502720, 9527907, 25187
350273, 9502730, 9527921, 25191
350274, 9502740, 9527934, 25194
350276, 9502760, 9527947, 25187
350277, 9502770, 9527961, 25191
350278, 9502780, 9527974, 25194
350279, 9502790, 9527988, 25198
350280, 9502800, 9528001, 25201
350281, 9502810, 9528015, 25205
350282, 9502820, 9528028, 25208
350283, 9502830, 9528042, 25212
350284, 9502840, 9528055, 25215
350285, 9502850, 9528068, 25218
350287, 9502870, 9528082, 25212
350288, 9502880, 9528095, 25215
350289, 9502890, 9528109, 25219
350290, 9502900, 9528122, 25222
350291, 9502910, 9528136, 25226
350292, 9502920, 9528149, 25229
350293, 9502930, 9528162, 25232
350294, 9502940, 9528176, 25236
350295, 9502950, 9528189, 25239
350297, 9502970, 9528203, 25233
350298, 9502980, 9528216, 25236
350299, 9502990, 9528230, 25240
350301, 9503010, 9528257, 25247
350302, 9503020, 9528270, 25250
350303, 9503030, 9528283, 25253
350304, 9503040, 9528297, 25257
350305, 9503050, 9528310, 25260
350306, 9503060, 9528324, 25264
350308, 9503080, 9528337, 25257
350309, 9503090, 9528351, 25261
350310, 9503100, 9528364, 25264
350311, 9503110, 9528378, 25268
350312, 9503120, 9528391, 25271
350313, 9503130, 9528404, 25274
350314, 9503140, 9528418, 25278
350315, 9503150, 9528431, 25281
350316, 9503160, 9532012, 28852
350318, 9503180, 9532026, 28846
350319, 9503190, 9532039, 28849
350320, 9503200, 9532052, 28852
350321, 9503210, 9532066, 28856
350322, 9503220, 9532079, 28859
350323, 9503230, 9532093, 28863
350324, 9503240, 9532106, 28866
350325, 9503250, 9532120, 28870
350326, 9503260, 9532133, 28873
350327, 9503270, 9532146, 28876
350329, 9503290, 9532160, 28870
350330, 9503300, 9532173, 28873
350331, 9503310, 9532187, 28877
350332, 9503320, 9532200, 28880
350333, 9503330, 9532214, 28884
350334, 9503340, 9532227, 28887
350335, 9503350, 9532241, 28891
350336, 9503360, 9532254, 28894
350337, 9503370, 9532267, 28897
350338, 9503380, 9532281, 28901
350340, 9503400, 9532294, 28894
350341, 9503410, 9532308, 28898
350342, 9503420, 9532321, 28901
350343, 9503430, 9532335, 28905
350344, 9503440, 9532348, 28908
350345, 9503450, 9532362, 28912
350346, 9503460, 9532375, 28915
350347, 9503470, 9532388, 28918
350348, 9503480, 9532402, 28922
350351, 9503510, 9532429, 28919
350352, 9503520, 9532442, 28922
350353, 9503530, 9532456, 28926
350354, 9503540, 9532469, 28929
350355, 9503550, 9532482, 28932
350356, 9503560, 9532496, 28936
350357, 9503570, 9532509, 28939
350358, 9503580, 9532523, 28943
350359, 9503590, 9532536, 28946
350361, 9503610, 9532550, 28940
350362, 9503620, 9532563, 28943
350363, 9503630, 9532577, 28947
350364, 9503640, 9532590, 28950
350365, 9503650, 9532603, 28953
350366, 9503660, 9532617, 28957
350367, 9503670, 9532630, 28960
350368, 9503680, 9532644, 28964
350369, 9503690, 9532657, 28967
350371, 9503710, 9532671, 28961
350372, 9503720, 9532684, 28964
350373, 9503730, 9532698, 28968
350374, 9503740, 9532711, 28971
350375, 9503750, 9532724, 28974
350376, 9503760, 9532738, 28978
350377, 9503770, 9532751, 28981
350378, 9503780, 9532765, 28985
350379, 9503790, 9532778, 28988
350380, 9503800, 9532792, 28992
350382, 9503820, 9532805, 28985
350383, 9503830, 9532818, 28988
350384, 9503840, 9532832, 28992
350385, 9503850, 9532845, 28995
350386, 9503860, 9532859, 28999
350387, 9503870, 9532872, 29002
350388, 9503880, 9532886, 29006
350389, 9503890, 9532899, 29009
350390, 9503900, 9532913, 29013
350391, 9503910, 9532926, 29016
350393, 9503930, 9532939, 29009
350394, 9503940, 9532953, 29013
350395, 9503950, 9532966, 29016
350396, 9503960, 9532980, 29020
350397, 9503970, 9532993, 29023
350398, 9503980, 9533007, 29027
350399, 9503990, 9533020, 29030
350802, 9508020, 9533047, 25027
350803, 9508030, 9533060, 25030
350804, 9508040, 9533074, 25034
350805, 9508050, 9533087, 25037
350806, 9508060, 9533101, 25041
350807, 9508070, 9533114, 25044
350808, 9508080, 9533128, 25048
350809, 9508090, 9533141, 25051
350810, 9508100, 9533154, 25054
350812, 9508120, 9533168, 25048
350813, 9508130, 9533181, 25051
350814, 9508140, 9533195, 25055
350815, 9508150, 9533208, 25058
350816, 9508160, 9533222, 25062
350817, 9508170, 9533235, 25065
350818, 9508180, 9533249, 25069
350819, 9508190, 9533262, 25072
350820, 9508200, 9533275, 25075
350821, 9508210, 9533289, 25079
350823, 9508230, 9533302, 25072
350824, 9508240, 9533316, 25076
350825, 9508250, 9533329, 25079
350826, 9508260, 9533343, 25083
350827, 9508270, 9533356, 25086
350828, 9508280, 9533370, 25090
350829, 9508290, 9533383, 25093
350830, 9508300, 9533396, 25096
350831, 9508310, 9533410, 25100
350833, 9508330, 9533423, 25093
350834, 9508340, 9533437, 25097
350835, 9508350, 9533450, 25100
350836, 9508360, 9533464, 25104
350837, 9508370, 9533477, 25107
350838, 9508380, 9533490, 25110
350839, 9508390, 9533504, 25114
350840, 9508400, 9533517, 25117
350841, 9508410, 9533531, 25121
350842, 9508420, 9533544, 25124
350844, 9508440, 9533558, 25118
350845, 9508450, 9533571, 25121
350846, 9508460, 9533585, 25125
350847, 9508470, 9533598, 25128
350848, 9508480, 9533611, 25131
350849, 9508490, 9533625, 25135
350851, 9508510, 9533652, 25142
350852, 9508520, 9533665, 25145
350853, 9508530, 9533679, 25149
350855, 9508550, 9533692, 25142
350856, 9508560, 9533706, 25146
350857, 9508570, 9533719, 25149
350858, 9508580, 9533732, 25152
350859, 9508590, 9533746, 25156
350860, 9508600, 9533759, 25159
350861, 9508610, 9533773, 25163
350862, 9508620, 9533786, 25166
350863, 9508630, 9533800, 25170
350865, 9508650, 9533813, 25163
350866, 9508660, 9533826, 25166
350867, 9508670, 9533840, 25170
350868, 9508680, 9533853, 25173
350869, 9508690, 9533867, 25177
350870, 9508700, 9533880, 25180
350871, 9508710, 9533894, 25184
350872, 9508720, 9533907, 25187
350873, 9508730, 9533921, 25191
350874, 9508740, 9533934, 25194
350876, 9508760, 9533947, 25187
350877, 9508770, 9533961, 25191
350878, 9508780, 9533974, 25194
350879, 9508790, 9533988, 25198
350880, 9508800, 9534001, 25201
350881, 9508810, 9534015, 25205
350882, 9508820, 9534028, 25208
350883, 9508830, 9534042, 25212
350884, 9508840, 9534055, 25215
350885, 9508850, 9534068, 25218
350887, 9508870, 9534082, 25212
350888, 9508880, 9534095, 25215
350889, 9508890, 9534109, 25219
350890, 9508900, 9534122, 25222
350891, 9508910, 9534136, 25226
350892, 9508920, 9534149, 25229
350893, 9508930, 9534162, 25232
350894, 9508940, 9534176, 25236
350895, 9508950, 9534189, 25239
350897, 9508970, 9534203, 25233
350898, 9508980, 9534216, 25236
350899, 9508990, 9534230, 25240
350901, 9509010, 9534257, 25247
350902, 9509020, 9534270, 25250
350903, 9509030, 9534283, 25253
350904, 9509040, 9534297, 25257
350905, 9509050, 9534310, 25260
350906, 9509060, 9534324, 25264
350908, 9509080, 9534337, 25257
350909, 9509090, 9534351, 25261
350910, 9509100, 9534364, 25264
350911, 9509110, 9534378, 25268
350912, 9509120, 9534391, 25271
350913, 9509130, 9534404, 25274
350914, 9509140, 9534418, 25278
350915, 9509150, 9534431, 25281
350916, 9509160, 9538012, 28852
350918, 9509180, 9538026, 28846
350919, 9509190, 9538039, 28849
350920, 9509200, 9538052, 28852
350921, 9509210, 9538066, 28856
350922, 9509220, 9538079, 28859
350923, 9509230, 9538093, 28863
350924, 9509240, 9538106, 28866
350925, 9509250, 9538120, 28870
350926, 9509260, 9538133, 28873
350927, 9509270, 9538146, 28876
350929, 9509290, 9538160, 28870
350930, 9509300, 9538173, 28873
350931, 9509310, 9538187, 28877
350932, 9509320, 9538200, 28880
350933, 9509330, 9538214, 28884
350934, 9509340, 9538227, 28887
350935, 9509350, 9538241, 28891
350936, 9509360, 9538254, 28894
350937, 9509370, 9538267, 28897
350938, 9509380, 9538281, 28901
350940, 9509400, 9538294, 28894
350941, 9509410, 9538308, 28898
350942, 9509420, 9538321, 28901
350943, 9509430, 9538335, 28905
350944, 9509440, 9538348, 28908
350945, 9509450, 9538362, 28912
350946, 9509460, 9538375, 28915
350947, 9509470, 9538388, 28918
350948, 9509480, 9538402, 28922
350951, 9509510, 9538429, 28919
350952, 9509520, 9538442, 28922
350953, 9509530, 9538456, 28926
350954, 9509540, 9538469, 28929
350955, 9509550, 9538482, 28932
350956, 9509560, 9538496, 28936
350957, 9509570, 9538509, 28939
350958, 9509580, 9538523, 28943
350959, 9509590, 9538536, 28946
350961, 9509610, 9538550, 28940
350962, 9509620, 9538563, 28943
350963, 9509630, 9538577, 28947
350964, 9509640, 9538590, 28950
350965, 9509650, 9538603, 28953
350966, 9509660, 9538617, 28957
350967, 9509670, 9538630, 28960
350968, 9509680, 9538644, 28964
350969, 9509690, 9538657, 28967
350971, 9509710, 9538671, 28961
350972, 9509720, 9538684, 28964
350973, 9509730, 9538698, 28968
350974, 9509740, 9538711, 28971
350975, 9509750, 9538724, 28974
350976, 9509760, 9538738, 28978
350977, 9509770, 9538751, 28981
350978, 9509780, 9538765, 28985
350979, 9509790, 9538778, 28988
350980, 9509800, 9538792, 28992
350982, 9509820, 9538805, 28985
350983, 9509830, 9538818, 28988
350984, 9509840, 9538832, 28992
350985, 9509850, 9538845, 28995
350986, 9509860, 9538859, 28999
350987, 9509870, 9538872, 29002
350988, 9509880, 9538886, 29006
350989, 9509890, 9538899, 29009
350990, 9509900, 9538913, 29013
350991, 9509910, 9538926, 29016
350993, 9509930, 9538939, 29009
350994, 9509940, 9538953, 29013
350995, 9509950, 9538966, 29016
350996, 9509960, 9538980, 29020
350997, 9509970, 9538993, 29023
350998, 9509980, 9539007, 29027
350999, 9509990, 9539020, 29030
351402, 9514020, 9539047, 25027
351403, 9514030, 9539060, 25030
351404, 9514040, 9539074, 25034
351405, 9514050, 9539087, 25037
351406, 9514060, 9539101, 25041
351407, 9514070, 9539114, 25044
351408, 9514080, 9539128, 25048
351409, 9514090, 9539141, 25051
351410, 9514100, 9539154, 25054
351412, 9514120, 9539168, 25048
351413, 9514130, 9539181, 25051
351414, 9514140, 9539195, 25055
351415, 9514150, 9539208, 25058
351416, 9514160, 9539222, 25062
351417, 9514170, 9539235, 25065
351418, 9514180, 9539249, 25069
351419, 9514190, 9539262, 25072
351420, 9514200, 9539275, 25075
351421, 9514210, 9539289, 25079
351423, 9514230, 9539302, 25072
351424, 9514240, 9539316, 25076
351425, 9514250, 9539329, 25079
351426, 9514260, 9539343, 25083
351427, 9514270, 9539356, 25086
351428, 9514280, 9539370, 25090
351429, 9514290, 9539383, 25093
351430, 9514300, 9539396, 25096
351431, 9514310, 9539410, 25100
351433, 9514330, 9539423, 25093
351434, 9514340, 9539437, 25097
351435, 9514350, 9539450, 25100
351436, 9514360, 9539464, 25104
351437, 9514370, 9539477, 25107
351438, 9514380, 9539490, 25110
351439, 9514390, 9539504, 25114
351440, 9514400, 9539517, 25117
351441, 9514410, 9539531, 25121
351442, 9514420, 9539544, 25124
351444, 9514440, 9539558, 25118
351445, 9514450, 9539571, 25121
351446, 9514460, 9539585, 25125
351447, 9514470, 9539598, 25128
351448, 9514480, 9539611, 25131
351449, 9514490, 9539625, 25135
351451, 9514510, 9539652, 25142
351452, 9514520, 9539665, 25145
351453, 9514530, 9539679, 25149
351455, 9514550, 9539692, 25142
351456, 9514560, 9539706, 25146
351457, 9514570, 9539719, 25149
351458, 9514580, 9539732, 25152
351459, 9514590, 9539746, 25156
351460, 9514600, 9539759, 25159
351461, 9514610, 9539773, 25163
351462, 9514620, 9539786, 25166
351463, 9514630, 9539800, 25170
351465, 9514650, 9539813, 25163
351466, 9514660, 9539826, 25166
351467, 9514670, 9539840, 25170
351468, 9514680, 9539853, 25173
351469, 9514690, 9539867, 25177
351470, 9514700, 9539880, 25180
351471, 9514710, 9539894, 25184
351472, 9514720, 9539907, 25187
351473, 9514730, 9539921, 25191
351474, 9514740, 9539934, 25194
351476, 9514760, 9539947, 25187
351477, 9514770, 9539961, 25191
351478, 9514780, 9539974, 25194
351479, 9514790, 9539988, 25198
351480, 9514800, 9540001, 25201
351481, 9514810, 9540015, 25205
351482, 9514820, 9540028, 25208
351483, 9514830, 9540042, 25212
351484, 9514840, 9540055, 25215
351485, 9514850, 9540068, 25218
351487, 9514870, 9540082, 25212
351488, 9514880, 9540095, 25215
351489, 9514890, 9540109, 25219
351490, 9514900, 9540122, 25222
351491, 9514910, 9540136, 25226
351492, 9514920, 9540149, 25229
351493, 9514930, 9540162, 25232
351494, 9514940, 9540176, 25236
351495, 9514950, 9540189, 25239
351497, 9514970, 9540203, 25233
351498, 9514980, 9540216, 25236
351499, 9514990, 9540230, 25240
351501, 9515010, 9540257, 25247
351502, 9515020, 9540270, 25250
351503, 9515030, 9540283, 25253
351504, 9515040, 9540297, 25257
351505, 9515050, 9540310, 25260
351506, 9515060, 9540324, 25264
351508, 9515080, 9540337, 25257
351509, 9515090, 9540351, 25261
351510, 9515100, 9540364, 25264
351511, 9515110, 9540378, 25268
351512, 9515120, 9540391, 25271
351513, 9515130, 9540404, 25274
351514, 9515140, 9540418, 25278
351515, 9515150, 9540431, 25281
351516, 9515160, 9544012, 28852
351517, 9515170, 9544026, 28856
351519, 9515190, 9544039, 28849
351520, 9515200, 9544052, 28852
351521, 9515210, 9544066, 28856
351522, 9515220, 9544079, 28859
351523, 9515230, 9544093, 28863
351524, 9515240, 9544106, 28866
351525, 9515250, 9544120, 28870
351526, 9515260, 9544133, 28873
351527, 9515270, 9544146, 28876
351529, 9515290, 9544160, 28870
351530, 9515300, 9544173, 28873
351531, 9515310, 9544187, 28877
351532, 9515320, 9544200, 28880
351533, 9515330, 9544214, 28884
351534, 9515340, 9544227, 28887
351535, 9515350, 9544241, 28891
351536, 9515360, 9544254, 28894
351537, 9515370, 9544267, 28897
351538, 9515380, 9544281, 28901
351540, 9515400, 9544294, 28894
351541, 9515410, 9544308, 28898
351542, 9515420, 9544321, 28901
351543, 9515430, 9544335, 28905
351544, 9515440, 9544348, 28908
351545, 9515450, 9544362, 28912
351546, 9515460, 9544375, 28915
351547, 9515470, 9544388, 28918
351548, 9515480, 9544402, 28922
351551, 9515510, 9544429, 28919
351552, 9515520, 9544442, 28922
351553, 9515530, 9544456, 28926
351554, 9515540, 9544469, 28929
351555, 9515550, 9544482, 28932
351556, 9515560, 9544496, 28936
351557, 9515570, 9544509, 28939
351558, 9515580, 9544523, 28943
351559, 9515590, 9544536, 28946
351561, 9515610, 9544550, 28940
351562, 9515620, 9544563, 28943
351563, 9515630, 9544577, 28947
351564, 9515640, 9544590, 28950
351565, 9515650, 9544603, 28953
351566, 9515660, 9544617, 28957
351567, 9515670, 9544630, 28960
351568, 9515680, 9544644, 28964
351569, 9515690, 9544657, 28967
351570, 9515700, 9544671, 28971
351572, 9515720, 9544684, 28964
351573, 9515730, 9544698, 28968
351574, 9515740, 9544711, 28971
351575, 9515750, 9544724, 28974
351576, 9515760, 9544738, 28978
351577, 9515770, 9544751, 28981
351578, 9515780, 9544765, 28985
351579, 9515790, 9544778, 28988
351580, 9515800, 9544792, 28992
351582, 9515820, 9544805, 28985
351583, 9515830, 9544818, 28988
351584, 9515840, 9544832, 28992
351585, 9515850, 9544845, 28995
351586, 9515860, 9544859, 28999
351587, 9515870, 9544872, 29002
351588, 9515880, 9544886, 29006
351589, 9515890, 9544899, 29009
351590, 9515900, 9544913, 29013
351591, 9515910, 9544926, 29016
351593, 9515930, 9544939, 29009
351594, 9515940, 9544953, 29013
351595, 9515950, 9544966, 29016
351596, 9515960, 9544980, 29020
351597, 9515970, 9544993, 29023
351598, 9515980, 9545007, 29027
351599, 9515990, 9545020, 29030
352002, 9520020, 9545047, 25027
352003, 9520030, 9545060, 25030
352004, 9520040, 9545074, 25034
352005, 9520050, 9545087, 25037
352006, 9520060, 9545101, 25041
352007, 9520070, 9545114, 25044
352008, 9520080, 9545127, 25047
352009, 9520090, 9545141, 25051
352010, 9520100, 9545154, 25054
352012, 9520120, 9545168, 25048
352013, 9520130, 9545181, 25051
352014, 9520140, 9545195, 25055
352015, 9520150, 9545208, 25058
352016, 9520160, 9545222, 25062
352017, 9520170, 9545235, 25065
352018, 9520180, 9545248, 25068
352019, 9520190, 9545262, 25072
352020, 9520200, 9545275, 25075
352021, 9520210, 9545289, 25079
352023, 9520230, 9545302, 25072
352024, 9520240, 9545316, 25076
352025, 9520250, 9545329, 25079
352026, 9520260, 9545342, 25082
352027, 9520270, 9545356, 25086
352028, 9520280, 9545369, 25089
352029, 9520290, 9545383, 25093
352030, 9520300, 9545396, 25096
352031, 9520310, 9545410, 25100
352033, 9520330, 9545423, 25093
352034, 9520340, 9545437, 25097
352035, 9520350, 9545450, 25100
352036, 9520360, 9545463, 25103
352037, 9520370, 9545477, 25107
352038, 9520380, 9545490, 25110
352039, 9520390, 9545504, 25114
352040, 9520400, 9545517, 25117
352041, 9520410, 9545531, 25121
352042, 9520420, 9545544, 25124
352044, 9520440, 9545558, 25118
352045, 9520450, 9545571, 25121
352046, 9520460, 9545584, 25124
352047, 9520470, 9545598, 25128
352048, 9520480, 9545611, 25131
352049, 9520490, 9545625, 25135
352051, 9520510, 9545652, 25142
352052, 9520520, 9545665, 25145
352053, 9520530, 9545678, 25148
352055, 9520550, 9545692, 25142
352056, 9520560, 9545705, 25145
352057, 9520570, 9545719, 25149
352058, 9520580, 9545732, 25152
352059, 9520590, 9545746, 25156
352060, 9520600, 9545759, 25159
352061, 9520610, 9545773, 25163
352062, 9520620, 9545786, 25166
352063, 9520630, 9545799, 25169
352065, 9520650, 9545813, 25163
352066, 9520660, 9545826, 25166
352067, 9520670, 9545840, 25170
352068, 9520680, 9545853, 25173
352069, 9520690, 9545867, 25177
352070, 9520700, 9545880, 25180
352071, 9520710, 9545894, 25184
352072, 9520720, 9545907, 25187
352073, 9520730, 9545920, 25190
352074, 9520740, 9545934, 25194
352076, 9520760, 9545947, 25187
352077, 9520770, 9545961, 25191
352078, 9520780, 9545974, 25194
352079, 9520790, 9545988, 25198
352080, 9520800, 9546001, 25201
352081, 9520810, 9546014, 25204
352082, 9520820, 9546028, 25208
352083, 9520830, 9546041, 25211
352084, 9520840, 9546055, 25215
352085, 9520850, 9546068, 25218
352087, 9520870, 9546082, 25212
352088, 9520880, 9546095, 25215
352089, 9520890, 9546109, 25219
352090, 9520900, 9546122, 25222
352091, 9520910, 9546135, 25225
352092, 9520920, 9546149, 25229
352093, 9520930, 9546162, 25232
352094, 9520940, 9546176, 25236
352095, 9520950, 9546189, 25239
352097, 9520970, 9546203, 25233
352098, 9520980, 9546216, 25236
352099, 9520990, 9546230, 25240
352101, 9521010, 9546256, 25246
352102, 9521020, 9546270, 25250
352103, 9521030, 9546283, 25253
352104, 9521040, 9546297, 25257
352105, 9521050, 9546310, 25260
352106, 9521060, 9546324, 25264
352108, 9521080, 9546337, 25257
352109, 9521090, 9546350, 25260
352110, 9521100, 9546364, 25264
352111, 9521110, 9546377, 25267
352112, 9521120, 9546391, 25271
352113, 9521130, 9546404, 25274
352114, 9521140, 9546418, 25278
352115, 9521150, 9546431, 25281
352116, 9521160, 9550012, 28852
352118, 9521180, 9550026, 28846
352119, 9521190, 9550039, 28849
352120, 9521200, 9550052, 28852
352121, 9521210, 9550066, 28856
352122, 9521220, 9550079, 28859
352123, 9521230, 9550093, 28863
352124, 9521240, 9550106, 28866
352125, 9521250, 9550120, 28870
352126, 9521260, 9550133, 28873
352127, 9521270, 9550146, 28876
352129, 9521290, 9550160, 28870
352130, 9521300, 9550173, 28873
352131, 9521310, 9550187, 28877
352132, 9521320, 9550200, 28880
352133, 9521330, 9550214, 28884
352134, 9521340, 9550227, 28887
352135, 9521350, 9550241, 28891
352136, 9521360, 9550254, 28894
352137, 9521370, 9550267, 28897
352138, 9521380, 9550281, 28901
352140, 9521400, 9550294, 28894
352141, 9521410, 9550308, 28898
352142, 9521420, 9550321, 28901
352143, 9521430, 9550335, 28905
352144, 9521440, 9550348, 28908
352145, 9521450, 9550362, 28912
352146, 9521460, 9550375, 28915
352147, 9521470, 9550388, 28918
352148, 9521480, 9550402, 28922
352151, 9521510, 9550429, 28919
352152, 9521520, 9550442, 28922
352153, 9521530, 9550456, 28926
352154, 9521540, 9550469, 28929
352155, 9521550, 9550482, 28932
352156, 9521560, 9550496, 28936
352157, 9521570, 9550509, 28939
352158, 9521580, 9550523, 28943
352159, 9521590, 9550536, 28946
352161, 9521610, 9550550, 28940
352162, 9521620, 9550563, 28943
352163, 9521630, 9550577, 28947
352164, 9521640, 9550590, 28950
352165, 9521650, 9550603, 28953
352166, 9521660, 9550617, 28957
352167, 9521670, 9550630, 28960
352168, 9521680, 9550644, 28964
352169, 9521690, 9550657, 28967
352171, 9521710, 9550671, 28961
352172, 9521720, 9550684, 28964
352173, 9521730, 9550698, 28968
352174, 9521740, 9550711, 28971
352175, 9521750, 9550724, 28974
352176, 9521760, 9550738, 28978
352177, 9521770, 9550751, 28981
352178, 9521780, 9550765, 28985
352179, 9521790, 9550778, 28988
352180, 9521800, 9550792, 28992
352182, 9521820, 9550805, 28985
352183, 9521830, 9550818, 28988
352184, 9521840, 9550832, 28992
352185, 9521850, 9550845, 28995
352186, 9521860, 9550859, 28999
352187, 9521870, 9550872, 29002
352188, 9521880, 9550886, 29006
352189, 9521890, 9550899, 29009
352190, 9521900, 9550913, 29013
352191, 9521910, 9550926, 29016
352193, 9521930, 9550939, 29009
352194, 9521940, 9550953, 29013
352195, 9521950, 9550966, 29016
352196, 9521960, 9550980, 29020
352197, 9521970, 9550993, 29023
352198, 9521980, 9551007, 29027
352199, 9521990, 9551020, 29030
352602, 9526020, 9551047, 25027
352603, 9526030, 9551060, 25030
352604, 9526040, 9551074, 25034
352605, 9526050, 9551087, 25037
352606, 9526060, 9551101, 25041
352607, 9526070, 9551114, 25044
352608, 9526080, 9551128, 25048
352609, 9526090, 9551141, 25051
352610, 9526100, 9551154, 25054
352612, 9526120, 9551168, 25048
352613, 9526130, 9551181, 25051
352614, 9526140, 9551195, 25055
352615, 9526150, 9551208, 25058
352616, 9526160, 9551222, 25062
352617, 9526170, 9551235, 25065
352618, 9526180, 9551249, 25069
352619, 9526190, 9551262, 25072
352620, 9526200, 9551275, 25075
352621, 9526210, 9551289, 25079
352623, 9526230, 9551302, 25072
352624, 9526240, 9551316, 25076
352625, 9526250, 9551329, 25079
352626, 9526260, 9551343, 25083
352627, 9526270, 9551356, 25086
352628, 9526280, 9551370, 25090
352629, 9526290, 9551383, 25093
352630, 9526300, 9551396, 25096
352631, 9526310, 9551410, 25100
352633, 9526330, 9551423, 25093
352634, 9526340, 9551437, 25097
352635, 9526350, 9551450, 25100
352636, 9526360, 9551464, 25104
352637, 9526370, 9551477, 25107
352638, 9526380, 9551490, 25110
352639, 9526390, 9551504, 25114
352640, 9526400, 9551517, 25117
352641, 9526410, 9551531, 25121
352642, 9526420, 9551544, 25124
352644, 9526440, 9551558, 25118
352645, 9526450, 9551571, 25121
352646, 9526460, 9551585, 25125
352647, 9526470, 9551598, 25128
352648, 9526480, 9551611, 25131
352649, 9526490, 9551625, 25135
352651, 9526510, 9551652, 25142
352652, 9526520, 9551665, 25145
352653, 9526530, 9551679, 25149
352655, 9526550, 9551692, 25142
352656, 9526560, 9551706, 25146
352657, 9526570, 9551719, 25149
352658, 9526580, 9551732, 25152
352659, 9526590, 9551746, 25156
352660, 9526600, 9551759, 25159
352661, 9526610, 9551773, 25163
352662, 9526620, 9551786, 25166
352663, 9526630, 9551800, 25170
352665, 9526650, 9551813, 25163
352666, 9526660, 9551826, 25166
352667, 9526670, 9551840, 25170
352668, 9526680, 9551853, 25173
352669, 9526690, 9551867, 25177
352670, 9526700, 9551880, 25180
352671, 9526710, 9551894, 25184
352672, 9526720, 9551907, 25187
352673, 9526730, 9551921, 25191
352674, 9526740, 9551934, 25194
352676, 9526760, 9551947, 25187
352677, 9526770, 9551961, 25191
352678, 9526780, 9551974, 25194
352679, 9526790, 9551988, 25198
352680, 9526800, 9552001, 25201
352681, 9526810, 9552015, 25205
352682, 9526820, 9552028, 25208
352683, 9526830, 9552042, 25212
352684, 9526840, 9552055, 25215
352685, 9526850, 9552068, 25218
352687, 9526870, 9552082, 25212
352688, 9526880, 9552095, 25215
352689, 9526890, 9552109, 25219
352690, 9526900, 9552122, 25222
352691, 9526910, 9552136, 25226
352692, 9526920, 9552149, 25229
352693, 9526930, 9552162, 25232
352694, 9526940, 9552176, 25236
352695, 9526950, 9552189, 25239
352697, 9526970, 9552203, 25233
352698, 9526980, 9552216, 25236
352699, 9526990, 9552230, 25240
352701, 9527010, 9552257, 25247
352702, 9527020, 9552270, 25250
352703, 9527030, 9552283, 25253
352704, 9527040, 9552297, 25257
352705, 9527050, 9552310, 25260
352706, 9527060, 9552324, 25264
352708, 9527080, 9552337, 25257
352709, 9527090, 9552351, 25261
352710, 9527100, 9552364, 25264
352711, 9527110, 9552378, 25268
352712, 9527120, 9552391, 25271
352713, 9527130, 9552404, 25274
352714, 9527140, 9552418, 25278
352715, 9527150, 9552431, 25281
352716, 9527160, 9556012, 28852
352718, 9527180, 9556026, 28846
352719, 9527190, 9556039, 28849
352720, 9527200, 9556052, 28852
352721, 9527210, 9556066, 28856
352722, 9527220, 9556079, 28859
352723, 9527230, 9556093, 28863
352724, 9527240, 9556106, 28866
352725, 9527250, 9556120, 28870
352726, 9527260, 9556133, 28873
352727, 9527270, 9556146, 28876
352729, 9527290, 9556160, 28870
352730, 9527300, 9556173, 28873
352731, 9527310, 9556187, 28877
352732, 9527320, 9556200, 28880
352733, 9527330, 9556214, 28884
352734, 9527340, 9556227, 28887
352735, 9527350, 9556241, 28891
352736, 9527360, 9556254, 28894
352737, 9527370, 9556267, 28897
352738, 9527380, 9556281, 28901
352740, 9527400, 9556294, 28894
352741, 9527410, 9556308, 28898
352742, 9527420, 9556321, 28901
352743, 9527430, 9556335, 28905
352744, 9527440, 9556348, 28908
352745, 9527450, 9556362, 28912
352746, 9527460, 9556375, 28915
352747, 9527470, 9556388, 28918
352748, 9527480, 9556402, 28922
352751, 9527510, 9556429, 28919
352752, 9527520, 9556442, 28922
352753, 9527530, 9556456, 28926
352754, 9527540, 9556469, 28929
352755, 9527550, 9556482, 28932
352756, 9527560, 9556496, 28936
352757, 9527570, 9556509, 28939
352758, 9527580, 9556523, 28943
352759, 9527590, 9556536, 28946
352761, 9527610, 9556550, 28940
352762, 9527620, 9556563, 28943
352763, 9527630, 9556577, 28947
352764, 9527640, 9556590, 28950
352765, 9527650, 9556603, 28953
352766, 9527660, 9556617, 28957
352767, 9527670, 9556630, 28960
352768, 9527680, 9556644, 28964
352769, 9527690, 9556657, 28967
352771, 9527710, 9556671, 28961
352772, 9527720, 9556684, 28964
352773, 9527730, 9556698, 28968
352774, 9527740, 9556711, 28971
352775, 9527750, 9556724, 28974
352776, 9527760, 9556738, 28978
352777, 9527770, 9556751, 28981
352778, 9527780, 9556765, 28985
352779, 9527790, 9556778, 28988
352780, 9527800, 9556792, 28992
352782, 9527820, 9556805, 28985
352783, 9527830, 9556818, 28988
352784, 9527840, 9556832, 28992
352785, 9527850, 9556845, 28995
352786, 9527860, 9556859, 28999
352787, 9527870, 9556872, 29002
352788, 9527880, 9556886, 29006
352789, 9527890, 9556899, 29009
352790, 9527900, 9556913, 29013
352791, 9527910, 9556926, 29016
352793, 9527930, 9556939, 29009
352794, 9527940, 9556953, 29013
352795, 9527950, 9556966, 29016
352796, 9527960, 9556980, 29020
352797, 9527970, 9556993, 29023
352798, 9527980, 9557007, 29027
352799, 9527990, 9557020, 29030
353202, 9532020, 9557047, 25027
353203, 9532030, 9557060, 25030
353204, 9532040, 9557074, 25034
353205, 9532050, 9557087, 25037
353206, 9532060, 9557101, 25041
353207, 9532070, 9557114, 25044
353208, 9532080, 9557128, 25048
353209, 9532090, 9557141, 25051
353210, 9532100, 9557154, 25054
353212, 9532120, 9557168, 25048
353213, 9532130, 9557181, 25051
353214, 9532140, 9557195, 25055
353215, 9532150, 9557208, 25058
353216, 9532160, 9557222, 25062
353217, 9532170, 9557235, 25065
353218, 9532180, 9557249, 25069
353219, 9532190, 9557262, 25072
353220, 9532200, 9557275, 25075
353221, 9532210, 9557289, 25079
353223, 9532230, 9557302, 25072
353224, 9532240, 9557316, 25076
353225, 9532250, 9557329, 25079
353226, 9532260, 9557343, 25083
353227, 9532270, 9557356, 25086
353228, 9532280, 9557370, 25090
353229, 9532290, 9557383, 25093
353230, 9532300, 9557396, 25096
353231, 9532310, 9557410, 25100
353233, 9532330, 9557423, 25093
353234, 9532340, 9557437, 25097
353235, 9532350, 9557450, 25100
353236, 9532360, 9557464, 25104
353237, 9532370, 9557477, 25107
353238, 9532380, 9557490, 25110
353239, 9532390, 9557504, 25114
353240, 9532400, 9557517, 25117
353241, 9532410, 9557531, 25121
353242, 9532420, 9557544, 25124
353244, 9532440, 9557558, 25118
353245, 9532450, 9557571, 25121
353246, 9532460, 9557585, 25125
353247, 9532470, 9557598, 25128
353248, 9532480, 9557611, 25131
353249, 9532490, 9557625, 25135
353251, 9532510, 9557652, 25142
353252, 9532520, 9557665, 25145
353253, 9532530, 9557679, 25149
353255, 9532550, 9557692, 25142
353256, 9532560, 9557706, 25146
353257, 9532570, 9557719, 25149
353258, 9532580, 9557732, 25152
353259, 9532590, 9557746, 25156
353260, 9532600, 9557759, 25159
353261, 9532610, 9557773, 25163
353262, 9532620, 9557786, 25166
353263, 9532630, 9557800, 25170
353265, 9532650, 9557813, 25163
353266, 9532660, 9557826, 25166
353267, 9532670, 9557840, 25170
353268, 9532680, 9557853, 25173
353269, 9532690, 9557867, 25177
353270, 9532700, 9557880, 25180
353271, 9532710, 9557894, 25184
353272, 9532720, 9557907, 25187
353273, 9532730, 9557921, 25191
353274, 9532740, 9557934, 25194
353276, 9532760, 9557947, 25187
353277, 9532770, 9557961, 25191
353278, 9532780, 9557974, 25194
353279, 9532790, 9557988, 25198
353280, 9532800, 9558001, 25201
353281, 9532810, 9558015, 25205
353282, 9532820, 9558028, 25208
353283, 9532830, 9558042, 25212
353284, 9532840, 9558055, 25215
353285, 9532850, 9558068, 25218
353287, 9532870, 9558082, 25212
353288, 9532880, 9558095, 25215
353289, 9532890, 9558109, 25219
353290, 9532900, 9558122, 25222
353291, 9532910, 9558136, 25226
353292, 9532920, 9558149, 25229
353293, 9532930, 9558162, 25232
353294, 9532940, 9558176, 25236
353295, 9532950, 9558189, 25239
353297, 9532970, 9558203, 25233
353298, 9532980, 9558216, 25236
353299, 9532990, 9558230, 25240
353301, 9533010, 9558257, 25247
353302, 9533020, 9558270, 25250
353303, 9533030, 9558283, 25253
353304, 9533040, 9558297, 25257
353305, 9533050, 9558310, 25260
353306, 9533060, 9558324, 25264
353308, 9533080, 9558337, 25257
353309, 9533090, 9558351, 25261
353310, 9533100, 9558364, 25264
353311, 9533110, 9558378, 25268
353312, 9533120, 9558391, 25271
353313, 9533130, 9558404, 25274
353314, 9533140, 9558418, 25278
353315, 9533150, 9558431, 25281
353316, 9533160, 9562012, 28852
353318, 9533180, 9562026, 28846
353319, 9533190, 9562039, 28849
353320, 9533200, 9562052, 28852
353321, 9533210, 9562066, 28856
353322, 9533220, 9562079, 28859
353323, 9533230, 9562093, 28863
353324, 9533240, 9562106, 28866
353325, 9533250, 9562120, 28870
353326, 9533260, 9562133, 28873
353327, 9533270, 9562146, 28876
353329, 9533290, 9562160, 28870
353330, 9533300, 9562173, 28873
353331, 9533310, 9562187, 28877
353332, 9533320, 9562200, 28880
353333, 9533330, 9562214, 28884
353334, 9533340, 9562227, 28887
353335, 9533350, 9562241, 28891
353336, 9533360, 9562254, 28894
353337, 9533370, 9562267, 28897
353338, 9533380, 9562281, 28901
353340, 9533400, 9562294, 28894
353341, 9533410, 9562308, 28898
353342, 9533420, 9562321, 28901
353343, 9533430, 9562335, 28905
353344, 9533440, 9562348, 28908
353345, 9533450, 9562362, 28912
353346, 9533460, 9562375, 28915
353347, 9533470, 9562388, 28918
353348, 9533480, 9562402, 28922
353351, 9533510, 9562429, 28919
353352, 9533520, 9562442, 28922
353353, 9533530, 9562456, 28926
353354, 9533540, 9562469, 28929
353355, 9533550, 9562482, 28932
353356, 9533560, 9562496, 28936
353357, 9533570, 9562509, 28939
353358, 9533580, 9562523, 28943
353359, 9533590, 9562536, 28946
353361, 9533610, 9562550, 28940
353362, 9533620, 9562563, 28943
353363, 9533630, 9562577, 28947
353364, 9533640, 9562590, 28950
353365, 9533650, 9562603, 28953
353366, 9533660, 9562617, 28957
353367, 9533670, 9562630, 28960
353368, 9533680, 9562644, 28964
353369, 9533690, 9562657, 28967
353371, 9533710, 9562671, 28961
353372, 9533720, 9562684, 28964
353373, 9533730, 9562698, 28968
353374, 9533740, 9562711, 28971
353375, 9533750, 9562724, 28974
353376, 9533760, 9562738, 28978
353377, 9533770, 9562751, 28981
353378, 9533780, 9562765, 28985
353379, 9533790, 9562778, 28988
353380, 9533800, 9562792, 28992
353382, 9533820, 9562805, 28985
353383, 9533830, 9562818, 28988
353384, 9533840, 9562832, 28992
353385, 9533850, 9562845, 28995
353386, 9533860, 9562859, 28999
353387, 9533870, 9562872, 29002
353388, 9533880, 9562886, 29006
353389, 9533890, 9562899, 29009
353390, 9533900, 9562913, 29013
353391, 9533910, 9562926, 29016
353393, 9533930, 9562939, 29009
353394, 9533940, 9562953, 29013
353395, 9533950, 9562966, 29016
353396, 9533960, 9562980, 29020
353397, 9533970, 9562993, 29023
353398, 9533980, 9563007, 29027
353399, 9533990, 9563020, 29030
353802, 9538020, 9563047, 25027
353803, 9538030, 9563060, 25030
353804, 9538040, 9563074, 25034
353805, 9538050, 9563087, 25037
353806, 9538060, 9563101, 25041
353807, 9538070, 9563114, 25044
353808, 9538080, 9563128, 25048
353809, 9538090, 9563141, 25051
353810, 9538100, 9563154, 25054
353812, 9538120, 9563168, 25048
353813, 9538130, 9563181, 25051
353814, 9538140, 9563195, 25055
353815, 9538150, 9563208, 25058
353816, 9538160, 9563222, 25062
353817, 9538170, 9563235, 25065
353818, 9538180, 9563249, 25069
353819, 9538190, 9563262, 25072
353820, 9538200, 9563275, 25075
353821, 9538210, 9563289, 25079
353823, 9538230, 9563302, 25072
353824, 9538240, 9563316, 25076
353825, 9538250, 9563329, 25079
353826, 9538260, 9563343, 25083
353827, 9538270, 9563356, 25086
353828, 9538280, 9563370, 25090
353829, 9538290, 9563383, 25093
353830, 9538300, 9563396, 25096
353831, 9538310, 9563410, 25100
353833, 9538330, 9563423, 25093
353834, 9538340, 9563437, 25097
353835, 9538350, 9563450, 25100
353836, 9538360, 9563464, 25104
353837, 9538370, 9563477, 25107
353838, 9538380, 9563490, 25110
353839, 9538390, 9563504, 25114
353840, 9538400, 9563517, 25117
353841, 9538410, 9563531, 25121
353842, 9538420, 9563544, 25124
353844, 9538440, 9563558, 25118
353845, 9538450, 9563571, 25121
353846, 9538460, 9563585, 25125
353847, 9538470, 9563598, 25128
353848, 9538480, 9563611, 25131
353849, 9538490, 9563625, 25135
353851, 9538510, 9563652, 25142
353852, 9538520, 9563665, 25145
353853, 9538530, 9563679, 25149
353855, 9538550, 9563692, 25142
353856, 9538560, 9563706, 25146
353857, 9538570, 9563719, 25149
353858, 9538580, 9563732, 25152
353859, 9538590, 9563746, 25156
353860, 9538600, 9563759, 25159
353861, 9538610, 9563773, 25163
353862, 9538620, 9563786, 25166
353863, 9538630, 9563800, 25170
353865, 9538650, 9563813, 25163
353866, 9538660, 9563826, 25166
353867, 9538670, 9563840, 25170
353868, 9538680, 9563853, 25173
353869, 9538690, 9563867, 25177
353870, 9538700, 9563880, 25180
353871, 9538710, 9563894, 25184
353872, 9538720, 9563907, 25187
353873, 9538730, 9563921, 25191
353874, 9538740, 9563934, 25194
353876, 9538760, 9563947, 25187
353877, 9538770, 9563961, 25191
353878, 9538780, 9563974, 25194
353879, 9538790, 9563988, 25198
353880, 9538800, 9564001, 25201
353881, 9538810, 9564015, 25205
353882, 9538820, 9564028, 25208
353883, 9538830, 9564042, 25212
353884, 9538840, 9564055, 25215
353885, 9538850, 9564068, 25218
353887, 9538870, 9564082, 25212
353888, 9538880, 9564095, 25215
353889, 9538890, 9564109, 25219
353890, 9538900, 9564122, 25222
353891, 9538910, 9564136, 25226
353892, 9538920, 9564149, 25229
353893, 9538930, 9564162, 25232
353894, 9538940, 9564176, 25236
353895, 9538950, 9564189, 25239
353897, 9538970, 9564203, 25233
353898, 9538980, 9564216, 25236
353899, 9538990, 9564230, 25240
353901, 9539010, 9564257, 25247
353902, 9539020, 9564270, 25250
353903, 9539030, 9564283, 25253
353904, 9539040, 9564297, 25257
353905, 9539050, 9564310, 25260
353906, 9539060, 9564324, 25264
353908, 9539080, 9564337, 25257
353909, 9539090, 9564351, 25261
353910, 9539100, 9564364, 25264
353911, 9539110, 9564378, 25268
353912, 9539120, 9564391, 25271
353913, 9539130, 9564404, 25274
353914, 9539140, 9564418, 25278
353915, 9539150, 9564431, 25281
353916, 9539160, 9568012, 28852
353918, 9539180, 9568026, 28846
353919, 9539190, 9568039, 28849
353920, 9539200, 9568052, 28852
353921, 9539210, 9568066, 28856
353922, 9539220, 9568079, 28859
353923, 9539230, 9568093, 28863
353924, 9539240, 9568106, 28866
353925, 9539250, 9568120, 28870
353926, 9539260, 9568133, 28873
353927, 9539270, 9568146, 28876
353929, 9539290, 9568160, 28870
353930, 9539300, 9568173, 28873
353931, 9539310, 9568187, 28877
353932, 9539320, 9568200, 28880
353933, 9539330, 9568214, 28884
353934, 9539340, 9568227, 28887
353935, 9539350, 9568241, 28891
353936, 9539360, 9568254, 28894
353937, 9539370, 9568267, 28897
353938, 9539380, 9568281, 28901
353940, 9539400, 9568294, 28894
353941, 9539410, 9568308, 28898
353942, 9539420, 9568321, 28901
353943, 9539430, 9568335, 28905
353944, 9539440, 9568348, 28908
353945, 9539450, 9568362, 28912
353946, 9539460, 9568375, 28915
353947, 9539470, 9568388, 28918
353948, 9539480, 9568402, 28922
353951, 9539510, 9568429, 28919
353952, 9539520, 9568442, 28922
353953, 9539530, 9568456, 28926
353954, 9539540, 9568469, 28929
353955, 9539550, 9568482, 28932
353956, 9539560, 9568496, 28936
353957, 9539570, 9568509, 28939
353958, 9539580, 9568523, 28943
353959, 9539590, 9568536, 28946
353961, 9539610, 9568550, 28940
353962, 9539620, 9568563, 28943
353963, 9539630, 9568577, 28947
353964, 9539640, 9568590, 28950
353965, 9539650, 9568603, 28953
353966, 9539660, 9568617, 28957
353967, 9539670, 9568630, 28960
353968, 9539680, 9568644, 28964
353969, 9539690, 9568657, 28967
353971, 9539710, 9568671, 28961
353972, 9539720, 9568684, 28964
353973, 9539730, 9568698, 28968
353974, 9539740, 9568711, 28971
353975, 9539750, 9568724, 28974
353976, 9539760, 9568738, 28978
353977, 9539770, 9568751, 28981
353978, 9539780, 9568765, 28985
353979, 9539790, 9568778, 28988
353980, 9539800, 9568792, 28992
353982, 9539820, 9568805, 28985
353983, 9539830, 9568818, 28988
353984, 9539840, 9568832, 28992
353985, 9539850, 9568845, 28995
353986, 9539860, 9568859, 28999
353987, 9539870, 9568872, 29002
353988, 9539880, 9568886, 29006
353989, 9539890, 9568899, 29009
353990, 9539900, 9568913, 29013
353991, 9539910, 9568926, 29016
353993, 9539930, 9568939, 29009
353994, 9539940, 9568953, 29013
353995, 9539950, 9568966, 29016
353996, 9539960, 9568980, 29020
353997, 9539970, 9568993, 29023
353998, 9539980, 9569007, 29027
353999, 9539990, 9569020, 29030
354402, 9544020, 9569047, 25027
354403, 9544030, 9569060, 25030
354404, 9544040, 9569074, 25034
354405, 9544050, 9569087, 25037
354406, 9544060, 9569101, 25041
354407, 9544070, 9569114, 25044
354408, 9544080, 9569128, 25048
354409, 9544090, 9569141, 25051
354410, 9544100, 9569154, 25054
354412, 9544120, 9569168, 25048
354413, 9544130, 9569181, 25051
354414, 9544140, 9569195, 25055
354415, 9544150, 9569208, 25058
354416, 9544160, 9569222, 25062
354417, 9544170, 9569235, 25065
354418, 9544180, 9569249, 25069
354419, 9544190, 9569262, 25072
354420, 9544200, 9569275, 25075
354421, 9544210, 9569289, 25079
354423, 9544230, 9569302, 25072
354424, 9544240, 9569316, 25076
354425, 9544250, 9569329, 25079
354426, 9544260, 9569343, 25083
354427, 9544270, 9569356, 25086
354428, 9544280, 9569370, 25090
354429, 9544290, 9569383, 25093
354430, 9544300, 9569396, 25096
354431, 9544310, 9569410, 25100
354433, 9544330, 9569423, 25093
354434, 9544340, 9569437, 25097
354435, 9544350, 9569450, 25100
354436, 9544360, 9569464, 25104
354437, 9544370, 9569477, 25107
354438, 9544380, 9569490, 25110
354439, 9544390, 9569504, 25114
354440, 9544400, 9569517, 25117
354441, 9544410, 9569531, 25121
354442, 9544420, 9569544, 25124
354444, 9544440, 9569558, 25118
354445, 9544450, 9569571, 25121
354446, 9544460, 9569585, 25125
354447, 9544470, 9569598, 25128
354448, 9544480, 9569611, 25131
354449, 9544490, 9569625, 25135
354451, 9544510, 9569652, 25142
354452, 9544520, 9569665, 25145
354453, 9544530, 9569679, 25149
354455, 9544550, 9569692, 25142
354456, 9544560, 9569706, 25146
354457, 9544570, 9569719, 25149
354458, 9544580, 9569732, 25152
354459, 9544590, 9569746, 25156
354460, 9544600, 9569759, 25159
354461, 9544610, 9569773, 25163
354462, 9544620, 9569786, 25166
354463, 9544630, 9569800, 25170
354465, 9544650, 9569813, 25163
354466, 9544660, 9569826, 25166
354467, 9544670, 9569840, 25170
354468, 9544680, 9569853, 25173
354469, 9544690, 9569867, 25177
354470, 9544700, 9569880, 25180
354471, 9544710, 9569894, 25184
354472, 9544720, 9569907, 25187
354473, 9544730, 9569921, 25191
354474, 9544740, 9569934, 25194
354476, 9544760, 9569947, 25187
354477, 9544770, 9569961, 25191
354478, 9544780, 9569974, 25194
354479, 9544790, 9569988, 25198
354480, 9544800, 9570001, 25201
354481, 9544810, 9570015, 25205
354482, 9544820, 9570028, 25208
354483, 9544830, 9570042, 25212
354484, 9544840, 9570055, 25215
354485, 9544850, 9570068, 25218
354487, 9544870, 9570082, 25212
354488, 9544880, 9570095, 25215
354489, 9544890, 9570109, 25219
354490, 9544900, 9570122, 25222
354491, 9544910, 9570136, 25226
354492, 9544920, 9570149, 25229
354493, 9544930, 9570162, 25232
354494, 9544940, 9570176, 25236
354495, 9544950, 9570189, 25239
354497, 9544970, 9570203, 25233
354498, 9544980, 9570216, 25236
354499, 9544990, 9570230, 25240
354501, 9545010, 9570257, 25247
354502, 9545020, 9570270, 25250
354503, 9545030, 9570283, 25253
354504, 9545040, 9570297, 25257
354505, 9545050, 9570310, 25260
354506, 9545060, 9570324, 25264
354508, 9545080, 9570337, 25257
354509, 9545090, 9570351, 25261
354510, 9545100, 9570364, 25264
354511, 9545110, 9570378, 25268
354512, 9545120, 9570391, 25271
354513, 9545130, 9570404, 25274
354514, 9545140, 9570418, 25278
354515, 9545150, 9570431, 25281
354516, 9545160, 9574012, 28852
354517, 9545170, 9574026, 28856
354519, 9545190, 9574039, 28849
354520, 9545200, 9574052, 28852
354521, 9545210, 9574066, 28856
354522, 9545220, 9574079, 28859
354523, 9545230, 9574093, 28863
354524, 9545240, 9574106, 28866
354525, 9545250, 9574120, 28870
354526, 9545260, 9574133, 28873
354527, 9545270, 9574146, 28876
354529, 9545290, 9574160, 28870
354530, 9545300, 9574173, 28873
354531, 9545310, 9574187, 28877
354532, 9545320, 9574200, 28880
354533, 9545330, 9574214, 28884
354534, 9545340, 9574227, 28887
354535, 9545350, 9574241, 28891
354536, 9545360, 9574254, 28894
354537, 9545370, 9574267, 28897
354538, 9545380, 9574281, 28901
354540, 9545400, 9574294, 28894
354541, 9545410, 9574308, 28898
354542, 9545420, 9574321, 28901
354543, 9545430, 9574335, 28905
354544, 9545440, 9574348, 28908
354545, 9545450, 9574362, 28912
354546, 9545460, 9574375, 28915
354547, 9545470, 9574388, 28918
354548, 9545480, 9574402, 28922
354551, 9545510, 9574429, 28919
354552, 9545520, 9574442, 28922
354553, 9545530, 9574456, 28926
354554, 9545540, 9574469, 28929
354555, 9545550, 9574482, 28932
354556, 9545560, 9574496, 28936
354557, 9545570, 9574509, 28939
354558, 9545580, 9574523, 28943
354559, 9545590, 9574536, 28946
354561, 9545610, 9574550, 28940
354562, 9545620, 9574563, 28943
354563, 9545630, 9574577, 28947
354564, 9545640, 9574590, 28950
354565, 9545650, 9574603, 28953
354566, 9545660, 9574617, 28957
354567, 9545670, 9574630, 28960
354568, 9545680, 9574644, 28964
354569, 9545690, 9574657, 28967
354570, 9545700, 9574671, 28971
354572, 9545720, 9574684, 28964
354573, 9545730, 9574698, 28968
354574, 9545740, 9574711, 28971
354575, 9545750, 9574724, 28974
354576, 9545760, 9574738, 28978
354577, 9545770, 9574751, 28981
354578, 9545780, 9574765, 28985
354579, 9545790, 9574778, 28988
354580, 9545800, 9574792, 28992
354582, 9545820, 9574805, 28985
354583, 9545830, 9574818, 28988
354584, 9545840, 9574832, 28992
354585, 9545850, 9574845, 28995
354586, 9545860, 9574859, 28999
354587, 9545870, 9574872, 29002
354588, 9545880, 9574886, 29006
354589, 9545890, 9574899, 29009
354590, 9545900, 9574913, 29013
354591, 9545910, 9574926, 29016
354593, 9545930, 9574939, 29009
354594, 9545940, 9574953, 29013
354595, 9545950, 9574966, 29016
354596, 9545960, 9574980, 29020
354597, 9545970, 9574993, 29023
354598, 9545980, 9575007, 29027
354599, 9545990, 9575020, 29030
355002, 9550020, 9575047, 25027
355003, 9550030, 9575060, 25030
355004, 9550040, 9575074, 25034
355005, 9550050, 9575087, 25037
355006, 9550060, 9575101, 25041
355007, 9550070, 9575114, 25044
355008, 9550080, 9575127, 25047
355009, 9550090, 9575141, 25051
355010, 9550100, 9575154, 25054
355012, 9550120, 9575168, 25048
355013, 9550130, 9575181, 25051
355014, 9550140, 9575195, 25055
355015, 9550150, 9575208, 25058
355016, 9550160, 9575222, 25062
355017, 9550170, 9575235, 25065
355018, 9550180, 9575248, 25068
355019, 9550190, 9575262, 25072
355020, 9550200, 9575275, 25075
355021, 9550210, 9575289, 25079
355023, 9550230, 9575302, 25072
355024, 9550240, 9575316, 25076
355025, 9550250, 9575329, 25079
355026, 9550260, 9575342, 25082
355027, 9550270, 9575356, 25086
355028, 9550280, 9575369, 25089
355029, 9550290, 9575383, 25093
355030, 9550300, 9575396, 25096
355031, 9550310, 9575410, 25100
355033, 9550330, 9575423, 25093
355034, 9550340, 9575437, 25097
355035, 9550350, 9575450, 25100
355036, 9550360, 9575463, 25103
355037, 9550370, 9575477, 25107
355038, 9550380, 9575490, 25110
355039, 9550390, 9575504, 25114
355040, 9550400, 9575517, 25117
355041, 9550410, 9575531, 25121
355042, 9550420, 9575544, 25124
355044, 9550440, 9575558, 25118
355045, 9550450, 9575571, 25121
355046, 9550460, 9575584, 25124
355047, 9550470, 9575598, 25128
355048, 9550480, 9575611, 25131
355049, 9550490, 9575625, 25135
355051, 9550510, 9575652, 25142
355052, 9550520, 9575665, 25145
355053, 9550530, 9575678, 25148
355055, 9550550, 9575692, 25142
355056, 9550560, 9575705, 25145
355057, 9550570, 9575719, 25149
355058, 9550580, 9575732, 25152
355059, 9550590, 9575746, 25156
355060, 9550600, 9575759, 25159
355061, 9550610, 9575773, 25163
355062, 9550620, 9575786, 25166
355063, 9550630, 9575799, 25169
355065, 9550650, 9575813, 25163
355066, 9550660, 9575826, 25166
355067, 9550670, 9575840, 25170
355068, 9550680, 9575853, 25173
355069, 9550690, 9575867, 25177
355070, 9550700, 9575880, 25180
355071, 9550710, 9575894, 25184
355072, 9550720, 9575907, 25187
355073, 9550730, 9575920, 25190
355074, 9550740, 9575934, 25194
355076, 9550760, 9575947, 25187
355077, 9550770, 9575961, 25191
355078, 9550780, 9575974, 25194
355079, 9550790, 9575988, 25198
355080, 9550800, 9576001, 25201
355081, 9550810, 9576014, 25204
355082, 9550820, 9576028, 25208
355083, 9550830, 9576041, 25211
355084, 9550840, 9576055, 25215
355085, 9550850, 9576068, 25218
355087, 9550870, 9576082, 25212
355088, 9550880, 9576095, 25215
355089, 9550890, 9576109, 25219
355090, 9550900, 9576122, 25222
355091, 9550910, 9576135, 25225
355092, 9550920, 9576149, 25229
355093, 9550930, 9576162, 25232
355094, 9550940, 9576176, 25236
355095, 9550950, 9576189, 25239
355097, 9550970, 9576203, 25233
355098, 9550980, 9576216, 25236
355099, 9550990, 9576230, 25240
355101, 9551010, 9576256, 25246
355102, 9551020, 9576270, 25250
355103, 9551030, 9576283, 25253
355104, 9551040, 9576297, 25257
355105, 9551050, 9576310, 25260
355106, 9551060, 9576324, 25264
355108, 9551080, 9576337, 25257
355109, 9551090, 9576350, 25260
355110, 9551100, 9576364, 25264
355111, 9551110, 9576377, 25267
355112, 9551120, 9576391, 25271
355113, 9551130, 9576404, 25274
355114, 9551140, 9576418, 25278
355115, 9551150, 9576431, 25281
355116, 9551160, 9580012, 28852
355118, 9551180, 9580026, 28846
355119, 9551190, 9580039, 28849
355120, 9551200, 9580052, 28852
355121, 9551210, 9580066, 28856
355122, 9551220, 9580079, 28859
355123, 9551230, 9580093, 28863
355124, 9551240, 9580106, 28866
355125, 9551250, 9580120, 28870
355126, 9551260, 9580133, 28873
355127, 9551270, 9580146, 28876
355129, 9551290, 9580160, 28870
355130, 9551300, 9580173, 28873
355131, 9551310, 9580187, 28877
355132, 9551320, 9580200, 28880
355133, 9551330, 9580214, 28884
355134, 9551340, 9580227, 28887
355135, 9551350, 9580241, 28891
355136, 9551360, 9580254, 28894
355137, 9551370, 9580267, 28897
355138, 9551380, 9580281, 28901
355140, 9551400, 9580294, 28894
355141, 9551410, 9580308, 28898
355142, 9551420, 9580321, 28901
355143, 9551430, 9580335, 28905
355144, 9551440, 9580348, 28908
355145, 9551450, 9580362, 28912
355146, 9551460, 9580375, 28915
355147, 9551470, 9580388, 28918
355148, 9551480, 9580402, 28922
355151, 9551510, 9580429, 28919
355152, 9551520, 9580442, 28922
355153, 9551530, 9580456, 28926
355154, 9551540, 9580469, 28929
355155, 9551550, 9580482, 28932
355156, 9551560, 9580496, 28936
355157, 9551570, 9580509, 28939
355158, 9551580, 9580523, 28943
355159, 9551590, 9580536, 28946
355161, 9551610, 9580550, 28940
355162, 9551620, 9580563, 28943
355163, 9551630, 9580577, 28947
355164, 9551640, 9580590, 28950
355165, 9551650, 9580603, 28953
355166, 9551660, 9580617, 28957
355167, 9551670, 9580630, 28960
355168, 9551680, 9580644, 28964
355169, 9551690, 9580657, 28967
355171, 9551710, 9580671, 28961
355172, 9551720, 9580684, 28964
355173, 9551730, 9580698, 28968
355174, 9551740, 9580711, 28971
355175, 9551750, 9580724, 28974
355176, 9551760, 9580738, 28978
355177, 9551770, 9580751, 28981
355178, 9551780, 9580765, 28985
355179, 9551790, 9580778, 28988
355180, 9551800, 9580792, 28992
355182, 9551820, 9580805, 28985
355183, 9551830, 9580818, 28988
355184, 9551840, 9580832, 28992
355185, 9551850, 9580845, 28995
355186, 9551860, 9580859, 28999
355187, 9551870, 9580872, 29002
355188, 9551880, 9580886, 29006
355189, 9551890, 9580899, 29009
355190, 9551900, 9580913, 29013
355191, 9551910, 9580926, 29016
355193, 9551930, 9580939, 29009
355194, 9551940, 9580953, 29013
355195, 9551950, 9580966, 29016
355196, 9551960, 9580980, 29020
355197, 9551970, 9580993, 29023
355198, 9551980, 9581007, 29027
355199, 9551990, 9581020, 29030
355602, 9556020, 9581047, 25027
355603, 9556030, 9581060, 25030
355604, 9556040, 9581074, 25034
355605, 9556050, 9581087, 25037
355606, 9556060, 9581101, 25041
355607, 9556070, 9581114, 25044
355608, 9556080, 9581128, 25048
355609, 9556090, 9581141, 25051
355610, 9556100, 9581154, 25054
355612, 9556120, 9581168, 25048
355613, 9556130, 9581181, 25051
355614, 9556140, 9581195, 25055
355615, 9556150, 9581208, 25058
355616, 9556160, 9581222, 25062
355617, 9556170, 9581235, 25065
355618, 9556180, 9581249, 25069
355619, 9556190, 9581262, 25072
355620, 9556200, 9581275, 25075
355621, 9556210, 9581289, 25079
355623, 9556230, 9581302, 25072
355624, 9556240, 9581316, 25076
355625, 9556250, 9581329, 25079
355626, 9556260, 9581343, 25083
355627, 9556270, 9581356, 25086
355628, 9556280, 9581370, 25090
355629, 9556290, 9581383, 25093
355630, 9556300, 9581396, 25096
355631, 9556310, 9581410, 25100
355633, 9556330, 9581423, 25093
355634, 9556340, 9581437, 25097
355635, 9556350, 9581450, 25100
355636, 9556360, 9581464, 25104
355637, 9556370, 9581477, 25107
355638, 9556380, 9581490, 25110
355639, 9556390, 9581504, 25114
355640, 9556400, 9581517, 25117
355641, 9556410, 9581531, 25121
355642, 9556420, 9581544, 25124
355644, 9556440, 9581558, 25118
355645, 9556450, 9581571, 25121
355646, 9556460, 9581585, 25125
355647, 9556470, 9581598, 25128
355648, 9556480, 9581611, 25131
355649, 9556490, 9581625, 25135
355651, 9556510, 9581652, 25142
355652, 9556520, 9581665, 25145
355653, 9556530, 9581679, 25149
355655, 9556550, 9581692, 25142
355656, 9556560, 9581706, 25146
355657, 9556570, 9581719, 25149
355658, 9556580, 9581732, 25152
355659, 9556590, 9581746, 25156
355660, 9556600, 9581759, 25159
355661, 9556610, 9581773, 25163
355662, 9556620, 9581786, 25166
355663, 9556630, 9581800, 25170
355665, 9556650, 9581813, 25163
355666, 9556660, 9581826, 25166
355667, 9556670, 9581840, 25170
355668, 9556680, 9581853, 25173
355669, 9556690, 9581867, 25177
355670, 9556700, 9581880, 25180
355671, 9556710, 9581894, 25184
355672, 9556720, 9581907, 25187
355673, 9556730, 9581921, 25191
355674, 9556740, 9581934, 25194
355676, 9556760, 9581947, 25187
355677, 9556770, 9581961, 25191
355678, 9556780, 9581974, 25194
355679, 9556790, 9581988, 25198
355680, 9556800, 9582001, 25201
355681, 9556810, 9582015, 25205
355682, 9556820, 9582028, 25208
355683, 9556830, 9582042, 25212
355684, 9556840, 9582055, 25215
355685, 9556850, 9582068, 25218
355687, 9556870, 9582082, 25212
355688, 9556880, 9582095, 25215
355689, 9556890, 9582109, 25219
355690, 9556900, 9582122, 25222
355691, 9556910, 9582136, 25226
355692, 9556920, 9582149, 25229
355693, 9556930, 9582162, 25232
355694, 9556940, 9582176, 25236
355695, 9556950, 9582189, 25239
355697, 9556970, 9582203, 25233
355698, 9556980, 9582216, 25236
355699, 9556990, 9582230, 25240
355701, 9557010, 9582257, 25247
355702, 9557020, 9582270, 25250
355703, 9557030, 9582283, 25253
355704, 9557040, 9582297, 25257
355705, 9557050, 9582310, 25260
355706, 9557060, 9582324, 25264
355708, 9557080, 9582337, 25257
355709, 9557090, 9582351, 25261
355710, 9557100, 9582364, 25264
355711, 9557110, 9582378, 25268
355712, 9557120, 9582391, 25271
355713, 9557130, 9582404, 25274
355714, 9557140, 9582418, 25278
355715, 9557150, 9582431, 25281
355716, 9557160, 9586012, 28852
355718, 9557180, 9586026, 28846
355719, 9557190, 9586039, 28849
355720, 9557200, 9586052, 28852
355721, 9557210, 9586066, 28856
355722, 9557220, 9586079, 28859
355723, 9557230, 9586093, 28863
355724, 9557240, 9586106, 28866
355725, 9557250, 9586120, 28870
355726, 9557260, 9586133, 28873
355727, 9557270, 9586146, 28876
355729, 9557290, 9586160, 28870
355730, 9557300, 9586173, 28873
355731, 9557310, 9586187, 28877
355732, 9557320, 9586200, 28880
355733, 9557330, 9586214, 28884
355734, 9557340, 9586227, 28887
355735, 9557350, 9586241, 28891
355736, 9557360, 9586254, 28894
355737, 9557370, 9586267, 28897
355738, 9557380, 9586281, 28901
355740, 9557400, 9586294, 28894
355741, 9557410, 9586308, 28898
355742, 9557420, 9586321, 28901
355743, 9557430, 9586335, 28905
355744, 9557440, 9586348, 28908
355745, 9557450, 9586362, 28912
355746, 9557460, 9586375, 28915
355747, 9557470, 9586388, 28918
355748, 9557480, 9586402, 28922
355751, 9557510, 9586429, 28919
355752, 9557520, 9586442, 28922
355753, 9557530, 9586456, 28926
355754, 9557540, 9586469, 28929
355755, 9557550, 9586482, 28932
355756, 9557560, 9586496, 28936
355757, 9557570, 9586509, 28939
355758, 9557580, 9586523, 28943
355759, 9557590, 9586536, 28946
355761, 9557610, 9586550, 28940
355762, 9557620, 9586563, 28943
355763, 9557630, 9586577, 28947
355764, 9557640, 9586590, 28950
355765, 9557650, 9586603, 28953
355766, 9557660, 9586617, 28957
355767, 9557670, 9586630, 28960
355768, 9557680, 9586644, 28964
355769, 9557690, 9586657, 28967
355771, 9557710, 9586671, 28961
355772, 9557720, 9586684, 28964
355773, 9557730, 9586698, 28968
355774, 9557740, 9586711, 28971
355775, 9557750, 9586724, 28974
355776, 9557760, 9586738, 28978
355777, 9557770, 9586751, 28981
355778, 9557780, 9586765, 28985
355779, 9557790, 9586778, 28988
355780, 9557800, 9586792, 28992
355782, 9557820, 9586805, 28985
355783, 9557830, 9586818, 28988
355784, 9557840, 9586832, 28992
355785, 9557850, 9586845, 28995
355786, 9557860, 9586859, 28999
355787, 9557870, 9586872, 29002
355788, 9557880, 9586886, 29006
355789, 9557890, 9586899, 29009
355790, 9557900, 9586913, 29013
355791, 9557910, 9586926, 29016
355793, 9557930, 9586939, 29009
355794, 9557940, 9586953, 29013
355795, 9557950, 9586966, 29016
355796, 9557960, 9586980, 29020
355797, 9557970, 9586993, 29023
355798, 9557980, 9587007, 29027
355799, 9557990, 9587020, 29030
356202, 9562020, 9587047, 25027
356203, 9562030, 9587060, 25030
356204, 9562040, 9587074, 25034
356205, 9562050, 9587087, 25037
356206, 9562060, 9587101, 25041
356207, 9562070, 9587114, 25044
356208, 9562080, 9587128, 25048
356209, 9562090, 9587141, 25051
356210, 9562100, 9587154, 25054
356212, 9562120, 9587168, 25048
356213, 9562130, 9587181, 25051
356214, 9562140, 9587195, 25055
356215, 9562150, 9587208, 25058
356216, 9562160, 9587222, 25062
356217, 9562170, 9587235, 25065
356218, 9562180, 9587249, 25069
356219, 9562190, 9587262, 25072
356220, 9562200, 9587275, 25075
356221, 9562210, 9587289, 25079
356223, 9562230, 9587302, 25072
356224, 9562240, 9587316, 25076
356225, 9562250, 9587329, 25079
356226, 9562260, 9587343, 25083
356227, 9562270, 9587356, 25086
356228, 9562280, 9587370, 25090
356229, 9562290, 9587383, 25093
356230, 9562300, 9587396, 25096
356231, 9562310, 9587410, 25100
356233, 9562330, 9587423, 25093
356234, 9562340, 9587437, 25097
356235, 9562350, 9587450, 25100
356236, 9562360, 9587464, 25104
356237, 9562370, 9587477, 25107
356238, 9562380, 9587490, 25110
356239, 9562390, 9587504, 25114
356240, 9562400, 9587517, 25117
356241, 9562410, 9587531, 25121
356242, 9562420, 9587544, 25124
356244, 9562440, 9587558, 25118
356245, 9562450, 9587571, 25121
356246, 9562460, 9587585, 25125
356247, 9562470, 9587598, 25128
356248, 9562480, 9587611, 25131
356249, 9562490, 9587625, 25135
356251, 9562510, 9587652, 25142
356252, 9562520, 9587665, 25145
356253, 9562530, 9587679, 25149
356255, 9562550, 9587692, 25142
356256, 9562560, 9587706, 25146
356257, 9562570, 9587719, 25149
356258, 9562580, 9587732, 25152
356259, 9562590, 9587746, 25156
356260, 9562600, 9587759, 25159
356261, 9562610, 9587773, 25163
356262, 9562620, 9587786, 25166
356263, 9562630, 9587800, 25170
356265, 9562650, 9587813, 25163
356266, 9562660, 9587826, 25166
356267, 9562670, 9587840, 25170
356268, 9562680, 9587853, 25173
356269, 9562690, 9587867, 25177
356270, 9562700, 9587880, 25180
356271, 9562710, 9587894, 25184
356272, 9562720, 9587907, 25187
356273, 9562730, 9587921, 25191
356274, 9562740, 9587934, 25194
356276, 9562760, 9587947, 25187
356277, 9562770, 9587961, 25191
356278, 9562780, 9587974, 25194
356279, 9562790, 9587988, 25198
356280, 9562800, 9588001, 25201
356281, 9562810, 9588015, 25205
356282, 9562820, 9588028, 25208
356283, 9562830, 9588042, 25212
356284, 9562840, 9588055, 25215
356285, 9562850, 9588068, 25218
356287, 9562870, 9588082, 25212
356288, 9562880, 9588095, 25215
356289, 9562890, 9588109, 25219
356290, 9562900, 9588122, 25222
356291, 9562910, 9588136, 25226
356292, 9562920, 9588149, 25229
356293, 9562930, 9588162, 25232
356294, 9562940, 9588176, 25236
356295, 9562950, 9588189, 25239
356297, 9562970, 9588203, 25233
356298, 9562980, 9588216, 25236
356299, 9562990, 9588230, 25240
356301, 9563010, 9588257, 25247
356302, 9563020, 9588270, 25250
356303, 9563030, 9588283, 25253
356304, 9563040, 9588297, 25257
356305, 9563050, 9588310, 25260
356306, 9563060, 9588324, 25264
356308, 9563080, 9588337, 25257
356309, 9563090, 9588351, 25261
356310, 9563100, 9588364, 25264
356311, 9563110, 9588378, 25268
356312, 9563120, 9588391, 25271
356313, 9563130, 9588404, 25274
356314, 9563140, 9588418, 25278
356315, 9563150, 9588431, 25281
356316, 9563160, 9592012, 28852
356318, 9563180, 9592026, 28846
356319, 9563190, 9592039, 28849
356320, 9563200, 9592052, 28852
356321, 9563210, 9592066, 28856
356322, 9563220, 9592079, 28859
356323, 9563230, 9592093, 28863
356324, 9563240, 9592106, 28866
356325, 9563250, 9592120, 28870
356326, 9563260, 9592133, 28873
356327, 9563270, 9592146, 28876
356329, 9563290, 9592160, 28870
356330, 9563300, 9592173, 28873
356331, 9563310, 9592187, 28877
356332, 9563320, 9592200, 28880
356333, 9563330, 9592214, 28884
356334, 9563340, 9592227, 28887
356335, 9563350, 9592241, 28891
356336, 9563360, 9592254, 28894
356337, 9563370, 9592267, 28897
356338, 9563380, 9592281, 28901
356340, 9563400, 9592294, 28894
356341, 9563410, 9592308, 28898
356342, 9563420, 9592321, 28901
356343, 9563430, 9592335, 28905
356344, 9563440, 9592348, 28908
356345, 9563450, 9592362, 28912
356346, 9563460, 9592375, 28915
356347, 9563470, 9592388, 28918
356348, 9563480, 9592402, 28922
356351, 9563510, 9592429, 28919
356352, 9563520, 9592442, 28922
356353, 9563530, 9592456, 28926
356354, 9563540, 9592469, 28929
356355, 9563550, 9592482, 28932
356356, 9563560, 9592496, 28936
356357, 9563570, 9592509, 28939
356358, 9563580, 9592523, 28943
356359, 9563590, 9592536, 28946
356361, 9563610, 9592550, 28940
356362, 9563620, 9592563, 28943
356363, 9563630, 9592577, 28947
356364, 9563640, 9592590, 28950
356365, 9563650, 9592603, 28953
356366, 9563660, 9592617, 28957
356367, 9563670, 9592630, 28960
356368, 9563680, 9592644, 28964
356369, 9563690, 9592657, 28967
356371, 9563710, 9592671, 28961
356372, 9563720, 9592684, 28964
356373, 9563730, 9592698, 28968
356374, 9563740, 9592711, 28971
356375, 9563750, 9592724, 28974
356376, 9563760, 9592738, 28978
356377, 9563770, 9592751, 28981
356378, 9563780, 9592765, 28985
356379, 9563790, 9592778, 28988
356380, 9563800, 9592792, 28992
356382, 9563820, 9592805, 28985
356383, 9563830, 9592818, 28988
356384, 9563840, 9592832, 28992
356385, 9563850, 9592845, 28995
356386, 9563860, 9592859, 28999
356387, 9563870, 9592872, 29002
356388, 9563880, 9592886, 29006
356389, 9563890, 9592899, 29009
356390, 9563900, 9592913, 29013
356391, 9563910, 9592926, 29016
356393, 9563930, 9592939, 29009
356394, 9563940, 9592953, 29013
356395, 9563950, 9592966, 29016
356396, 9563960, 9592980, 29020
356397, 9563970, 9592993, 29023
356398, 9563980, 9593007, 29027
356399, 9563990, 9593020, 29030
356802, 9568020, 9593047, 25027
356803, 9568030, 9593060, 25030
356804, 9568040, 9593074, 25034
356805, 9568050, 9593087, 25037
356806, 9568060, 9593101, 25041
356807, 9568070, 9593114, 25044
356808, 9568080, 9593128, 25048
356809, 9568090, 9593141, 25051
356810, 9568100, 9593154, 25054
356812, 9568120, 9593168, 25048
356813, 9568130, 9593181, 25051
356814, 9568140, 9593195, 25055
356815, 9568150, 9593208, 25058
356816, 9568160, 9593222, 25062
356817, 9568170, 9593235, 25065
356818, 9568180, 9593249, 25069
356819, 9568190, 9593262, 25072
356820, 9568200, 9593275, 25075
356821, 9568210, 9593289, 25079
356823, 9568230, 9593302, 25072
356824, 9568240, 9593316, 25076
356825, 9568250, 9593329, 25079
356826, 9568260, 9593343, 25083
356827, 9568270, 9593356, 25086
356828, 9568280, 9593370, 25090
356829, 9568290, 9593383, 25093
356830, 9568300, 9593396, 25096
356831, 9568310, 9593410, 25100
356833, 9568330, 9593423, 25093
356834, 9568340, 9593437, 25097
356835, 9568350, 9593450, 25100
356836, 9568360, 9593464, 25104
356837, 9568370, 9593477, 25107
356838, 9568380, 9593490, 25110
356839, 9568390, 9593504, 25114
356840, 9568400, 9593517, 25117
356841, 9568410, 9593531, 25121
356842, 9568420, 9593544, 25124
356844, 9568440, 9593558, 25118
356845, 9568450, 9593571, 25121
356846, 9568460, 9593585, 25125
356847, 9568470, 9593598, 25128
356848, 9568480, 9593611, 25131
356849, 9568490, 9593625, 25135
356851, 9568510, 9593652, 25142
356852, 9568520, 9593665, 25145
356853, 9568530, 9593679, 25149
356855, 9568550, 9593692, 25142
356856, 9568560, 9593706, 25146
356857, 9568570, 9593719, 25149
356858, 9568580, 9593732, 25152
356859, 9568590, 9593746, 25156
356860, 9568600, 9593759, 25159
356861, 9568610, 9593773, 25163
356862, 9568620, 9593786, 25166
356863, 9568630, 9593800, 25170
356865, 9568650, 9593813, 25163
356866, 9568660, 9593826, 25166
356867, 9568670, 9593840, 25170
356868, 9568680, 9593853, 25173
356869, 9568690, 9593867, 25177
356870, 9568700, 9593880, 25180
356871, 9568710, 9593894, 25184
356872, 9568720, 9593907, 25187
356873, 9568730, 9593921, 25191
356874, 9568740, 9593934, 25194
356876, 9568760, 9593947, 25187
356877, 9568770, 9593961, 25191
356878, 9568780, 9593974, 25194
356879, 9568790, 9593988, 25198
356880, 9568800, 9594001, 25201
356881, 9568810, 9594015, 25205
356882, 9568820, 9594028, 25208
356883, 9568830, 9594042, 25212
356884, 9568840, 9594055, 25215
356885, 9568850, 9594068, 25218
356887, 9568870, 9594082, 25212
356888, 9568880, 9594095, 25215
356889, 9568890, 9594109, 25219
356890, 9568900, 9594122, 25222
356891, 9568910, 9594136, 25226
356892, 9568920, 9594149, 25229
356893, 9568930, 9594162, 25232
356894, 9568940, 9594176, 25236
356895, 9568950, 9594189, 25239
356897, 9568970, 9594203, 25233
356898, 9568980, 9594216, 25236
356899, 9568990, 9594230, 25240
356901, 9569010, 9594257, 25247
356902, 9569020, 9594270, 25250
356903, 9569030, 9594283, 25253
356904, 9569040, 9594297, 25257
356905, 9569050, 9594310, 25260
356906, 9569060, 9594324, 25264
356908, 9569080, 9594337, 25257
356909, 9569090, 9594351, 25261
356910, 9569100, 9594364, 25264
356911, 9569110, 9594378, 25268
356912, 9569120, 9594391, 25271
356913, 9569130, 9594404, 25274
356914, 9569140, 9594418, 25278
356915, 9569150, 9594431, 25281
356916, 9569160, 9598012, 28852
356918, 9569180, 9598026, 28846
356919, 9569190, 9598039, 28849
356920, 9569200, 9598052, 28852
356921, 9569210, 9598066, 28856
356922, 9569220, 9598079, 28859
356923, 9569230, 9598093, 28863
356924, 9569240, 9598106, 28866
356925, 9569250, 9598120, 28870
356926, 9569260, 9598133, 28873
356927, 9569270, 9598146, 28876
356929, 9569290, 9598160, 28870
356930, 9569300, 9598173, 28873
356931, 9569310, 9598187, 28877
356932, 9569320, 9598200, 28880
356933, 9569330, 9598214, 28884
356934, 9569340, 9598227, 28887
356935, 9569350, 9598241, 28891
356936, 9569360, 9598254, 28894
356937, 9569370, 9598267, 28897
356938, 9569380, 9598281, 28901
356940, 9569400, 9598294, 28894
356941, 9569410, 9598308, 28898
356942, 9569420, 9598321, 28901
356943, 9569430, 9598335, 28905
356944, 9569440, 9598348, 28908
356945, 9569450, 9598362, 28912
356946, 9569460, 9598375, 28915
356947, 9569470, 9598388, 28918
356948, 9569480, 9598402, 28922
356951, 9569510, 9598429, 28919
356952, 9569520, 9598442, 28922
356953, 9569530, 9598456, 28926
356954, 9569540, 9598469, 28929
356955, 9569550, 9598482, 28932
356956, 9569560, 9598496, 28936
356957, 9569570, 9598509, 28939
356958, 9569580, 9598523, 28943
356959, 9569590, 9598536, 28946
356961, 9569610, 9598550, 28940
356962, 9569620, 9598563, 28943
356963, 9569630, 9598577, 28947
356964, 9569640, 9598590, 28950
356965, 9569650, 9598603, 28953
356966, 9569660, 9598617, 28957
356967, 9569670, 9598630, 28960
356968, 9569680, 9598644, 28964
356969, 9569690, 9598657, 28967
356971, 9569710, 9598671, 28961
356972, 9569720, 9598684, 28964
356973, 9569730, 9598698, 28968
356974, 9569740, 9598711, 28971
356975, 9569750, 9598724, 28974
356976, 9569760, 9598738, 28978
356977, 9569770, 9598751, 28981
356978, 9569780, 9598765, 28985
356979, 9569790, 9598778, 28988
356980, 9569800, 9598792, 28992
356982, 9569820, 9598805, 28985
356983, 9569830, 9598818, 28988
356984, 9569840, 9598832, 28992
356985, 9569850, 9598845, 28995
356986, 9569860, 9598859, 28999
356987, 9569870, 9598872, 29002
356988, 9569880, 9598886, 29006
356989, 9569890, 9598899, 29009
356990, 9569900, 9598913, 29013
356991, 9569910, 9598926, 29016
356993, 9569930, 9598939, 29009
356994, 9569940, 9598953, 29013
356995, 9569950, 9598966, 29016
356996, 9569960, 9598980, 29020
356997, 9569970, 9598993, 29023
356998, 9569980, 9599007, 29027
356999, 9569990, 9599020, 29030
357402, 9574020, 9599047, 25027
357403, 9574030, 9599060, 25030
357404, 9574040, 9599074, 25034
357405, 9574050, 9599087, 25037
357406, 9574060, 9599101, 25041
357407, 9574070, 9599114, 25044
357408, 9574080, 9599128, 25048
357409, 9574090, 9599141, 25051
357410, 9574100, 9599154, 25054
357412, 9574120, 9599168, 25048
357413, 9574130, 9599181, 25051
357414, 9574140, 9599195, 25055
357415, 9574150, 9599208, 25058
357416, 9574160, 9599222, 25062
357417, 9574170, 9599235, 25065
357418, 9574180, 9599249, 25069
357419, 9574190, 9599262, 25072
357420, 9574200, 9599275, 25075
357421, 9574210, 9599289, 25079
357423, 9574230, 9599302, 25072
357424, 9574240, 9599316, 25076
357425, 9574250, 9599329, 25079
357426, 9574260, 9599343, 25083
357427, 9574270, 9599356, 25086
357428, 9574280, 9599370, 25090
357429, 9574290, 9599383, 25093
357430, 9574300, 9599396, 25096
357431, 9574310, 9599410, 25100
357433, 9574330, 9599423, 25093
357434, 9574340, 9599437, 25097
357435, 9574350, 9599450, 25100
357436, 9574360, 9599464, 25104
357437, 9574370, 9599477, 25107
357438, 9574380, 9599490, 25110
357439, 9574390, 9599504, 25114
357440, 9574400, 9599517, 25117
357441, 9574410, 9599531, 25121
357442, 9574420, 9599544, 25124
357444, 9574440, 9599558, 25118
357445, 9574450, 9599571, 25121
357446, 9574460, 9599585, 25125
357447, 9574470, 9599598, 25128
357448, 9574480, 9599611, 25131
357449, 9574490, 9599625, 25135
357451, 9574510, 9599652, 25142
357452, 9574520, 9599665, 25145
357453, 9574530, 9599679, 25149
357455, 9574550, 9599692, 25142
357456, 9574560, 9599706, 25146
357457, 9574570, 9599719, 25149
357458, 9574580, 9599732, 25152
357459, 9574590, 9599746, 25156
357460, 9574600, 9599759, 25159
357461, 9574610, 9599773, 25163
357462, 9574620, 9599786, 25166
357463, 9574630, 9599800, 25170
357465, 9574650, 9599813, 25163
357466, 9574660, 9599826, 25166
357467, 9574670, 9599840, 25170
357468, 9574680, 9599853, 25173
357469, 9574690, 9599867, 25177
357470, 9574700, 9599880, 25180
357471, 9574710, 9599894, 25184
357472, 9574720, 9599907, 25187
357473, 9574730, 9599921, 25191
357474, 9574740, 9599934, 25194
357476, 9574760, 9599947, 25187
357477, 9574770, 9599961, 25191
357478, 9574780, 9599974, 25194
357479, 9574790, 9599988, 25198
357480, 9574800, 9600001, 25201
357481, 9574810, 9600015, 25205
357482, 9574820, 9600028, 25208
357483, 9574830, 9600042, 25212
357484, 9574840, 9600055, 25215
357485, 9574850, 9600068, 25218
357487, 9574870, 9600082, 25212
357488, 9574880, 9600095, 25215
357489, 9574890, 9600109, 25219
357490, 9574900, 9600122, 25222
357491, 9574910, 9600136, 25226
357492, 9574920, 9600149, 25229
357493, 9574930, 9600162, 25232
357494, 9574940, 9600176, 25236
357495, 9574950, 9600189, 25239
357497, 9574970, 9600203, 25233
357498, 9574980, 9600216, 25236
357499, 9574990, 9600230, 25240
357501, 9575010, 9600257, 25247
357502, 9575020, 9600270, 25250
357503, 9575030, 9600283, 25253
357504, 9575040, 9600297, 25257
357505, 9575050, 9600310, 25260
357506, 9575060, 9600324, 25264
357508, 9575080, 9600337, 25257
357509, 9575090, 9600351, 25261
357510, 9575100, 9600364, 25264
357511, 9575110, 9600378, 25268
357512, 9575120, 9600391, 25271
357513, 9575130, 9600404, 25274
357514, 9575140, 9600418, 25278
357515, 9575150, 9600431, 25281
357516, 9575160, 9604012, 28852
357517, 9575170, 9604026, 28856
357519, 9575190, 9604039, 28849
357520, 9575200, 9604052, 28852
357521, 9575210, 9604066, 28856
357522, 9575220, 9604079, 28859
357523, 9575230, 9604093, 28863
357524, 9575240, 9604106, 28866
357525, 9575250, 9604120, 28870
357526, 9575260, 9604133, 28873
357527, 9575270, 9604146, 28876
357529, 9575290, 9604160, 28870
357530, 9575300, 9604173, 28873
357531, 9575310, 9604187, 28877
357532, 9575320, 9604200, 28880
357533, 9575330, 9604214, 28884
357534, 9575340, 9604227, 28887
357535, 9575350, 9604241, 28891
357536, 9575360, 9604254, 28894
357537, 9575370, 9604267, 28897
357538, 9575380, 9604281, 28901
357540, 9575400, 9604294, 28894
357541, 9575410, 9604308, 28898
357542, 9575420, 9604321, 28901
357543, 9575430, 9604335, 28905
357544, 9575440, 9604348, 28908
357545, 9575450, 9604362, 28912
357546, 9575460, 9604375, 28915
357547, 9575470, 9604388, 28918
357548, 9575480, 9604402, 28922
357551, 9575510, 9604429, 28919
357552, 9575520, 9604442, 28922
357553, 9575530, 9604456, 28926
357554, 9575540, 9604469, 28929
357555, 9575550, 9604482, 28932
357556, 9575560, 9604496, 28936
357557, 9575570, 9604509, 28939
357558, 9575580, 9604523, 28943
357559, 9575590, 9604536, 28946
357561, 9575610, 9604550, 28940
357562, 9575620, 9604563, 28943
357563, 9575630, 9604577, 28947
357564, 9575640, 9604590, 28950
357565, 9575650, 9604603, 28953
357566, 9575660, 9604617, 28957
357567, 9575670, 9604630, 28960
357568, 9575680, 9604644, 28964
357569, 9575690, 9604657, 28967
357570, 9575700, 9604671, 28971
357572, 9575720, 9604684, 28964
357573, 9575730, 9604698, 28968
357574, 9575740, 9604711, 28971
357575, 9575750, 9604724, 28974
357576, 9575760, 9604738, 28978
357577, 9575770, 9604751, 28981
357578, 9575780, 9604765, 28985
357579, 9575790, 9604778, 28988
357580, 9575800, 9604792, 28992
357582, 9575820, 9604805, 28985
357583, 9575830, 9604818, 28988
357584, 9575840, 9604832, 28992
357585, 9575850, 9604845, 28995
357586, 9575860, 9604859, 28999
357587, 9575870, 9604872, 29002
357588, 9575880, 9604886, 29006
357589, 9575890, 9604899, 29009
357590, 9575900, 9604913, 29013
357591, 9575910, 9604926, 29016
357593, 9575930, 9604939, 29009
357594, 9575940, 9604953, 29013
357595, 9575950, 9604966, 29016
357596, 9575960, 9604980, 29020
357597, 9575970, 9604993, 29023
357598, 9575980, 9605007, 29027
357599, 9575990, 9605020, 29030
358002, 9580020, 9605047, 25027
358003, 9580030, 9605060, 25030
358004, 9580040, 9605074, 25034
358005, 9580050, 9605087, 25037
358006, 9580060, 9605101, 25041
358007, 9580070, 9605114, 25044
358008, 9580080, 9605127, 25047
358009, 9580090, 9605141, 25051
358010, 9580100, 9605154, 25054
358012, 9580120, 9605168, 25048
358013, 9580130, 9605181, 25051
358014, 9580140, 9605195, 25055
358015, 9580150, 9605208, 25058
358016, 9580160, 9605222, 25062
358017, 9580170, 9605235, 25065
358018, 9580180, 9605248, 25068
358019, 9580190, 9605262, 25072
358020, 9580200, 9605275, 25075
358021, 9580210, 9605289, 25079
358023, 9580230, 9605302, 25072
358024, 9580240, 9605316, 25076
358025, 9580250, 9605329, 25079
358026, 9580260, 9605342, 25082
358027, 9580270, 9605356, 25086
358028, 9580280, 9605369, 25089
358029, 9580290, 9605383, 25093
358030, 9580300, 9605396, 25096
358031, 9580310, 9605410, 25100
358033, 9580330, 9605423, 25093
358034, 9580340, 9605437, 25097
358035, 9580350, 9605450, 25100
358036, 9580360, 9605463, 25103
358037, 9580370, 9605477, 25107
358038, 9580380, 9605490, 25110
358039, 9580390, 9605504, 25114
358040, 9580400, 9605517, 25117
358041, 9580410, 9605531, 25121
358042, 9580420, 9605544, 25124
358044, 9580440, 9605558, 25118
358045, 9580450, 9605571, 25121
358046, 9580460, 9605584, 25124
358047, 9580470, 9605598, 25128
358048, 9580480, 9605611, 25131
358049, 9580490, 9605625, 25135
358051, 9580510, 9605652, 25142
358052, 9580520, 9605665, 25145
358053, 9580530, 9605678, 25148
358055, 9580550, 9605692, 25142
358056, 9580560, 9605705, 25145
358057, 9580570, 9605719, 25149
358058, 9580580, 9605732, 25152
358059, 9580590, 9605746, 25156
358060, 9580600, 9605759, 25159
358061, 9580610, 9605773, 25163
358062, 9580620, 9605786, 25166
358063, 9580630, 9605799, 25169
358065, 9580650, 9605813, 25163
358066, 9580660, 9605826, 25166
358067, 9580670, 9605840, 25170
358068, 9580680, 9605853, 25173
358069, 9580690, 9605867, 25177
358070, 9580700, 9605880, 25180
358071, 9580710, 9605894, 25184
358072, 9580720, 9605907, 25187
358073, 9580730, 9605920, 25190
358074, 9580740, 9605934, 25194
358076, 9580760, 9605947, 25187
358077, 9580770, 9605961, 25191
358078, 9580780, 9605974, 25194
358079, 9580790, 9605988, 25198
358080, 9580800, 9606001, 25201
358081, 9580810, 9606014, 25204
358082, 9580820, 9606028, 25208
358083, 9580830, 9606041, 25211
358084, 9580840, 9606055, 25215
358085, 9580850, 9606068, 25218
358087, 9580870, 9606082, 25212
358088, 9580880, 9606095, 25215
358089, 9580890, 9606109, 25219
358090, 9580900, 9606122, 25222
358091, 9580910, 9606135, 25225
358092, 9580920, 9606149, 25229
358093, 9580930, 9606162, 25232
358094, 9580940, 9606176, 25236
358095, 9580950, 9606189, 25239
358097, 9580970, 9606203, 25233
358098, 9580980, 9606216, 25236
358099, 9580990, 9606230, 25240
358101, 9581010, 9606256, 25246
358102, 9581020, 9606270, 25250
358103, 9581030, 9606283, 25253
358104, 9581040, 9606297, 25257
358105, 9581050, 9606310, 25260
358106, 9581060, 9606324, 25264
358108, 9581080, 9606337, 25257
358109, 9581090, 9606350, 25260
358110, 9581100, 9606364, 25264
358111, 9581110, 9606377, 25267
358112, 9581120, 9606391, 25271
358113, 9581130, 9606404, 25274
358114, 9581140, 9606418, 25278
358115, 9581150, 9606431, 25281
358116, 9581160, 9610012, 28852
358118, 9581180, 9610026, 28846
358119, 9581190, 9610039, 28849
358120, 9581200, 9610052, 28852
358121, 9581210, 9610066, 28856
358122, 9581220, 9610079, 28859
358123, 9581230, 9610093, 28863
358124, 9581240, 9610106, 28866
358125, 9581250, 9610120, 28870
358126, 9581260, 9610133, 28873
358127, 9581270, 9610146, 28876
358129, 9581290, 9610160, 28870
358130, 9581300, 9610173, 28873
358131, 9581310, 9610187, 28877
358132, 9581320, 9610200, 28880
358133, 9581330, 9610214, 28884
358134, 9581340, 9610227, 28887
358135, 9581350, 9610241, 28891
358136, 9581360, 9610254, 28894
358137, 9581370, 9610267, 28897
358138, 9581380, 9610281, 28901
358140, 9581400, 9610294, 28894
358141, 9581410, 9610308, 28898
358142, 9581420, 9610321, 28901
358143, 9581430, 9610335, 28905
358144, 9581440, 9610348, 28908
358145, 9581450, 9610362, 28912
358146, 9581460, 9610375, 28915
358147, 9581470, 9610388, 28918
358148, 9581480, 9610402, 28922
358151, 9581510, 9610429, 28919
358152, 9581520, 9610442, 28922
358153, 9581530, 9610456, 28926
358154, 9581540, 9610469, 28929
358155, 9581550, 9610482, 28932
358156, 9581560, 9610496, 28936
358157, 9581570, 9610509, 28939
358158, 9581580, 9610523, 28943
358159, 9581590, 9610536, 28946
358161, 9581610, 9610550, 28940
358162, 9581620, 9610563, 28943
358163, 9581630, 9610577, 28947
358164, 9581640, 9610590, 28950
358165, 9581650, 9610603, 28953
358166, 9581660, 9610617, 28957
358167, 9581670, 9610630, 28960
358168, 9581680, 9610644, 28964
358169, 9581690, 9610657, 28967
358171, 9581710, 9610671, 28961
358172, 9581720, 9610684, 28964
358173, 9581730, 9610698, 28968
358174, 9581740, 9610711, 28971
358175, 9581750, 9610724, 28974
358176, 9581760, 9610738, 28978
358177, 9581770, 9610751, 28981
358178, 9581780, 9610765, 28985
358179, 9581790, 9610778, 28988
358180, 9581800, 9610792, 28992
358182, 9581820, 9610805, 28985
358183, 9581830, 9610818, 28988
358184, 9581840, 9610832, 28992
358185, 9581850, 9610845, 28995
358186, 9581860, 9610859, 28999
358187, 9581870, 9610872, 29002
358188, 9581880, 9610886, 29006
358189, 9581890, 9610899, 29009
358190, 9581900, 9610913, 29013
358191, 9581910, 9610926, 29016
358193, 9581930, 9610939, 29009
358194, 9581940, 9610953, 29013
358195, 9581950, 9610966, 29016
358196, 9581960, 9610980, 29020
358197, 9581970, 9610993, 29023
358198, 9581980, 9611007, 29027
358199, 9581990, 9611020, 29030
358602, 9586020, 9611047, 25027
358603, 9586030, 9611060, 25030
358604, 9586040, 9611074, 25034
358605, 9586050, 9611087, 25037
358606, 9586060, 9611101, 25041
358607, 9586070, 9611114, 25044
358608, 9586080, 9611128, 25048
358609, 9586090, 9611141, 25051
358610, 9586100, 9611154, 25054
358612, 9586120, 9611168, 25048
358613, 9586130, 9611181, 25051
358614, 9586140, 9611195, 25055
358615, 9586150, 9611208, 25058
358616, 9586160, 9611222, 25062
358617, 9586170, 9611235, 25065
358618, 9586180, 9611249, 25069
358619, 9586190, 9611262, 25072
358620, 9586200, 9611275, 25075
358621, 9586210, 9611289, 25079
358623, 9586230, 9611302, 25072
358624, 9586240, 9611316, 25076
358625, 9586250, 9611329, 25079
358626, 9586260, 9611343, 25083
358627, 9586270, 9611356, 25086
358628, 9586280, 9611370, 25090
358629, 9586290, 9611383, 25093
358630, 9586300, 9611396, 25096
358631, 9586310, 9611410, 25100
358633, 9586330, 9611423, 25093
358634, 9586340, 9611437, 25097
358635, 9586350, 9611450, 25100
358636, 9586360, 9611464, 25104
358637, 9586370, 9611477, 25107
358638, 9586380, 9611490, 25110
358639, 9586390, 9611504, 25114
358640, 9586400, 9611517, 25117
358641, 9586410, 9611531, 25121
358642, 9586420, 9611544, 25124
358644, 9586440, 9611558, 25118
358645, 9586450, 9611571, 25121
358646, 9586460, 9611585, 25125
358647, 9586470, 9611598, 25128
358648, 9586480, 9611611, 25131
358649, 9586490, 9611625, 25135
358651, 9586510, 9611652, 25142
358652, 9586520, 9611665, 25145
358653, 9586530, 9611679, 25149
358655, 9586550, 9611692, 25142
358656, 9586560, 9611706, 25146
358657, 9586570, 9611719, 25149
358658, 9586580, 9611732, 25152
358659, 9586590, 9611746, 25156
358660, 9586600, 9611759, 25159
358661, 9586610, 9611773, 25163
358662, 9586620, 9611786, 25166
358663, 9586630, 9611800, 25170
358665, 9586650, 9611813, 25163
358666, 9586660, 9611826, 25166
358667, 9586670, 9611840, 25170
358668, 9586680, 9611853, 25173
358669, 9586690, 9611867, 25177
358670, 9586700, 9611880, 25180
358671, 9586710, 9611894, 25184
358672, 9586720, 9611907, 25187
358673, 9586730, 9611921, 25191
358674, 9586740, 9611934, 25194
358676, 9586760, 9611947, 25187
358677, 9586770, 9611961, 25191
358678, 9586780, 9611974, 25194
358679, 9586790, 9611988, 25198
358680, 9586800, 9612001, 25201
358681, 9586810, 9612015, 25205
358682, 9586820, 9612028, 25208
358683, 9586830, 9612042, 25212
358684, 9586840, 9612055, 25215
358685, 9586850, 9612068, 25218
358687, 9586870, 9612082, 25212
358688, 9586880, 9612095, 25215
358689, 9586890, 9612109, 25219
358690, 9586900, 9612122, 25222
358691, 9586910, 9612136, 25226
358692, 9586920, 9612149, 25229
358693, 9586930, 9612162, 25232
358694, 9586940, 9612176, 25236
358695, 9586950, 9612189, 25239
358697, 9586970, 9612203, 25233
358698, 9586980, 9612216, 25236
358699, 9586990, 9612230, 25240
358701, 9587010, 9612257, 25247
358702, 9587020, 9612270, 25250
358703, 9587030, 9612283, 25253
358704, 9587040, 9612297, 25257
358705, 9587050, 9612310, 25260
358706, 9587060, 9612324, 25264
358708, 9587080, 9612337, 25257
358709, 9587090, 9612351, 25261
358710, 9587100, 9612364, 25264
358711, 9587110, 9612378, 25268
358712, 9587120, 9612391, 25271
358713, 9587130, 9612404, 25274
358714, 9587140, 9612418, 25278
358715, 9587150, 9612431, 25281
358716, 9587160, 9616012, 28852
358718, 9587180, 9616026, 28846
358719, 9587190, 9616039, 28849
358720, 9587200, 9616052, 28852
358721, 9587210, 9616066, 28856
358722, 9587220, 9616079, 28859
358723, 9587230, 9616093, 28863
358724, 9587240, 9616106, 28866
358725, 9587250, 9616120, 28870
358726, 9587260, 9616133, 28873
358727, 9587270, 9616146, 28876
358729, 9587290, 9616160, 28870
358730, 9587300, 9616173, 28873
358731, 9587310, 9616187, 28877
358732, 9587320, 9616200, 28880
358733, 9587330, 9616214, 28884
358734, 9587340, 9616227, 28887
358735, 9587350, 9616241, 28891
358736, 9587360, 9616254, 28894
358737, 9587370, 9616267, 28897
358738, 9587380, 9616281, 28901
358740, 9587400, 9616294, 28894
358741, 9587410, 9616308, 28898
358742, 9587420, 9616321, 28901
358743, 9587430, 9616335, 28905
358744, 9587440, 9616348, 28908
358745, 9587450, 9616362, 28912
358746, 9587460, 9616375, 28915
358747, 9587470, 9616388, 28918
358748, 9587480, 9616402, 28922
358751, 9587510, 9616429, 28919
358752, 9587520, 9616442, 28922
358753, 9587530, 9616456, 28926
358754, 9587540, 9616469, 28929
358755, 9587550, 9616482, 28932
358756, 9587560, 9616496, 28936
358757, 9587570, 9616509, 28939
358758, 9587580, 9616523, 28943
358759, 9587590, 9616536, 28946
358761, 9587610, 9616550, 28940
358762, 9587620, 9616563, 28943
358763, 9587630, 9616577, 28947
358764, 9587640, 9616590, 28950
358765, 9587650, 9616603, 28953
358766, 9587660, 9616617, 28957
358767, 9587670, 9616630, 28960
358768, 9587680, 9616644, 28964
358769, 9587690, 9616657, 28967
358771, 9587710, 9616671, 28961
358772, 9587720, 9616684, 28964
358773, 9587730, 9616698, 28968
358774, 9587740, 9616711, 28971
358775, 9587750, 9616724, 28974
358776, 9587760, 9616738, 28978
358777, 9587770, 9616751, 28981
358778, 9587780, 9616765, 28985
358779, 9587790, 9616778, 28988
358780, 9587800, 9616792, 28992
358782, 9587820, 9616805, 28985
358783, 9587830, 9616818, 28988
358784, 9587840, 9616832, 28992
358785, 9587850, 9616845, 28995
358786, 9587860, 9616859, 28999
358787, 9587870, 9616872, 29002
358788, 9587880, 9616886, 29006
358789, 9587890, 9616899, 29009
358790, 9587900, 9616913, 29013
358791, 9587910, 9616926, 29016
358793, 9587930, 9616939, 29009
358794, 9587940, 9616953, 29013
358795, 9587950, 9616966, 29016
358796, 9587960, 9616980, 29020
358797, 9587970, 9616993, 29023
358798, 9587980, 9617007, 29027
358799, 9587990, 9617020, 29030
359202, 9592020, 9617047, 25027
359203, 9592030, 9617060, 25030
359204, 9592040, 9617074, 25034
359205, 9592050, 9617087, 25037
359206, 9592060, 9617101, 25041
359207, 9592070, 9617114, 25044
359208, 9592080, 9617128, 25048
359209, 9592090, 9617141, 25051
359210, 9592100, 9617154, 25054
359212, 9592120, 9617168, 25048
359213, 9592130, 9617181, 25051
359214, 9592140, 9617195, 25055
359215, 9592150, 9617208, 25058
359216, 9592160, 9617222, 25062
359217, 9592170, 9617235, 25065
359218, 9592180, 9617249, 25069
359219, 9592190, 9617262, 25072
359220, 9592200, 9617275, 25075
359221, 9592210, 9617289, 25079
359223, 9592230, 9617302, 25072
359224, 9592240, 9617316, 25076
359225, 9592250, 9617329, 25079
359226, 9592260, 9617343, 25083
359227, 9592270, 9617356, 25086
359228, 9592280, 9617370, 25090
359229, 9592290, 9617383, 25093
359230, 9592300, 9617396, 25096
359231, 9592310, 9617410, 25100
359233, 9592330, 9617423, 25093
359234, 9592340, 9617437, 25097
359235, 9592350, 9617450, 25100
359236, 9592360, 9617464, 25104
359237, 9592370, 9617477, 25107
359238, 9592380, 9617490, 25110
359239, 9592390, 9617504, 25114
359240, 9592400, 9617517, 25117
359241, 9592410, 9617531, 25121
359242, 9592420, 9617544, 25124
359244, 9592440, 9617558, 25118
359245, 9592450, 9617571, 25121
359246, 9592460, 9617585, 25125
359247, 9592470, 9617598, 25128
359248, 9592480, 9617611, 25131
359249, 9592490, 9617625, 25135
359251, 9592510, 9617652, 25142
359252, 9592520, 9617665, 25145
359253, 9592530, 9617679, 25149
359255, 9592550, 9617692, 25142
359256, 9592560, 9617706, 25146
359257, 9592570, 9617719, 25149
359258, 9592580, 9617732, 25152
359259, 9592590, 9617746, 25156
359260, 9592600, 9617759, 25159
359261, 9592610, 9617773, 25163
359262, 9592620, 9617786, 25166
359263, 9592630, 9617800, 25170
359265, 9592650, 9617813, 25163
359266, 9592660, 9617826, 25166
359267, 9592670, 9617840, 25170
359268, 9592680, 9617853, 25173
359269, 9592690, 9617867, 25177
359270, 9592700, 9617880, 25180
359271, 9592710, 9617894, 25184
359272, 9592720, 9617907, 25187
359273, 9592730, 9617921, 25191
359274, 9592740, 9617934, 25194
359276, 9592760, 9617947, 25187
359277, 9592770, 9617961, 25191
359278, 9592780, 9617974, 25194
359279, 9592790, 9617988, 25198
359280, 9592800, 9618001, 25201
359281, 9592810, 9618015, 25205
359282, 9592820, 9618028, 25208
359283, 9592830, 9618042, 25212
359284, 9592840, 9618055, 25215
359285, 9592850, 9618068, 25218
359287, 9592870, 9618082, 25212
359288, 9592880, 9618095, 25215
359289, 9592890, 9618109, 25219
359290, 9592900, 9618122, 25222
359291, 9592910, 9618136, 25226
359292, 9592920, 9618149, 25229
359293, 9592930, 9618162, 25232
359294, 9592940, 9618176, 25236
359295, 9592950, 9618189, 25239
359297, 9592970, 9618203, 25233
359298, 9592980, 9618216, 25236
359299, 9592990, 9618230, 25240
359301, 9593010, 9618257, 25247
359302, 9593020, 9618270, 25250
359303, 9593030, 9618283, 25253
359304, 9593040, 9618297, 25257
359305, 9593050, 9618310, 25260
359306, 9593060, 9618324, 25264
359308, 9593080, 9618337, 25257
359309, 9593090, 9618351, 25261
359310, 9593100, 9618364, 25264
359311, 9593110, 9618378, 25268
359312, 9593120, 9618391, 25271
359313, 9593130, 9618404, 25274
359314, 9593140, 9618418, 25278
359315, 9593150, 9618431, 25281
359316, 9593160, 9622012, 28852
359318, 9593180, 9622026, 28846
359319, 9593190, 9622039, 28849
359320, 9593200, 9622052, 28852
359321, 9593210, 9622066, 28856
359322, 9593220, 9622079, 28859
359323, 9593230, 9622093, 28863
359324, 9593240, 9622106, 28866
359325, 9593250, 9622120, 28870
359326, 9593260, 9622133, 28873
359327, 9593270, 9622146, 28876
359329, 9593290, 9622160, 28870
359330, 9593300, 9622173, 28873
359331, 9593310, 9622187, 28877
359332, 9593320, 9622200, 28880
359333, 9593330, 9622214, 28884
359334, 9593340, 9622227, 28887
359335, 9593350, 9622241, 28891
359336, 9593360, 9622254, 28894
359337, 9593370, 9622267, 28897
359338, 9593380, 9622281, 28901
359340, 9593400, 9622294, 28894
359341, 9593410, 9622308, 28898
359342, 9593420, 9622321, 28901
359343, 9593430, 9622335, 28905
359344, 9593440, 9622348, 28908
359345, 9593450, 9622362, 28912
359346, 9593460, 9622375, 28915
359347, 9593470, 9622388, 28918
359348, 9593480, 9622402, 28922
359351, 9593510, 9622429, 28919
359352, 9593520, 9622442, 28922
359353, 9593530, 9622456, 28926
359354, 9593540, 9622469, 28929
359355, 9593550, 9622482, 28932
359356, 9593560, 9622496, 28936
359357, 9593570, 9622509, 28939
359358, 9593580, 9622523, 28943
359359, 9593590, 9622536, 28946
359361, 9593610, 9622550, 28940
359362, 9593620, 9622563, 28943
359363, 9593630, 9622577, 28947
359364, 9593640, 9622590, 28950
359365, 9593650, 9622603, 28953
359366, 9593660, 9622617, 28957
359367, 9593670, 9622630, 28960
359368, 9593680, 9622644, 28964
359369, 9593690, 9622657, 28967
359371, 9593710, 9622671, 28961
359372, 9593720, 9622684, 28964
359373, 9593730, 9622698, 28968
359374, 9593740, 9622711, 28971
359375, 9593750, 9622724, 28974
359376, 9593760, 9622738, 28978
359377, 9593770, 9622751, 28981
359378, 9593780, 9622765, 28985
359379, 9593790, 9622778, 28988
359380, 9593800, 9622792, 28992
359382, 9593820, 9622805, 28985
359383, 9593830, 9622818, 28988
359384, 9593840, 9622832, 28992
359385, 9593850, 9622845, 28995
359386, 9593860, 9622859, 28999
359387, 9593870, 9622872, 29002
359388, 9593880, 9622886, 29006
359389, 9593890, 9622899, 29009
359390, 9593900, 9622913, 29013
359391, 9593910, 9622926, 29016
359393, 9593930, 9622939, 29009
359394, 9593940, 9622953, 29013
359395, 9593950, 9622966, 29016
359396, 9593960, 9622980, 29020
359397, 9593970, 9622993, 29023
359398, 9593980, 9623007, 29027
359399, 9593990, 9623020, 29030
359802, 9598020, 9623047, 25027
359803, 9598030, 9623060, 25030
359804, 9598040, 9623074, 25034
359805, 9598050, 9623087, 25037
359806, 9598060, 9623101, 25041
359807, 9598070, 9623114, 25044
359808, 9598080, 9623128, 25048
359809, 9598090, 9623141, 25051
359810, 9598100, 9623154, 25054
359812, 9598120, 9623168, 25048
359813, 9598130, 9623181, 25051
359814, 9598140, 9623195, 25055
359815, 9598150, 9623208, 25058
359816, 9598160, 9623222, 25062
359817, 9598170, 9623235, 25065
359818, 9598180, 9623249, 25069
359819, 9598190, 9623262, 25072
359820, 9598200, 9623275, 25075
359821, 9598210, 9623289, 25079
359823, 9598230, 9623302, 25072
359824, 9598240, 9623316, 25076
359825, 9598250, 9623329, 25079
359826, 9598260, 9623343, 25083
359827, 9598270, 9623356, 25086
359828, 9598280, 9623370, 25090
359829, 9598290, 9623383, 25093
359830, 9598300, 9623396, 25096
359831, 9598310, 9623410, 25100
359833, 9598330, 9623423, 25093
359834, 9598340, 9623437, 25097
359835, 9598350, 9623450, 25100
359836, 9598360, 9623464, 25104
359837, 9598370, 9623477, 25107
359838, 9598380, 9623490, 25110
359839, 9598390, 9623504, 25114
359840, 9598400, 9623517, 25117
359841, 9598410, 9623531, 25121
359842, 9598420, 9623544, 25124
359844, 9598440, 9623558, 25118
359845, 9598450, 9623571, 25121
359846, 9598460, 9623585, 25125
359847, 9598470, 9623598, 25128
359848, 9598480, 9623611, 25131
359849, 9598490, 9623625, 25135
359851, 9598510, 9623652, 25142
359852, 9598520, 9623665, 25145
359853, 9598530, 9623679, 25149
359855, 9598550, 9623692, 25142
359856, 9598560, 9623706, 25146
359857, 9598570, 9623719, 25149
359858, 9598580, 9623732, 25152
359859, 9598590, 9623746, 25156
359860, 9598600, 9623759, 25159
359861, 9598610, 9623773, 25163
359862, 9598620, 9623786, 25166
359863, 9598630, 9623800, 25170
359865, 9598650, 9623813, 25163
359866, 9598660, 9623826, 25166
359867, 9598670, 9623840, 25170
359868, 9598680, 9623853, 25173
359869, 9598690, 9623867, 25177
359870, 9598700, 9623880, 25180
359871, 9598710, 9623894, 25184
359872, 9598720, 9623907, 25187
359873, 9598730, 9623921, 25191
359874, 9598740, 9623934, 25194
359876, 9598760, 9623947, 25187
359877, 9598770, 9623961, 25191
359878, 9598780, 9623974, 25194
359879, 9598790, 9623988, 25198
359880, 9598800, 9624001, 25201
359881, 9598810, 9624015, 25205
359882, 9598820, 9624028, 25208
359883, 9598830, 9624042, 25212
359884, 9598840, 9624055, 25215
359885, 9598850, 9624068, 25218
359887, 9598870, 9624082, 25212
359888, 9598880, 9624095, 25215
359889, 9598890, 9624109, 25219
359890, 9598900, 9624122, 25222
359891, 9598910, 9624136, 25226
359892, 9598920, 9624149, 25229
359893, 9598930, 9624162, 25232
359894, 9598940, 9624176, 25236
359895, 9598950, 9624189, 25239
359897, 9598970, 9624203, 25233
359898, 9598980, 9624216, 25236
359899, 9598990, 9624230, 25240
359901, 9599010, 9624257, 25247
359902, 9599020, 9624270, 25250
359903, 9599030, 9624283, 25253
359904, 9599040, 9624297, 25257
359905, 9599050, 9624310, 25260
359906, 9599060, 9624324, 25264
359908, 9599080, 9624337, 25257
359909, 9599090, 9624351, 25261
359910, 9599100, 9624364, 25264
359911, 9599110, 9624378, 25268
359912, 9599120, 9624391, 25271
359913, 9599130, 9624404, 25274
359914, 9599140, 9624418, 25278
359915, 9599150, 9624431, 25281
359916, 9599160, 9628012, 28852
359918, 9599180, 9628026, 28846
359919, 9599190, 9628039, 28849
359920, 9599200, 9628052, 28852
359921, 9599210, 9628066, 28856
359922, 9599220, 9628079, 28859
359923, 9599230, 9628093, 28863
359924, 9599240, 9628106, 28866
359925, 9599250, 9628120, 28870
359926, 9599260, 9628133, 28873
359927, 9599270, 9628146, 28876
359929, 9599290, 9628160, 28870
359930, 9599300, 9628173, 28873
359931, 9599310, 9628187, 28877
359932, 9599320, 9628200, 28880
359933, 9599330, 9628214, 28884
359934, 9599340, 9628227, 28887
359935, 9599350, 9628241, 28891
359936, 9599360, 9628254, 28894
359937, 9599370, 9628267, 28897
359938, 9599380, 9628281, 28901
359940, 9599400, 9628294, 28894
359941, 9599410, 9628308, 28898
359942, 9599420, 9628321, 28901
359943, 9599430, 9628335, 28905
359944, 9599440, 9628348, 28908
359945, 9599450, 9628362, 28912
359946, 9599460, 9628375, 28915
359947, 9599470, 9628388, 28918
359948, 9599480, 9628402, 28922
359951, 9599510, 9628429, 28919
359952, 9599520, 9628442, 28922
359953, 9599530, 9628456, 28926
359954, 9599540, 9628469, 28929
359955, 9599550, 9628482, 28932
359956, 9599560, 9628496, 28936
359957, 9599570, 9628509, 28939
359958, 9599580, 9628523, 28943
359959, 9599590, 9628536, 28946
359961, 9599610, 9628550, 28940
359962, 9599620, 9628563, 28943
359963, 9599630, 9628577, 28947
359964, 9599640, 9628590, 28950
359965, 9599650, 9628603, 28953
359966, 9599660, 9628617, 28957
359967, 9599670, 9628630, 28960
359968, 9599680, 9628644, 28964
359969, 9599690, 9628657, 28967
359971, 9599710, 9628671, 28961
359972, 9599720, 9628684, 28964
359973, 9599730, 9628698, 28968
359974, 9599740, 9628711, 28971
359975, 9599750, 9628724, 28974
359976, 9599760, 9628738, 28978
359977, 9599770, 9628751, 28981
359978, 9599780, 9628765, 28985
359979, 9599790, 9628778, 28988
359980, 9599800, 9628792, 28992
359982, 9599820, 9628805, 28985
359983, 9599830, 9628818, 28988
359984, 9599840, 9628832, 28992
359985, 9599850, 9628845, 28995
359986, 9599860, 9628859, 28999
359987, 9599870, 9628872, 29002
359988, 9599880, 9628886, 29006
359989, 9599890, 9628899, 29009
359990, 9599900, 9628913, 29013
359991, 9599910, 9628926, 29016
359993, 9599930, 9628939, 29009
359994, 9599940, 9628953, 29013
359995, 9599950, 9628966, 29016
359996, 9599960, 9628980, 29020
359997, 9599970, 9628993, 29023
359998, 9599980, 9629007, 29027
359999, 9599990, 9629020, 29030
360402, 9604020, 9629047, 25027
360403, 9604030, 9629060, 25030
360404, 9604040, 9629074, 25034
360405, 9604050, 9629087, 25037
360406, 9604060, 9629101, 25041
360407, 9604070, 9629114, 25044
360408, 9604080, 9629128, 25048
360409, 9604090, 9629141, 25051
360410, 9604100, 9629154, 25054
360412, 9604120, 9629168, 25048
360413, 9604130, 9629181, 25051
360414, 9604140, 9629195, 25055
360415, 9604150, 9629208, 25058
360416, 9604160, 9629222, 25062
360417, 9604170, 9629235, 25065
360418, 9604180, 9629249, 25069
360419, 9604190, 9629262, 25072
360420, 9604200, 9629275, 25075
360421, 9604210, 9629289, 25079
360423, 9604230, 9629302, 25072
360424, 9604240, 9629316, 25076
360425, 9604250, 9629329, 25079
360426, 9604260, 9629343, 25083
360427, 9604270, 9629356, 25086
360428, 9604280, 9629370, 25090
360429, 9604290, 9629383, 25093
360430, 9604300, 9629396, 25096
360431, 9604310, 9629410, 25100
360433, 9604330, 9629423, 25093
360434, 9604340, 9629437, 25097
360435, 9604350, 9629450, 25100
360436, 9604360, 9629464, 25104
360437, 9604370, 9629477, 25107
360438, 9604380, 9629490, 25110
360439, 9604390, 9629504, 25114
360440, 9604400, 9629517, 25117
360441, 9604410, 9629531, 25121
360442, 9604420, 9629544, 25124
360444, 9604440, 9629558, 25118
360445, 9604450, 9629571, 25121
360446, 9604460, 9629585, 25125
360447, 9604470, 9629598, 25128
360448, 9604480, 9629611, 25131
360449, 9604490, 9629625, 25135
360451, 9604510, 9629652, 25142
360452, 9604520, 9629665, 25145
360453, 9604530, 9629679, 25149
360455, 9604550, 9629692, 25142
360456, 9604560, 9629706, 25146
360457, 9604570, 9629719, 25149
360458, 9604580, 9629732, 25152
360459, 9604590, 9629746, 25156
360460, 9604600, 9629759, 25159
360461, 9604610, 9629773, 25163
360462, 9604620, 9629786, 25166
360463, 9604630, 9629800, 25170
360465, 9604650, 9629813, 25163
360466, 9604660, 9629826, 25166
360467, 9604670, 9629840, 25170
360468, 9604680, 9629853, 25173
360469, 9604690, 9629867, 25177
360470, 9604700, 9629880, 25180
360471, 9604710, 9629894, 25184
360472, 9604720, 9629907, 25187
360473, 9604730, 9629921, 25191
360474, 9604740, 9629934, 25194
360476, 9604760, 9629947, 25187
360477, 9604770, 9629961, 25191
360478, 9604780, 9629974, 25194
360479, 9604790, 9629988, 25198
360480, 9604800, 9630001, 25201
360481, 9604810, 9630015, 25205
360482, 9604820, 9630028, 25208
360483, 9604830, 9630042, 25212
360484, 9604840, 9630055, 25215
360485, 9604850, 9630068, 25218
360487, 9604870, 9630082, 25212
360488, 9604880, 9630095, 25215
360489, 9604890, 9630109, 25219
360490, 9604900, 9630122, 25222
360491, 9604910, 9630136, 25226
360492, 9604920, 9630149, 25229
360493, 9604930, 9630162, 25232
360494, 9604940, 9630176, 25236
360495, 9604950, 9630189, 25239
360497, 9604970, 9630203, 25233
360498, 9604980, 9630216, 25236
360499, 9604990, 9630230, 25240
360501, 9605010, 9630257, 25247
360502, 9605020, 9630270, 25250
360503, 9605030, 9630283, 25253
360504, 9605040, 9630297, 25257
360505, 9605050, 9630310, 25260
360506, 9605060, 9630324, 25264
360508, 9605080, 9630337, 25257
360509, 9605090, 9630351, 25261
360510, 9605100, 9630364, 25264
360511, 9605110, 9630378, 25268
360512, 9605120, 9630391, 25271
360513, 9605130, 9630404, 25274
360514, 9605140, 9630418, 25278
360515, 9605150, 9630431, 25281
360516, 9605160, 9634012, 28852
360517, 9605170, 9634026, 28856
360519, 9605190, 9634039, 28849
360520, 9605200, 9634052, 28852
360521, 9605210, 9634066, 28856
360522, 9605220, 9634079, 28859
360523, 9605230, 9634093, 28863
360524, 9605240, 9634106, 28866
360525, 9605250, 9634120, 28870
360526, 9605260, 9634133, 28873
360527, 9605270, 9634146, 28876
360529, 9605290, 9634160, 28870
360530, 9605300, 9634173, 28873
360531, 9605310, 9634187, 28877
360532, 9605320, 9634200, 28880
360533, 9605330, 9634214, 28884
360534, 9605340, 9634227, 28887
360535, 9605350, 9634241, 28891
360536, 9605360, 9634254, 28894
360537, 9605370, 9634267, 28897
360538, 9605380, 9634281, 28901
360540, 9605400, 9634294, 28894
360541, 9605410, 9634308, 28898
360542, 9605420, 9634321, 28901
360543, 9605430, 9634335, 28905
360544, 9605440, 9634348, 28908
360545, 9605450, 9634362, 28912
360546, 9605460, 9634375, 28915
360547, 9605470, 9634388, 28918
360548, 9605480, 9634402, 28922
360551, 9605510, 9634429, 28919
360552, 9605520, 9634442, 28922
360553, 9605530, 9634456, 28926
360554, 9605540, 9634469, 28929
360555, 9605550, 9634482, 28932
360556, 9605560, 9634496, 28936
360557, 9605570, 9634509, 28939
360558, 9605580, 9634523, 28943
360559, 9605590, 9634536, 28946
360561, 9605610, 9634550, 28940
360562, 9605620, 9634563, 28943
360563, 9605630, 9634577, 28947
360564, 9605640, 9634590, 28950
360565, 9605650, 9634603, 28953
360566, 9605660, 9634617, 28957
360567, 9605670, 9634630, 28960
360568, 9605680, 9634644, 28964
360569, 9605690, 9634657, 28967
360570, 9605700, 9634671, 28971
360572, 9605720, 9634684, 28964
360573, 9605730, 9634698, 28968
360574, 9605740, 9634711, 28971
360575, 9605750, 9634724, 28974
360576, 9605760, 9634738, 28978
360577, 9605770, 9634751, 28981
360578, 9605780, 9634765, 28985
360579, 9605790, 9634778, 28988
360580, 9605800, 9634792, 28992
360582, 9605820, 9634805, 28985
360583, 9605830, 9634818, 28988
360584, 9605840, 9634832, 28992
360585, 9605850, 9634845, 28995
360586, 9605860, 9634859, 28999
360587, 9605870, 9634872, 29002
360588, 9605880, 9634886, 29006
360589, 9605890, 9634899, 29009
360590, 9605900, 9634913, 29013
360591, 9605910, 9634926, 29016
360593, 9605930, 9634939, 29009
360594, 9605940, 9634953, 29013
360595, 9605950, 9634966, 29016
360596, 9605960, 9634980, 29020
360597, 9605970, 9634993, 29023
360598, 9605980, 9635007, 29027
360599, 9605990, 9635020, 29030
361002, 9610020, 9635047, 25027
361003, 9610030, 9635060, 25030
361004, 9610040, 9635074, 25034
361005, 9610050, 9635087, 25037
361006, 9610060, 9635101, 25041
361007, 9610070, 9635114, 25044
361008, 9610080, 9635127, 25047
361009, 9610090, 9635141, 25051
361010, 9610100, 9635154, 25054
361012, 9610120, 9635168, 25048
361013, 9610130, 9635181, 25051
361014, 9610140, 9635195, 25055
361015, 9610150, 9635208, 25058
361016, 9610160, 9635222, 25062
361017, 9610170, 9635235, 25065
361018, 9610180, 9635248, 25068
361019, 9610190, 9635262, 25072
361020, 9610200, 9635275, 25075
361021, 9610210, 9635289, 25079
361023, 9610230, 9635302, 25072
361024, 9610240, 9635316, 25076
361025, 9610250, 9635329, 25079
361026, 9610260, 9635342, 25082
361027, 9610270, 9635356, 25086
361028, 9610280, 9635369, 25089
361029, 9610290, 9635383, 25093
361030, 9610300, 9635396, 25096
361031, 9610310, 9635410, 25100
361033, 9610330, 9635423, 25093
361034, 9610340, 9635437, 25097
361035, 9610350, 9635450, 25100
361036, 9610360, 9635463, 25103
361037, 9610370, 9635477, 25107
361038, 9610380, 9635490, 25110
361039, 9610390, 9635504, 25114
361040, 9610400, 9635517, 25117
361041, 9610410, 9635531, 25121
361042, 9610420, 9635544, 25124
361044, 9610440, 9635558, 25118
361045, 9610450, 9635571, 25121
361046, 9610460, 9635584, 25124
361047, 9610470, 9635598, 25128
361048, 9610480, 9635611, 25131
361049, 9610490, 9635625, 25135
361051, 9610510, 9635652, 25142
361052, 9610520, 9635665, 25145
361053, 9610530, 9635678, 25148
361055, 9610550, 9635692, 25142
361056, 9610560, 9635705, 25145
361057, 9610570, 9635719, 25149
361058, 9610580, 9635732, 25152
361059, 9610590, 9635746, 25156
361060, 9610600, 9635759, 25159
361061, 9610610, 9635773, 25163
361062, 9610620, 9635786, 25166
361063, 9610630, 9635799, 25169
361065, 9610650, 9635813, 25163
361066, 9610660, 9635826, 25166
361067, 9610670, 9635840, 25170
361068, 9610680, 9635853, 25173
361069, 9610690, 9635867, 25177
361070, 9610700, 9635880, 25180
361071, 9610710, 9635894, 25184
361072, 9610720, 9635907, 25187
361073, 9610730, 9635920, 25190
361074, 9610740, 9635934, 25194
361076, 9610760, 9635947, 25187
361077, 9610770, 9635961, 25191
361078, 9610780, 9635974, 25194
361079, 9610790, 9635988, 25198
361080, 9610800, 9636001, 25201
361081, 9610810, 9636014, 25204
361082, 9610820, 9636028, 25208
361083, 9610830, 9636041, 25211
361084, 9610840, 9636055, 25215
361085, 9610850, 9636068, 25218
361087, 9610870, 9636082, 25212
361088, 9610880, 9636095, 25215
361089, 9610890, 9636109, 25219
361090, 9610900, 9636122, 25222
361091, 9610910, 9636135, 25225
361092, 9610920, 9636149, 25229
361093, 9610930, 9636162, 25232
361094, 9610940, 9636176, 25236
361095, 9610950, 9636189, 25239
361097, 9610970, 9636203, 25233
361098, 9610980, 9636216, 25236
361099, 9610990, 9636230, 25240
361101, 9611010, 9636256, 25246
361102, 9611020, 9636270, 25250
361103, 9611030, 9636283, 25253
361104, 9611040, 9636297, 25257
361105, 9611050, 9636310, 25260
361106, 9611060, 9636324, 25264
361108, 9611080, 9636337, 25257
361109, 9611090, 9636350, 25260
361110, 9611100, 9636364, 25264
361111, 9611110, 9636377, 25267
361112, 9611120, 9636391, 25271
361113, 9611130, 9636404, 25274
361114, 9611140, 9636418, 25278
361115, 9611150, 9636431, 25281
361116, 9611160, 9640012, 28852
361118, 9611180, 9640026, 28846
361119, 9611190, 9640039, 28849
361120, 9611200, 9640052, 28852
361121, 9611210, 9640066, 28856
361122, 9611220, 9640079, 28859
361123, 9611230, 9640093, 28863
361124, 9611240, 9640106, 28866
361125, 9611250, 9640120, 28870
361126, 9611260, 9640133, 28873
361127, 9611270, 9640146, 28876
361129, 9611290, 9640160, 28870
361130, 9611300, 9640173, 28873
361131, 9611310, 9640187, 28877
361132, 9611320, 9640200, 28880
361133, 9611330, 9640214, 28884
361134, 9611340, 9640227, 28887
361135, 9611350, 9640241, 28891
361136, 9611360, 9640254, 28894
361137, 9611370, 9640267, 28897
361138, 9611380, 9640281, 28901
361140, 9611400, 9640294, 28894
361141, 9611410, 9640308, 28898
361142, 9611420, 9640321, 28901
361143, 9611430, 9640335, 28905
361144, 9611440, 9640348, 28908
361145, 9611450, 9640362, 28912
361146, 9611460, 9640375, 28915
361147, 9611470, 9640388, 28918
361148, 9611480, 9640402, 28922
361151, 9611510, 9640429, 28919
361152, 9611520, 9640442, 28922
361153, 9611530, 9640456, 28926
361154, 9611540, 9640469, 28929
361155, 9611550, 9640482, 28932
361156, 9611560, 9640496, 28936
361157, 9611570, 9640509, 28939
361158, 9611580, 9640523, 28943
361159, 9611590, 9640536, 28946
361161, 9611610, 9640550, 28940
361162, 9611620, 9640563, 28943
361163, 9611630, 9640577, 28947
361164, 9611640, 9640590, 28950
361165, 9611650, 9640603, 28953
361166, 9611660, 9640617, 28957
361167, 9611670, 9640630, 28960
361168, 9611680, 9640644, 28964
361169, 9611690, 9640657, 28967
361171, 9611710, 9640671, 28961
361172, 9611720, 9640684, 28964
361173, 9611730, 9640698, 28968
361174, 9611740, 9640711, 28971
361175, 9611750, 9640724, 28974
361176, 9611760, 9640738, 28978
361177, 9611770, 9640751, 28981
361178, 9611780, 9640765, 28985
361179, 9611790, 9640778, 28988
361180, 9611800, 9640792, 28992
361182, 9611820, 9640805, 28985
361183, 9611830, 9640818, 28988
361184, 9611840, 9640832, 28992
361185, 9611850, 9640845, 28995
361186, 9611860, 9640859, 28999
361187, 9611870, 9640872, 29002
361188, 9611880, 9640886, 29006
361189, 9611890, 9640899, 29009
361190, 9611900, 9640913, 29013
361191, 9611910, 9640926, 29016
361193, 9611930, 9640939, 29009
361194, 9611940, 9640953, 29013
361195, 9611950, 9640966, 29016
361196, 9611960, 9640980, 29020
361197, 9611970, 9640993, 29023
361198, 9611980, 9641007, 29027
361199, 9611990, 9641020, 29030
361602, 9616020, 9641047, 25027
361603, 9616030, 9641060, 25030
361604, 9616040, 9641074, 25034
361605, 9616050, 9641087, 25037
361606, 9616060, 9641101, 25041
361607, 9616070, 9641114, 25044
361608, 9616080, 9641128, 25048
361609, 9616090, 9641141, 25051
361610, 9616100, 9641154, 25054
361612, 9616120, 9641168, 25048
361613, 9616130, 9641181, 25051
361614, 9616140, 9641195, 25055
361615, 9616150, 9641208, 25058
361616, 9616160, 9641222, 25062
361617, 9616170, 9641235, 25065
361618, 9616180, 9641249, 25069
361619, 9616190, 9641262, 25072
361620, 9616200, 9641275, 25075
361621, 9616210, 9641289, 25079
361623, 9616230, 9641302, 25072
361624, 9616240, 9641316, 25076
361625, 9616250, 9641329, 25079
361626, 9616260, 9641343, 25083
361627, 9616270, 9641356, 25086
361628, 9616280, 9641370, 25090
361629, 9616290, 9641383, 25093
361630, 9616300, 9641396, 25096
361631, 9616310, 9641410, 25100
361633, 9616330, 9641423, 25093
361634, 9616340, 9641437, 25097
361635, 9616350, 9641450, 25100
361636, 9616360, 9641464, 25104
361637, 9616370, 9641477, 25107
361638, 9616380, 9641490, 25110
361639, 9616390, 9641504, 25114
361640, 9616400, 9641517, 25117
361641, 9616410, 9641531, 25121
361642, 9616420, 9641544, 25124
361644, 9616440, 9641558, 25118
361645, 9616450, 9641571, 25121
361646, 9616460, 9641585, 25125
361647, 9616470, 9641598, 25128
361648, 9616480, 9641611, 25131
361649, 9616490, 9641625, 25135
361651, 9616510, 9641652, 25142
361652, 9616520, 9641665, 25145
361653, 9616530, 9641679, 25149
361655, 9616550, 9641692, 25142
361656, 9616560, 9641706, 25146
361657, 9616570, 9641719, 25149
361658, 9616580, 9641732, 25152
361659, 9616590, 9641746, 25156
361660, 9616600, 9641759, 25159
361661, 9616610, 9641773, 25163
361662, 9616620, 9641786, 25166
361663, 9616630, 9641800, 25170
361665, 9616650, 9641813, 25163
361666, 9616660, 9641826, 25166
361667, 9616670, 9641840, 25170
361668, 9616680, 9641853, 25173
361669, 9616690, 9641867, 25177
361670, 9616700, 9641880, 25180
361671, 9616710, 9641894, 25184
361672, 9616720, 9641907, 25187
361673, 9616730, 9641921, 25191
361674, 9616740, 9641934, 25194
361676, 9616760, 9641947, 25187
361677, 9616770, 9641961, 25191
361678, 9616780, 9641974, 25194
361679, 9616790, 9641988, 25198
361680, 9616800, 9642001, 25201
361681, 9616810, 9642015, 25205
361682, 9616820, 9642028, 25208
361683, 9616830, 9642042, 25212
361684, 9616840, 9642055, 25215
361685, 9616850, 9642068, 25218
361687, 9616870, 9642082, 25212
361688, 9616880, 9642095, 25215
361689, 9616890, 9642109, 25219
361690, 9616900, 9642122, 25222
361691, 9616910, 9642136, 25226
361692, 9616920, 9642149, 25229
361693, 9616930, 9642162, 25232
361694, 9616940, 9642176, 25236
361695, 9616950, 9642189, 25239
361697, 9616970, 9642203, 25233
361698, 9616980, 9642216, 25236
361699, 9616990, 9642230, 25240
361701, 9617010, 9642257, 25247
361702, 9617020, 9642270, 25250
361703, 9617030, 9642283, 25253
361704, 9617040, 9642297, 25257
361705, 9617050, 9642310, 25260
361706, 9617060, 9642324, 25264
361708, 9617080, 9642337, 25257
361709, 9617090, 9642351, 25261
361710, 9617100, 9642364, 25264
361711, 9617110, 9642378, 25268
361712, 9617120, 9642391, 25271
361713, 9617130, 9642404, 25274
361714, 9617140, 9642418, 25278
361715, 9617150, 9642431, 25281
361716, 9617160, 9646012, 28852
361718, 9617180, 9646026, 28846
361719, 9617190, 9646039, 28849
361720, 9617200, 9646052, 28852
361721, 9617210, 9646066, 28856
361722, 9617220, 9646079, 28859
361723, 9617230, 9646093, 28863
361724, 9617240, 9646106, 28866
361725, 9617250, 9646120, 28870
361726, 9617260, 9646133, 28873
361727, 9617270, 9646146, 28876
361729, 9617290, 9646160, 28870
361730, 9617300, 9646173, 28873
361731, 9617310, 9646187, 28877
361732, 9617320, 9646200, 28880
361733, 9617330, 9646214, 28884
361734, 9617340, 9646227, 28887
361735, 9617350, 9646241, 28891
361736, 9617360, 9646254, 28894
361737, 9617370, 9646267, 28897
361738, 9617380, 9646281, 28901
361740, 9617400, 9646294, 28894
361741, 9617410, 9646308, 28898
361742, 9617420, 9646321, 28901
361743, 9617430, 9646335, 28905
361744, 9617440, 9646348, 28908
361745, 9617450, 9646362, 28912
361746, 9617460, 9646375, 28915
361747, 9617470, 9646388, 28918
361748, 9617480, 9646402, 28922
361751, 9617510, 9646429, 28919
361752, 9617520, 9646442, 28922
361753, 9617530, 9646456, 28926
361754, 9617540, 9646469, 28929
361755, 9617550, 9646482, 28932
361756, 9617560, 9646496, 28936
361757, 9617570, 9646509, 28939
361758, 9617580, 9646523, 28943
361759, 9617590, 9646536, 28946
361761, 9617610, 9646550, 28940
361762, 9617620, 9646563, 28943
361763, 9617630, 9646577, 28947
361764, 9617640, 9646590, 28950
361765, 9617650, 9646603, 28953
361766, 9617660, 9646617, 28957
361767, 9617670, 9646630, 28960
361768, 9617680, 9646644, 28964
361769, 9617690, 9646657, 28967
361771, 9617710, 9646671, 28961
361772, 9617720, 9646684, 28964
361773, 9617730, 9646698, 28968
361774, 9617740, 9646711, 28971
361775, 9617750, 9646724, 28974
361776, 9617760, 9646738, 28978
361777, 9617770, 9646751, 28981
361778, 9617780, 9646765, 28985
361779, 9617790, 9646778, 28988
361780, 9617800, 9646792, 28992
361782, 9617820, 9646805, 28985
361783, 9617830, 9646818, 28988
361784, 9617840, 9646832, 28992
361785, 9617850, 9646845, 28995
361786, 9617860, 9646859, 28999
361787, 9617870, 9646872, 29002
361788, 9617880, 9646886, 29006
361789, 9617890, 9646899, 29009
361790, 9617900, 9646913, 29013
361791, 9617910, 9646926, 29016
361793, 9617930, 9646939, 29009
361794, 9617940, 9646953, 29013
361795, 9617950, 9646966, 29016
361796, 9617960, 9646980, 29020
361797, 9617970, 9646993, 29023
361798, 9617980, 9647007, 29027
361799, 9617990, 9647020, 29030
362202, 9622020, 9647047, 25027
362203, 9622030, 9647060, 25030
362204, 9622040, 9647074, 25034
362205, 9622050, 9647087, 25037
362206, 9622060, 9647101, 25041
362207, 9622070, 9647114, 25044
362208, 9622080, 9647128, 25048
362209, 9622090, 9647141, 25051
362210, 9622100, 9647154, 25054
362212, 9622120, 9647168, 25048
362213, 9622130, 9647181, 25051
362214, 9622140, 9647195, 25055
362215, 9622150, 9647208, 25058
362216, 9622160, 9647222, 25062
362217, 9622170, 9647235, 25065
362218, 9622180, 9647249, 25069
362219, 9622190, 9647262, 25072
362220, 9622200, 9647275, 25075
362221, 9622210, 9647289, 25079
362223, 9622230, 9647302, 25072
362224, 9622240, 9647316, 25076
362225, 9622250, 9647329, 25079
362226, 9622260, 9647343, 25083
362227, 9622270, 9647356, 25086
362228, 9622280, 9647370, 25090
362229, 9622290, 9647383, 25093
362230, 9622300, 9647396, 25096
362231, 9622310, 9647410, 25100
362233, 9622330, 9647423, 25093
362234, 9622340, 9647437, 25097
362235, 9622350, 9647450, 25100
362236, 9622360, 9647464, 25104
362237, 9622370, 9647477, 25107
362238, 9622380, 9647490, 25110
362239, 9622390, 9647504, 25114
362240, 9622400, 9647517, 25117
362241, 9622410, 9647531, 25121
362242, 9622420, 9647544, 25124
362244, 9622440, 9647558, 25118
362245, 9622450, 9647571, 25121
362246, 9622460, 9647585, 25125
362247, 9622470, 9647598, 25128
362248, 9622480, 9647611, 25131
362249, 9622490, 9647625, 25135
362251, 9622510, 9647652, 25142
362252, 9622520, 9647665, 25145
362253, 9622530, 9647679, 25149
362255, 9622550, 9647692, 25142
362256, 9622560, 9647706, 25146
362257, 9622570, 9647719, 25149
362258, 9622580, 9647732, 25152
362259, 9622590, 9647746, 25156
362260, 9622600, 9647759, 25159
362261, 9622610, 9647773, 25163
362262, 9622620, 9647786, 25166
362263, 9622630, 9647800, 25170
362265, 9622650, 9647813, 25163
362266, 9622660, 9647826, 25166
362267, 9622670, 9647840, 25170
362268, 9622680, 9647853, 25173
362269, 9622690, 9647867, 25177
362270, 9622700, 9647880, 25180
362271, 9622710, 9647894, 25184
362272, 9622720, 9647907, 25187
362273, 9622730, 9647921, 25191
362274, 9622740, 9647934, 25194
362276, 9622760, 9647947, 25187
362277, 9622770, 9647961, 25191
362278, 9622780, 9647974, 25194
362279, 9622790, 9647988, 25198
362280, 9622800, 9648001, 25201
362281, 9622810, 9648015, 25205
362282, 9622820, 9648028, 25208
362283, 9622830, 9648042, 25212
362284, 9622840, 9648055, 25215
362285, 9622850, 9648068, 25218
362287, 9622870, 9648082, 25212
362288, 9622880, 9648095, 25215
362289, 9622890, 9648109, 25219
362290, 9622900, 9648122, 25222
362291, 9622910, 9648136, 25226
362292, 9622920, 9648149, 25229
362293, 9622930, 9648162, 25232
362294, 9622940, 9648176, 25236
362295, 9622950, 9648189, 25239
362297, 9622970, 9648203, 25233
362298, 9622980, 9648216, 25236
362299, 9622990, 9648230, 25240
362301, 9623010, 9648257, 25247
362302, 9623020, 9648270, 25250
362303, 9623030, 9648283, 25253
362304, 9623040, 9648297, 25257
362305, 9623050, 9648310, 25260
362306, 9623060, 9648324, 25264
362308, 9623080, 9648337, 25257
362309, 9623090, 9648351, 25261
362310, 9623100, 9648364, 25264
362311, 9623110, 9648378, 25268
362312, 9623120, 9648391, 25271
362313, 9623130, 9648404, 25274
362314, 9623140, 9648418, 25278
362315, 9623150, 9648431, 25281
362316, 9623160, 9652012, 28852
362318, 9623180, 9652026, 28846
362319, 9623190, 9652039, 28849
362320, 9623200, 9652052, 28852
362321, 9623210, 9652066, 28856
362322, 9623220, 9652079, 28859
362323, 9623230, 9652093, 28863
362324, 9623240, 9652106, 28866
362325, 9623250, 9652120, 28870
362326, 9623260, 9652133, 28873
362327, 9623270, 9652146, 28876
362329, 9623290, 9652160, 28870
362330, 9623300, 9652173, 28873
362331, 9623310, 9652187, 28877
362332, 9623320, 9652200, 28880
362333, 9623330, 9652214, 28884
362334, 9623340, 9652227, 28887
362335, 9623350, 9652241, 28891
362336, 9623360, 9652254, 28894
362337, 9623370, 9652267, 28897
362338, 9623380, 9652281, 28901
362340, 9623400, 9652294, 28894
362341, 9623410, 9652308, 28898
362342, 9623420, 9652321, 28901
362343, 9623430, 9652335, 28905
362344, 9623440, 9652348, 28908
362345, 9623450, 9652362, 28912
362346, 9623460, 9652375, 28915
362347, 9623470, 9652388, 28918
362348, 9623480, 9652402, 28922
362351, 9623510, 9652429, 28919
362352, 9623520, 9652442, 28922
362353, 9623530, 9652456, 28926
362354, 9623540, 9652469, 28929
362355, 9623550, 9652482, 28932
362356, 9623560, 9652496, 28936
362357, 9623570, 9652509, 28939
362358, 9623580, 9652523, 28943
362359, 9623590, 9652536, 28946
362361, 9623610, 9652550, 28940
362362, 9623620, 9652563, 28943
362363, 9623630, 9652577, 28947
362364, 9623640, 9652590, 28950
362365, 9623650, 9652603, 28953
362366, 9623660, 9652617, 28957
362367, 9623670, 9652630, 28960
362368, 9623680, 9652644, 28964
362369, 9623690, 9652657, 28967
362371, 9623710, 9652671, 28961
362372, 9623720, 9652684, 28964
362373, 9623730, 9652698, 28968
362374, 9623740, 9652711, 28971
362375, 9623750, 9652724, 28974
362376, 9623760, 9652738, 28978
362377, 9623770, 9652751, 28981
362378, 9623780, 9652765, 28985
362379, 9623790, 9652778, 28988
362380, 9623800, 9652792, 28992
362382, 9623820, 9652805, 28985
362383, 9623830, 9652818, 28988
362384, 9623840, 9652832, 28992
362385, 9623850, 9652845, 28995
362386, 9623860, 9652859, 28999
362387, 9623870, 9652872, 29002
362388, 9623880, 9652886, 29006
362389, 9623890, 9652899, 29009
362390, 9623900, 9652913, 29013
362391, 9623910, 9652926, 29016
362393, 9623930, 9652939, 29009
362394, 9623940, 9652953, 29013
362395, 9623950, 9652966, 29016
362396, 9623960, 9652980, 29020
362397, 9623970, 9652993, 29023
362398, 9623980, 9653007, 29027
362399, 9623990, 9653020, 29030
362802, 9628020, 9653047, 25027
362803, 9628030, 9653060, 25030
362804, 9628040, 9653074, 25034
362805, 9628050, 9653087, 25037
362806, 9628060, 9653101, 25041
362807, 9628070, 9653114, 25044
362808, 9628080, 9653128, 25048
362809, 9628090, 9653141, 25051
362810, 9628100, 9653154, 25054
362812, 9628120, 9653168, 25048
362813, 9628130, 9653181, 25051
362814, 9628140, 9653195, 25055
362815, 9628150, 9653208, 25058
362816, 9628160, 9653222, 25062
362817, 9628170, 9653235, 25065
362818, 9628180, 9653249, 25069
362819, 9628190, 9653262, 25072
362820, 9628200, 9653275, 25075
362821, 9628210, 9653289, 25079
362823, 9628230, 9653302, 25072
362824, 9628240, 9653316, 25076
362825, 9628250, 9653329, 25079
362826, 9628260, 9653343, 25083
362827, 9628270, 9653356, 25086
362828, 9628280, 9653370, 25090
362829, 9628290, 9653383, 25093
362830, 9628300, 9653396, 25096
362831, 9628310, 9653410, 25100
362833, 9628330, 9653423, 25093
362834, 9628340, 9653437, 25097
362835, 9628350, 9653450, 25100
362836, 9628360, 9653464, 25104
362837, 9628370, 9653477, 25107
362838, 9628380, 9653490, 25110
362839, 9628390, 9653504, 25114
362840, 9628400, 9653517, 25117
362841, 9628410, 9653531, 25121
362842, 9628420, 9653544, 25124
362844, 9628440, 9653558, 25118
362845, 9628450, 9653571, 25121
362846, 9628460, 9653585, 25125
362847, 9628470, 9653598, 25128
362848, 9628480, 9653611, 25131
362849, 9628490, 9653625, 25135
362851, 9628510, 9653652, 25142
362852, 9628520, 9653665, 25145
362853, 9628530, 9653679, 25149
362855, 9628550, 9653692, 25142
362856, 9628560, 9653706, 25146
362857, 9628570, 9653719, 25149
362858, 9628580, 9653732, 25152
362859, 9628590, 9653746, 25156
362860, 9628600, 9653759, 25159
362861, 9628610, 9653773, 25163
362862, 9628620, 9653786, 25166
362863, 9628630, 9653800, 25170
362865, 9628650, 9653813, 25163
362866, 9628660, 9653826, 25166
362867, 9628670, 9653840, 25170
362868, 9628680, 9653853, 25173
362869, 9628690, 9653867, 25177
362870, 9628700, 9653880, 25180
362871, 9628710, 9653894, 25184
362872, 9628720, 9653907, 25187
362873, 9628730, 9653921, 25191
362874, 9628740, 9653934, 25194
362876, 9628760, 9653947, 25187
362877, 9628770, 9653961, 25191
362878, 9628780, 9653974, 25194
362879, 9628790, 9653988, 25198
362880, 9628800, 9654001, 25201
362881, 9628810, 9654015, 25205
362882, 9628820, 9654028, 25208
362883, 9628830, 9654042, 25212
362884, 9628840, 9654055, 25215
362885, 9628850, 9654068, 25218
362887, 9628870, 9654082, 25212
362888, 9628880, 9654095, 25215
362889, 9628890, 9654109, 25219
362890, 9628900, 9654122, 25222
362891, 9628910, 9654136, 25226
362892, 9628920, 9654149, 25229
362893, 9628930, 9654162, 25232
362894, 9628940, 9654176, 25236
362895, 9628950, 9654189, 25239
362897, 9628970, 9654203, 25233
362898, 9628980, 9654216, 25236
362899, 9628990, 9654230, 25240
362901, 9629010, 9654257, 25247
362902, 9629020, 9654270, 25250
362903, 9629030, 9654283, 25253
362904, 9629040, 9654297, 25257
362905, 9629050, 9654310, 25260
362906, 9629060, 9654324, 25264
362908, 9629080, 9654337, 25257
362909, 9629090, 9654351, 25261
362910, 9629100, 9654364, 25264
362911, 9629110, 9654378, 25268
362912, 9629120, 9654391, 25271
362913, 9629130, 9654404, 25274
362914, 9629140, 9654418, 25278
362915, 9629150, 9654431, 25281
362916, 9629160, 9658012, 28852
362918, 9629180, 9658026, 28846
362919, 9629190, 9658039, 28849
362920, 9629200, 9658052, 28852
362921, 9629210, 9658066, 28856
362922, 9629220, 9658079, 28859
362923, 9629230, 9658093, 28863
362924, 9629240, 9658106, 28866
362925, 9629250, 9658120, 28870
362926, 9629260, 9658133, 28873
362927, 9629270, 9658146, 28876
362929, 9629290, 9658160, 28870
362930, 9629300, 9658173, 28873
362931, 9629310, 9658187, 28877
362932, 9629320, 9658200, 28880
362933, 9629330, 9658214, 28884
362934, 9629340, 9658227, 28887
362935, 9629350, 9658241, 28891
362936, 9629360, 9658254, 28894
362937, 9629370, 9658267, 28897
362938, 9629380, 9658281, 28901
362940, 9629400, 9658294, 28894
362941, 9629410, 9658308, 28898
362942, 9629420, 9658321, 28901
362943, 9629430, 9658335, 28905
362944, 9629440, 9658348, 28908
362945, 9629450, 9658362, 28912
362946, 9629460, 9658375, 28915
362947, 9629470, 9658388, 28918
362948, 9629480, 9658402, 28922
362951, 9629510, 9658429, 28919
362952, 9629520, 9658442, 28922
362953, 9629530, 9658456, 28926
362954, 9629540, 9658469, 28929
362955, 9629550, 9658482, 28932
362956, 9629560, 9658496, 28936
362957, 9629570, 9658509, 28939
362958, 9629580, 9658523, 28943
362959, 9629590, 9658536, 28946
362961, 9629610, 9658550, 28940
362962, 9629620, 9658563, 28943
362963, 9629630, 9658577, 28947
362964, 9629640, 9658590, 28950
362965, 9629650, 9658603, 28953
362966, 9629660, 9658617, 28957
362967, 9629670, 9658630, 28960
362968, 9629680, 9658644, 28964
362969, 9629690, 9658657, 28967
362971, 9629710, 9658671, 28961
362972, 9629720, 9658684, 28964
362973, 9629730, 9658698, 28968
362974, 9629740, 9658711, 28971
362975, 9629750, 9658724, 28974
362976, 9629760, 9658738, 28978
362977, 9629770, 9658751, 28981
362978, 9629780, 9658765, 28985
362979, 9629790, 9658778, 28988
362980, 9629800, 9658792, 28992
362982, 9629820, 9658805, 28985
362983, 9629830, 9658818, 28988
362984, 9629840, 9658832, 28992
362985, 9629850, 9658845, 28995
362986, 9629860, 9658859, 28999
362987, 9629870, 9658872, 29002
362988, 9629880, 9658886, 29006
362989, 9629890, 9658899, 29009
362990, 9629900, 9658913, 29013
362991, 9629910, 9658926, 29016
362993, 9629930, 9658939, 29009
362994, 9629940, 9658953, 29013
362995, 9629950, 9658966, 29016
362996, 9629960, 9658980, 29020
362997, 9629970, 9658993, 29023
362998, 9629980, 9659007, 29027
362999, 9629990, 9659020, 29030
363402, 9634020, 9659047, 25027
363403, 9634030, 9659060, 25030
363404, 9634040, 9659074, 25034
363405, 9634050, 9659087, 25037
363406, 9634060, 9659101, 25041
363407, 9634070, 9659114, 25044
363408, 9634080, 9659128, 25048
363409, 9634090, 9659141, 25051
363410, 9634100, 9659154, 25054
363412, 9634120, 9659168, 25048
363413, 9634130, 9659181, 25051
363414, 9634140, 9659195, 25055
363415, 9634150, 9659208, 25058
363416, 9634160, 9659222, 25062
363417, 9634170, 9659235, 25065
363418, 9634180, 9659249, 25069
363419, 9634190, 9659262, 25072
363420, 9634200, 9659275, 25075
363421, 9634210, 9659289, 25079
363423, 9634230, 9659302, 25072
363424, 9634240, 9659316, 25076
363425, 9634250, 9659329, 25079
363426, 9634260, 9659343, 25083
363427, 9634270, 9659356, 25086
363428, 9634280, 9659370, 25090
363429, 9634290, 9659383, 25093
363430, 9634300, 9659396, 25096
363431, 9634310, 9659410, 25100
363433, 9634330, 9659423, 25093
363434, 9634340, 9659437, 25097
363435, 9634350, 9659450, 25100
363436, 9634360, 9659464, 25104
363437, 9634370, 9659477, 25107
363438, 9634380, 9659490, 25110
363439, 9634390, 9659504, 25114
363440, 9634400, 9659517, 25117
363441, 9634410, 9659531, 25121
363442, 9634420, 9659544, 25124
363444, 9634440, 9659558, 25118
363445, 9634450, 9659571, 25121
363446, 9634460, 9659585, 25125
363447, 9634470, 9659598, 25128
363448, 9634480, 9659611, 25131
363449, 9634490, 9659625, 25135
363451, 9634510, 9659652, 25142
363452, 9634520, 9659665, 25145
363453, 9634530, 9659679, 25149
363455, 9634550, 9659692, 25142
363456, 9634560, 9659706, 25146
363457, 9634570, 9659719, 25149
363458, 9634580, 9659732, 25152
363459, 9634590, 9659746, 25156
363460, 9634600, 9659759, 25159
363461, 9634610, 9659773, 25163
363462, 9634620, 9659786, 25166
363463, 9634630, 9659800, 25170
363465, 9634650, 9659813, 25163
363466, 9634660, 9659826, 25166
363467, 9634670, 9659840, 25170
363468, 9634680, 9659853, 25173
363469, 9634690, 9659867, 25177
363470, 9634700, 9659880, 25180
363471, 9634710, 9659894, 25184
363472, 9634720, 9659907, 25187
363473, 9634730, 9659921, 25191
363474, 9634740, 9659934, 25194
363476, 9634760, 9659947, 25187
363477, 9634770, 9659961, 25191
363478, 9634780, 9659974, 25194
363479, 9634790, 9659988, 25198
363480, 9634800, 9660001, 25201
363481, 9634810, 9660015, 25205
363482, 9634820, 9660028, 25208
363483, 9634830, 9660042, 25212
363484, 9634840, 9660055, 25215
363485, 9634850, 9660068, 25218
363487, 9634870, 9660082, 25212
363488, 9634880, 9660095, 25215
363489, 9634890, 9660109, 25219
363490, 9634900, 9660122, 25222
363491, 9634910, 9660136, 25226
363492, 9634920, 9660149, 25229
363493, 9634930, 9660162, 25232
363494, 9634940, 9660176, 25236
363495, 9634950, 9660189, 25239
363497, 9634970, 9660203, 25233
363498, 9634980, 9660216, 25236
363499, 9634990, 9660230, 25240
363501, 9635010, 9660257, 25247
363502, 9635020, 9660270, 25250
363503, 9635030, 9660283, 25253
363504, 9635040, 9660297, 25257
363505, 9635050, 9660310, 25260
363506, 9635060, 9660324, 25264
363508, 9635080, 9660337, 25257
363509, 9635090, 9660351, 25261
363510, 9635100, 9660364, 25264
363511, 9635110, 9660378, 25268
363512, 9635120, 9660391, 25271
363513, 9635130, 9660404, 25274
363514, 9635140, 9660418, 25278
363515, 9635150, 9660431, 25281
363516, 9635160, 9664012, 28852
363517, 9635170, 9664026, 28856
363519, 9635190, 9664039, 28849
363520, 9635200, 9664052, 28852
363521, 9635210, 9664066, 28856
363522, 9635220, 9664079, 28859
363523, 9635230, 9664093, 28863
363524, 9635240, 9664106, 28866
363525, 9635250, 9664120, 28870
363526, 9635260, 9664133, 28873
363527, 9635270, 9664146, 28876
363529, 9635290, 9664160, 28870
363530, 9635300, 9664173, 28873
363531, 9635310, 9664187, 28877
363532, 9635320, 9664200, 28880
363533, 9635330, 9664214, 28884
363534, 9635340, 9664227, 28887
363535, 9635350, 9664241, 28891
363536, 9635360, 9664254, 28894
363537, 9635370, 9664267, 28897
363538, 9635380, 9664281, 28901
363540, 9635400, 9664294, 28894
363541, 9635410, 9664308, 28898
363542, 9635420, 9664321, 28901
363543, 9635430, 9664335, 28905
363544, 9635440, 9664348, 28908
363545, 9635450, 9664362, 28912
363546, 9635460, 9664375, 28915
363547, 9635470, 9664388, 28918
363548, 9635480, 9664402, 28922
363551, 9635510, 9664429, 28919
363552, 9635520, 9664442, 28922
363553, 9635530, 9664456, 28926
363554, 9635540, 9664469, 28929
363555, 9635550, 9664482, 28932
363556, 9635560, 9664496, 28936
363557, 9635570, 9664509, 28939
363558, 9635580, 9664523, 28943
363559, 9635590, 9664536, 28946
363561, 9635610, 9664550, 28940
363562, 9635620, 9664563, 28943
363563, 9635630, 9664577, 28947
363564, 9635640, 9664590, 28950
363565, 9635650, 9664603, 28953
363566, 9635660, 9664617, 28957
363567, 9635670, 9664630, 28960
363568, 9635680, 9664644, 28964
363569, 9635690, 9664657, 28967
363570, 9635700, 9664671, 28971
363572, 9635720, 9664684, 28964
363573, 9635730, 9664698, 28968
363574, 9635740, 9664711, 28971
363575, 9635750, 9664724, 28974
363576, 9635760, 9664738, 28978
363577, 9635770, 9664751, 28981
363578, 9635780, 9664765, 28985
363579, 9635790, 9664778, 28988
363580, 9635800, 9664792, 28992
363582, 9635820, 9664805, 28985
363583, 9635830, 9664818, 28988
363584, 9635840, 9664832, 28992
363585, 9635850, 9664845, 28995
363586, 9635860, 9664859, 28999
363587, 9635870, 9664872, 29002
363588, 9635880, 9664886, 29006
363589, 9635890, 9664899, 29009
363590, 9635900, 9664913, 29013
363591, 9635910, 9664926, 29016
363593, 9635930, 9664939, 29009
363594, 9635940, 9664953, 29013
363595, 9635950, 9664966, 29016
363596, 9635960, 9664980, 29020
363597, 9635970, 9664993, 29023
363598, 9635980, 9665007, 29027
363599, 9635990, 9665020, 29030
364002, 9640020, 9665047, 25027
364003, 9640030, 9665060, 25030
364004, 9640040, 9665074, 25034
364005, 9640050, 9665087, 25037
364006, 9640060, 9665101, 25041
364007, 9640070, 9665114, 25044
364008, 9640080, 9665127, 25047
364009, 9640090, 9665141, 25051
364010, 9640100, 9665154, 25054
364012, 9640120, 9665168, 25048
364013, 9640130, 9665181, 25051
364014, 9640140, 9665195, 25055
364015, 9640150, 9665208, 25058
364016, 9640160, 9665222, 25062
364017, 9640170, 9665235, 25065
364018, 9640180, 9665248, 25068
364019, 9640190, 9665262, 25072
364020, 9640200, 9665275, 25075
364021, 9640210, 9665289, 25079
364023, 9640230, 9665302, 25072
364024, 9640240, 9665316, 25076
364025, 9640250, 9665329, 25079
364026, 9640260, 9665342, 25082
364027, 9640270, 9665356, 25086
364028, 9640280, 9665369, 25089
364029, 9640290, 9665383, 25093
364030, 9640300, 9665396, 25096
364031, 9640310, 9665410, 25100
364033, 9640330, 9665423, 25093
364034, 9640340, 9665437, 25097
364035, 9640350, 9665450, 25100
364036, 9640360, 9665463, 25103
364037, 9640370, 9665477, 25107
364038, 9640380, 9665490, 25110
364039, 9640390, 9665504, 25114
364040, 9640400, 9665517, 25117
364041, 9640410, 9665531, 25121
364042, 9640420, 9665544, 25124
364044, 9640440, 9665558, 25118
364045, 9640450, 9665571, 25121
364046, 9640460, 9665584, 25124
364047, 9640470, 9665598, 25128
364048, 9640480, 9665611, 25131
364049, 9640490, 9665625, 25135
364051, 9640510, 9665652, 25142
364052, 9640520, 9665665, 25145
364053, 9640530, 9665678, 25148
364055, 9640550, 9665692, 25142
364056, 9640560, 9665705, 25145
364057, 9640570, 9665719, 25149
364058, 9640580, 9665732, 25152
364059, 9640590, 9665746, 25156
364060, 9640600, 9665759, 25159
364061, 9640610, 9665773, 25163
364062, 9640620, 9665786, 25166
364063, 9640630, 9665799, 25169
364065, 9640650, 9665813, 25163
364066, 9640660, 9665826, 25166
364067, 9640670, 9665840, 25170
364068, 9640680, 9665853, 25173
364069, 9640690, 9665867, 25177
364070, 9640700, 9665880, 25180
364071, 9640710, 9665894, 25184
364072, 9640720, 9665907, 25187
364073, 9640730, 9665920, 25190
364074, 9640740, 9665934, 25194
364076, 9640760, 9665947, 25187
364077, 9640770, 9665961, 25191
364078, 9640780, 9665974, 25194
364079, 9640790, 9665988, 25198
364080, 9640800, 9666001, 25201
364081, 9640810, 9666014, 25204
364082, 9640820, 9666028, 25208
364083, 9640830, 9666041, 25211
364084, 9640840, 9666055, 25215
364085, 9640850, 9666068, 25218
364087, 9640870, 9666082, 25212
364088, 9640880, 9666095, 25215
364089, 9640890, 9666109, 25219
364090, 9640900, 9666122, 25222
364091, 9640910, 9666135, 25225
364092, 9640920, 9666149, 25229
364093, 9640930, 9666162, 25232
364094, 9640940, 9666176, 25236
364095, 9640950, 9666189, 25239
364097, 9640970, 9666203, 25233
364098, 9640980, 9666216, 25236
364099, 9640990, 9666230, 25240
364101, 9641010, 9666256, 25246
364102, 9641020, 9666270, 25250
364103, 9641030, 9666283, 25253
364104, 9641040, 9666297, 25257
364105, 9641050, 9666310, 25260
364106, 9641060, 9666324, 25264
364108, 9641080, 9666337, 25257
364109, 9641090, 9666350, 25260
364110, 9641100, 9666364, 25264
364111, 9641110, 9666377, 25267
364112, 9641120, 9666391, 25271
364113, 9641130, 9666404, 25274
364114, 9641140, 9666418, 25278
364115, 9641150, 9666431, 25281
364116, 9641160, 9670012, 28852
364118, 9641180, 9670026, 28846
364119, 9641190, 9670039, 28849
364120, 9641200, 9670052, 28852
364121, 9641210, 9670066, 28856
364122, 9641220, 9670079, 28859
364123, 9641230, 9670093, 28863
364124, 9641240, 9670106, 28866
364125, 9641250, 9670120, 28870
364126, 9641260, 9670133, 28873
364127, 9641270, 9670146, 28876
364129, 9641290, 9670160, 28870
364130, 9641300, 9670173, 28873
364131, 9641310, 9670187, 28877
364132, 9641320, 9670200, 28880
364133, 9641330, 9670214, 28884
364134, 9641340, 9670227, 28887
364135, 9641350, 9670241, 28891
364136, 9641360, 9670254, 28894
364137, 9641370, 9670267, 28897
364138, 9641380, 9670281, 28901
364140, 9641400, 9670294, 28894
364141, 9641410, 9670308, 28898
364142, 9641420, 9670321, 28901
364143, 9641430, 9670335, 28905
364144, 9641440, 9670348, 28908
364145, 9641450, 9670362, 28912
364146, 9641460, 9670375, 28915
364147, 9641470, 9670388, 28918
364148, 9641480, 9670402, 28922
364151, 9641510, 9670429, 28919
364152, 9641520, 9670442, 28922
364153, 9641530, 9670456, 28926
364154, 9641540, 9670469, 28929
364155, 9641550, 9670482, 28932
364156, 9641560, 9670496, 28936
364157, 9641570, 9670509, 28939
364158, 9641580, 9670523, 28943
364159, 9641590, 9670536, 28946
364161, 9641610, 9670550, 28940
364162, 9641620, 9670563, 28943
364163, 9641630, 9670577, 28947
364164, 9641640, 9670590, 28950
364165, 9641650, 9670603, 28953
364166, 9641660, 9670617, 28957
364167, 9641670, 9670630, 28960
364168, 9641680, 9670644, 28964
364169, 9641690, 9670657, 28967
364171, 9641710, 9670671, 28961
364172, 9641720, 9670684, 28964
364173, 9641730, 9670698, 28968
364174, 9641740, 9670711, 28971
364175, 9641750, 9670724, 28974
364176, 9641760, 9670738, 28978
364177, 9641770, 9670751, 28981
364178, 9641780, 9670765, 28985
364179, 9641790, 9670778, 28988
364180, 9641800, 9670792, 28992
364182, 9641820, 9670805, 28985
364183, 9641830, 9670818, 28988
364184, 9641840, 9670832, 28992
364185, 9641850, 9670845, 28995
364186, 9641860, 9670859, 28999
364187, 9641870, 9670872, 29002
364188, 9641880, 9670886, 29006
364189, 9641890, 9670899, 29009
364190, 9641900, 9670913, 29013
364191, 9641910, 9670926, 29016
364193, 9641930, 9670939, 29009
364194, 9641940, 9670953, 29013
364195, 9641950, 9670966, 29016
364196, 9641960, 9670980, 29020
364197, 9641970, 9670993, 29023
364198, 9641980, 9671007, 29027
364199, 9641990, 9671020, 29030
364602, 9646020, 9671047, 25027
364603, 9646030, 9671060, 25030
364604, 9646040, 9671074, 25034
364605, 9646050, 9671087, 25037
364606, 9646060, 9671101, 25041
364607, 9646070, 9671114, 25044
364608, 9646080, 9671128, 25048
364609, 9646090, 9671141, 25051
364610, 9646100, 9671154, 25054
364612, 9646120, 9671168, 25048
364613, 9646130, 9671181, 25051
364614, 9646140, 9671195, 25055
364615, 9646150, 9671208, 25058
364616, 9646160, 9671222, 25062
364617, 9646170, 9671235, 25065
364618, 9646180, 9671249, 25069
364619, 9646190, 9671262, 25072
364620, 9646200, 9671275, 25075
364621, 9646210, 9671289, 25079
364623, 9646230, 9671302, 25072
364624, 9646240, 9671316, 25076
364625, 9646250, 9671329, 25079
364626, 9646260, 9671343, 25083
364627, 9646270, 9671356, 25086
364628, 9646280, 9671370, 25090
364629, 9646290, 9671383, 25093
364630, 9646300, 9671396, 25096
364631, 9646310, 9671410, 25100
364633, 9646330, 9671423, 25093
364634, 9646340, 9671437, 25097
364635, 9646350, 9671450, 25100
364636, 9646360, 9671464, 25104
364637, 9646370, 9671477, 25107
364638, 9646380, 9671490, 25110
364639, 9646390, 9671504, 25114
364640, 9646400, 9671517, 25117
364641, 9646410, 9671531, 25121
364642, 9646420, 9671544, 25124
364644, 9646440, 9671558, 25118
364645, 9646450, 9671571, 25121
364646, 9646460, 9671585, 25125
364647, 9646470, 9671598, 25128
364648, 9646480, 9671611, 25131
364649, 9646490, 9671625, 25135
364651, 9646510, 9671652, 25142
364652, 9646520, 9671665, 25145
364653, 9646530, 9671679, 25149
364655, 9646550, 9671692, 25142
364656, 9646560, 9671706, 25146
364657, 9646570, 9671719, 25149
364658, 9646580, 9671732, 25152
364659, 9646590, 9671746, 25156
364660, 9646600, 9671759, 25159
364661, 9646610, 9671773, 25163
364662, 9646620, 9671786, 25166
364663, 9646630, 9671800, 25170
364665, 9646650, 9671813, 25163
364666, 9646660, 9671826, 25166
364667, 9646670, 9671840, 25170
364668, 9646680, 9671853, 25173
364669, 9646690, 9671867, 25177
364670, 9646700, 9671880, 25180
364671, 9646710, 9671894, 25184
364672, 9646720, 9671907, 25187
364673, 9646730, 9671921, 25191
364674, 9646740, 9671934, 25194
364676, 9646760, 9671947, 25187
364677, 9646770, 9671961, 25191
364678, 9646780, 9671974, 25194
364679, 9646790, 9671988, 25198
364680, 9646800, 9672001, 25201
364681, 9646810, 9672015, 25205
364682, 9646820, 9672028, 25208
364683, 9646830, 9672042, 25212
364684, 9646840, 9672055, 25215
364685, 9646850, 9672068, 25218
364687, 9646870, 9672082, 25212
364688, 9646880, 9672095, 25215
364689, 9646890, 9672109, 25219
364690, 9646900, 9672122, 25222
364691, 9646910, 9672136, 25226
364692, 9646920, 9672149, 25229
364693, 9646930, 9672162, 25232
364694, 9646940, 9672176, 25236
364695, 9646950, 9672189, 25239
364697, 9646970, 9672203, 25233
364698, 9646980, 9672216, 25236
364699, 9646990, 9672230, 25240
364701, 9647010, 9672257, 25247
364702, 9647020, 9672270, 25250
364703, 9647030, 9672283, 25253
364704, 9647040, 9672297, 25257
364705, 9647050, 9672310, 25260
364706, 9647060, 9672324, 25264
364708, 9647080, 9672337, 25257
364709, 9647090, 9672351, 25261
364710, 9647100, 9672364, 25264
364711, 9647110, 9672378, 25268
364712, 9647120, 9672391, 25271
364713, 9647130, 9672404, 25274
364714, 9647140, 9672418, 25278
364715, 9647150, 9672431, 25281
364716, 9647160, 9676012, 28852
364718, 9647180, 9676026, 28846
364719, 9647190, 9676039, 28849
364720, 9647200, 9676052, 28852
364721, 9647210, 9676066, 28856
364722, 9647220, 9676079, 28859
364723, 9647230, 9676093, 28863
364724, 9647240, 9676106, 28866
364725, 9647250, 9676120, 28870
364726, 9647260, 9676133, 28873
364727, 9647270, 9676146, 28876
364729, 9647290, 9676160, 28870
364730, 9647300, 9676173, 28873
364731, 9647310, 9676187, 28877
364732, 9647320, 9676200, 28880
364733, 9647330, 9676214, 28884
364734, 9647340, 9676227, 28887
364735, 9647350, 9676241, 28891
364736, 9647360, 9676254, 28894
364737, 9647370, 9676267, 28897
364738, 9647380, 9676281, 28901
364740, 9647400, 9676294, 28894
364741, 9647410, 9676308, 28898
364742, 9647420, 9676321, 28901
364743, 9647430, 9676335, 28905
364744, 9647440, 9676348, 28908
364745, 9647450, 9676362, 28912
364746, 9647460, 9676375, 28915
364747, 9647470, 9676388, 28918
364748, 9647480, 9676402, 28922
364751, 9647510, 9676429, 28919
364752, 9647520, 9676442, 28922
364753, 9647530, 9676456, 28926
364754, 9647540, 9676469, 28929
364755, 9647550, 9676482, 28932
364756, 9647560, 9676496, 28936
364757, 9647570, 9676509, 28939
364758, 9647580, 9676523, 28943
364759, 9647590, 9676536, 28946
364761, 9647610, 9676550, 28940
364762, 9647620, 9676563, 28943
364763, 9647630, 9676577, 28947
364764, 9647640, 9676590, 28950
364765, 9647650, 9676603, 28953
364766, 9647660, 9676617, 28957
364767, 9647670, 9676630, 28960
364768, 9647680, 9676644, 28964
364769, 9647690, 9676657, 28967
364771, 9647710, 9676671, 28961
364772, 9647720, 9676684, 28964
364773, 9647730, 9676698, 28968
364774, 9647740, 9676711, 28971
364775, 9647750, 9676724, 28974
364776, 9647760, 9676738, 28978
364777, 9647770, 9676751, 28981
364778, 9647780, 9676765, 28985
364779, 9647790, 9676778, 28988
364780, 9647800, 9676792, 28992
364782, 9647820, 9676805, 28985
364783, 9647830, 9676818, 28988
364784, 9647840, 9676832, 28992
364785, 9647850, 9676845, 28995
364786, 9647860, 9676859, 28999
364787, 9647870, 9676872, 29002
364788, 9647880, 9676886, 29006
364789, 9647890, 9676899, 29009
364790, 9647900, 9676913, 29013
364791, 9647910, 9676926, 29016
364793, 9647930, 9676939, 29009
364794, 9647940, 9676953, 29013
364795, 9647950, 9676966, 29016
364796, 9647960, 9676980, 29020
364797, 9647970, 9676993, 29023
364798, 9647980, 9677007, 29027
364799, 9647990, 9677020, 29030
365202, 9652020, 9677047, 25027
365203, 9652030, 9677060, 25030
365204, 9652040, 9677074, 25034
365205, 9652050, 9677087, 25037
365206, 9652060, 9677101, 25041
365207, 9652070, 9677114, 25044
365208, 9652080, 9677128, 25048
365209, 9652090, 9677141, 25051
365210, 9652100, 9677154, 25054
365212, 9652120, 9677168, 25048
365213, 9652130, 9677181, 25051
365214, 9652140, 9677195, 25055
365215, 9652150, 9677208, 25058
365216, 9652160, 9677222, 25062
365217, 9652170, 9677235, 25065
365218, 9652180, 9677249, 25069
365219, 9652190, 9677262, 25072
365220, 9652200, 9677275, 25075
365221, 9652210, 9677289, 25079
365223, 9652230, 9677302, 25072
365224, 9652240, 9677316, 25076
365225, 9652250, 9677329, 25079
365226, 9652260, 9677343, 25083
365227, 9652270, 9677356, 25086
365228, 9652280, 9677370, 25090
365229, 9652290, 9677383, 25093
365230, 9652300, 9677396, 25096
365231, 9652310, 9677410, 25100
365233, 9652330, 9677423, 25093
365234, 9652340, 9677437, 25097
365235, 9652350, 9677450, 25100
365236, 9652360, 9677464, 25104
365237, 9652370, 9677477, 25107
365238, 9652380, 9677490, 25110
365239, 9652390, 9677504, 25114
365240, 9652400, 9677517, 25117
365241, 9652410, 9677531, 25121
365242, 9652420, 9677544, 25124
365244, 9652440, 9677558, 25118
365245, 9652450, 9677571, 25121
365246, 9652460, 9677585, 25125
365247, 9652470, 9677598, 25128
365248, 9652480, 9677611, 25131
365249, 9652490, 9677625, 25135
365251, 9652510, 9677652, 25142
365252, 9652520, 9677665, 25145
365253, 9652530, 9677679, 25149
365255, 9652550, 9677692, 25142
365256, 9652560, 9677706, 25146
365257, 9652570, 9677719, 25149
365258, 9652580, 9677732, 25152
365259, 9652590, 9677746, 25156
365260, 9652600, 9677759, 25159
365261, 9652610, 9677773, 25163
365262, 9652620, 9677786, 25166
365263, 9652630, 9677800, 25170
365265, 9652650, 9677813, 25163
365266, 9652660, 9677826, 25166
365267, 9652670, 9677840, 25170
365268, 9652680, 9677853, 25173
365269, 9652690, 9677867, 25177
365270, 9652700, 9677880, 25180
365271, 9652710, 9677894, 25184
365272, 9652720, 9677907, 25187
365273, 9652730, 9677921, 25191
365274, 9652740, 9677934, 25194
365276, 9652760, 9677947, 25187
365277, 9652770, 9677961, 25191
365278, 9652780, 9677974, 25194
365279, 9652790, 9677988, 25198
365280, 9652800, 9678001, 25201
365281, 9652810, 9678015, 25205
365282, 9652820, 9678028, 25208
365283, 9652830, 9678042, 25212
365284, 9652840, 9678055, 25215
365285, 9652850, 9678068, 25218
365287, 9652870, 9678082, 25212
365288, 9652880, 9678095, 25215
365289, 9652890, 9678109, 25219
365290, 9652900, 9678122, 25222
365291, 9652910, 9678136, 25226
365292, 9652920, 9678149, 25229
365293, 9652930, 9678162, 25232
365294, 9652940, 9678176, 25236
365295, 9652950, 9678189, 25239
365297, 9652970, 9678203, 25233
365298, 9652980, 9678216, 25236
365299, 9652990, 9678230, 25240
365301, 9653010, 9678257, 25247
365302, 9653020, 9678270, 25250
365303, 9653030, 9678283, 25253
365304, 9653040, 9678297, 25257
365305, 9653050, 9678310, 25260
365306, 9653060, 9678324, 25264
365308, 9653080, 9678337, 25257
365309, 9653090, 9678351, 25261
365310, 9653100, 9678364, 25264
365311, 9653110, 9678378, 25268
365312, 9653120, 9678391, 25271
365313, 9653130, 9678404, 25274
365314, 9653140, 9678418, 25278
365315, 9653150, 9678431, 25281
365316, 9653160, 9682012, 28852
365318, 9653180, 9682026, 28846
365319, 9653190, 9682039, 28849
365320, 9653200, 9682052, 28852
365321, 9653210, 9682066, 28856
365322, 9653220, 9682079, 28859
365323, 9653230, 9682093, 28863
365324, 9653240, 9682106, 28866
365325, 9653250, 9682120, 28870
365326, 9653260, 9682133, 28873
365327, 9653270, 9682146, 28876
365329, 9653290, 9682160, 28870
365330, 9653300, 9682173, 28873
365331, 9653310, 9682187, 28877
365332, 9653320, 9682200, 28880
365333, 9653330, 9682214, 28884
365334, 9653340, 9682227, 28887
365335, 9653350, 9682241, 28891
365336, 9653360, 9682254, 28894
365337, 9653370, 9682267, 28897
365338, 9653380, 9682281, 28901
365340, 9653400, 9682294, 28894
365341, 9653410, 9682308, 28898
365342, 9653420, 9682321, 28901
365343, 9653430, 9682335, 28905
365344, 9653440, 9682348, 28908
365345, 9653450, 9682362, 28912
365346, 9653460, 9682375, 28915
365347, 9653470, 9682388, 28918
365348, 9653480, 9682402, 28922
365351, 9653510, 9682429, 28919
365352, 9653520, 9682442, 28922
365353, 9653530, 9682456, 28926
365354, 9653540, 9682469, 28929
365355, 9653550, 9682482, 28932
365356, 9653560, 9682496, 28936
365357, 9653570, 9682509, 28939
365358, 9653580, 9682523, 28943
365359, 9653590, 9682536, 28946
365361, 9653610, 9682550, 28940
365362, 9653620, 9682563, 28943
365363, 9653630, 9682577, 28947
365364, 9653640, 9682590, 28950
365365, 9653650, 9682603, 28953
365366, 9653660, 9682617, 28957
365367, 9653670, 9682630, 28960
365368, 9653680, 9682644, 28964
365369, 9653690, 9682657, 28967
365371, 9653710, 9682671, 28961
365372, 9653720, 9682684, 28964
365373, 9653730, 9682698, 28968
365374, 9653740, 9682711, 28971
365375, 9653750, 9682724, 28974
365376, 9653760, 9682738, 28978
365377, 9653770, 9682751, 28981
365378, 9653780, 9682765, 28985
365379, 9653790, 9682778, 28988
365380, 9653800, 9682792, 28992
365382, 9653820, 9682805, 28985
365383, 9653830, 9682818, 28988
365384, 9653840, 9682832, 28992
365385, 9653850, 9682845, 28995
365386, 9653860, 9682859, 28999
365387, 9653870, 9682872, 29002
365388, 9653880, 9682886, 29006
365389, 9653890, 9682899, 29009
365390, 9653900, 9682913, 29013
365391, 9653910, 9682926, 29016
365393, 9653930, 9682939, 29009
365394, 9653940, 9682953, 29013
365395, 9653950, 9682966, 29016
365396, 9653960, 9682980, 29020
365397, 9653970, 9682993, 29023
365398, 9653980, 9683007, 29027
365399, 9653990, 9683020, 29030
365802, 9658020, 9683047, 25027
365803, 9658030, 9683060, 25030
365804, 9658040, 9683074, 25034
365805, 9658050, 9683087, 25037
365806, 9658060, 9683101, 25041
365807, 9658070, 9683114, 25044
365808, 9658080, 9683128, 25048
365809, 9658090, 9683141, 25051
365810, 9658100, 9683154, 25054
365812, 9658120, 9683168, 25048
365813, 9658130, 9683181, 25051
365814, 9658140, 9683195, 25055
365815, 9658150, 9683208, 25058
365816, 9658160, 9683222, 25062
365817, 9658170, 9683235, 25065
365818, 9658180, 9683249, 25069
365819, 9658190, 9683262, 25072
365820, 9658200, 9683275, 25075
365821, 9658210, 9683289, 25079
365823, 9658230, 9683302, 25072
365824, 9658240, 9683316, 25076
365825, 9658250, 9683329, 25079
365826, 9658260, 9683343, 25083
365827, 9658270, 9683356, 25086
365828, 9658280, 9683370, 25090
365829, 9658290, 9683383, 25093
365830, 9658300, 9683396, 25096
365831, 9658310, 9683410, 25100
365833, 9658330, 9683423, 25093
365834, 9658340, 9683437, 25097
365835, 9658350, 9683450, 25100
365836, 9658360, 9683464, 25104
365837, 9658370, 9683477, 25107
365838, 9658380, 9683490, 25110
365839, 9658390, 9683504, 25114
365840, 9658400, 9683517, 25117
365841, 9658410, 9683531, 25121
365842, 9658420, 9683544, 25124
365844, 9658440, 9683558, 25118
365845, 9658450, 9683571, 25121
365846, 9658460, 9683585, 25125
365847, 9658470, 9683598, 25128
365848, 9658480, 9683611, 25131
365849, 9658490, 9683625, 25135
365851, 9658510, 9683652, 25142
365852, 9658520, 9683665, 25145
365853, 9658530, 9683679, 25149
365855, 9658550, 9683692, 25142
365856, 9658560, 9683706, 25146
365857, 9658570, 9683719, 25149
365858, 9658580, 9683732, 25152
365859, 9658590, 9683746, 25156
365860, 9658600, 9683759, 25159
365861, 9658610, 9683773, 25163
365862, 9658620, 9683786, 25166
365863, 9658630, 9683800, 25170
365865, 9658650, 9683813, 25163
365866, 9658660, 9683826, 25166
365867, 9658670, 9683840, 25170
365868, 9658680, 9683853, 25173
365869, 9658690, 9683867, 25177
365870, 9658700, 9683880, 25180
365871, 9658710, 9683894, 25184
365872, 9658720, 9683907, 25187
365873, 9658730, 9683921, 25191
365874, 9658740, 9683934, 25194
365876, 9658760, 9683947, 25187
365877, 9658770, 9683961, 25191
365878, 9658780, 9683974, 25194
365879, 9658790, 9683988, 25198
365880, 9658800, 9684001, 25201
365881, 9658810, 9684015, 25205
365882, 9658820, 9684028, 25208
365883, 9658830, 9684042, 25212
365884, 9658840, 9684055, 25215
365885, 9658850, 9684068, 25218
365887, 9658870, 9684082, 25212
365888, 9658880, 9684095, 25215
365889, 9658890, 9684109, 25219
365890, 9658900, 9684122, 25222
365891, 9658910, 9684136, 25226
365892, 9658920, 9684149, 25229
365893, 9658930, 9684162, 25232
365894, 9658940, 9684176, 25236
365895, 9658950, 9684189, 25239
365897, 9658970, 9684203, 25233
365898, 9658980, 9684216, 25236
365899, 9658990, 9684230, 25240
365901, 9659010, 9684257, 25247
365902, 9659020, 9684270, 25250
365903, 9659030, 9684283, 25253
365904, 9659040, 9684297, 25257
365905, 9659050, 9684310, 25260
365906, 9659060, 9684324, 25264
365908, 9659080, 9684337, 25257
365909, 9659090, 9684351, 25261
365910, 9659100, 9684364, 25264
365911, 9659110, 9684378, 25268
365912, 9659120, 9684391, 25271
365913, 9659130, 9684404, 25274
365914, 9659140, 9684418, 25278
365915, 9659150, 9684431, 25281
365916, 9659160, 9688012, 28852
365918, 9659180, 9688026, 28846
365919, 9659190, 9688039, 28849
365920, 9659200, 9688052, 28852
365921, 9659210, 9688066, 28856
365922, 9659220, 9688079, 28859
365923, 9659230, 9688093, 28863
365924, 9659240, 9688106, 28866
365925, 9659250, 9688120, 28870
365926, 9659260, 9688133, 28873
365927, 9659270, 9688146, 28876
365929, 9659290, 9688160, 28870
365930, 9659300, 9688173, 28873
365931, 9659310, 9688187, 28877
365932, 9659320, 9688200, 28880
365933, 9659330, 9688214, 28884
365934, 9659340, 9688227, 28887
365935, 9659350, 9688241, 28891
365936, 9659360, 9688254, 28894
365937, 9659370, 9688267, 28897
365938, 9659380, 9688281, 28901
365940, 9659400, 9688294, 28894
365941, 9659410, 9688308, 28898
365942, 9659420, 9688321, 28901
365943, 9659430, 9688335, 28905
365944, 9659440, 9688348, 28908
365945, 9659450, 9688362, 28912
365946, 9659460, 9688375, 28915
365947, 9659470, 9688388, 28918
365948, 9659480, 9688402, 28922
365951, 9659510, 9688429, 28919
365952, 9659520, 9688442, 28922
365953, 9659530, 9688456, 28926
365954, 9659540, 9688469, 28929
365955, 9659550, 9688482, 28932
365956, 9659560, 9688496, 28936
365957, 9659570, 9688509, 28939
365958, 9659580, 9688523, 28943
365959, 9659590, 9688536, 28946
365961, 9659610, 9688550, 28940
365962, 9659620, 9688563, 28943
365963, 9659630, 9688577, 28947
365964, 9659640, 9688590, 28950
365965, 9659650, 9688603, 28953
365966, 9659660, 9688617, 28957
365967, 9659670, 9688630, 28960
365968, 9659680, 9688644, 28964
365969, 9659690, 9688657, 28967
365971, 9659710, 9688671, 28961
365972, 9659720, 9688684, 28964
365973, 9659730, 9688698, 28968
365974, 9659740, 9688711, 28971
365975, 9659750, 9688724, 28974
365976, 9659760, 9688738, 28978
365977, 9659770, 9688751, 28981
365978, 9659780, 9688765, 28985
365979, 9659790, 9688778, 28988
365980, 9659800, 9688792, 28992
365982, 9659820, 9688805, 28985
365983, 9659830, 9688818, 28988
365984, 9659840, 9688832, 28992
365985, 9659850, 9688845, 28995
365986, 9659860, 9688859, 28999
365987, 9659870, 9688872, 29002
365988, 9659880, 9688886, 29006
365989, 9659890, 9688899, 29009
365990, 9659900, 9688913, 29013
365991, 9659910, 9688926, 29016
365993, 9659930, 9688939, 29009
365994, 9659940, 9688953, 29013
365995, 9659950, 9688966, 29016
365996, 9659960, 9688980, 29020
365997, 9659970, 9688993, 29023
365998, 9659980, 9689007, 29027
365999, 9659990, 9689020, 29030
366402, 9664020, 9689047, 25027
366403, 9664030, 9689060, 25030
366404, 9664040, 9689074, 25034
366405, 9664050, 9689087, 25037
366406, 9664060, 9689101, 25041
366407, 9664070, 9689114, 25044
366408, 9664080, 9689128, 25048
366409, 9664090, 9689141, 25051
366410, 9664100, 9689154, 25054
366412, 9664120, 9689168, 25048
366413, 9664130, 9689181, 25051
366414, 9664140, 9689195, 25055
366415, 9664150, 9689208, 25058
366416, 9664160, 9689222, 25062
366417, 9664170, 9689235, 25065
366418, 9664180, 9689249, 25069
366419, 9664190, 9689262, 25072
366420, 9664200, 9689275, 25075
366421, 9664210, 9689289, 25079
366423, 9664230, 9689302, 25072
366424, 9664240, 9689316, 25076
366425, 9664250, 9689329, 25079
366426, 9664260, 9689343, 25083
366427, 9664270, 9689356, 25086
366428, 9664280, 9689370, 25090
366429, 9664290, 9689383, 25093
366430, 9664300, 9689396, 25096
366431, 9664310, 9689410, 25100
366433, 9664330, 9689423, 25093
366434, 9664340, 9689437, 25097
366435, 9664350, 9689450, 25100
366436, 9664360, 9689464, 25104
366437, 9664370, 9689477, 25107
366438, 9664380, 9689490, 25110
366439, 9664390, 9689504, 25114
366440, 9664400, 9689517, 25117
366441, 9664410, 9689531, 25121
366442, 9664420, 9689544, 25124
366444, 9664440, 9689558, 25118
366445, 9664450, 9689571, 25121
366446, 9664460, 9689585, 25125
366447, 9664470, 9689598, 25128
366448, 9664480, 9689611, 25131
366449, 9664490, 9689625, 25135
366451, 9664510, 9689652, 25142
366452, 9664520, 9689665, 25145
366453, 9664530, 9689679, 25149
366455, 9664550, 9689692, 25142
366456, 9664560, 9689706, 25146
366457, 9664570, 9689719, 25149
366458, 9664580, 9689732, 25152
366459, 9664590, 9689746, 25156
366460, 9664600, 9689759, 25159
366461, 9664610, 9689773, 25163
366462, 9664620, 9689786, 25166
366463, 9664630, 9689800, 25170
366465, 9664650, 9689813, 25163
366466, 9664660, 9689826, 25166
366467, 9664670, 9689840, 25170
366468, 9664680, 9689853, 25173
366469, 9664690, 9689867, 25177
366470, 9664700, 9689880, 25180
366471, 9664710, 9689894, 25184
366472, 9664720, 9689907, 25187
366473, 9664730, 9689921, 25191
366474, 9664740, 9689934, 25194
366476, 9664760, 9689947, 25187
366477, 9664770, 9689961, 25191
366478, 9664780, 9689974, 25194
366479, 9664790, 9689988, 25198
366480, 9664800, 9690001, 25201
366481, 9664810, 9690015, 25205
366482, 9664820, 9690028, 25208
366483, 9664830, 9690042, 25212
366484, 9664840, 9690055, 25215
366485, 9664850, 9690068, 25218
366487, 9664870, 9690082, 25212
366488, 9664880, 9690095, 25215
366489, 9664890, 9690109, 25219
366490, 9664900, 9690122, 25222
366491, 9664910, 9690136, 25226
366492, 9664920, 9690149, 25229
366493, 9664930, 9690162, 25232
366494, 9664940, 9690176, 25236
366495, 9664950, 9690189, 25239
366497, 9664970, 9690203, 25233
366498, 9664980, 9690216, 25236
366499, 9664990, 9690230, 25240
366501, 9665010, 9690257, 25247
366502, 9665020, 9690270, 25250
366503, 9665030, 9690283, 25253
366504, 9665040, 9690297, 25257
366505, 9665050, 9690310, 25260
366506, 9665060, 9690324, 25264
366508, 9665080, 9690337, 25257
366509, 9665090, 9690351, 25261
366510, 9665100, 9690364, 25264
366511, 9665110, 9690378, 25268
366512, 9665120, 9690391, 25271
366513, 9665130, 9690404, 25274
366514, 9665140, 9690418, 25278
366515, 9665150, 9690431, 25281
366516, 9665160, 9694012, 28852
366517, 9665170, 9694026, 28856
366519, 9665190, 9694039, 28849
366520, 9665200, 9694052, 28852
366521, 9665210, 9694066, 28856
366522, 9665220, 9694079, 28859
366523, 9665230, 9694093, 28863
366524, 9665240, 9694106, 28866
366525, 9665250, 9694120, 28870
366526, 9665260, 9694133, 28873
366527, 9665270, 9694146, 28876
366529, 9665290, 9694160, 28870
366530, 9665300, 9694173, 28873
366531, 9665310, 9694187, 28877
366532, 9665320, 9694200, 28880
366533, 9665330, 9694214, 28884
366534, 9665340, 9694227, 28887
366535, 9665350, 9694241, 28891
366536, 9665360, 9694254, 28894
366537, 9665370, 9694267, 28897
366538, 9665380, 9694281, 28901
366540, 9665400, 9694294, 28894
366541, 9665410, 9694308, 28898
366542, 9665420, 9694321, 28901
366543, 9665430, 9694335, 28905
366544, 9665440, 9694348, 28908
366545, 9665450, 9694362, 28912
366546, 9665460, 9694375, 28915
366547, 9665470, 9694388, 28918
366548, 9665480, 9694402, 28922
366551, 9665510, 9694429, 28919
366552, 9665520, 9694442, 28922
366553, 9665530, 9694456, 28926
366554, 9665540, 9694469, 28929
366555, 9665550, 9694482, 28932
366556, 9665560, 9694496, 28936
366557, 9665570, 9694509, 28939
366558, 9665580, 9694523, 28943
366559, 9665590, 9694536, 28946
366561, 9665610, 9694550, 28940
366562, 9665620, 9694563, 28943
366563, 9665630, 9694577, 28947
366564, 9665640, 9694590, 28950
366565, 9665650, 9694603, 28953
366566, 9665660, 9694617, 28957
366567, 9665670, 9694630, 28960
366568, 9665680, 9694644, 28964
366569, 9665690, 9694657, 28967
366570, 9665700, 9694671, 28971
366572, 9665720, 9694684, 28964
366573, 9665730, 9694698, 28968
366574, 9665740, 9694711, 28971
366575, 9665750, 9694724, 28974
366576, 9665760, 9694738, 28978
366577, 9665770, 9694751, 28981
366578, 9665780, 9694765, 28985
366579, 9665790, 9694778, 28988
366580, 9665800, 9694792, 28992
366582, 9665820, 9694805, 28985
366583, 9665830, 9694818, 28988
366584, 9665840, 9694832, 28992
366585, 9665850, 9694845, 28995
366586, 9665860, 9694859, 28999
366587, 9665870, 9694872, 29002
366588, 9665880, 9694886, 29006
366589, 9665890, 9694899, 29009
366590, 9665900, 9694913, 29013
366591, 9665910, 9694926, 29016
366593, 9665930, 9694939, 29009
366594, 9665940, 9694953, 29013
366595, 9665950, 9694966, 29016
366596, 9665960, 9694980, 29020
366597, 9665970, 9694993, 29023
366598, 9665980, 9695007, 29027
366599, 9665990, 9695020, 29030
367002, 9670020, 9695047, 25027
367003, 9670030, 9695060, 25030
367004, 9670040, 9695074, 25034
367005, 9670050, 9695087, 25037
367006, 9670060, 9695101, 25041
367007, 9670070, 9695114, 25044
367008, 9670080, 9695127, 25047
367009, 9670090, 9695141, 25051
367010, 9670100, 9695154, 25054
367012, 9670120, 9695168, 25048
367013, 9670130, 9695181, 25051
367014, 9670140, 9695195, 25055
367015, 9670150, 9695208, 25058
367016, 9670160, 9695222, 25062
367017, 9670170, 9695235, 25065
367018, 9670180, 9695248, 25068
367019, 9670190, 9695262, 25072
367020, 9670200, 9695275, 25075
367021, 9670210, 9695289, 25079
367023, 9670230, 9695302, 25072
367024, 9670240, 9695316, 25076
367025, 9670250, 9695329, 25079
367026, 9670260, 9695342, 25082
367027, 9670270, 9695356, 25086
367028, 9670280, 9695369, 25089
367029, 9670290, 9695383, 25093
367030, 9670300, 9695396, 25096
367031, 9670310, 9695410, 25100
367033, 9670330, 9695423, 25093
367034, 9670340, 9695437, 25097
367035, 9670350, 9695450, 25100
367036, 9670360, 9695463, 25103
367037, 9670370, 9695477, 25107
367038, 9670380, 9695490, 25110
367039, 9670390, 9695504, 25114
367040, 9670400, 9695517, 25117
367041, 9670410, 9695531, 25121
367042, 9670420, 9695544, 25124
367044, 9670440, 9695558, 25118
367045, 9670450, 9695571, 25121
367046, 9670460, 9695584, 25124
367047, 9670470, 9695598, 25128
367048, 9670480, 9695611, 25131
367049, 9670490, 9695625, 25135
367051, 9670510, 9695652, 25142
367052, 9670520, 9695665, 25145
367053, 9670530, 9695678, 25148
367055, 9670550, 9695692, 25142
367056, 9670560, 9695705, 25145
367057, 9670570, 9695719, 25149
367058, 9670580, 9695732, 25152
367059, 9670590, 9695746, 25156
367060, 9670600, 9695759, 25159
367061, 9670610, 9695773, 25163
367062, 9670620, 9695786, 25166
367063, 9670630, 9695799, 25169
367065, 9670650, 9695813, 25163
367066, 9670660, 9695826, 25166
367067, 9670670, 9695840, 25170
367068, 9670680, 9695853, 25173
367069, 9670690, 9695867, 25177
367070, 9670700, 9695880, 25180
367071, 9670710, 9695894, 25184
367072, 9670720, 9695907, 25187
367073, 9670730, 9695920, 25190
367074, 9670740, 9695934, 25194
367076, 9670760, 9695947, 25187
367077, 9670770, 9695961, 25191
367078, 9670780, 9695974, 25194
367079, 9670790, 9695988, 25198
367080, 9670800, 9696001, 25201
367081, 9670810, 9696014, 25204
367082, 9670820, 9696028, 25208
367083, 9670830, 9696041, 25211
367084, 9670840, 9696055, 25215
367085, 9670850, 9696068, 25218
367087, 9670870, 9696082, 25212
367088, 9670880, 9696095, 25215
367089, 9670890, 9696109, 25219
367090, 9670900, 9696122, 25222
367091, 9670910, 9696135, 25225
367092, 9670920, 9696149, 25229
367093, 9670930, 9696162, 25232
367094, 9670940, 9696176, 25236
367095, 9670950, 9696189, 25239
367097, 9670970, 9696203, 25233
367098, 9670980, 9696216, 25236
367099, 9670990, 9696230, 25240
367101, 9671010, 9696256, 25246
367102, 9671020, 9696270, 25250
367103, 9671030, 9696283, 25253
367104, 9671040, 9696297, 25257
367105, 9671050, 9696310, 25260
367106, 9671060, 9696324, 25264
367108, 9671080, 9696337, 25257
367109, 9671090, 9696350, 25260
367110, 9671100, 9696364, 25264
367111, 9671110, 9696377, 25267
367112, 9671120, 9696391, 25271
367113, 9671130, 9696404, 25274
367114, 9671140, 9696418, 25278
367115, 9671150, 9696431, 25281
367116, 9671160, 9700012, 28852
367118, 9671180, 9700026, 28846
367119, 9671190, 9700039, 28849
367120, 9671200, 9700052, 28852
367121, 9671210, 9700066, 28856
367122, 9671220, 9700079, 28859
367123, 9671230, 9700093, 28863
367124, 9671240, 9700106, 28866
367125, 9671250, 9700120, 28870
367126, 9671260, 9700133, 28873
367127, 9671270, 9700146, 28876
367129, 9671290, 9700160, 28870
367130, 9671300, 9700173, 28873
367131, 9671310, 9700187, 28877
367132, 9671320, 9700200, 28880
367133, 9671330, 9700214, 28884
367134, 9671340, 9700227, 28887
367135, 9671350, 9700241, 28891
367136, 9671360, 9700254, 28894
367137, 9671370, 9700267, 28897
367138, 9671380, 9700281, 28901
367140, 9671400, 9700294, 28894
367141, 9671410, 9700308, 28898
367142, 9671420, 9700321, 28901
367143, 9671430, 9700335, 28905
367144, 9671440, 9700348, 28908
367145, 9671450, 9700362, 28912
367146, 9671460, 9700375, 28915
367147, 9671470, 9700388, 28918
367148, 9671480, 9700402, 28922
367151, 9671510, 9700429, 28919
367152, 9671520, 9700442, 28922
367153, 9671530, 9700456, 28926
367154, 9671540, 9700469, 28929
367155, 9671550, 9700482, 28932
367156, 9671560, 9700496, 28936
367157, 9671570, 9700509, 28939
367158, 9671580, 9700523, 28943
367159, 9671590, 9700536, 28946
367161, 9671610, 9700550, 28940
367162, 9671620, 9700563, 28943
367163, 9671630, 9700577, 28947
367164, 9671640, 9700590, 28950
367165, 9671650, 9700603, 28953
367166, 9671660, 9700617, 28957
367167, 9671670, 9700630, 28960
367168, 9671680, 9700644, 28964
367169, 9671690, 9700657, 28967
367171, 9671710, 9700671, 28961
367172, 9671720, 9700684, 28964
367173, 9671730, 9700698, 28968
367174, 9671740, 9700711, 28971
367175, 9671750, 9700724, 28974
367176, 9671760, 9700738, 28978
367177, 9671770, 9700751, 28981
367178, 9671780, 9700765, 28985
367179, 9671790, 9700778, 28988
367180, 9671800, 9700792, 28992
367182, 9671820, 9700805, 28985
367183, 9671830, 9700818, 28988
367184, 9671840, 9700832, 28992
367185, 9671850, 9700845, 28995
367186, 9671860, 9700859, 28999
367187, 9671870, 9700872, 29002
367188, 9671880, 9700886, 29006
367189, 9671890, 9700899, 29009
367190, 9671900, 9700913, 29013
367191, 9671910, 9700926, 29016
367193, 9671930, 9700939, 29009
367194, 9671940, 9700953, 29013
367195, 9671950, 9700966, 29016
367196, 9671960, 9700980, 29020
367197, 9671970, 9700993, 29023
367198, 9671980, 9701007, 29027
367199, 9671990, 9701020, 29030
367602, 9676020, 9701047, 25027
367603, 9676030, 9701060, 25030
367604, 9676040, 9701074, 25034
367605, 9676050, 9701087, 25037
367606, 9676060, 9701101, 25041
367607, 9676070, 9701114, 25044
367608, 9676080, 9701128, 25048
367609, 9676090, 9701141, 25051
367610, 9676100, 9701154, 25054
367612, 9676120, 9701168, 25048
367613, 9676130, 9701181, 25051
367614, 9676140, 9701195, 25055
367615, 9676150, 9701208, 25058
367616, 9676160, 9701222, 25062
367617, 9676170, 9701235, 25065
367618, 9676180, 9701249, 25069
367619, 9676190, 9701262, 25072
367620, 9676200, 9701275, 25075
367621, 9676210, 9701289, 25079
367623, 9676230, 9701302, 25072
367624, 9676240, 9701316, 25076
367625, 9676250, 9701329, 25079
367626, 9676260, 9701343, 25083
367627, 9676270, 9701356, 25086
367628, 9676280, 9701370, 25090
367629, 9676290, 9701383, 25093
367630, 9676300, 9701396, 25096
367631, 9676310, 9701410, 25100
367633, 9676330, 9701423, 25093
367634, 9676340, 9701437, 25097
367635, 9676350, 9701450, 25100
367636, 9676360, 9701464, 25104
367637, 9676370, 9701477, 25107
367638, 9676380, 9701490, 25110
367639, 9676390, 9701504, 25114
367640, 9676400, 9701517, 25117
367641, 9676410, 9701531, 25121
367642, 9676420, 9701544, 25124
367644, 9676440, 9701558, 25118
367645, 9676450, 9701571, 25121
367646, 9676460, 9701585, 25125
367647, 9676470, 9701598, 25128
367648, 9676480, 9701611, 25131
367649, 9676490, 9701625, 25135
367651, 9676510, 9701652, 25142
367652, 9676520, 9701665, 25145
367653, 9676530, 9701679, 25149
367655, 9676550, 9701692, 25142
367656, 9676560, 9701706, 25146
367657, 9676570, 9701719, 25149
367658, 9676580, 9701732, 25152
367659, 9676590, 9701746, 25156
367660, 9676600, 9701759, 25159
367661, 9676610, 9701773, 25163
367662, 9676620, 9701786, 25166
367663, 9676630, 9701800, 25170
367665, 9676650, 9701813, 25163
367666, 9676660, 9701826, 25166
367667, 9676670, 9701840, 25170
367668, 9676680, 9701853, 25173
367669, 9676690, 9701867, 25177
367670, 9676700, 9701880, 25180
367671, 9676710, 9701894, 25184
367672, 9676720, 9701907, 25187
367673, 9676730, 9701921, 25191
367674, 9676740, 9701934, 25194
367676, 9676760, 9701947, 25187
367677, 9676770, 9701961, 25191
367678, 9676780, 9701974, 25194
367679, 9676790, 9701988, 25198
367680, 9676800, 9702001, 25201
367681, 9676810, 9702015, 25205
367682, 9676820, 9702028, 25208
367683, 9676830, 9702042, 25212
367684, 9676840, 9702055, 25215
367685, 9676850, 9702068, 25218
367687, 9676870, 9702082, 25212
367688, 9676880, 9702095, 25215
367689, 9676890, 9702109, 25219
367690, 9676900, 9702122, 25222
367691, 9676910, 9702136, 25226
367692, 9676920, 9702149, 25229
367693, 9676930, 9702162, 25232
367694, 9676940, 9702176, 25236
367695, 9676950, 9702189, 25239
367697, 9676970, 9702203, 25233
367698, 9676980, 9702216, 25236
367699, 9676990, 9702230, 25240
367701, 9677010, 9702257, 25247
367702, 9677020, 9702270, 25250
367703, 9677030, 9702283, 25253
367704, 9677040, 9702297, 25257
367705, 9677050, 9702310, 25260
367706, 9677060, 9702324, 25264
367708, 9677080, 9702337, 25257
367709, 9677090, 9702351, 25261
367710, 9677100, 9702364, 25264
367711, 9677110, 9702378, 25268
367712, 9677120, 9702391, 25271
367713, 9677130, 9702404, 25274
367714, 9677140, 9702418, 25278
367715, 9677150, 9702431, 25281
367716, 9677160, 9706012, 28852
367718, 9677180, 9706026, 28846
367719, 9677190, 9706039, 28849
367720, 9677200, 9706052, 28852
367721, 9677210, 9706066, 28856
367722, 9677220, 9706079, 28859
367723, 9677230, 9706093, 28863
367724, 9677240, 9706106, 28866
367725, 9677250, 9706120, 28870
367726, 9677260, 9706133, 28873
367727, 9677270, 9706146, 28876
367729, 9677290, 9706160, 28870
367730, 9677300, 9706173, 28873
367731, 9677310, 9706187, 28877
367732, 9677320, 9706200, 28880
367733, 9677330, 9706214, 28884
367734, 9677340, 9706227, 28887
367735, 9677350, 9706241, 28891
367736, 9677360, 9706254, 28894
367737, 9677370, 9706267, 28897
367738, 9677380, 9706281, 28901
367740, 9677400, 9706294, 28894
367741, 9677410, 9706308, 28898
367742, 9677420, 9706321, 28901
367743, 9677430, 9706335, 28905
367744, 9677440, 9706348, 28908
367745, 9677450, 9706362, 28912
367746, 9677460, 9706375, 28915
367747, 9677470, 9706388, 28918
367748, 9677480, 9706402, 28922
367751, 9677510, 9706429, 28919
367752, 9677520, 9706442, 28922
367753, 9677530, 9706456, 28926
367754, 9677540, 9706469, 28929
367755, 9677550, 9706482, 28932
367756, 9677560, 9706496, 28936
367757, 9677570, 9706509, 28939
367758, 9677580, 9706523, 28943
367759, 9677590, 9706536, 28946
367761, 9677610, 9706550, 28940
367762, 9677620, 9706563, 28943
367763, 9677630, 9706577, 28947
367764, 9677640, 9706590, 28950
367765, 9677650, 9706603, 28953
367766, 9677660, 9706617, 28957
367767, 9677670, 9706630, 28960
367768, 9677680, 9706644, 28964
367769, 9677690, 9706657, 28967
367771, 9677710, 9706671, 28961
367772, 9677720, 9706684, 28964
367773, 9677730, 9706698, 28968
367774, 9677740, 9706711, 28971
367775, 9677750, 9706724, 28974
367776, 9677760, 9706738, 28978
367777, 9677770, 9706751, 28981
367778, 9677780, 9706765, 28985
367779, 9677790, 9706778, 28988
367780, 9677800, 9706792, 28992
367782, 9677820, 9706805, 28985
367783, 9677830, 9706818, 28988
367784, 9677840, 9706832, 28992
367785, 9677850, 9706845, 28995
367786, 9677860, 9706859, 28999
367787, 9677870, 9706872, 29002
367788, 9677880, 9706886, 29006
367789, 9677890, 9706899, 29009
367790, 9677900, 9706913, 29013
367791, 9677910, 9706926, 29016
367793, 9677930, 9706939, 29009
367794, 9677940, 9706953, 29013
367795, 9677950, 9706966, 29016
367796, 9677960, 9706980, 29020
367797, 9677970, 9706993, 29023
367798, 9677980, 9707007, 29027
367799, 9677990, 9707020, 29030
368202, 9682020, 9707047, 25027
368203, 9682030, 9707060, 25030
368204, 9682040, 9707074, 25034
368205, 9682050, 9707087, 25037
368206, 9682060, 9707101, 25041
368207, 9682070, 9707114, 25044
368208, 9682080, 9707128, 25048
368209, 9682090, 9707141, 25051
368210, 9682100, 9707154, 25054
368212, 9682120, 9707168, 25048
368213, 9682130, 9707181, 25051
368214, 9682140, 9707195, 25055
368215, 9682150, 9707208, 25058
368216, 9682160, 9707222, 25062
368217, 9682170, 9707235, 25065
368218, 9682180, 9707249, 25069
368219, 9682190, 9707262, 25072
368220, 9682200, 9707275, 25075
368221, 9682210, 9707289, 25079
368223, 9682230, 9707302, 25072
368224, 9682240, 9707316, 25076
368225, 9682250, 9707329, 25079
368226, 9682260, 9707343, 25083
368227, 9682270, 9707356, 25086
368228, 9682280, 9707370, 25090
368229, 9682290, 9707383, 25093
368230, 9682300, 9707396, 25096
368231, 9682310, 9707410, 25100
368233, 9682330, 9707423, 25093
368234, 9682340, 9707437, 25097
368235, 9682350, 9707450, 25100
368236, 9682360, 9707464, 25104
368237, 9682370, 9707477, 25107
368238, 9682380, 9707490, 25110
368239, 9682390, 9707504, 25114
368240, 9682400, 9707517, 25117
368241, 9682410, 9707531, 25121
368242, 9682420, 9707544, 25124
368244, 9682440, 9707558, 25118
368245, 9682450, 9707571, 25121
368246, 9682460, 9707585, 25125
368247, 9682470, 9707598, 25128
368248, 9682480, 9707611, 25131
368249, 9682490, 9707625, 25135
368251, 9682510, 9707652, 25142
368252, 9682520, 9707665, 25145
368253, 9682530, 9707679, 25149
368255, 9682550, 9707692, 25142
368256, 9682560, 9707706, 25146
368257, 9682570, 9707719, 25149
368258, 9682580, 9707732, 25152
368259, 9682590, 9707746, 25156
368260, 9682600, 9707759, 25159
368261, 9682610, 9707773, 25163
368262, 9682620, 9707786, 25166
368263, 9682630, 9707800, 25170
368265, 9682650, 9707813, 25163
368266, 9682660, 9707826, 25166
368267, 9682670, 9707840, 25170
368268, 9682680, 9707853, 25173
368269, 9682690, 9707867, 25177
368270, 9682700, 9707880, 25180
368271, 9682710, 9707894, 25184
368272, 9682720, 9707907, 25187
368273, 9682730, 9707921, 25191
368274, 9682740, 9707934, 25194
368276, 9682760, 9707947, 25187
368277, 9682770, 9707961, 25191
368278, 9682780, 9707974, 25194
368279, 9682790, 9707988, 25198
368280, 9682800, 9708001, 25201
368281, 9682810, 9708015, 25205
368282, 9682820, 9708028, 25208
368283, 9682830, 9708042, 25212
368284, 9682840, 9708055, 25215
368285, 9682850, 9708068, 25218
368287, 9682870, 9708082, 25212
368288, 9682880, 9708095, 25215
368289, 9682890, 9708109, 25219
368290, 9682900, 9708122, 25222
368291, 9682910, 9708136, 25226
368292, 9682920, 9708149, 25229
368293, 9682930, 9708162, 25232
368294, 9682940, 9708176, 25236
368295, 9682950, 9708189, 25239
368297, 9682970, 9708203, 25233
368298, 9682980, 9708216, 25236
368299, 9682990, 9708230, 25240
368301, 9683010, 9708257, 25247
368302, 9683020, 9708270, 25250
368303, 9683030, 9708283, 25253
368304, 9683040, 9708297, 25257
368305, 9683050, 9708310, 25260
368306, 9683060, 9708324, 25264
368308, 9683080, 9708337, 25257
368309, 9683090, 9708351, 25261
368310, 9683100, 9708364, 25264
368311, 9683110, 9708378, 25268
368312, 9683120, 9708391, 25271
368313, 9683130, 9708404, 25274
368314, 9683140, 9708418, 25278
368315, 9683150, 9708431, 25281
368316, 9683160, 9712012, 28852
368318, 9683180, 9712026, 28846
368319, 9683190, 9712039, 28849
368320, 9683200, 9712052, 28852
368321, 9683210, 9712066, 28856
368322, 9683220, 9712079, 28859
368323, 9683230, 9712093, 28863
368324, 9683240, 9712106, 28866
368325, 9683250, 9712120, 28870
368326, 9683260, 9712133, 28873
368327, 9683270, 9712146, 28876
368329, 9683290, 9712160, 28870
368330, 9683300, 9712173, 28873
368331, 9683310, 9712187, 28877
368332, 9683320, 9712200, 28880
368333, 9683330, 9712214, 28884
368334, 9683340, 9712227, 28887
368335, 9683350, 9712241, 28891
368336, 9683360, 9712254, 28894
368337, 9683370, 9712267, 28897
368338, 9683380, 9712281, 28901
368340, 9683400, 9712294, 28894
368341, 9683410, 9712308, 28898
368342, 9683420, 9712321, 28901
368343, 9683430, 9712335, 28905
368344, 9683440, 9712348, 28908
368345, 9683450, 9712362, 28912
368346, 9683460, 9712375, 28915
368347, 9683470, 9712388, 28918
368348, 9683480, 9712402, 28922
368351, 9683510, 9712429, 28919
368352, 9683520, 9712442, 28922
368353, 9683530, 9712456, 28926
368354, 9683540, 9712469, 28929
368355, 9683550, 9712482, 28932
368356, 9683560, 9712496, 28936
368357, 9683570, 9712509, 28939
368358, 9683580, 9712523, 28943
368359, 9683590, 9712536, 28946
368361, 9683610, 9712550, 28940
368362, 9683620, 9712563, 28943
368363, 9683630, 9712577, 28947
368364, 9683640, 9712590, 28950
368365, 9683650, 9712603, 28953
368366, 9683660, 9712617, 28957
368367, 9683670, 9712630, 28960
368368, 9683680, 9712644, 28964
368369, 9683690, 9712657, 28967
368371, 9683710, 9712671, 28961
368372, 9683720, 9712684, 28964
368373, 9683730, 9712698, 28968
368374, 9683740, 9712711, 28971
368375, 9683750, 9712724, 28974
368376, 9683760, 9712738, 28978
368377, 9683770, 9712751, 28981
368378, 9683780, 9712765, 28985
368379, 9683790, 9712778, 28988
368380, 9683800, 9712792, 28992
368382, 9683820, 9712805, 28985
368383, 9683830, 9712818, 28988
368384, 9683840, 9712832, 28992
368385, 9683850, 9712845, 28995
368386, 9683860, 9712859, 28999
368387, 9683870, 9712872, 29002
368388, 9683880, 9712886, 29006
368389, 9683890, 9712899, 29009
368390, 9683900, 9712913, 29013
368391, 9683910, 9712926, 29016
368393, 9683930, 9712939, 29009
368394, 9683940, 9712953, 29013
368395, 9683950, 9712966, 29016
368396, 9683960, 9712980, 29020
368397, 9683970, 9712993, 29023
368398, 9683980, 9713007, 29027
368399, 9683990, 9713020, 29030
368802, 9688020, 9713047, 25027
368803, 9688030, 9713060, 25030
368804, 9688040, 9713074, 25034
368805, 9688050, 9713087, 25037
368806, 9688060, 9713101, 25041
368807, 9688070, 9713114, 25044
368808, 9688080, 9713128, 25048
368809, 9688090, 9713141, 25051
368810, 9688100, 9713154, 25054
368812, 9688120, 9713168, 25048
368813, 9688130, 9713181, 25051
368814, 9688140, 9713195, 25055
368815, 9688150, 9713208, 25058
368816, 9688160, 9713222, 25062
368817, 9688170, 9713235, 25065
368818, 9688180, 9713249, 25069
368819, 9688190, 9713262, 25072
368820, 9688200, 9713275, 25075
368821, 9688210, 9713289, 25079
368823, 9688230, 9713302, 25072
368824, 9688240, 9713316, 25076
368825, 9688250, 9713329, 25079
368826, 9688260, 9713343, 25083
368827, 9688270, 9713356, 25086
368828, 9688280, 9713370, 25090
368829, 9688290, 9713383, 25093
368830, 9688300, 9713396, 25096
368831, 9688310, 9713410, 25100
368833, 9688330, 9713423, 25093
368834, 9688340, 9713437, 25097
368835, 9688350, 9713450, 25100
368836, 9688360, 9713464, 25104
368837, 9688370, 9713477, 25107
368838, 9688380, 9713490, 25110
368839, 9688390, 9713504, 25114
368840, 9688400, 9713517, 25117
368841, 9688410, 9713531, 25121
368842, 9688420, 9713544, 25124
368844, 9688440, 9713558, 25118
368845, 9688450, 9713571, 25121
368846, 9688460, 9713585, 25125
368847, 9688470, 9713598, 25128
368848, 9688480, 9713611, 25131
368849, 9688490, 9713625, 25135
368851, 9688510, 9713652, 25142
368852, 9688520, 9713665, 25145
368853, 9688530, 9713679, 25149
368855, 9688550, 9713692, 25142
368856, 9688560, 9713706, 25146
368857, 9688570, 9713719, 25149
368858, 9688580, 9713732, 25152
368859, 9688590, 9713746, 25156
368860, 9688600, 9713759, 25159
368861, 9688610, 9713773, 25163
368862, 9688620, 9713786, 25166
368863, 9688630, 9713800, 25170
368865, 9688650, 9713813, 25163
368866, 9688660, 9713826, 25166
368867, 9688670, 9713840, 25170
368868, 9688680, 9713853, 25173
368869, 9688690, 9713867, 25177
368870, 9688700, 9713880, 25180
368871, 9688710, 9713894, 25184
368872, 9688720, 9713907, 25187
368873, 9688730, 9713921, 25191
368874, 9688740, 9713934, 25194
368876, 9688760, 9713947, 25187
368877, 9688770, 9713961, 25191
368878, 9688780, 9713974, 25194
368879, 9688790, 9713988, 25198
368880, 9688800, 9714001, 25201
368881, 9688810, 9714015, 25205
368882, 9688820, 9714028, 25208
368883, 9688830, 9714042, 25212
368884, 9688840, 9714055, 25215
368885, 9688850, 9714068, 25218
368887, 9688870, 9714082, 25212
368888, 9688880, 9714095, 25215
368889, 9688890, 9714109, 25219
368890, 9688900, 9714122, 25222
368891, 9688910, 9714136, 25226
368892, 9688920, 9714149, 25229
368893, 9688930, 9714162, 25232
368894, 9688940, 9714176, 25236
368895, 9688950, 9714189, 25239
368897, 9688970, 9714203, 25233
368898, 9688980, 9714216, 25236
368899, 9688990, 9714230, 25240
368901, 9689010, 9714257, 25247
368902, 9689020, 9714270, 25250
368903, 9689030, 9714283, 25253
368904, 9689040, 9714297, 25257
368905, 9689050, 9714310, 25260
368906, 9689060, 9714324, 25264
368908, 9689080, 9714337, 25257
368909, 9689090, 9714351, 25261
368910, 9689100, 9714364, 25264
368911, 9689110, 9714378, 25268
368912, 9689120, 9714391, 25271
368913, 9689130, 9714404, 25274
368914, 9689140, 9714418, 25278
368915, 9689150, 9714431, 25281
368916, 9689160, 9718012, 28852
368918, 9689180, 9718026, 28846
368919, 9689190, 9718039, 28849
368920, 9689200, 9718052, 28852
368921, 9689210, 9718066, 28856
368922, 9689220, 9718079, 28859
368923, 9689230, 9718093, 28863
368924, 9689240, 9718106, 28866
368925, 9689250, 9718120, 28870
368926, 9689260, 9718133, 28873
368927, 9689270, 9718146, 28876
368929, 9689290, 9718160, 28870
368930, 9689300, 9718173, 28873
368931, 9689310, 9718187, 28877
368932, 9689320, 9718200, 28880
368933, 9689330, 9718214, 28884
368934, 9689340, 9718227, 28887
368935, 9689350, 9718241, 28891
368936, 9689360, 9718254, 28894
368937, 9689370, 9718267, 28897
368938, 9689380, 9718281, 28901
368940, 9689400, 9718294, 28894
368941, 9689410, 9718308, 28898
368942, 9689420, 9718321, 28901
368943, 9689430, 9718335, 28905
368944, 9689440, 9718348, 28908
368945, 9689450, 9718362, 28912
368946, 9689460, 9718375, 28915
368947, 9689470, 9718388, 28918
368948, 9689480, 9718402, 28922
368951, 9689510, 9718429, 28919
368952, 9689520, 9718442, 28922
368953, 9689530, 9718456, 28926
368954, 9689540, 9718469, 28929
368955, 9689550, 9718482, 28932
368956, 9689560, 9718496, 28936
368957, 9689570, 9718509, 28939
368958, 9689580, 9718523, 28943
368959, 9689590, 9718536, 28946
368961, 9689610, 9718550, 28940
368962, 9689620, 9718563, 28943
368963, 9689630, 9718577, 28947
368964, 9689640, 9718590, 28950
368965, 9689650, 9718603, 28953
368966, 9689660, 9718617, 28957
368967, 9689670, 9718630, 28960
368968, 9689680, 9718644, 28964
368969, 9689690, 9718657, 28967
368971, 9689710, 9718671, 28961
368972, 9689720, 9718684, 28964
368973, 9689730, 9718698, 28968
368974, 9689740, 9718711, 28971
368975, 9689750, 9718724, 28974
368976, 9689760, 9718738, 28978
368977, 9689770, 9718751, 28981
368978, 9689780, 9718765, 28985
368979, 9689790, 9718778, 28988
368980, 9689800, 9718792, 28992
368982, 9689820, 9718805, 28985
368983, 9689830, 9718818, 28988
368984, 9689840, 9718832, 28992
368985, 9689850, 9718845, 28995
368986, 9689860, 9718859, 28999
368987, 9689870, 9718872, 29002
368988, 9689880, 9718886, 29006
368989, 9689890, 9718899, 29009
368990, 9689900, 9718913, 29013
368991, 9689910, 9718926, 29016
368993, 9689930, 9718939, 29009
368994, 9689940, 9718953, 29013
368995, 9689950, 9718966, 29016
368996, 9689960, 9718980, 29020
368997, 9689970, 9718993, 29023
368998, 9689980, 9719007, 29027
368999, 9689990, 9719020, 29030
369402, 9694020, 9719047, 25027
369403, 9694030, 9719060, 25030
369404, 9694040, 9719074, 25034
369405, 9694050, 9719087, 25037
369406, 9694060, 9719101, 25041
369407, 9694070, 9719114, 25044
369408, 9694080, 9719128, 25048
369409, 9694090, 9719141, 25051
369410, 9694100, 9719154, 25054
369412, 9694120, 9719168, 25048
369413, 9694130, 9719181, 25051
369414, 9694140, 9719195, 25055
369415, 9694150, 9719208, 25058
369416, 9694160, 9719222, 25062
369417, 9694170, 9719235, 25065
369418, 9694180, 9719249, 25069
369419, 9694190, 9719262, 25072
369420, 9694200, 9719275, 25075
369421, 9694210, 9719289, 25079
369423, 9694230, 9719302, 25072
369424, 9694240, 9719316, 25076
369425, 9694250, 9719329, 25079
369426, 9694260, 9719343, 25083
369427, 9694270, 9719356, 25086
369428, 9694280, 9719370, 25090
369429, 9694290, 9719383, 25093
369430, 9694300, 9719396, 25096
369431, 9694310, 9719410, 25100
369433, 9694330, 9719423, 25093
369434, 9694340, 9719437, 25097
369435, 9694350, 9719450, 25100
369436, 9694360, 9719464, 25104
369437, 9694370, 9719477, 25107
369438, 9694380, 9719490, 25110
369439, 9694390, 9719504, 25114
369440, 9694400, 9719517, 25117
369441, 9694410, 9719531, 25121
369442, 9694420, 9719544, 25124
369444, 9694440, 9719558, 25118
369445, 9694450, 9719571, 25121
369446, 9694460, 9719585, 25125
369447, 9694470, 9719598, 25128
369448, 9694480, 9719611, 25131
369449, 9694490, 9719625, 25135
369451, 9694510, 9719652, 25142
369452, 9694520, 9719665, 25145
369453, 9694530, 9719679, 25149
369455, 9694550, 9719692, 25142
369456, 9694560, 9719706, 25146
369457, 9694570, 9719719, 25149
369458, 9694580, 9719732, 25152
369459, 9694590, 9719746, 25156
369460, 9694600, 9719759, 25159
369461, 9694610, 9719773, 25163
369462, 9694620, 9719786, 25166
369463, 9694630, 9719800, 25170
369465, 9694650, 9719813, 25163
369466, 9694660, 9719826, 25166
369467, 9694670, 9719840, 25170
369468, 9694680, 9719853, 25173
369469, 9694690, 9719867, 25177
369470, 9694700, 9719880, 25180
369471, 9694710, 9719894, 25184
369472, 9694720, 9719907, 25187
369473, 9694730, 9719921, 25191
369474, 9694740, 9719934, 25194
369476, 9694760, 9719947, 25187
369477, 9694770, 9719961, 25191
369478, 9694780, 9719974, 25194
369479, 9694790, 9719988, 25198
369480, 9694800, 9720001, 25201
369481, 9694810, 9720015, 25205
369482, 9694820, 9720028, 25208
369483, 9694830, 9720042, 25212
369484, 9694840, 9720055, 25215
369485, 9694850, 9720068, 25218
369487, 9694870, 9720082, 25212
369488, 9694880, 9720095, 25215
369489, 9694890, 9720109, 25219
369490, 9694900, 9720122, 25222
369491, 9694910, 9720136, 25226
369492, 9694920, 9720149, 25229
369493, 9694930, 9720162, 25232
369494, 9694940, 9720176, 25236
369495, 9694950, 9720189, 25239
369497, 9694970, 9720203, 25233
369498, 9694980, 9720216, 25236
369499, 9694990, 9720230, 25240
369501, 9695010, 9720257, 25247
369502, 9695020, 9720270, 25250
369503, 9695030, 9720283, 25253
369504, 9695040, 9720297, 25257
369505, 9695050, 9720310, 25260
369506, 9695060, 9720324, 25264
369508, 9695080, 9720337, 25257
369509, 9695090, 9720351, 25261
369510, 9695100, 9720364, 25264
369511, 9695110, 9720378, 25268
369512, 9695120, 9720391, 25271
369513, 9695130, 9720404, 25274
369514, 9695140, 9720418, 25278
369515, 9695150, 9720431, 25281
369516, 9695160, 9724012, 28852
369517, 9695170, 9724026, 28856
369519, 9695190, 9724039, 28849
369520, 9695200, 9724052, 28852
369521, 9695210, 9724066, 28856
369522, 9695220, 9724079, 28859
369523, 9695230, 9724093, 28863
369524, 9695240, 9724106, 28866
369525, 9695250, 9724120, 28870
369526, 9695260, 9724133, 28873
369527, 9695270, 9724146, 28876
369529, 9695290, 9724160, 28870
369530, 9695300, 9724173, 28873
369531, 9695310, 9724187, 28877
369532, 9695320, 9724200, 28880
369533, 9695330, 9724214, 28884
369534, 9695340, 9724227, 28887
369535, 9695350, 9724241, 28891
369536, 9695360, 9724254, 28894
369537, 9695370, 9724267, 28897
369538, 9695380, 9724281, 28901
369540, 9695400, 9724294, 28894
369541, 9695410, 9724308, 28898
369542, 9695420, 9724321, 28901
369543, 9695430, 9724335, 28905
369544, 9695440, 9724348, 28908
369545, 9695450, 9724362, 28912
369546, 9695460, 9724375, 28915
369547, 9695470, 9724388, 28918
369548, 9695480, 9724402, 28922
369551, 9695510, 9724429, 28919
369552, 9695520, 9724442, 28922
369553, 9695530, 9724456, 28926
369554, 9695540, 9724469, 28929
369555, 9695550, 9724482, 28932
369556, 9695560, 9724496, 28936
369557, 9695570, 9724509, 28939
369558, 9695580, 9724523, 28943
369559, 9695590, 9724536, 28946
369561, 9695610, 9724550, 28940
369562, 9695620, 9724563, 28943
369563, 9695630, 9724577, 28947
369564, 9695640, 9724590, 28950
369565, 9695650, 9724603, 28953
369566, 9695660, 9724617, 28957
369567, 9695670, 9724630, 28960
369568, 9695680, 9724644, 28964
369569, 9695690, 9724657, 28967
369570, 9695700, 9724671, 28971
369572, 9695720, 9724684, 28964
369573, 9695730, 9724698, 28968
369574, 9695740, 9724711, 28971
369575, 9695750, 9724724, 28974
369576, 9695760, 9724738, 28978
369577, 9695770, 9724751, 28981
369578, 9695780, 9724765, 28985
369579, 9695790, 9724778, 28988
369580, 9695800, 9724792, 28992
369582, 9695820, 9724805, 28985
369583, 9695830, 9724818, 28988
369584, 9695840, 9724832, 28992
369585, 9695850, 9724845, 28995
369586, 9695860, 9724859, 28999
369587, 9695870, 9724872, 29002
369588, 9695880, 9724886, 29006
369589, 9695890, 9724899, 29009
369590, 9695900, 9724913, 29013
369591, 9695910, 9724926, 29016
369593, 9695930, 9724939, 29009
369594, 9695940, 9724953, 29013
369595, 9695950, 9724966, 29016
369596, 9695960, 9724980, 29020
369597, 9695970, 9724993, 29023
369598, 9695980, 9725007, 29027
369599, 9695990, 9725020, 29030
370002, 9700020, 9725047, 25027
370003, 9700030, 9725060, 25030
370004, 9700040, 9725074, 25034
370005, 9700050, 9725087, 25037
370006, 9700060, 9725101, 25041
370007, 9700070, 9725114, 25044
370008, 9700080, 9725127, 25047
370009, 9700090, 9725141, 25051
370010, 9700100, 9725154, 25054
370012, 9700120, 9725168, 25048
370013, 9700130, 9725181, 25051
370014, 9700140, 9725195, 25055
370015, 9700150, 9725208, 25058
370016, 9700160, 9725222, 25062
370017, 9700170, 9725235, 25065
370018, 9700180, 9725248, 25068
370019, 9700190, 9725262, 25072
370020, 9700200, 9725275, 25075
370021, 9700210, 9725289, 25079
370023, 9700230, 9725302, 25072
370024, 9700240, 9725316, 25076
370025, 9700250, 9725329, 25079
370026, 9700260, 9725342, 25082
370027, 9700270, 9725356, 25086
370028, 9700280, 9725369, 25089
370029, 9700290, 9725383, 25093
370030, 9700300, 9725396, 25096
370031, 9700310, 9725410, 25100
370033, 9700330, 9725423, 25093
370034, 9700340, 9725437, 25097
370035, 9700350, 9725450, 25100
370036, 9700360, 9725463, 25103
370037, 9700370, 9725477, 25107
370038, 9700380, 9725490, 25110
370039, 9700390, 9725504, 25114
370040, 9700400, 9725517, 25117
370041, 9700410, 9725531, 25121
370042, 9700420, 9725544, 25124
370044, 9700440, 9725558, 25118
370045, 9700450, 9725571, 25121
370046, 9700460, 9725584, 25124
370047, 9700470, 9725598, 25128
370048, 9700480, 9725611, 25131
370049, 9700490, 9725625, 25135
370051, 9700510, 9725652, 25142
370052, 9700520, 9725665, 25145
370053, 9700530, 9725678, 25148
370055, 9700550, 9725692, 25142
370056, 9700560, 9725705, 25145
370057, 9700570, 9725719, 25149
370058, 9700580, 9725732, 25152
370059, 9700590, 9725746, 25156
370060, 9700600, 9725759, 25159
370061, 9700610, 9725773, 25163
370062, 9700620, 9725786, 25166
370063, 9700630, 9725799, 25169
370065, 9700650, 9725813, 25163
370066, 9700660, 9725826, 25166
370067, 9700670, 9725840, 25170
370068, 9700680, 9725853, 25173
370069, 9700690, 9725867, 25177
370070, 9700700, 9725880, 25180
370071, 9700710, 9725894, 25184
370072, 9700720, 9725907, 25187
370073, 9700730, 9725920, 25190
370074, 9700740, 9725934, 25194
370076, 9700760, 9725947, 25187
370077, 9700770, 9725961, 25191
370078, 9700780, 9725974, 25194
370079, 9700790, 9725988, 25198
370080, 9700800, 9726001, 25201
370081, 9700810, 9726014, 25204
370082, 9700820, 9726028, 25208
370083, 9700830, 9726041, 25211
370084, 9700840, 9726055, 25215
370085, 9700850, 9726068, 25218
370087, 9700870, 9726082, 25212
370088, 9700880, 9726095, 25215
370089, 9700890, 9726109, 25219
370090, 9700900, 9726122, 25222
370091, 9700910, 9726135, 25225
370092, 9700920, 9726149, 25229
370093, 9700930, 9726162, 25232
370094, 9700940, 9726176, 25236
370095, 9700950, 9726189, 25239
370097, 9700970, 9726203, 25233
370098, 9700980, 9726216, 25236
370099, 9700990, 9726230, 25240
370101, 9701010, 9726256, 25246
370102, 9701020, 9726270, 25250
370103, 9701030, 9726283, 25253
370104, 9701040, 9726297, 25257
370105, 9701050, 9726310, 25260
370106, 9701060, 9726324, 25264
370108, 9701080, 9726337, 25257
370109, 9701090, 9726350, 25260
370110, 9701100, 9726364, 25264
370111, 9701110, 9726377, 25267
370112, 9701120, 9726391, 25271
370113, 9701130, 9726404, 25274
370114, 9701140, 9726418, 25278
370115, 9701150, 9726431, 25281
370116, 9701160, 9730012, 28852
370118, 9701180, 9730026, 28846
370119, 9701190, 9730039, 28849
370120, 9701200, 9730052, 28852
370121, 9701210, 9730066, 28856
370122, 9701220, 9730079, 28859
370123, 9701230, 9730093, 28863
370124, 9701240, 9730106, 28866
370125, 9701250, 9730120, 28870
370126, 9701260, 9730133, 28873
370127, 9701270, 9730146, 28876
370129, 9701290, 9730160, 28870
370130, 9701300, 9730173, 28873
370131, 9701310, 9730187, 28877
370132, 9701320, 9730200, 28880
370133, 9701330, 9730214, 28884
370134, 9701340, 9730227, 28887
370135, 9701350, 9730241, 28891
370136, 9701360, 9730254, 28894
370137, 9701370, 9730267, 28897
370138, 9701380, 9730281, 28901
370140, 9701400, 9730294, 28894
370141, 9701410, 9730308, 28898
370142, 9701420, 9730321, 28901
370143, 9701430, 9730335, 28905
370144, 9701440, 9730348, 28908
370145, 9701450, 9730362, 28912
370146, 9701460, 9730375, 28915
370147, 9701470, 9730388, 28918
370148, 9701480, 9730402, 28922
370151, 9701510, 9730429, 28919
370152, 9701520, 9730442, 28922
370153, 9701530, 9730456, 28926
370154, 9701540, 9730469, 28929
370155, 9701550, 9730482, 28932
370156, 9701560, 9730496, 28936
370157, 9701570, 9730509, 28939
370158, 9701580, 9730523, 28943
370159, 9701590, 9730536, 28946
370161, 9701610, 9730550, 28940
370162, 9701620, 9730563, 28943
370163, 9701630, 9730577, 28947
370164, 9701640, 9730590, 28950
370165, 9701650, 9730603, 28953
370166, 9701660, 9730617, 28957
370167, 9701670, 9730630, 28960
370168, 9701680, 9730644, 28964
370169, 9701690, 9730657, 28967
370171, 9701710, 9730671, 28961
370172, 9701720, 9730684, 28964
370173, 9701730, 9730698, 28968
370174, 9701740, 9730711, 28971
370175, 9701750, 9730724, 28974
370176, 9701760, 9730738, 28978
370177, 9701770, 9730751, 28981
370178, 9701780, 9730765, 28985
370179, 9701790, 9730778, 28988
370180, 9701800, 9730792, 28992
370182, 9701820, 9730805, 28985
370183, 9701830, 9730818, 28988
370184, 9701840, 9730832, 28992
370185, 9701850, 9730845, 28995
370186, 9701860, 9730859, 28999
370187, 9701870, 9730872, 29002
370188, 9701880, 9730886, 29006
370189, 9701890, 9730899, 29009
370190, 9701900, 9730913, 29013
370191, 9701910, 9730926, 29016
370193, 9701930, 9730939, 29009
370194, 9701940, 9730953, 29013
370195, 9701950, 9730966, 29016
370196, 9701960, 9730980, 29020
370197, 9701970, 9730993, 29023
370198, 9701980, 9731007, 29027
370199, 9701990, 9731020, 29030
370602, 9706020, 9731047, 25027
370603, 9706030, 9731060, 25030
370604, 9706040, 9731074, 25034
370605, 9706050, 9731087, 25037
370606, 9706060, 9731101, 25041
370607, 9706070, 9731114, 25044
370608, 9706080, 9731128, 25048
370609, 9706090, 9731141, 25051
370610, 9706100, 9731154, 25054
370612, 9706120, 9731168, 25048
370613, 9706130, 9731181, 25051
370614, 9706140, 9731195, 25055
370615, 9706150, 9731208, 25058
370616, 9706160, 9731222, 25062
370617, 9706170, 9731235, 25065
370618, 9706180, 9731249, 25069
370619, 9706190, 9731262, 25072
370620, 9706200, 9731275, 25075
370621, 9706210, 9731289, 25079
370623, 9706230, 9731302, 25072
370624, 9706240, 9731316, 25076
370625, 9706250, 9731329, 25079
370626, 9706260, 9731343, 25083
370627, 9706270, 9731356, 25086
370628, 9706280, 9731370, 25090
370629, 9706290, 9731383, 25093
370630, 9706300, 9731396, 25096
370631, 9706310, 9731410, 25100
370633, 9706330, 9731423, 25093
370634, 9706340, 9731437, 25097
370635, 9706350, 9731450, 25100
370636, 9706360, 9731464, 25104
370637, 9706370, 9731477, 25107
370638, 9706380, 9731490, 25110
370639, 9706390, 9731504, 25114
370640, 9706400, 9731517, 25117
370641, 9706410, 9731531, 25121
370642, 9706420, 9731544, 25124
370644, 9706440, 9731558, 25118
370645, 9706450, 9731571, 25121
370646, 9706460, 9731585, 25125
370647, 9706470, 9731598, 25128
370648, 9706480, 9731611, 25131
370649, 9706490, 9731625, 25135
370651, 9706510, 9731652, 25142
370652, 9706520, 9731665, 25145
370653, 9706530, 9731679, 25149
370655, 9706550, 9731692, 25142
370656, 9706560, 9731706, 25146
370657, 9706570, 9731719, 25149
370658, 9706580, 9731732, 25152
370659, 9706590, 9731746, 25156
370660, 9706600, 9731759, 25159
370661, 9706610, 9731773, 25163
370662, 9706620, 9731786, 25166
370663, 9706630, 9731800, 25170
370665, 9706650, 9731813, 25163
370666, 9706660, 9731826, 25166
370667, 9706670, 9731840, 25170
370668, 9706680, 9731853, 25173
370669, 9706690, 9731867, 25177
370670, 9706700, 9731880, 25180
370671, 9706710, 9731894, 25184
370672, 9706720, 9731907, 25187
370673, 9706730, 9731921, 25191
370674, 9706740, 9731934, 25194
370676, 9706760, 9731947, 25187
370677, 9706770, 9731961, 25191
370678, 9706780, 9731974, 25194
370679, 9706790, 9731988, 25198
370680, 9706800, 9732001, 25201
370681, 9706810, 9732015, 25205
370682, 9706820, 9732028, 25208
370683, 9706830, 9732042, 25212
370684, 9706840, 9732055, 25215
370685, 9706850, 9732068, 25218
370687, 9706870, 9732082, 25212
370688, 9706880, 9732095, 25215
370689, 9706890, 9732109, 25219
370690, 9706900, 9732122, 25222
370691, 9706910, 9732136, 25226
370692, 9706920, 9732149, 25229
370693, 9706930, 9732162, 25232
370694, 9706940, 9732176, 25236
370695, 9706950, 9732189, 25239
370697, 9706970, 9732203, 25233
370698, 9706980, 9732216, 25236
370699, 9706990, 9732230, 25240
370701, 9707010, 9732257, 25247
370702, 9707020, 9732270, 25250
370703, 9707030, 9732283, 25253
370704, 9707040, 9732297, 25257
370705, 9707050, 9732310, 25260
370706, 9707060, 9732324, 25264
370708, 9707080, 9732337, 25257
370709, 9707090, 9732351, 25261
370710, 9707100, 9732364, 25264
370711, 9707110, 9732378, 25268
370712, 9707120, 9732391, 25271
370713, 9707130, 9732404, 25274
370714, 9707140, 9732418, 25278
370715, 9707150, 9732431, 25281
370716, 9707160, 9736012, 28852
370718, 9707180, 9736026, 28846
370719, 9707190, 9736039, 28849
370720, 9707200, 9736052, 28852
370721, 9707210, 9736066, 28856
370722, 9707220, 9736079, 28859
370723, 9707230, 9736093, 28863
370724, 9707240, 9736106, 28866
370725, 9707250, 9736120, 28870
370726, 9707260, 9736133, 28873
370727, 9707270, 9736146, 28876
370729, 9707290, 9736160, 28870
370730, 9707300, 9736173, 28873
370731, 9707310, 9736187, 28877
370732, 9707320, 9736200, 28880
370733, 9707330, 9736214, 28884
370734, 9707340, 9736227, 28887
370735, 9707350, 9736241, 28891
370736, 9707360, 9736254, 28894
370737, 9707370, 9736267, 28897
370738, 9707380, 9736281, 28901
370740, 9707400, 9736294, 28894
370741, 9707410, 9736308, 28898
370742, 9707420, 9736321, 28901
370743, 9707430, 9736335, 28905
370744, 9707440, 9736348, 28908
370745, 9707450, 9736362, 28912
370746, 9707460, 9736375, 28915
370747, 9707470, 9736388, 28918
370748, 9707480, 9736402, 28922
370751, 9707510, 9736429, 28919
370752, 9707520, 9736442, 28922
370753, 9707530, 9736456, 28926
370754, 9707540, 9736469, 28929
370755, 9707550, 9736482, 28932
370756, 9707560, 9736496, 28936
370757, 9707570, 9736509, 28939
370758, 9707580, 9736523, 28943
370759, 9707590, 9736536, 28946
370761, 9707610, 9736550, 28940
370762, 9707620, 9736563, 28943
370763, 9707630, 9736577, 28947
370764, 9707640, 9736590, 28950
370765, 9707650, 9736603, 28953
370766, 9707660, 9736617, 28957
370767, 9707670, 9736630, 28960
370768, 9707680, 9736644, 28964
370769, 9707690, 9736657, 28967
370771, 9707710, 9736671, 28961
370772, 9707720, 9736684, 28964
370773, 9707730, 9736698, 28968
370774, 9707740, 9736711, 28971
370775, 9707750, 9736724, 28974
370776, 9707760, 9736738, 28978
370777, 9707770, 9736751, 28981
370778, 9707780, 9736765, 28985
370779, 9707790, 9736778, 28988
370780, 9707800, 9736792, 28992
370782, 9707820, 9736805, 28985
370783, 9707830, 9736818, 28988
370784, 9707840, 9736832, 28992
370785, 9707850, 9736845, 28995
370786, 9707860, 9736859, 28999
370787, 9707870, 9736872, 29002
370788, 9707880, 9736886, 29006
370789, 9707890, 9736899, 29009
370790, 9707900, 9736913, 29013
370791, 9707910, 9736926, 29016
370793, 9707930, 9736939, 29009
370794, 9707940, 9736953, 29013
370795, 9707950, 9736966, 29016
370796, 9707960, 9736980, 29020
370797, 9707970, 9736993, 29023
370798, 9707980, 9737007, 29027
370799, 9707990, 9737020, 29030
371202, 9712020, 9737047, 25027
371203, 9712030, 9737060, 25030
371204, 9712040, 9737074, 25034
371205, 9712050, 9737087, 25037
371206, 9712060, 9737101, 25041
371207, 9712070, 9737114, 25044
371208, 9712080, 9737128, 25048
371209, 9712090, 9737141, 25051
371210, 9712100, 9737154, 25054
371212, 9712120, 9737168, 25048
371213, 9712130, 9737181, 25051
371214, 9712140, 9737195, 25055
371215, 9712150, 9737208, 25058
371216, 9712160, 9737222, 25062
371217, 9712170, 9737235, 25065
371218, 9712180, 9737249, 25069
371219, 9712190, 9737262, 25072
371220, 9712200, 9737275, 25075
371221, 9712210, 9737289, 25079
371223, 9712230, 9737302, 25072
371224, 9712240, 9737316, 25076
371225, 9712250, 9737329, 25079
371226, 9712260, 9737343, 25083
371227, 9712270, 9737356, 25086
371228, 9712280, 9737370, 25090
371229, 9712290, 9737383, 25093
371230, 9712300, 9737396, 25096
371231, 9712310, 9737410, 25100
371233, 9712330, 9737423, 25093
371234, 9712340, 9737437, 25097
371235, 9712350, 9737450, 25100
371236, 9712360, 9737464, 25104
371237, 9712370, 9737477, 25107
371238, 9712380, 9737490, 25110
371239, 9712390, 9737504, 25114
371240, 9712400, 9737517, 25117
371241, 9712410, 9737531, 25121
371242, 9712420, 9737544, 25124
371244, 9712440, 9737558, 25118
371245, 9712450, 9737571, 25121
371246, 9712460, 9737585, 25125
371247, 9712470, 9737598, 25128
371248, 9712480, 9737611, 25131
371249, 9712490, 9737625, 25135
371251, 9712510, 9737652, 25142
371252, 9712520, 9737665, 25145
371253, 9712530, 9737679, 25149
371255, 9712550, 9737692, 25142
371256, 9712560, 9737706, 25146
371257, 9712570, 9737719, 25149
371258, 9712580, 9737732, 25152
371259, 9712590, 9737746, 25156
371260, 9712600, 9737759, 25159
371261, 9712610, 9737773, 25163
371262, 9712620, 9737786, 25166
371263, 9712630, 9737800, 25170
371265, 9712650, 9737813, 25163
371266, 9712660, 9737826, 25166
371267, 9712670, 9737840, 25170
371268, 9712680, 9737853, 25173
371269, 9712690, 9737867, 25177
371270, 9712700, 9737880, 25180
371271, 9712710, 9737894, 25184
371272, 9712720, 9737907, 25187
371273, 9712730, 9737921, 25191
371274, 9712740, 9737934, 25194
371276, 9712760, 9737947, 25187
371277, 9712770, 9737961, 25191
371278, 9712780, 9737974, 25194
371279, 9712790, 9737988, 25198
371280, 9712800, 9738001, 25201
371281, 9712810, 9738015, 25205
371282, 9712820, 9738028, 25208
371283, 9712830, 9738042, 25212
371284, 9712840, 9738055, 25215
371285, 9712850, 9738068, 25218
371287, 9712870, 9738082, 25212
371288, 9712880, 9738095, 25215
371289, 9712890, 9738109, 25219
371290, 9712900, 9738122, 25222
371291, 9712910, 9738136, 25226
371292, 9712920, 9738149, 25229
371293, 9712930, 9738162, 25232
371294, 9712940, 9738176, 25236
371295, 9712950, 9738189, 25239
371297, 9712970, 9738203, 25233
371298, 9712980, 9738216, 25236
371299, 9712990, 9738230, 25240
371301, 9713010, 9738257, 25247
371302, 9713020, 9738270, 25250
371303, 9713030, 9738283, 25253
371304, 9713040, 9738297, 25257
371305, 9713050, 9738310, 25260
371306, 9713060, 9738324, 25264
371308, 9713080, 9738337, 25257
371309, 9713090, 9738351, 25261
371310, 9713100, 9738364, 25264
371311, 9713110, 9738378, 25268
371312, 9713120, 9738391, 25271
371313, 9713130, 9738404, 25274
371314, 9713140, 9738418, 25278
371315, 9713150, 9738431, 25281
371316, 9713160, 9742012, 28852
371318, 9713180, 9742026, 28846
371319, 9713190, 9742039, 28849
371320, 9713200, 9742052, 28852
371321, 9713210, 9742066, 28856
371322, 9713220, 9742079, 28859
371323, 9713230, 9742093, 28863
371324, 9713240, 9742106, 28866
371325, 9713250, 9742120, 28870
371326, 9713260, 9742133, 28873
371327, 9713270, 9742146, 28876
371329, 9713290, 9742160, 28870
371330, 9713300, 9742173, 28873
371331, 9713310, 9742187, 28877
371332, 9713320, 9742200, 28880
371333, 9713330, 9742214, 28884
371334, 9713340, 9742227, 28887
371335, 9713350, 9742241, 28891
371336, 9713360, 9742254, 28894
371337, 9713370, 9742267, 28897
371338, 9713380, 9742281, 28901
371340, 9713400, 9742294, 28894
371341, 9713410, 9742308, 28898
371342, 9713420, 9742321, 28901
371343, 9713430, 9742335, 28905
371344, 9713440, 9742348, 28908
371345, 9713450, 9742362, 28912
371346, 9713460, 9742375, 28915
371347, 9713470, 9742388, 28918
371348, 9713480, 9742402, 28922
371351, 9713510, 9742429, 28919
371352, 9713520, 9742442, 28922
371353, 9713530, 9742456, 28926
371354, 9713540, 9742469, 28929
371355, 9713550, 9742482, 28932
371356, 9713560, 9742496, 28936
371357, 9713570, 9742509, 28939
371358, 9713580, 9742523, 28943
371359, 9713590, 9742536, 28946
371361, 9713610, 9742550, 28940
371362, 9713620, 9742563, 28943
371363, 9713630, 9742577, 28947
371364, 9713640, 9742590, 28950
371365, 9713650, 9742603, 28953
371366, 9713660, 9742617, 28957
371367, 9713670, 9742630, 28960
371368, 9713680, 9742644, 28964
371369, 9713690, 9742657, 28967
371371, 9713710, 9742671, 28961
371372, 9713720, 9742684, 28964
371373, 9713730, 9742698, 28968
371374, 9713740, 9742711, 28971
371375, 9713750, 9742724, 28974
371376, 9713760, 9742738, 28978
371377, 9713770, 9742751, 28981
371378, 9713780, 9742765, 28985
371379, 9713790, 9742778, 28988
371380, 9713800, 9742792, 28992
371382, 9713820, 9742805, 28985
371383, 9713830, 9742818, 28988
371384, 9713840, 9742832, 28992
371385, 9713850, 9742845, 28995
371386, 9713860, 9742859, 28999
371387, 9713870, 9742872, 29002
371388, 9713880, 9742886, 29006
371389, 9713890, 9742899, 29009
371390, 9713900, 9742913, 29013
371391, 9713910, 9742926, 29016
371393, 9713930, 9742939, 29009
371394, 9713940, 9742953, 29013
371395, 9713950, 9742966, 29016
371396, 9713960, 9742980, 29020
371397, 9713970, 9742993, 29023
371398, 9713980, 9743007, 29027
371399, 9713990, 9743020, 29030
371802, 9718020, 9743047, 25027
371803, 9718030, 9743060, 25030
371804, 9718040, 9743074, 25034
371805, 9718050, 9743087, 25037
371806, 9718060, 9743101, 25041
371807, 9718070, 9743114, 25044
371808, 9718080, 9743128, 25048
371809, 9718090, 9743141, 25051
371810, 9718100, 9743154, 25054
371812, 9718120, 9743168, 25048
371813, 9718130, 9743181, 25051
371814, 9718140, 9743195, 25055
371815, 9718150, 9743208, 25058
371816, 9718160, 9743222, 25062
371817, 9718170, 9743235, 25065
371818, 9718180, 9743249, 25069
371819, 9718190, 9743262, 25072
371820, 9718200, 9743275, 25075
371821, 9718210, 9743289, 25079
371823, 9718230, 9743302, 25072
371824, 9718240, 9743316, 25076
371825, 9718250, 9743329, 25079
371826, 9718260, 9743343, 25083
371827, 9718270, 9743356, 25086
371828, 9718280, 9743370, 25090
371829, 9718290, 9743383, 25093
371830, 9718300, 9743396, 25096
371831, 9718310, 9743410, 25100
371833, 9718330, 9743423, 25093
371834, 9718340, 9743437, 25097
371835, 9718350, 9743450, 25100
371836, 9718360, 9743464, 25104
371837, 9718370, 9743477, 25107
371838, 9718380, 9743490, 25110
371839, 9718390, 9743504, 25114
371840, 9718400, 9743517, 25117
371841, 9718410, 9743531, 25121
371842, 9718420, 9743544, 25124
371844, 9718440, 9743558, 25118
371845, 9718450, 9743571, 25121
371846, 9718460, 9743585, 25125
371847, 9718470, 9743598, 25128
371848, 9718480, 9743611, 25131
371849, 9718490, 9743625, 25135
371851, 9718510, 9743652, 25142
371852, 9718520, 9743665, 25145
371853, 9718530, 9743679, 25149
371855, 9718550, 9743692, 25142
371856, 9718560, 9743706, 25146
371857, 9718570, 9743719, 25149
371858, 9718580, 9743732, 25152
371859, 9718590, 9743746, 25156
371860, 9718600, 9743759, 25159
371861, 9718610, 9743773, 25163
371862, 9718620, 9743786, 25166
371863, 9718630, 9743800, 25170
371865, 9718650, 9743813, 25163
371866, 9718660, 9743826, 25166
371867, 9718670, 9743840, 25170
371868, 9718680, 9743853, 25173
371869, 9718690, 9743867, 25177
371870, 9718700, 9743880, 25180
371871, 9718710, 9743894, 25184
371872, 9718720, 9743907, 25187
371873, 9718730, 9743921, 25191
371874, 9718740, 9743934, 25194
371876, 9718760, 9743947, 25187
371877, 9718770, 9743961, 25191
371878, 9718780, 9743974, 25194
371879, 9718790, 9743988, 25198
371880, 9718800, 9744001, 25201
371881, 9718810, 9744015, 25205
371882, 9718820, 9744028, 25208
371883, 9718830, 9744042, 25212
371884, 9718840, 9744055, 25215
371885, 9718850, 9744068, 25218
371887, 9718870, 9744082, 25212
371888, 9718880, 9744095, 25215
371889, 9718890, 9744109, 25219
371890, 9718900, 9744122, 25222
371891, 9718910, 9744136, 25226
371892, 9718920, 9744149, 25229
371893, 9718930, 9744162, 25232
371894, 9718940, 9744176, 25236
371895, 9718950, 9744189, 25239
371897, 9718970, 9744203, 25233
371898, 9718980, 9744216, 25236
371899, 9718990, 9744230, 25240
371901, 9719010, 9744257, 25247
371902, 9719020, 9744270, 25250
371903, 9719030, 9744283, 25253
371904, 9719040, 9744297, 25257
371905, 9719050, 9744310, 25260
371906, 9719060, 9744324, 25264
371908, 9719080, 9744337, 25257
371909, 9719090, 9744351, 25261
371910, 9719100, 9744364, 25264
371911, 9719110, 9744378, 25268
371912, 9719120, 9744391, 25271
371913, 9719130, 9744404, 25274
371914, 9719140, 9744418, 25278
371915, 9719150, 9744431, 25281
371916, 9719160, 9748012, 28852
371918, 9719180, 9748026, 28846
371919, 9719190, 9748039, 28849
371920, 9719200, 9748052, 28852
371921, 9719210, 9748066, 28856
371922, 9719220, 9748079, 28859
371923, 9719230, 9748093, 28863
371924, 9719240, 9748106, 28866
371925, 9719250, 9748120, 28870
371926, 9719260, 9748133, 28873
371927, 9719270, 9748146, 28876
371929, 9719290, 9748160, 28870
371930, 9719300, 9748173, 28873
371931, 9719310, 9748187, 28877
371932, 9719320, 9748200, 28880
371933, 9719330, 9748214, 28884
371934, 9719340, 9748227, 28887
371935, 9719350, 9748241, 28891
371936, 9719360, 9748254, 28894
371937, 9719370, 9748267, 28897
371938, 9719380, 9748281, 28901
371940, 9719400, 9748294, 28894
371941, 9719410, 9748308, 28898
371942, 9719420, 9748321, 28901
371943, 9719430, 9748335, 28905
371944, 9719440, 9748348, 28908
371945, 9719450, 9748362, 28912
371946, 9719460, 9748375, 28915
371947, 9719470, 9748388, 28918
371948, 9719480, 9748402, 28922
371951, 9719510, 9748429, 28919
371952, 9719520, 9748442, 28922
371953, 9719530, 9748456, 28926
371954, 9719540, 9748469, 28929
371955, 9719550, 9748482, 28932
371956, 9719560, 9748496, 28936
371957, 9719570, 9748509, 28939
371958, 9719580, 9748523, 28943
371959, 9719590, 9748536, 28946
371961, 9719610, 9748550, 28940
371962, 9719620, 9748563, 28943
371963, 9719630, 9748577, 28947
371964, 9719640, 9748590, 28950
371965, 9719650, 9748603, 28953
371966, 9719660, 9748617, 28957
371967, 9719670, 9748630, 28960
371968, 9719680, 9748644, 28964
371969, 9719690, 9748657, 28967
371971, 9719710, 9748671, 28961
371972, 9719720, 9748684, 28964
371973, 9719730, 9748698, 28968
371974, 9719740, 9748711, 28971
371975, 9719750, 9748724, 28974
371976, 9719760, 9748738, 28978
371977, 9719770, 9748751, 28981
371978, 9719780, 9748765, 28985
371979, 9719790, 9748778, 28988
371980, 9719800, 9748792, 28992
371982, 9719820, 9748805, 28985
371983, 9719830, 9748818, 28988
371984, 9719840, 9748832, 28992
371985, 9719850, 9748845, 28995
371986, 9719860, 9748859, 28999
371987, 9719870, 9748872, 29002
371988, 9719880, 9748886, 29006
371989, 9719890, 9748899, 29009
371990, 9719900, 9748913, 29013
371991, 9719910, 9748926, 29016
371993, 9719930, 9748939, 29009
371994, 9719940, 9748953, 29013
371995, 9719950, 9748966, 29016
371996, 9719960, 9748980, 29020
371997, 9719970, 9748993, 29023
371998, 9719980, 9749007, 29027
371999, 9719990, 9749020, 29030
372402, 9724020, 9749047, 25027
372403, 9724030, 9749060, 25030
372404, 9724040, 9749074, 25034
372405, 9724050, 9749087, 25037
372406, 9724060, 9749101, 25041
372407, 9724070, 9749114, 25044
372408, 9724080, 9749128, 25048
372409, 9724090, 9749141, 25051
372410, 9724100, 9749154, 25054
372412, 9724120, 9749168, 25048
372413, 9724130, 9749181, 25051
372414, 9724140, 9749195, 25055
372415, 9724150, 9749208, 25058
372416, 9724160, 9749222, 25062
372417, 9724170, 9749235, 25065
372418, 9724180, 9749249, 25069
372419, 9724190, 9749262, 25072
372420, 9724200, 9749275, 25075
372421, 9724210, 9749289, 25079
372423, 9724230, 9749302, 25072
372424, 9724240, 9749316, 25076
372425, 9724250, 9749329, 25079
372426, 9724260, 9749343, 25083
372427, 9724270, 9749356, 25086
372428, 9724280, 9749370, 25090
372429, 9724290, 9749383, 25093
372430, 9724300, 9749396, 25096
372431, 9724310, 9749410, 25100
372433, 9724330, 9749423, 25093
372434, 9724340, 9749437, 25097
372435, 9724350, 9749450, 25100
372436, 9724360, 9749464, 25104
372437, 9724370, 9749477, 25107
372438, 9724380, 9749490, 25110
372439, 9724390, 9749504, 25114
372440, 9724400, 9749517, 25117
372441, 9724410, 9749531, 25121
372442, 9724420, 9749544, 25124
372444, 9724440, 9749558, 25118
372445, 9724450, 9749571, 25121
372446, 9724460, 9749585, 25125
372447, 9724470, 9749598, 25128
372448, 9724480, 9749611, 25131
372449, 9724490, 9749625, 25135
372451, 9724510, 9749652, 25142
372452, 9724520, 9749665, 25145
372453, 9724530, 9749679, 25149
372455, 9724550, 9749692, 25142
372456, 9724560, 9749706, 25146
372457, 9724570, 9749719, 25149
372458, 9724580, 9749732, 25152
372459, 9724590, 9749746, 25156
372460, 9724600, 9749759, 25159
372461, 9724610, 9749773, 25163
372462, 9724620, 9749786, 25166
372463, 9724630, 9749800, 25170
372465, 9724650, 9749813, 25163
372466, 9724660, 9749826, 25166
372467, 9724670, 9749840, 25170
372468, 9724680, 9749853, 25173
372469, 9724690, 9749867, 25177
372470, 9724700, 9749880, 25180
372471, 9724710, 9749894, 25184
372472, 9724720, 9749907, 25187
372473, 9724730, 9749921, 25191
372474, 9724740, 9749934, 25194
372476, 9724760, 9749947, 25187
372477, 9724770, 9749961, 25191
372478, 9724780, 9749974, 25194
372479, 9724790, 9749988, 25198
372480, 9724800, 9750001, 25201
372481, 9724810, 9750015, 25205
372482, 9724820, 9750028, 25208
372483, 9724830, 9750042, 25212
372484, 9724840, 9750055, 25215
372485, 9724850, 9750068, 25218
372487, 9724870, 9750082, 25212
372488, 9724880, 9750095, 25215
372489, 9724890, 9750109, 25219
372490, 9724900, 9750122, 25222
372491, 9724910, 9750136, 25226
372492, 9724920, 9750149, 25229
372493, 9724930, 9750162, 25232
372494, 9724940, 9750176, 25236
372495, 9724950, 9750189, 25239
372497, 9724970, 9750203, 25233
372498, 9724980, 9750216, 25236
372499, 9724990, 9750230, 25240
372501, 9725010, 9750257, 25247
372502, 9725020, 9750270, 25250
372503, 9725030, 9750283, 25253
372504, 9725040, 9750297, 25257
372505, 9725050, 9750310, 25260
372506, 9725060, 9750324, 25264
372508, 9725080, 9750337, 25257
372509, 9725090, 9750351, 25261
372510, 9725100, 9750364, 25264
372511, 9725110, 9750378, 25268
372512, 9725120, 9750391, 25271
372513, 9725130, 9750404, 25274
372514, 9725140, 9750418, 25278
372515, 9725150, 9750431, 25281
372516, 9725160, 9754012, 28852
372517, 9725170, 9754026, 28856
372519, 9725190, 9754039, 28849
372520, 9725200, 9754052, 28852
372521, 9725210, 9754066, 28856
372522, 9725220, 9754079, 28859
372523, 9725230, 9754093, 28863
372524, 9725240, 9754106, 28866
372525, 9725250, 9754120, 28870
372526, 9725260, 9754133, 28873
372527, 9725270, 9754146, 28876
372529, 9725290, 9754160, 28870
372530, 9725300, 9754173, 28873
372531, 9725310, 9754187, 28877
372532, 9725320, 9754200, 28880
372533, 9725330, 9754214, 28884
372534, 9725340, 9754227, 28887
372535, 9725350, 9754241, 28891
372536, 9725360, 9754254, 28894
372537, 9725370, 9754267, 28897
372538, 9725380, 9754281, 28901
372540, 9725400, 9754294, 28894
372541, 9725410, 9754308, 28898
372542, 9725420, 9754321, 28901
372543, 9725430, 9754335, 28905
372544, 9725440, 9754348, 28908
372545, 9725450, 9754362, 28912
372546, 9725460, 9754375, 28915
372547, 9725470, 9754388, 28918
372548, 9725480, 9754402, 28922
372551, 9725510, 9754429, 28919
372552, 9725520, 9754442, 28922
372553, 9725530, 9754456, 28926
372554, 9725540, 9754469, 28929
372555, 9725550, 9754482, 28932
372556, 9725560, 9754496, 28936
372557, 9725570, 9754509, 28939
372558, 9725580, 9754523, 28943
372559, 9725590, 9754536, 28946
372561, 9725610, 9754550, 28940
372562, 9725620, 9754563, 28943
372563, 9725630, 9754577, 28947
372564, 9725640, 9754590, 28950
372565, 9725650, 9754603, 28953
372566, 9725660, 9754617, 28957
372567, 9725670, 9754630, 28960
372568, 9725680, 9754644, 28964
372569, 9725690, 9754657, 28967
372570, 9725700, 9754671, 28971
372572, 9725720, 9754684, 28964
372573, 9725730, 9754698, 28968
372574, 9725740, 9754711, 28971
372575, 9725750, 9754724, 28974
372576, 9725760, 9754738, 28978
372577, 9725770, 9754751, 28981
372578, 9725780, 9754765, 28985
372579, 9725790, 9754778, 28988
372580, 9725800, 9754792, 28992
372582, 9725820, 9754805, 28985
372583, 9725830, 9754818, 28988
372584, 9725840, 9754832, 28992
372585, 9725850, 9754845, 28995
372586, 9725860, 9754859, 28999
372587, 9725870, 9754872, 29002
372588, 9725880, 9754886, 29006
372589, 9725890, 9754899, 29009
372590, 9725900, 9754913, 29013
372591, 9725910, 9754926, 29016
372593, 9725930, 9754939, 29009
372594, 9725940, 9754953, 29013
372595, 9725950, 9754966, 29016
372596, 9725960, 9754980, 29020
372597, 9725970, 9754993, 29023
372598, 9725980, 9755007, 29027
372599, 9725990, 9755020, 29030
373002, 9730020, 9755047, 25027
373003, 9730030, 9755060, 25030
373004, 9730040, 9755074, 25034
373005, 9730050, 9755087, 25037
373006, 9730060, 9755101, 25041
373007, 9730070, 9755114, 25044
373008, 9730080, 9755127, 25047
373009, 9730090, 9755141, 25051
373010, 9730100, 9755154, 25054
373012, 9730120, 9755168, 25048
373013, 9730130, 9755181, 25051
373014, 9730140, 9755195, 25055
373015, 9730150, 9755208, 25058
373016, 9730160, 9755222, 25062
373017, 9730170, 9755235, 25065
373018, 9730180, 9755248, 25068
373019, 9730190, 9755262, 25072
373020, 9730200, 9755275, 25075
373021, 9730210, 9755289, 25079
373023, 9730230, 9755302, 25072
373024, 9730240, 9755316, 25076
373025, 9730250, 9755329, 25079
373026, 9730260, 9755342, 25082
373027, 9730270, 9755356, 25086
373028, 9730280, 9755369, 25089
373029, 9730290, 9755383, 25093
373030, 9730300, 9755396, 25096
373031, 9730310, 9755410, 25100
373033, 9730330, 9755423, 25093
373034, 9730340, 9755437, 25097
373035, 9730350, 9755450, 25100
373036, 9730360, 9755463, 25103
373037, 9730370, 9755477, 25107
373038, 9730380, 9755490, 25110
373039, 9730390, 9755504, 25114
373040, 9730400, 9755517, 25117
373041, 9730410, 9755531, 25121
373042, 9730420, 9755544, 25124
373044, 9730440, 9755558, 25118
373045, 9730450, 9755571, 25121
373046, 9730460, 9755584, 25124
373047, 9730470, 9755598, 25128
373048, 9730480, 9755611, 25131
373049, 9730490, 9755625, 25135
373051, 9730510, 9755652, 25142
373052, 9730520, 9755665, 25145
373053, 9730530, 9755678, 25148
373055, 9730550, 9755692, 25142
373056, 9730560, 9755705, 25145
373057, 9730570, 9755719, 25149
373058, 9730580, 9755732, 25152
373059, 9730590, 9755746, 25156
373060, 9730600, 9755759, 25159
373061, 9730610, 9755773, 25163
373062, 9730620, 9755786, 25166
373063, 9730630, 9755799, 25169
373065, 9730650, 9755813, 25163
373066, 9730660, 9755826, 25166
373067, 9730670, 9755840, 25170
373068, 9730680, 9755853, 25173
373069, 9730690, 9755867, 25177
373070, 9730700, 9755880, 25180
373071, 9730710, 9755894, 25184
373072, 9730720, 9755907, 25187
373073, 9730730, 9755920, 25190
373074, 9730740, 9755934, 25194
373076, 9730760, 9755947, 25187
373077, 9730770, 9755961, 25191
373078, 9730780, 9755974, 25194
373079, 9730790, 9755988, 25198
373080, 9730800, 9756001, 25201
373081, 9730810, 9756014, 25204
373082, 9730820, 9756028, 25208
373083, 9730830, 9756041, 25211
373084, 9730840, 9756055, 25215
373085, 9730850, 9756068, 25218
373087, 9730870, 9756082, 25212
373088, 9730880, 9756095, 25215
373089, 9730890, 9756109, 25219
373090, 9730900, 9756122, 25222
373091, 9730910, 9756135, 25225
373092, 9730920, 9756149, 25229
373093, 9730930, 9756162, 25232
373094, 9730940, 9756176, 25236
373095, 9730950, 9756189, 25239
373097, 9730970, 9756203, 25233
373098, 9730980, 9756216, 25236
373099, 9730990, 9756230, 25240
373101, 9731010, 9756256, 25246
373102, 9731020, 9756270, 25250
373103, 9731030, 9756283, 25253
373104, 9731040, 9756297, 25257
373105, 9731050, 9756310, 25260
373106, 9731060, 9756324, 25264
373108, 9731080, 9756337, 25257
373109, 9731090, 9756350, 25260
373110, 9731100, 9756364, 25264
373111, 9731110, 9756377, 25267
373112, 9731120, 9756391, 25271
373113, 9731130, 9756404, 25274
373114, 9731140, 9756418, 25278
373115, 9731150, 9756431, 25281
373116, 9731160, 9760012, 28852
373118, 9731180, 9760026, 28846
373119, 9731190, 9760039, 28849
373120, 9731200, 9760052, 28852
373121, 9731210, 9760066, 28856
373122, 9731220, 9760079, 28859
373123, 9731230, 9760093, 28863
373124, 9731240, 9760106, 28866
373125, 9731250, 9760120, 28870
373126, 9731260, 9760133, 28873
373127, 9731270, 9760146, 28876
373129, 9731290, 9760160, 28870
373130, 9731300, 9760173, 28873
373131, 9731310, 9760187, 28877
373132, 9731320, 9760200, 28880
373133, 9731330, 9760214, 28884
373134, 9731340, 9760227, 28887
373135, 9731350, 9760241, 28891
373136, 9731360, 9760254, 28894
373137, 9731370, 9760267, 28897
373138, 9731380, 9760281, 28901
373140, 9731400, 9760294, 28894
373141, 9731410, 9760308, 28898
373142, 9731420, 9760321, 28901
373143, 9731430, 9760335, 28905
373144, 9731440, 9760348, 28908
373145, 9731450, 9760362, 28912
373146, 9731460, 9760375, 28915
373147, 9731470, 9760388, 28918
373148, 9731480, 9760402, 28922
373151, 9731510, 9760429, 28919
373152, 9731520, 9760442, 28922
373153, 9731530, 9760456, 28926
373154, 9731540, 9760469, 28929
373155, 9731550, 9760482, 28932
373156, 9731560, 9760496, 28936
373157, 9731570, 9760509, 28939
373158, 9731580, 9760523, 28943
373159, 9731590, 9760536, 28946
373161, 9731610, 9760550, 28940
373162, 9731620, 9760563, 28943
373163, 9731630, 9760577, 28947
373164, 9731640, 9760590, 28950
373165, 9731650, 9760603, 28953
373166, 9731660, 9760617, 28957
373167, 9731670, 9760630, 28960
373168, 9731680, 9760644, 28964
373169, 9731690, 9760657, 28967
373171, 9731710, 9760671, 28961
373172, 9731720, 9760684, 28964
373173, 9731730, 9760698, 28968
373174, 9731740, 9760711, 28971
373175, 9731750, 9760724, 28974
373176, 9731760, 9760738, 28978
373177, 9731770, 9760751, 28981
373178, 9731780, 9760765, 28985
373179, 9731790, 9760778, 28988
373180, 9731800, 9760792, 28992
373182, 9731820, 9760805, 28985
373183, 9731830, 9760818, 28988
373184, 9731840, 9760832, 28992
373185, 9731850, 9760845, 28995
373186, 9731860, 9760859, 28999
373187, 9731870, 9760872, 29002
373188, 9731880, 9760886, 29006
373189, 9731890, 9760899, 29009
373190, 9731900, 9760913, 29013
373191, 9731910, 9760926, 29016
373193, 9731930, 9760939, 29009
373194, 9731940, 9760953, 29013
373195, 9731950, 9760966, 29016
373196, 9731960, 9760980, 29020
373197, 9731970, 9760993, 29023
373198, 9731980, 9761007, 29027
373199, 9731990, 9761020, 29030
373602, 9736020, 9761047, 25027
373603, 9736030, 9761060, 25030
373604, 9736040, 9761074, 25034
373605, 9736050, 9761087, 25037
373606, 9736060, 9761101, 25041
373607, 9736070, 9761114, 25044
373608, 9736080, 9761128, 25048
373609, 9736090, 9761141, 25051
373610, 9736100, 9761154, 25054
373612, 9736120, 9761168, 25048
373613, 9736130, 9761181, 25051
373614, 9736140, 9761195, 25055
373615, 9736150, 9761208, 25058
373616, 9736160, 9761222, 25062
373617, 9736170, 9761235, 25065
373618, 9736180, 9761249, 25069
373619, 9736190, 9761262, 25072
373620, 9736200, 9761275, 25075
373621, 9736210, 9761289, 25079
373623, 9736230, 9761302, 25072
373624, 9736240, 9761316, 25076
373625, 9736250, 9761329, 25079
373626, 9736260, 9761343, 25083
373627, 9736270, 9761356, 25086
373628, 9736280, 9761370, 25090
373629, 9736290, 9761383, 25093
373630, 9736300, 9761396, 25096
373631, 9736310, 9761410, 25100
373633, 9736330, 9761423, 25093
373634, 9736340, 9761437, 25097
373635, 9736350, 9761450, 25100
373636, 9736360, 9761464, 25104
373637, 9736370, 9761477, 25107
373638, 9736380, 9761490, 25110
373639, 9736390, 9761504, 25114
373640, 9736400, 9761517, 25117
373641, 9736410, 9761531, 25121
373642, 9736420, 9761544, 25124
373644, 9736440, 9761558, 25118
373645, 9736450, 9761571, 25121
373646, 9736460, 9761585, 25125
373647, 9736470, 9761598, 25128
373648, 9736480, 9761611, 25131
373649, 9736490, 9761625, 25135
373651, 9736510, 9761652, 25142
373652, 9736520, 9761665, 25145
373653, 9736530, 9761679, 25149
373655, 9736550, 9761692, 25142
373656, 9736560, 9761706, 25146
373657, 9736570, 9761719, 25149
373658, 9736580, 9761732, 25152
373659, 9736590, 9761746, 25156
373660, 9736600, 9761759, 25159
373661, 9736610, 9761773, 25163
373662, 9736620, 9761786, 25166
373663, 9736630, 9761800, 25170
373665, 9736650, 9761813, 25163
373666, 9736660, 9761826, 25166
373667, 9736670, 9761840, 25170
373668, 9736680, 9761853, 25173
373669, 9736690, 9761867, 25177
373670, 9736700, 9761880, 25180
373671, 9736710, 9761894, 25184
373672, 9736720, 9761907, 25187
373673, 9736730, 9761921, 25191
373674, 9736740, 9761934, 25194
373676, 9736760, 9761947, 25187
373677, 9736770, 9761961, 25191
373678, 9736780, 9761974, 25194
373679, 9736790, 9761988, 25198
373680, 9736800, 9762001, 25201
373681, 9736810, 9762015, 25205
373682, 9736820, 9762028, 25208
373683, 9736830, 9762042, 25212
373684, 9736840, 9762055, 25215
373685, 9736850, 9762068, 25218
373687, 9736870, 9762082, 25212
373688, 9736880, 9762095, 25215
373689, 9736890, 9762109, 25219
373690, 9736900, 9762122, 25222
373691, 9736910, 9762136, 25226
373692, 9736920, 9762149, 25229
373693, 9736930, 9762162, 25232
373694, 9736940, 9762176, 25236
373695, 9736950, 9762189, 25239
373697, 9736970, 9762203, 25233
373698, 9736980, 9762216, 25236
373699, 9736990, 9762230, 25240
373701, 9737010, 9762257, 25247
373702, 9737020, 9762270, 25250
373703, 9737030, 9762283, 25253
373704, 9737040, 9762297, 25257
373705, 9737050, 9762310, 25260
373706, 9737060, 9762324, 25264
373708, 9737080, 9762337, 25257
373709, 9737090, 9762351, 25261
373710, 9737100, 9762364, 25264
373711, 9737110, 9762378, 25268
373712, 9737120, 9762391, 25271
373713, 9737130, 9762404, 25274
373714, 9737140, 9762418, 25278
373715, 9737150, 9762431, 25281
373716, 9737160, 9766012, 28852
373718, 9737180, 9766026, 28846
373719, 9737190, 9766039, 28849
373720, 9737200, 9766052, 28852
373721, 9737210, 9766066, 28856
373722, 9737220, 9766079, 28859
373723, 9737230, 9766093, 28863
373724, 9737240, 9766106, 28866
373725, 9737250, 9766120, 28870
373726, 9737260, 9766133, 28873
373727, 9737270, 9766146, 28876
373729, 9737290, 9766160, 28870
373730, 9737300, 9766173, 28873
373731, 9737310, 9766187, 28877
373732, 9737320, 9766200, 28880
373733, 9737330, 9766214, 28884
373734, 9737340, 9766227, 28887
373735, 9737350, 9766241, 28891
373736, 9737360, 9766254, 28894
373737, 9737370, 9766267, 28897
373738, 9737380, 9766281, 28901
373740, 9737400, 9766294, 28894
373741, 9737410, 9766308, 28898
373742, 9737420, 9766321, 28901
373743, 9737430, 9766335, 28905
373744, 9737440, 9766348, 28908
373745, 9737450, 9766362, 28912
373746, 9737460, 9766375, 28915
373747, 9737470, 9766388, 28918
373748, 9737480, 9766402, 28922
373751, 9737510, 9766429, 28919
373752, 9737520, 9766442, 28922
373753, 9737530, 9766456, 28926
373754, 9737540, 9766469, 28929
373755, 9737550, 9766482, 28932
373756, 9737560, 9766496, 28936
373757, 9737570, 9766509, 28939
373758, 9737580, 9766523, 28943
373759, 9737590, 9766536, 28946
373761, 9737610, 9766550, 28940
373762, 9737620, 9766563, 28943
373763, 9737630, 9766577, 28947
373764, 9737640, 9766590, 28950
373765, 9737650, 9766603, 28953
373766, 9737660, 9766617, 28957
373767, 9737670, 9766630, 28960
373768, 9737680, 9766644, 28964
373769, 9737690, 9766657, 28967
373771, 9737710, 9766671, 28961
373772, 9737720, 9766684, 28964
373773, 9737730, 9766698, 28968
373774, 9737740, 9766711, 28971
373775, 9737750, 9766724, 28974
373776, 9737760, 9766738, 28978
373777, 9737770, 9766751, 28981
373778, 9737780, 9766765, 28985
373779, 9737790, 9766778, 28988
373780, 9737800, 9766792, 28992
373782, 9737820, 9766805, 28985
373783, 9737830, 9766818, 28988
373784, 9737840, 9766832, 28992
373785, 9737850, 9766845, 28995
373786, 9737860, 9766859, 28999
373787, 9737870, 9766872, 29002
373788, 9737880, 9766886, 29006
373789, 9737890, 9766899, 29009
373790, 9737900, 9766913, 29013
373791, 9737910, 9766926, 29016
373793, 9737930, 9766939, 29009
373794, 9737940, 9766953, 29013
373795, 9737950, 9766966, 29016
373796, 9737960, 9766980, 29020
373797, 9737970, 9766993, 29023
373798, 9737980, 9767007, 29027
373799, 9737990, 9767020, 29030
374202, 9742020, 9767047, 25027
374203, 9742030, 9767060, 25030
374204, 9742040, 9767074, 25034
374205, 9742050, 9767087, 25037
374206, 9742060, 9767101, 25041
374207, 9742070, 9767114, 25044
374208, 9742080, 9767128, 25048
374209, 9742090, 9767141, 25051
374210, 9742100, 9767154, 25054
374212, 9742120, 9767168, 25048
374213, 9742130, 9767181, 25051
374214, 9742140, 9767195, 25055
374215, 9742150, 9767208, 25058
374216, 9742160, 9767222, 25062
374217, 9742170, 9767235, 25065
374218, 9742180, 9767249, 25069
374219, 9742190, 9767262, 25072
374220, 9742200, 9767275, 25075
374221, 9742210, 9767289, 25079
374223, 9742230, 9767302, 25072
374224, 9742240, 9767316, 25076
374225, 9742250, 9767329, 25079
374226, 9742260, 9767343, 25083
374227, 9742270, 9767356, 25086
374228, 9742280, 9767370, 25090
374229, 9742290, 9767383, 25093
374230, 9742300, 9767396, 25096
374231, 9742310, 9767410, 25100
374233, 9742330, 9767423, 25093
374234, 9742340, 9767437, 25097
374235, 9742350, 9767450, 25100
374236, 9742360, 9767464, 25104
374237, 9742370, 9767477, 25107
374238, 9742380, 9767490, 25110
374239, 9742390, 9767504, 25114
374240, 9742400, 9767517, 25117
374241, 9742410, 9767531, 25121
374242, 9742420, 9767544, 25124
374244, 9742440, 9767558, 25118
374245, 9742450, 9767571, 25121
374246, 9742460, 9767585, 25125
374247, 9742470, 9767598, 25128
374248, 9742480, 9767611, 25131
374249, 9742490, 9767625, 25135
374251, 9742510, 9767652, 25142
374252, 9742520, 9767665, 25145
374253, 9742530, 9767679, 25149
374255, 9742550, 9767692, 25142
374256, 9742560, 9767706, 25146
374257, 9742570, 9767719, 25149
374258, 9742580, 9767732, 25152
374259, 9742590, 9767746, 25156
374260, 9742600, 9767759, 25159
374261, 9742610, 9767773, 25163
374262, 9742620, 9767786, 25166
374263, 9742630, 9767800, 25170
374265, 9742650, 9767813, 25163
374266, 9742660, 9767826, 25166
374267, 9742670, 9767840, 25170
374268, 9742680, 9767853, 25173
374269, 9742690, 9767867, 25177
374270, 9742700, 9767880, 25180
374271, 9742710, 9767894, 25184
374272, 9742720, 9767907, 25187
374273, 9742730, 9767921, 25191
374274, 9742740, 9767934, 25194
374276, 9742760, 9767947, 25187
374277, 9742770, 9767961, 25191
374278, 9742780, 9767974, 25194
374279, 9742790, 9767988, 25198
374280, 9742800, 9768001, 25201
374281, 9742810, 9768015, 25205
374282, 9742820, 9768028, 25208
374283, 9742830, 9768042, 25212
374284, 9742840, 9768055, 25215
374285, 9742850, 9768068, 25218
374287, 9742870, 9768082, 25212
374288, 9742880, 9768095, 25215
374289, 9742890, 9768109, 25219
374290, 9742900, 9768122, 25222
374291, 9742910, 9768136, 25226
374292, 9742920, 9768149, 25229
374293, 9742930, 9768162, 25232
374294, 9742940, 9768176, 25236
374295, 9742950, 9768189, 25239
374297, 9742970, 9768203, 25233
374298, 9742980, 9768216, 25236
374299, 9742990, 9768230, 25240
374301, 9743010, 9768257, 25247
374302, 9743020, 9768270, 25250
374303, 9743030, 9768283, 25253
374304, 9743040, 9768297, 25257
374305, 9743050, 9768310, 25260
374306, 9743060, 9768324, 25264
374308, 9743080, 9768337, 25257
374309, 9743090, 9768351, 25261
374310, 9743100, 9768364, 25264
374311, 9743110, 9768378, 25268
374312, 9743120, 9768391, 25271
374313, 9743130, 9768404, 25274
374314, 9743140, 9768418, 25278
374315, 9743150, 9768431, 25281
374316, 9743160, 9772012, 28852
374318, 9743180, 9772026, 28846
374319, 9743190, 9772039, 28849
374320, 9743200, 9772052, 28852
374321, 9743210, 9772066, 28856
374322, 9743220, 9772079, 28859
374323, 9743230, 9772093, 28863
374324, 9743240, 9772106, 28866
374325, 9743250, 9772120, 28870
374326, 9743260, 9772133, 28873
374327, 9743270, 9772146, 28876
374329, 9743290, 9772160, 28870
374330, 9743300, 9772173, 28873
374331, 9743310, 9772187, 28877
374332, 9743320, 9772200, 28880
374333, 9743330, 9772214, 28884
374334, 9743340, 9772227, 28887
374335, 9743350, 9772241, 28891
374336, 9743360, 9772254, 28894
374337, 9743370, 9772267, 28897
374338, 9743380, 9772281, 28901
374340, 9743400, 9772294, 28894
374341, 9743410, 9772308, 28898
374342, 9743420, 9772321, 28901
374343, 9743430, 9772335, 28905
374344, 9743440, 9772348, 28908
374345, 9743450, 9772362, 28912
374346, 9743460, 9772375, 28915
374347, 9743470, 9772388, 28918
374348, 9743480, 9772402, 28922
374351, 9743510, 9772429, 28919
374352, 9743520, 9772442, 28922
374353, 9743530, 9772456, 28926
374354, 9743540, 9772469, 28929
374355, 9743550, 9772482, 28932
374356, 9743560, 9772496, 28936
374357, 9743570, 9772509, 28939
374358, 9743580, 9772523, 28943
374359, 9743590, 9772536, 28946
374361, 9743610, 9772550, 28940
374362, 9743620, 9772563, 28943
374363, 9743630, 9772577, 28947
374364, 9743640, 9772590, 28950
374365, 9743650, 9772603, 28953
374366, 9743660, 9772617, 28957
374367, 9743670, 9772630, 28960
374368, 9743680, 9772644, 28964
374369, 9743690, 9772657, 28967
374371, 9743710, 9772671, 28961
374372, 9743720, 9772684, 28964
374373, 9743730, 9772698, 28968
374374, 9743740, 9772711, 28971
374375, 9743750, 9772724, 28974
374376, 9743760, 9772738, 28978
374377, 9743770, 9772751, 28981
374378, 9743780, 9772765, 28985
374379, 9743790, 9772778, 28988
374380, 9743800, 9772792, 28992
374382, 9743820, 9772805, 28985
374383, 9743830, 9772818, 28988
374384, 9743840, 9772832, 28992
374385, 9743850, 9772845, 28995
374386, 9743860, 9772859, 28999
374387, 9743870, 9772872, 29002
374388, 9743880, 9772886, 29006
374389, 9743890, 9772899, 29009
374390, 9743900, 9772913, 29013
374391, 9743910, 9772926, 29016
374393, 9743930, 9772939, 29009
374394, 9743940, 9772953, 29013
374395, 9743950, 9772966, 29016
374396, 9743960, 9772980, 29020
374397, 9743970, 9772993, 29023
374398, 9743980, 9773007, 29027
374399, 9743990, 9773020, 29030
374802, 9748020, 9773047, 25027
374803, 9748030, 9773060, 25030
374804, 9748040, 9773074, 25034
374805, 9748050, 9773087, 25037
374806, 9748060, 9773101, 25041
374807, 9748070, 9773114, 25044
374808, 9748080, 9773128, 25048
374809, 9748090, 9773141, 25051
374810, 9748100, 9773154, 25054
374812, 9748120, 9773168, 25048
374813, 9748130, 9773181, 25051
374814, 9748140, 9773195, 25055
374815, 9748150, 9773208, 25058
374816, 9748160, 9773222, 25062
374817, 9748170, 9773235, 25065
374818, 9748180, 9773249, 25069
374819, 9748190, 9773262, 25072
374820, 9748200, 9773275, 25075
374821, 9748210, 9773289, 25079
374823, 9748230, 9773302, 25072
374824, 9748240, 9773316, 25076
374825, 9748250, 9773329, 25079
374826, 9748260, 9773343, 25083
374827, 9748270, 9773356, 25086
374828, 9748280, 9773370, 25090
374829, 9748290, 9773383, 25093
374830, 9748300, 9773396, 25096
374831, 9748310, 9773410, 25100
374833, 9748330, 9773423, 25093
374834, 9748340, 9773437, 25097
374835, 9748350, 9773450, 25100
374836, 9748360, 9773464, 25104
374837, 9748370, 9773477, 25107
374838, 9748380, 9773490, 25110
374839, 9748390, 9773504, 25114
374840, 9748400, 9773517, 25117
374841, 9748410, 9773531, 25121
374842, 9748420, 9773544, 25124
374844, 9748440, 9773558, 25118
374845, 9748450, 9773571, 25121
374846, 9748460, 9773585, 25125
374847, 9748470, 9773598, 25128
374848, 9748480, 9773611, 25131
374849, 9748490, 9773625, 25135
374851, 9748510, 9773652, 25142
374852, 9748520, 9773665, 25145
374853, 9748530, 9773679, 25149
374855, 9748550, 9773692, 25142
374856, 9748560, 9773706, 25146
374857, 9748570, 9773719, 25149
374858, 9748580, 9773732, 25152
374859, 9748590, 9773746, 25156
374860, 9748600, 9773759, 25159
374861, 9748610, 9773773, 25163
374862, 9748620, 9773786, 25166
374863, 9748630, 9773800, 25170
374865, 9748650, 9773813, 25163
374866, 9748660, 9773826, 25166
374867, 9748670, 9773840, 25170
374868, 9748680, 9773853, 25173
374869, 9748690, 9773867, 25177
374870, 9748700, 9773880, 25180
374871, 9748710, 9773894, 25184
374872, 9748720, 9773907, 25187
374873, 9748730, 9773921, 25191
374874, 9748740, 9773934, 25194
374876, 9748760, 9773947, 25187
374877, 9748770, 9773961, 25191
374878, 9748780, 9773974, 25194
374879, 9748790, 9773988, 25198
374880, 9748800, 9774001, 25201
374881, 9748810, 9774015, 25205
374882, 9748820, 9774028, 25208
374883, 9748830, 9774042, 25212
374884, 9748840, 9774055, 25215
374885, 9748850, 9774068, 25218
374887, 9748870, 9774082, 25212
374888, 9748880, 9774095, 25215
374889, 9748890, 9774109, 25219
374890, 9748900, 9774122, 25222
374891, 9748910, 9774136, 25226
374892, 9748920, 9774149, 25229
374893, 9748930, 9774162, 25232
374894, 9748940, 9774176, 25236
374895, 9748950, 9774189, 25239
374897, 9748970, 9774203, 25233
374898, 9748980, 9774216, 25236
374899, 9748990, 9774230, 25240
374901, 9749010, 9774257, 25247
374902, 9749020, 9774270, 25250
374903, 9749030, 9774283, 25253
374904, 9749040, 9774297, 25257
374905, 9749050, 9774310, 25260
374906, 9749060, 9774324, 25264
374908, 9749080, 9774337, 25257
374909, 9749090, 9774351, 25261
374910, 9749100, 9774364, 25264
374911, 9749110, 9774378, 25268
374912, 9749120, 9774391, 25271
374913, 9749130, 9774404, 25274
374914, 9749140, 9774418, 25278
374915, 9749150, 9774431, 25281
374916, 9749160, 9778012, 28852
374918, 9749180, 9778026, 28846
374919, 9749190, 9778039, 28849
374920, 9749200, 9778052, 28852
374921, 9749210, 9778066, 28856
374922, 9749220, 9778079, 28859
374923, 9749230, 9778093, 28863
374924, 9749240, 9778106, 28866
374925, 9749250, 9778120, 28870
374926, 9749260, 9778133, 28873
374927, 9749270, 9778146, 28876
374929, 9749290, 9778160, 28870
374930, 9749300, 9778173, 28873
374931, 9749310, 9778187, 28877
374932, 9749320, 9778200, 28880
374933, 9749330, 9778214, 28884
374934, 9749340, 9778227, 28887
374935, 9749350, 9778241, 28891
374936, 9749360, 9778254, 28894
374937, 9749370, 9778267, 28897
374938, 9749380, 9778281, 28901
374940, 9749400, 9778294, 28894
374941, 9749410, 9778308, 28898
374942, 9749420, 9778321, 28901
374943, 9749430, 9778335, 28905
374944, 9749440, 9778348, 28908
374945, 9749450, 9778362, 28912
374946, 9749460, 9778375, 28915
374947, 9749470, 9778388, 28918
374948, 9749480, 9778402, 28922
374951, 9749510, 9778429, 28919
374952, 9749520, 9778442, 28922
374953, 9749530, 9778456, 28926
374954, 9749540, 9778469, 28929
374955, 9749550, 9778482, 28932
374956, 9749560, 9778496, 28936
374957, 9749570, 9778509, 28939
374958, 9749580, 9778523, 28943
374959, 9749590, 9778536, 28946
374961, 9749610, 9778550, 28940
374962, 9749620, 9778563, 28943
374963, 9749630, 9778577, 28947
374964, 9749640, 9778590, 28950
374965, 9749650, 9778603, 28953
374966, 9749660, 9778617, 28957
374967, 9749670, 9778630, 28960
374968, 9749680, 9778644, 28964
374969, 9749690, 9778657, 28967
374971, 9749710, 9778671, 28961
374972, 9749720, 9778684, 28964
374973, 9749730, 9778698, 28968
374974, 9749740, 9778711, 28971
374975, 9749750, 9778724, 28974
374976, 9749760, 9778738, 28978
374977, 9749770, 9778751, 28981
374978, 9749780, 9778765, 28985
374979, 9749790, 9778778, 28988
374980, 9749800, 9778792, 28992
374982, 9749820, 9778805, 28985
374983, 9749830, 9778818, 28988
374984, 9749840, 9778832, 28992
374985, 9749850, 9778845, 28995
374986, 9749860, 9778859, 28999
374987, 9749870, 9778872, 29002
374988, 9749880, 9778886, 29006
374989, 9749890, 9778899, 29009
374990, 9749900, 9778913, 29013
374991, 9749910, 9778926, 29016
374993, 9749930, 9778939, 29009
374994, 9749940, 9778953, 29013
374995, 9749950, 9778966, 29016
374996, 9749960, 9778980, 29020
374997, 9749970, 9778993, 29023
374998, 9749980, 9779007, 29027
374999, 9749990, 9779020, 29030
375402, 9754020, 9779047, 25027
375403, 9754030, 9779060, 25030
375404, 9754040, 9779074, 25034
375405, 9754050, 9779087, 25037
375406, 9754060, 9779101, 25041
375407, 9754070, 9779114, 25044
375408, 9754080, 9779128, 25048
375409, 9754090, 9779141, 25051
375410, 9754100, 9779154, 25054
375412, 9754120, 9779168, 25048
375413, 9754130, 9779181, 25051
375414, 9754140, 9779195, 25055
375415, 9754150, 9779208, 25058
375416, 9754160, 9779222, 25062
375417, 9754170, 9779235, 25065
375418, 9754180, 9779249, 25069
375419, 9754190, 9779262, 25072
375420, 9754200, 9779275, 25075
375421, 9754210, 9779289, 25079
375423, 9754230, 9779302, 25072
375424, 9754240, 9779316, 25076
375425, 9754250, 9779329, 25079
375426, 9754260, 9779343, 25083
375427, 9754270, 9779356, 25086
375428, 9754280, 9779370, 25090
375429, 9754290, 9779383, 25093
375430, 9754300, 9779396, 25096
375431, 9754310, 9779410, 25100
375433, 9754330, 9779423, 25093
375434, 9754340, 9779437, 25097
375435, 9754350, 9779450, 25100
375436, 9754360, 9779464, 25104
375437, 9754370, 9779477, 25107
375438, 9754380, 9779490, 25110
375439, 9754390, 9779504, 25114
375440, 9754400, 9779517, 25117
375441, 9754410, 9779531, 25121
375442, 9754420, 9779544, 25124
375444, 9754440, 9779558, 25118
375445, 9754450, 9779571, 25121
375446, 9754460, 9779585, 25125
375447, 9754470, 9779598, 25128
375448, 9754480, 9779611, 25131
375449, 9754490, 9779625, 25135
375451, 9754510, 9779652, 25142
375452, 9754520, 9779665, 25145
375453, 9754530, 9779679, 25149
375455, 9754550, 9779692, 25142
375456, 9754560, 9779706, 25146
375457, 9754570, 9779719, 25149
375458, 9754580, 9779732, 25152
375459, 9754590, 9779746, 25156
375460, 9754600, 9779759, 25159
375461, 9754610, 9779773, 25163
375462, 9754620, 9779786, 25166
375463, 9754630, 9779800, 25170
375465, 9754650, 9779813, 25163
375466, 9754660, 9779826, 25166
375467, 9754670, 9779840, 25170
375468, 9754680, 9779853, 25173
375469, 9754690, 9779867, 25177
375470, 9754700, 9779880, 25180
375471, 9754710, 9779894, 25184
375472, 9754720, 9779907, 25187
375473, 9754730, 9779921, 25191
375474, 9754740, 9779934, 25194
375476, 9754760, 9779947, 25187
375477, 9754770, 9779961, 25191
375478, 9754780, 9779974, 25194
375479, 9754790, 9779988, 25198
375480, 9754800, 9780001, 25201
375481, 9754810, 9780015, 25205
375482, 9754820, 9780028, 25208
375483, 9754830, 9780042, 25212
375484, 9754840, 9780055, 25215
375485, 9754850, 9780068, 25218
375487, 9754870, 9780082, 25212
375488, 9754880, 9780095, 25215
375489, 9754890, 9780109, 25219
375490, 9754900, 9780122, 25222
375491, 9754910, 9780136, 25226
375492, 9754920, 9780149, 25229
375493, 9754930, 9780162, 25232
375494, 9754940, 9780176, 25236
375495, 9754950, 9780189, 25239
375497, 9754970, 9780203, 25233
375498, 9754980, 9780216, 25236
375499, 9754990, 9780230, 25240
375501, 9755010, 9780257, 25247
375502, 9755020, 9780270, 25250
375503, 9755030, 9780283, 25253
375504, 9755040, 9780297, 25257
375505, 9755050, 9780310, 25260
375506, 9755060, 9780324, 25264
375508, 9755080, 9780337, 25257
375509, 9755090, 9780351, 25261
375510, 9755100, 9780364, 25264
375511, 9755110, 9780378, 25268
375512, 9755120, 9780391, 25271
375513, 9755130, 9780404, 25274
375514, 9755140, 9780418, 25278
375515, 9755150, 9780431, 25281
375516, 9755160, 9784012, 28852
375517, 9755170, 9784026, 28856
375519, 9755190, 9784039, 28849
375520, 9755200, 9784052, 28852
375521, 9755210, 9784066, 28856
375522, 9755220, 9784079, 28859
375523, 9755230, 9784093, 28863
375524, 9755240, 9784106, 28866
375525, 9755250, 9784120, 28870
375526, 9755260, 9784133, 28873
375527, 9755270, 9784146, 28876
375529, 9755290, 9784160, 28870
375530, 9755300, 9784173, 28873
375531, 9755310, 9784187, 28877
375532, 9755320, 9784200, 28880
375533, 9755330, 9784214, 28884
375534, 9755340, 9784227, 28887
375535, 9755350, 9784241, 28891
375536, 9755360, 9784254, 28894
375537, 9755370, 9784267, 28897
375538, 9755380, 9784281, 28901
375540, 9755400, 9784294, 28894
375541, 9755410, 9784308, 28898
375542, 9755420, 9784321, 28901
375543, 9755430, 9784335, 28905
375544, 9755440, 9784348, 28908
375545, 9755450, 9784362, 28912
375546, 9755460, 9784375, 28915
375547, 9755470, 9784388, 28918
375548, 9755480, 9784402, 28922
375551, 9755510, 9784429, 28919
375552, 9755520, 9784442, 28922
375553, 9755530, 9784456, 28926
375554, 9755540, 9784469, 28929
375555, 9755550, 9784482, 28932
375556, 9755560, 9784496, 28936
375557, 9755570, 9784509, 28939
375558, 9755580, 9784523, 28943
375559, 9755590, 9784536, 28946
375561, 9755610, 9784550, 28940
375562, 9755620, 9784563, 28943
375563, 9755630, 9784577, 28947
375564, 9755640, 9784590, 28950
375565, 9755650, 9784603, 28953
375566, 9755660, 9784617, 28957
375567, 9755670, 9784630, 28960
375568, 9755680, 9784644, 28964
375569, 9755690, 9784657, 28967
375570, 9755700, 9784671, 28971
375572, 9755720, 9784684, 28964
375573, 9755730, 9784698, 28968
375574, 9755740, 9784711, 28971
375575, 9755750, 9784724, 28974
375576, 9755760, 9784738, 28978
375577, 9755770, 9784751, 28981
375578, 9755780, 9784765, 28985
375579, 9755790, 9784778, 28988
375580, 9755800, 9784792, 28992
375582, 9755820, 9784805, 28985
375583, 9755830, 9784818, 28988
375584, 9755840, 9784832, 28992
375585, 9755850, 9784845, 28995
375586, 9755860, 9784859, 28999
375587, 9755870, 9784872, 29002
375588, 9755880, 9784886, 29006
375589, 9755890, 9784899, 29009
375590, 9755900, 9784913, 29013
375591, 9755910, 9784926, 29016
375593, 9755930, 9784939, 29009
375594, 9755940, 9784953, 29013
375595, 9755950, 9784966, 29016
375596, 9755960, 9784980, 29020
375597, 9755970, 9784993, 29023
375598, 9755980, 9785007, 29027
375599, 9755990, 9785020, 29030
376002, 9760020, 9785047, 25027
376003, 9760030, 9785060, 25030
376004, 9760040, 9785074, 25034
376005, 9760050, 9785087, 25037
376006, 9760060, 9785101, 25041
376007, 9760070, 9785114, 25044
376008, 9760080, 9785127, 25047
376009, 9760090, 9785141, 25051
376010, 9760100, 9785154, 25054
376012, 9760120, 9785168, 25048
376013, 9760130, 9785181, 25051
376014, 9760140, 9785195, 25055
376015, 9760150, 9785208, 25058
376016, 9760160, 9785222, 25062
376017, 9760170, 9785235, 25065
376018, 9760180, 9785248, 25068
376019, 9760190, 9785262, 25072
376020, 9760200, 9785275, 25075
376021, 9760210, 9785289, 25079
376023, 9760230, 9785302, 25072
376024, 9760240, 9785316, 25076
376025, 9760250, 9785329, 25079
376026, 9760260, 9785342, 25082
376027, 9760270, 9785356, 25086
376028, 9760280, 9785369, 25089
376029, 9760290, 9785383, 25093
376030, 9760300, 9785396, 25096
376031, 9760310, 9785410, 25100
376033, 9760330, 9785423, 25093
376034, 9760340, 9785437, 25097
376035, 9760350, 9785450, 25100
376036, 9760360, 9785463, 25103
376037, 9760370, 9785477, 25107
376038, 9760380, 9785490, 25110
376039, 9760390, 9785504, 25114
376040, 9760400, 9785517, 25117
376041, 9760410, 9785531, 25121
376042, 9760420, 9785544, 25124
376044, 9760440, 9785558, 25118
376045, 9760450, 9785571, 25121
376046, 9760460, 9785584, 25124
376047, 9760470, 9785598, 25128
376048, 9760480, 9785611, 25131
376049, 9760490, 9785625, 25135
376051, 9760510, 9785652, 25142
376052, 9760520, 9785665, 25145
376053, 9760530, 9785678, 25148
376055, 9760550, 9785692, 25142
376056, 9760560, 9785705, 25145
376057, 9760570, 9785719, 25149
376058, 9760580, 9785732, 25152
376059, 9760590, 9785746, 25156
376060, 9760600, 9785759, 25159
376061, 9760610, 9785773, 25163
376062, 9760620, 9785786, 25166
376063, 9760630, 9785799, 25169
376065, 9760650, 9785813, 25163
376066, 9760660, 9785826, 25166
376067, 9760670, 9785840, 25170
376068, 9760680, 9785853, 25173
376069, 9760690, 9785867, 25177
376070, 9760700, 9785880, 25180
376071, 9760710, 9785894, 25184
376072, 9760720, 9785907, 25187
376073, 9760730, 9785920, 25190
376074, 9760740, 9785934, 25194
376076, 9760760, 9785947, 25187
376077, 9760770, 9785961, 25191
376078, 9760780, 9785974, 25194
376079, 9760790, 9785988, 25198
376080, 9760800, 9786001, 25201
376081, 9760810, 9786014, 25204
376082, 9760820, 9786028, 25208
376083, 9760830, 9786041, 25211
376084, 9760840, 9786055, 25215
376085, 9760850, 9786068, 25218
376087, 9760870, 9786082, 25212
376088, 9760880, 9786095, 25215
376089, 9760890, 9786109, 25219
376090, 9760900, 9786122, 25222
376091, 9760910, 9786135, 25225
376092, 9760920, 9786149, 25229
376093, 9760930, 9786162, 25232
376094, 9760940, 9786176, 25236
376095, 9760950, 9786189, 25239
376097, 9760970, 9786203, 25233
376098, 9760980, 9786216, 25236
376099, 9760990, 9786230, 25240
376101, 9761010, 9786256, 25246
376102, 9761020, 9786270, 25250
376103, 9761030, 9786283, 25253
376104, 9761040, 9786297, 25257
376105, 9761050, 9786310, 25260
376106, 9761060, 9786324, 25264
376108, 9761080, 9786337, 25257
376109, 9761090, 9786350, 25260
376110, 9761100, 9786364, 25264
376111, 9761110, 9786377, 25267
376112, 9761120, 9786391, 25271
376113, 9761130, 9786404, 25274
376114, 9761140, 9786418, 25278
376115, 9761150, 9786431, 25281
376116, 9761160, 9790012, 28852
376118, 9761180, 9790026, 28846
376119, 9761190, 9790039, 28849
376120, 9761200, 9790052, 28852
376121, 9761210, 9790066, 28856
376122, 9761220, 9790079, 28859
376123, 9761230, 9790093, 28863
376124, 9761240, 9790106, 28866
376125, 9761250, 9790120, 28870
376126, 9761260, 9790133, 28873
376127, 9761270, 9790146, 28876
376129, 9761290, 9790160, 28870
376130, 9761300, 9790173, 28873
376131, 9761310, 9790187, 28877
376132, 9761320, 9790200, 28880
376133, 9761330, 9790214, 28884
376134, 9761340, 9790227, 28887
376135, 9761350, 9790241, 28891
376136, 9761360, 9790254, 28894
376137, 9761370, 9790267, 28897
376138, 9761380, 9790281, 28901
376140, 9761400, 9790294, 28894
376141, 9761410, 9790308, 28898
376142, 9761420, 9790321, 28901
376143, 9761430, 9790335, 28905
376144, 9761440, 9790348, 28908
376145, 9761450, 9790362, 28912
376146, 9761460, 9790375, 28915
376147, 9761470, 9790388, 28918
376148, 9761480, 9790402, 28922
376151, 9761510, 9790429, 28919
376152, 9761520, 9790442, 28922
376153, 9761530, 9790456, 28926
376154, 9761540, 9790469, 28929
376155, 9761550, 9790482, 28932
376156, 9761560, 9790496, 28936
376157, 9761570, 9790509, 28939
376158, 9761580, 9790523, 28943
376159, 9761590, 9790536, 28946
376161, 9761610, 9790550, 28940
376162, 9761620, 9790563, 28943
376163, 9761630, 9790577, 28947
376164, 9761640, 9790590, 28950
376165, 9761650, 9790603, 28953
376166, 9761660, 9790617, 28957
376167, 9761670, 9790630, 28960
376168, 9761680, 9790644, 28964
376169, 9761690, 9790657, 28967
376171, 9761710, 9790671, 28961
376172, 9761720, 9790684, 28964
376173, 9761730, 9790698, 28968
376174, 9761740, 9790711, 28971
376175, 9761750, 9790724, 28974
376176, 9761760, 9790738, 28978
376177, 9761770, 9790751, 28981
376178, 9761780, 9790765, 28985
376179, 9761790, 9790778, 28988
376180, 9761800, 9790792, 28992
376182, 9761820, 9790805, 28985
376183, 9761830, 9790818, 28988
376184, 9761840, 9790832, 28992
376185, 9761850, 9790845, 28995
376186, 9761860, 9790859, 28999
376187, 9761870, 9790872, 29002
376188, 9761880, 9790886, 29006
376189, 9761890, 9790899, 29009
376190, 9761900, 9790913, 29013
376191, 9761910, 9790926, 29016
376193, 9761930, 9790939, 29009
376194, 9761940, 9790953, 29013
376195, 9761950, 9790966, 29016
376196, 9761960, 9790980, 29020
376197, 9761970, 9790993, 29023
376198, 9761980, 9791007, 29027
376199, 9761990, 9791020, 29030
376602, 9766020, 9791047, 25027
376603, 9766030, 9791060, 25030
376604, 9766040, 9791074, 25034
376605, 9766050, 9791087, 25037
376606, 9766060, 9791101, 25041
376607, 9766070, 9791114, 25044
376608, 9766080, 9791128, 25048
376609, 9766090, 9791141, 25051
376610, 9766100, 9791154, 25054
376612, 9766120, 9791168, 25048
376613, 9766130, 9791181, 25051
376614, 9766140, 9791195, 25055
376615, 9766150, 9791208, 25058
376616, 9766160, 9791222, 25062
376617, 9766170, 9791235, 25065
376618, 9766180, 9791249, 25069
376619, 9766190, 9791262, 25072
376620, 9766200, 9791275, 25075
376621, 9766210, 9791289, 25079
376623, 9766230, 9791302, 25072
376624, 9766240, 9791316, 25076
376625, 9766250, 9791329, 25079
376626, 9766260, 9791343, 25083
376627, 9766270, 9791356, 25086
376628, 9766280, 9791370, 25090
376629, 9766290, 9791383, 25093
376630, 9766300, 9791396, 25096
376631, 9766310, 9791410, 25100
376633, 9766330, 9791423, 25093
376634, 9766340, 9791437, 25097
376635, 9766350, 9791450, 25100
376636, 9766360, 9791464, 25104
376637, 9766370, 9791477, 25107
376638, 9766380, 9791490, 25110
376639, 9766390, 9791504, 25114
376640, 9766400, 9791517, 25117
376641, 9766410, 9791531, 25121
376642, 9766420, 9791544, 25124
376644, 9766440, 9791558, 25118
376645, 9766450, 9791571, 25121
376646, 9766460, 9791585, 25125
376647, 9766470, 9791598, 25128
376648, 9766480, 9791611, 25131
376649, 9766490, 9791625, 25135
376651, 9766510, 9791652, 25142
376652, 9766520, 9791665, 25145
376653, 9766530, 9791679, 25149
376655, 9766550, 9791692, 25142
376656, 9766560, 9791706, 25146
376657, 9766570, 9791719, 25149
376658, 9766580, 9791732, 25152
376659, 9766590, 9791746, 25156
376660, 9766600, 9791759, 25159
376661, 9766610, 9791773, 25163
376662, 9766620, 9791786, 25166
376663, 9766630, 9791800, 25170
376665, 9766650, 9791813, 25163
376666, 9766660, 9791826, 25166
376667, 9766670, 9791840, 25170
376668, 9766680, 9791853, 25173
376669, 9766690, 9791867, 25177
376670, 9766700, 9791880, 25180
376671, 9766710, 9791894, 25184
376672, 9766720, 9791907, 25187
376673, 9766730, 9791921, 25191
376674, 9766740, 9791934, 25194
376676, 9766760, 9791947, 25187
376677, 9766770, 9791961, 25191
376678, 9766780, 9791974, 25194
376679, 9766790, 9791988, 25198
376680, 9766800, 9792001, 25201
376681, 9766810, 9792015, 25205
376682, 9766820, 9792028, 25208
376683, 9766830, 9792042, 25212
376684, 9766840, 9792055, 25215
376685, 9766850, 9792068, 25218
376687, 9766870, 9792082, 25212
376688, 9766880, 9792095, 25215
376689, 9766890, 9792109, 25219
376690, 9766900, 9792122, 25222
376691, 9766910, 9792136, 25226
376692, 9766920, 9792149, 25229
376693, 9766930, 9792162, 25232
376694, 9766940, 9792176, 25236
376695, 9766950, 9792189, 25239
376697, 9766970, 9792203, 25233
376698, 9766980, 9792216, 25236
376699, 9766990, 9792230, 25240
376701, 9767010, 9792257, 25247
376702, 9767020, 9792270, 25250
376703, 9767030, 9792283, 25253
376704, 9767040, 9792297, 25257
376705, 9767050, 9792310, 25260
376706, 9767060, 9792324, 25264
376708, 9767080, 9792337, 25257
376709, 9767090, 9792351, 25261
376710, 9767100, 9792364, 25264
376711, 9767110, 9792378, 25268
376712, 9767120, 9792391, 25271
376713, 9767130, 9792404, 25274
376714, 9767140, 9792418, 25278
376715, 9767150, 9792431, 25281
376716, 9767160, 9796012, 28852
376718, 9767180, 9796026, 28846
376719, 9767190, 9796039, 28849
376720, 9767200, 9796052, 28852
376721, 9767210, 9796066, 28856
376722, 9767220, 9796079, 28859
376723, 9767230, 9796093, 28863
376724, 9767240, 9796106, 28866
376725, 9767250, 9796120, 28870
376726, 9767260, 9796133, 28873
376727, 9767270, 9796146, 28876
376729, 9767290, 9796160, 28870
376730, 9767300, 9796173, 28873
376731, 9767310, 9796187, 28877
376732, 9767320, 9796200, 28880
376733, 9767330, 9796214, 28884
376734, 9767340, 9796227, 28887
376735, 9767350, 9796241, 28891
376736, 9767360, 9796254, 28894
376737, 9767370, 9796267, 28897
376738, 9767380, 9796281, 28901
376740, 9767400, 9796294, 28894
376741, 9767410, 9796308, 28898
376742, 9767420, 9796321, 28901
376743, 9767430, 9796335, 28905
376744, 9767440, 9796348, 28908
376745, 9767450, 9796362, 28912
376746, 9767460, 9796375, 28915
376747, 9767470, 9796388, 28918
376748, 9767480, 9796402, 28922
376751, 9767510, 9796429, 28919
376752, 9767520, 9796442, 28922
376753, 9767530, 9796456, 28926
376754, 9767540, 9796469, 28929
376755, 9767550, 9796482, 28932
376756, 9767560, 9796496, 28936
376757, 9767570, 9796509, 28939
376758, 9767580, 9796523, 28943
376759, 9767590, 9796536, 28946
376761, 9767610, 9796550, 28940
376762, 9767620, 9796563, 28943
376763, 9767630, 9796577, 28947
376764, 9767640, 9796590, 28950
376765, 9767650, 9796603, 28953
376766, 9767660, 9796617, 28957
376767, 9767670, 9796630, 28960
376768, 9767680, 9796644, 28964
376769, 9767690, 9796657, 28967
376771, 9767710, 9796671, 28961
376772, 9767720, 9796684, 28964
376773, 9767730, 9796698, 28968
376774, 9767740, 9796711, 28971
376775, 9767750, 9796724, 28974
376776, 9767760, 9796738, 28978
376777, 9767770, 9796751, 28981
376778, 9767780, 9796765, 28985
376779, 9767790, 9796778, 28988
376780, 9767800, 9796792, 28992
376782, 9767820, 9796805, 28985
376783, 9767830, 9796818, 28988
376784, 9767840, 9796832, 28992
376785, 9767850, 9796845, 28995
376786, 9767860, 9796859, 28999
376787, 9767870, 9796872, 29002
376788, 9767880, 9796886, 29006
376789, 9767890, 9796899, 29009
376790, 9767900, 9796913, 29013
376791, 9767910, 9796926, 29016
376793, 9767930, 9796939, 29009
376794, 9767940, 9796953, 29013
376795, 9767950, 9796966, 29016
376796, 9767960, 9796980, 29020
376797, 9767970, 9796993, 29023
376798, 9767980, 9797007, 29027
376799, 9767990, 9797020, 29030
377202, 9772020, 9797047, 25027
377203, 9772030, 9797060, 25030
377204, 9772040, 9797074, 25034
377205, 9772050, 9797087, 25037
377206, 9772060, 9797101, 25041
377207, 9772070, 9797114, 25044
377208, 9772080, 9797128, 25048
377209, 9772090, 9797141, 25051
377210, 9772100, 9797154, 25054
377212, 9772120, 9797168, 25048
377213, 9772130, 9797181, 25051
377214, 9772140, 9797195, 25055
377215, 9772150, 9797208, 25058
377216, 9772160, 9797222, 25062
377217, 9772170, 9797235, 25065
377218, 9772180, 9797249, 25069
377219, 9772190, 9797262, 25072
377220, 9772200, 9797275, 25075
377221, 9772210, 9797289, 25079
377223, 9772230, 9797302, 25072
377224, 9772240, 9797316, 25076
377225, 9772250, 9797329, 25079
377226, 9772260, 9797343, 25083
377227, 9772270, 9797356, 25086
377228, 9772280, 9797370, 25090
377229, 9772290, 9797383, 25093
377230, 9772300, 9797396, 25096
377231, 9772310, 9797410, 25100
377233, 9772330, 9797423, 25093
377234, 9772340, 9797437, 25097
377235, 9772350, 9797450, 25100
377236, 9772360, 9797464, 25104
377237, 9772370, 9797477, 25107
377238, 9772380, 9797490, 25110
377239, 9772390, 9797504, 25114
377240, 9772400, 9797517, 25117
377241, 9772410, 9797531, 25121
377242, 9772420, 9797544, 25124
377244, 9772440, 9797558, 25118
377245, 9772450, 9797571, 25121
377246, 9772460, 9797585, 25125
377247, 9772470, 9797598, 25128
377248, 9772480, 9797611, 25131
377249, 9772490, 9797625, 25135
377251, 9772510, 9797652, 25142
377252, 9772520, 9797665, 25145
377253, 9772530, 9797679, 25149
377255, 9772550, 9797692, 25142
377256, 9772560, 9797706, 25146
377257, 9772570, 9797719, 25149
377258, 9772580, 9797732, 25152
377259, 9772590, 9797746, 25156
377260, 9772600, 9797759, 25159
377261, 9772610, 9797773, 25163
377262, 9772620, 9797786, 25166
377263, 9772630, 9797800, 25170
377265, 9772650, 9797813, 25163
377266, 9772660, 9797826, 25166
377267, 9772670, 9797840, 25170
377268, 9772680, 9797853, 25173
377269, 9772690, 9797867, 25177
377270, 9772700, 9797880, 25180
377271, 9772710, 9797894, 25184
377272, 9772720, 9797907, 25187
377273, 9772730, 9797921, 25191
377274, 9772740, 9797934, 25194
377276, 9772760, 9797947, 25187
377277, 9772770, 9797961, 25191
377278, 9772780, 9797974, 25194
377279, 9772790, 9797988, 25198
377280, 9772800, 9798001, 25201
377281, 9772810, 9798015, 25205
377282, 9772820, 9798028, 25208
377283, 9772830, 9798042, 25212
377284, 9772840, 9798055, 25215
377285, 9772850, 9798068, 25218
377287, 9772870, 9798082, 25212
377288, 9772880, 9798095, 25215
377289, 9772890, 9798109, 25219
377290, 9772900, 9798122, 25222
377291, 9772910, 9798136, 25226
377292, 9772920, 9798149, 25229
377293, 9772930, 9798162, 25232
377294, 9772940, 9798176, 25236
377295, 9772950, 9798189, 25239
377297, 9772970, 9798203, 25233
377298, 9772980, 9798216, 25236
377299, 9772990, 9798230, 25240
377301, 9773010, 9798257, 25247
377302, 9773020, 9798270, 25250
377303, 9773030, 9798283, 25253
377304, 9773040, 9798297, 25257
377305, 9773050, 9798310, 25260
377306, 9773060, 9798324, 25264
377308, 9773080, 9798337, 25257
377309, 9773090, 9798351, 25261
377310, 9773100, 9798364, 25264
377311, 9773110, 9798378, 25268
377312, 9773120, 9798391, 25271
377313, 9773130, 9798404, 25274
377314, 9773140, 9798418, 25278
377315, 9773150, 9798431, 25281
377316, 9773160, 9802012, 28852
377318, 9773180, 9802026, 28846
377319, 9773190, 9802039, 28849
377320, 9773200, 9802052, 28852
377321, 9773210, 9802066, 28856
377322, 9773220, 9802079, 28859
377323, 9773230, 9802093, 28863
377324, 9773240, 9802106, 28866
377325, 9773250, 9802120, 28870
377326, 9773260, 9802133, 28873
377327, 9773270, 9802146, 28876
377329, 9773290, 9802160, 28870
377330, 9773300, 9802173, 28873
377331, 9773310, 9802187, 28877
377332, 9773320, 9802200, 28880
377333, 9773330, 9802214, 28884
377334, 9773340, 9802227, 28887
377335, 9773350, 9802241, 28891
377336, 9773360, 9802254, 28894
377337, 9773370, 9802267, 28897
377338, 9773380, 9802281, 28901
377340, 9773400, 9802294, 28894
377341, 9773410, 9802308, 28898
377342, 9773420, 9802321, 28901
377343, 9773430, 9802335, 28905
377344, 9773440, 9802348, 28908
377345, 9773450, 9802362, 28912
377346, 9773460, 9802375, 28915
377347, 9773470, 9802388, 28918
377348, 9773480, 9802402, 28922
377351, 9773510, 9802429, 28919
377352, 9773520, 9802442, 28922
377353, 9773530, 9802456, 28926
377354, 9773540, 9802469, 28929
377355, 9773550, 9802482, 28932
377356, 9773560, 9802496, 28936
377357, 9773570, 9802509, 28939
377358, 9773580, 9802523, 28943
377359, 9773590, 9802536, 28946
377361, 9773610, 9802550, 28940
377362, 9773620, 9802563, 28943
377363, 9773630, 9802577, 28947
377364, 9773640, 9802590, 28950
377365, 9773650, 9802603, 28953
377366, 9773660, 9802617, 28957
377367, 9773670, 9802630, 28960
377368, 9773680, 9802644, 28964
377369, 9773690, 9802657, 28967
377371, 9773710, 9802671, 28961
377372, 9773720, 9802684, 28964
377373, 9773730, 9802698, 28968
377374, 9773740, 9802711, 28971
377375, 9773750, 9802724, 28974
377376, 9773760, 9802738, 28978
377377, 9773770, 9802751, 28981
377378, 9773780, 9802765, 28985
377379, 9773790, 9802778, 28988
377380, 9773800, 9802792, 28992
377382, 9773820, 9802805, 28985
377383, 9773830, 9802818, 28988
377384, 9773840, 9802832, 28992
377385, 9773850, 9802845, 28995
377386, 9773860, 9802859, 28999
377387, 9773870, 9802872, 29002
377388, 9773880, 9802886, 29006
377389, 9773890, 9802899, 29009
377390, 9773900, 9802913, 29013
377391, 9773910, 9802926, 29016
377393, 9773930, 9802939, 29009
377394, 9773940, 9802953, 29013
377395, 9773950, 9802966, 29016
377396, 9773960, 9802980, 29020
377397, 9773970, 9802993, 29023
377398, 9773980, 9803007, 29027
377399, 9773990, 9803020, 29030
377802, 9778020, 9803047, 25027
377803, 9778030, 9803060, 25030
377804, 9778040, 9803074, 25034
377805, 9778050, 9803087, 25037
377806, 9778060, 9803101, 25041
377807, 9778070, 9803114, 25044
377808, 9778080, 9803128, 25048
377809, 9778090, 9803141, 25051
377810, 9778100, 9803154, 25054
377812, 9778120, 9803168, 25048
377813, 9778130, 9803181, 25051
377814, 9778140, 9803195, 25055
377815, 9778150, 9803208, 25058
377816, 9778160, 9803222, 25062
377817, 9778170, 9803235, 25065
377818, 9778180, 9803249, 25069
377819, 9778190, 9803262, 25072
377820, 9778200, 9803275, 25075
377821, 9778210, 9803289, 25079
377823, 9778230, 9803302, 25072
377824, 9778240, 9803316, 25076
377825, 9778250, 9803329, 25079
377826, 9778260, 9803343, 25083
377827, 9778270, 9803356, 25086
377828, 9778280, 9803370, 25090
377829, 9778290, 9803383, 25093
377830, 9778300, 9803396, 25096
377831, 9778310, 9803410, 25100
377833, 9778330, 9803423, 25093
377834, 9778340, 9803437, 25097
377835, 9778350, 9803450, 25100
377836, 9778360, 9803464, 25104
377837, 9778370, 9803477, 25107
377838, 9778380, 9803490, 25110
377839, 9778390, 9803504, 25114
377840, 9778400, 9803517, 25117
377841, 9778410, 9803531, 25121
377842, 9778420, 9803544, 25124
377844, 9778440, 9803558, 25118
377845, 9778450, 9803571, 25121
377846, 9778460, 9803585, 25125
377847, 9778470, 9803598, 25128
377848, 9778480, 9803611, 25131
377849, 9778490, 9803625, 25135
377851, 9778510, 9803652, 25142
377852, 9778520, 9803665, 25145
377853, 9778530, 9803679, 25149
377855, 9778550, 9803692, 25142
377856, 9778560, 9803706, 25146
377857, 9778570, 9803719, 25149
377858, 9778580, 9803732, 25152
377859, 9778590, 9803746, 25156
377860, 9778600, 9803759, 25159
377861, 9778610, 9803773, 25163
377862, 9778620, 9803786, 25166
377863, 9778630, 9803800, 25170
377865, 9778650, 9803813, 25163
377866, 9778660, 9803826, 25166
377867, 9778670, 9803840, 25170
377868, 9778680, 9803853, 25173
377869, 9778690, 9803867, 25177
377870, 9778700, 9803880, 25180
377871, 9778710, 9803894, 25184
377872, 9778720, 9803907, 25187
377873, 9778730, 9803921, 25191
377874, 9778740, 9803934, 25194
377876, 9778760, 9803947, 25187
377877, 9778770, 9803961, 25191
377878, 9778780, 9803974, 25194
377879, 9778790, 9803988, 25198
377880, 9778800, 9804001, 25201
377881, 9778810, 9804015, 25205
377882, 9778820, 9804028, 25208
377883, 9778830, 9804042, 25212
377884, 9778840, 9804055, 25215
377885, 9778850, 9804068, 25218
377887, 9778870, 9804082, 25212
377888, 9778880, 9804095, 25215
377889, 9778890, 9804109, 25219
377890, 9778900, 9804122, 25222
377891, 9778910, 9804136, 25226
377892, 9778920, 9804149, 25229
377893, 9778930, 9804162, 25232
377894, 9778940, 9804176, 25236
377895, 9778950, 9804189, 25239
377897, 9778970, 9804203, 25233
377898, 9778980, 9804216, 25236
377899, 9778990, 9804230, 25240
377901, 9779010, 9804257, 25247
377902, 9779020, 9804270, 25250
377903, 9779030, 9804283, 25253
377904, 9779040, 9804297, 25257
377905, 9779050, 9804310, 25260
377906, 9779060, 9804324, 25264
377908, 9779080, 9804337, 25257
377909, 9779090, 9804351, 25261
377910, 9779100, 9804364, 25264
377911, 9779110, 9804378, 25268
377912, 9779120, 9804391, 25271
377913, 9779130, 9804404, 25274
377914, 9779140, 9804418, 25278
377915, 9779150, 9804431, 25281
377916, 9779160, 9808012, 28852
377918, 9779180, 9808026, 28846
377919, 9779190, 9808039, 28849
377920, 9779200, 9808052, 28852
377921, 9779210, 9808066, 28856
377922, 9779220, 9808079, 28859
377923, 9779230, 9808093, 28863
377924, 9779240, 9808106, 28866
377925, 9779250, 9808120, 28870
377926, 9779260, 9808133, 28873
377927, 9779270, 9808146, 28876
377929, 9779290, 9808160, 28870
377930, 9779300, 9808173, 28873
377931, 9779310, 9808187, 28877
377932, 9779320, 9808200, 28880
377933, 9779330, 9808214, 28884
377934, 9779340, 9808227, 28887
377935, 9779350, 9808241, 28891
377936, 9779360, 9808254, 28894
377937, 9779370, 9808267, 28897
377938, 9779380, 9808281, 28901
377940, 9779400, 9808294, 28894
377941, 9779410, 9808308, 28898
377942, 9779420, 9808321, 28901
377943, 9779430, 9808335, 28905
377944, 9779440, 9808348, 28908
377945, 9779450, 9808362, 28912
377946, 9779460, 9808375, 28915
377947, 9779470, 9808388, 28918
377948, 9779480, 9808402, 28922
377951, 9779510, 9808429, 28919
377952, 9779520, 9808442, 28922
377953, 9779530, 9808456, 28926
377954, 9779540, 9808469, 28929
377955, 9779550, 9808482, 28932
377956, 9779560, 9808496, 28936
377957, 9779570, 9808509, 28939
377958, 9779580, 9808523, 28943
377959, 9779590, 9808536, 28946
377961, 9779610, 9808550, 28940
377962, 9779620, 9808563, 28943
377963, 9779630, 9808577, 28947
377964, 9779640, 9808590, 28950
377965, 9779650, 9808603, 28953
377966, 9779660, 9808617, 28957
377967, 9779670, 9808630, 28960
377968, 9779680, 9808644, 28964
377969, 9779690, 9808657, 28967
377971, 9779710, 9808671, 28961
377972, 9779720, 9808684, 28964
377973, 9779730, 9808698, 28968
377974, 9779740, 9808711, 28971
377975, 9779750, 9808724, 28974
377976, 9779760, 9808738, 28978
377977, 9779770, 9808751, 28981
377978, 9779780, 9808765, 28985
377979, 9779790, 9808778, 28988
377980, 9779800, 9808792, 28992
377982, 9779820, 9808805, 28985
377983, 9779830, 9808818, 28988
377984, 9779840, 9808832, 28992
377985, 9779850, 9808845, 28995
377986, 9779860, 9808859, 28999
377987, 9779870, 9808872, 29002
377988, 9779880, 9808886, 29006
377989, 9779890, 9808899, 29009
377990, 9779900, 9808913, 29013
377991, 9779910, 9808926, 29016
377993, 9779930, 9808939, 29009
377994, 9779940, 9808953, 29013
377995, 9779950, 9808966, 29016
377996, 9779960, 9808980, 29020
377997, 9779970, 9808993, 29023
377998, 9779980, 9809007, 29027
377999, 9779990, 9809020, 29030
378402, 9784020, 9809047, 25027
378403, 9784030, 9809060, 25030
378404, 9784040, 9809074, 25034
378405, 9784050, 9809087, 25037
378406, 9784060, 9809101, 25041
378407, 9784070, 9809114, 25044
378408, 9784080, 9809128, 25048
378409, 9784090, 9809141, 25051
378410, 9784100, 9809154, 25054
378412, 9784120, 9809168, 25048
378413, 9784130, 9809181, 25051
378414, 9784140, 9809195, 25055
378415, 9784150, 9809208, 25058
378416, 9784160, 9809222, 25062
378417, 9784170, 9809235, 25065
378418, 9784180, 9809249, 25069
378419, 9784190, 9809262, 25072
378420, 9784200, 9809275, 25075
378421, 9784210, 9809289, 25079
378423, 9784230, 9809302, 25072
378424, 9784240, 9809316, 25076
378425, 9784250, 9809329, 25079
378426, 9784260, 9809343, 25083
378427, 9784270, 9809356, 25086
378428, 9784280, 9809370, 25090
378429, 9784290, 9809383, 25093
378430, 9784300, 9809396, 25096
378431, 9784310, 9809410, 25100
378433, 9784330, 9809423, 25093
378434, 9784340, 9809437, 25097
378435, 9784350, 9809450, 25100
378436, 9784360, 9809464, 25104
378437, 9784370, 9809477, 25107
378438, 9784380, 9809490, 25110
378439, 9784390, 9809504, 25114
378440, 9784400, 9809517, 25117
378441, 9784410, 9809531, 25121
378442, 9784420, 9809544, 25124
378444, 9784440, 9809558, 25118
378445, 9784450, 9809571, 25121
378446, 9784460, 9809585, 25125
378447, 9784470, 9809598, 25128
378448, 9784480, 9809611, 25131
378449, 9784490, 9809625, 25135
378451, 9784510, 9809652, 25142
378452, 9784520, 9809665, 25145
378453, 9784530, 9809679, 25149
378455, 9784550, 9809692, 25142
378456, 9784560, 9809706, 25146
378457, 9784570, 9809719, 25149
378458, 9784580, 9809732, 25152
378459, 9784590, 9809746, 25156
378460, 9784600, 9809759, 25159
378461, 9784610, 9809773, 25163
378462, 9784620, 9809786, 25166
378463, 9784630, 9809800, 25170
378465, 9784650, 9809813, 25163
378466, 9784660, 9809826, 25166
378467, 9784670, 9809840, 25170
378468, 9784680, 9809853, 25173
378469, 9784690, 9809867, 25177
378470, 9784700, 9809880, 25180
378471, 9784710, 9809894, 25184
378472, 9784720, 9809907, 25187
378473, 9784730, 9809921, 25191
378474, 9784740, 9809934, 25194
378476, 9784760, 9809947, 25187
378477, 9784770, 9809961, 25191
378478, 9784780, 9809974, 25194
378479, 9784790, 9809988, 25198
378480, 9784800, 9810001, 25201
378481, 9784810, 9810015, 25205
378482, 9784820, 9810028, 25208
378483, 9784830, 9810042, 25212
378484, 9784840, 9810055, 25215
378485, 9784850, 9810068, 25218
378487, 9784870, 9810082, 25212
378488, 9784880, 9810095, 25215
378489, 9784890, 9810109, 25219
378490, 9784900, 9810122, 25222
378491, 9784910, 9810136, 25226
378492, 9784920, 9810149, 25229
378493, 9784930, 9810162, 25232
378494, 9784940, 9810176, 25236
378495, 9784950, 9810189, 25239
378497, 9784970, 9810203, 25233
378498, 9784980, 9810216, 25236
378499, 9784990, 9810230, 25240
378501, 9785010, 9810257, 25247
378502, 9785020, 9810270, 25250
378503, 9785030, 9810283, 25253
378504, 9785040, 9810297, 25257
378505, 9785050, 9810310, 25260
378506, 9785060, 9810324, 25264
378508, 9785080, 9810337, 25257
378509, 9785090, 9810351, 25261
378510, 9785100, 9810364, 25264
378511, 9785110, 9810378, 25268
378512, 9785120, 9810391, 25271
378513, 9785130, 9810404, 25274
378514, 9785140, 9810418, 25278
378515, 9785150, 9810431, 25281
378516, 9785160, 9814012, 28852
378517, 9785170, 9814026, 28856
378519, 9785190, 9814039, 28849
378520, 9785200, 9814052, 28852
378521, 9785210, 9814066, 28856
378522, 9785220, 9814079, 28859
378523, 9785230, 9814093, 28863
378524, 9785240, 9814106, 28866
378525, 9785250, 9814120, 28870
378526, 9785260, 9814133, 28873
378527, 9785270, 9814146, 28876
378529, 9785290, 9814160, 28870
378530, 9785300, 9814173, 28873
378531, 9785310, 9814187, 28877
378532, 9785320, 9814200, 28880
378533, 9785330, 9814214, 28884
378534, 9785340, 9814227, 28887
378535, 9785350, 9814241, 28891
378536, 9785360, 9814254, 28894
378537, 9785370, 9814267, 28897
378538, 9785380, 9814281, 28901
378540, 9785400, 9814294, 28894
378541, 9785410, 9814308, 28898
378542, 9785420, 9814321, 28901
378543, 9785430, 9814335, 28905
378544, 9785440, 9814348, 28908
378545, 9785450, 9814362, 28912
378546, 9785460, 9814375, 28915
378547, 9785470, 9814388, 28918
378548, 9785480, 9814402, 28922
378551, 9785510, 9814429, 28919
378552, 9785520, 9814442, 28922
378553, 9785530, 9814456, 28926
378554, 9785540, 9814469, 28929
378555, 9785550, 9814482, 28932
378556, 9785560, 9814496, 28936
378557, 9785570, 9814509, 28939
378558, 9785580, 9814523, 28943
378559, 9785590, 9814536, 28946
378561, 9785610, 9814550, 28940
378562, 9785620, 9814563, 28943
378563, 9785630, 9814577, 28947
378564, 9785640, 9814590, 28950
378565, 9785650, 9814603, 28953
378566, 9785660, 9814617, 28957
378567, 9785670, 9814630, 28960
378568, 9785680, 9814644, 28964
378569, 9785690, 9814657, 28967
378570, 9785700, 9814671, 28971
378572, 9785720, 9814684, 28964
378573, 9785730, 9814698, 28968
378574, 9785740, 9814711, 28971
378575, 9785750, 9814724, 28974
378576, 9785760, 9814738, 28978
378577, 9785770, 9814751, 28981
378578, 9785780, 9814765, 28985
378579, 9785790, 9814778, 28988
378580, 9785800, 9814792, 28992
378582, 9785820, 9814805, 28985
378583, 9785830, 9814818, 28988
378584, 9785840, 9814832, 28992
378585, 9785850, 9814845, 28995
378586, 9785860, 9814859, 28999
378587, 9785870, 9814872, 29002
378588, 9785880, 9814886, 29006
378589, 9785890, 9814899, 29009
378590, 9785900, 9814913, 29013
378591, 9785910, 9814926, 29016
378593, 9785930, 9814939, 29009
378594, 9785940, 9814953, 29013
378595, 9785950, 9814966, 29016
378596, 9785960, 9814980, 29020
378597, 9785970, 9814993, 29023
378598, 9785980, 9815007, 29027
378599, 9785990, 9815020, 29030
379002, 9790020, 9815047, 25027
379003, 9790030, 9815060, 25030
379004, 9790040, 9815074, 25034
379005, 9790050, 9815087, 25037
379006, 9790060, 9815101, 25041
379007, 9790070, 9815114, 25044
379008, 9790080, 9815127, 25047
379009, 9790090, 9815141, 25051
379010, 9790100, 9815154, 25054
379012, 9790120, 9815168, 25048
379013, 9790130, 9815181, 25051
379014, 9790140, 9815195, 25055
379015, 9790150, 9815208, 25058
379016, 9790160, 9815222, 25062
379017, 9790170, 9815235, 25065
379018, 9790180, 9815248, 25068
379019, 9790190, 9815262, 25072
379020, 9790200, 9815275, 25075
379021, 9790210, 9815289, 25079
379023, 9790230, 9815302, 25072
379024, 9790240, 9815316, 25076
379025, 9790250, 9815329, 25079
379026, 9790260, 9815342, 25082
379027, 9790270, 9815356, 25086
379028, 9790280, 9815369, 25089
379029, 9790290, 9815383, 25093
379030, 9790300, 9815396, 25096
379031, 9790310, 9815410, 25100
379033, 9790330, 9815423, 25093
379034, 9790340, 9815437, 25097
379035, 9790350, 9815450, 25100
379036, 9790360, 9815463, 25103
379037, 9790370, 9815477, 25107
379038, 9790380, 9815490, 25110
379039, 9790390, 9815504, 25114
379040, 9790400, 9815517, 25117
379041, 9790410, 9815531, 25121
379042, 9790420, 9815544, 25124
379044, 9790440, 9815558, 25118
379045, 9790450, 9815571, 25121
379046, 9790460, 9815584, 25124
379047, 9790470, 9815598, 25128
379048, 9790480, 9815611, 25131
379049, 9790490, 9815625, 25135
379051, 9790510, 9815652, 25142
379052, 9790520, 9815665, 25145
379053, 9790530, 9815678, 25148
379055, 9790550, 9815692, 25142
379056, 9790560, 9815705, 25145
379057, 9790570, 9815719, 25149
379058, 9790580, 9815732, 25152
379059, 9790590, 9815746, 25156
379060, 9790600, 9815759, 25159
379061, 9790610, 9815773, 25163
379062, 9790620, 9815786, 25166
379063, 9790630, 9815799, 25169
379065, 9790650, 9815813, 25163
379066, 9790660, 9815826, 25166
379067, 9790670, 9815840, 25170
379068, 9790680, 9815853, 25173
379069, 9790690, 9815867, 25177
379070, 9790700, 9815880, 25180
379071, 9790710, 9815894, 25184
379072, 9790720, 9815907, 25187
379073, 9790730, 9815920, 25190
379074, 9790740, 9815934, 25194
379076, 9790760, 9815947, 25187
379077, 9790770, 9815961, 25191
379078, 9790780, 9815974, 25194
379079, 9790790, 9815988, 25198
379080, 9790800, 9816001, 25201
379081, 9790810, 9816014, 25204
379082, 9790820, 9816028, 25208
379083, 9790830, 9816041, 25211
379084, 9790840, 9816055, 25215
379085, 9790850, 9816068, 25218
379087, 9790870, 9816082, 25212
379088, 9790880, 9816095, 25215
379089, 9790890, 9816109, 25219
379090, 9790900, 9816122, 25222
379091, 9790910, 9816135, 25225
379092, 9790920, 9816149, 25229
379093, 9790930, 9816162, 25232
379094, 9790940, 9816176, 25236
379095, 9790950, 9816189, 25239
379097, 9790970, 9816203, 25233
379098, 9790980, 9816216, 25236
379099, 9790990, 9816230, 25240
379101, 9791010, 9816256, 25246
379102, 9791020, 9816270, 25250
379103, 9791030, 9816283, 25253
379104, 9791040, 9816297, 25257
379105, 9791050, 9816310, 25260
379106, 9791060, 9816324, 25264
379108, 9791080, 9816337, 25257
379109, 9791090, 9816350, 25260
379110, 9791100, 9816364, 25264
379111, 9791110, 9816377, 25267
379112, 9791120, 9816391, 25271
379113, 9791130, 9816404, 25274
379114, 9791140, 9816418, 25278
379115, 9791150, 9816431, 25281
379116, 9791160, 9820012, 28852
379118, 9791180, 9820026, 28846
379119, 9791190, 9820039, 28849
379120, 9791200, 9820052, 28852
379121, 9791210, 9820066, 28856
379122, 9791220, 9820079, 28859
379123, 9791230, 9820093, 28863
379124, 9791240, 9820106, 28866
379125, 9791250, 9820120, 28870
379126, 9791260, 9820133, 28873
379127, 9791270, 9820146, 28876
379129, 9791290, 9820160, 28870
379130, 9791300, 9820173, 28873
379131, 9791310, 9820187, 28877
379132, 9791320, 9820200, 28880
379133, 9791330, 9820214, 28884
379134, 9791340, 9820227, 28887
379135, 9791350, 9820241, 28891
379136, 9791360, 9820254, 28894
379137, 9791370, 9820267, 28897
379138, 9791380, 9820281, 28901
379140, 9791400, 9820294, 28894
379141, 9791410, 9820308, 28898
379142, 9791420, 9820321, 28901
379143, 9791430, 9820335, 28905
379144, 9791440, 9820348, 28908
379145, 9791450, 9820362, 28912
379146, 9791460, 9820375, 28915
379147, 9791470, 9820388, 28918
379148, 9791480, 9820402, 28922
379151, 9791510, 9820429, 28919
379152, 9791520, 9820442, 28922
379153, 9791530, 9820456, 28926
379154, 9791540, 9820469, 28929
379155, 9791550, 9820482, 28932
379156, 9791560, 9820496, 28936
379157, 9791570, 9820509, 28939
379158, 9791580, 9820523, 28943
379159, 9791590, 9820536, 28946
379161, 9791610, 9820550, 28940
379162, 9791620, 9820563, 28943
379163, 9791630, 9820577, 28947
379164, 9791640, 9820590, 28950
379165, 9791650, 9820603, 28953
379166, 9791660, 9820617, 28957
379167, 9791670, 9820630, 28960
379168, 9791680, 9820644, 28964
379169, 9791690, 9820657, 28967
379171, 9791710, 9820671, 28961
379172, 9791720, 9820684, 28964
379173, 9791730, 9820698, 28968
379174, 9791740, 9820711, 28971
379175, 9791750, 9820724, 28974
379176, 9791760, 9820738, 28978
379177, 9791770, 9820751, 28981
379178, 9791780, 9820765, 28985
379179, 9791790, 9820778, 28988
379180, 9791800, 9820792, 28992
379182, 9791820, 9820805, 28985
379183, 9791830, 9820818, 28988
379184, 9791840, 9820832, 28992
379185, 9791850, 9820845, 28995
379186, 9791860, 9820859, 28999
379187, 9791870, 9820872, 29002
379188, 9791880, 9820886, 29006
379189, 9791890, 9820899, 29009
379190, 9791900, 9820913, 29013
379191, 9791910, 9820926, 29016
379193, 9791930, 9820939, 29009
379194, 9791940, 9820953, 29013
379195, 9791950, 9820966, 29016
379196, 9791960, 9820980, 29020
379197, 9791970, 9820993, 29023
379198, 9791980, 9821007, 29027
379199, 9791990, 9821020, 29030
379602, 9796020, 9821047, 25027
379603, 9796030, 9821060, 25030
379604, 9796040, 9821074, 25034
379605, 9796050, 9821087, 25037
379606, 9796060, 9821101, 25041
379607, 9796070, 9821114, 25044
379608, 9796080, 9821128, 25048
379609, 9796090, 9821141, 25051
379610, 9796100, 9821154, 25054
379612, 9796120, 9821168, 25048
379613, 9796130, 9821181, 25051
379614, 9796140, 9821195, 25055
379615, 9796150, 9821208, 25058
379616, 9796160, 9821222, 25062
379617, 9796170, 9821235, 25065
379618, 9796180, 9821249, 25069
379619, 9796190, 9821262, 25072
379620, 9796200, 9821275, 25075
379621, 9796210, 9821289, 25079
379623, 9796230, 9821302, 25072
379624, 9796240, 9821316, 25076
379625, 9796250, 9821329, 25079
379626, 9796260, 9821343, 25083
379627, 9796270, 9821356, 25086
379628, 9796280, 9821370, 25090
379629, 9796290, 9821383, 25093
379630, 9796300, 9821396, 25096
379631, 9796310, 9821410, 25100
379633, 9796330, 9821423, 25093
379634, 9796340, 9821437, 25097
379635, 9796350, 9821450, 25100
379636, 9796360, 9821464, 25104
379637, 9796370, 9821477, 25107
379638, 9796380, 9821490, 25110
379639, 9796390, 9821504, 25114
379640, 9796400, 9821517, 25117
379641, 9796410, 9821531, 25121
379642, 9796420, 9821544, 25124
379644, 9796440, 9821558, 25118
379645, 9796450, 9821571, 25121
379646, 9796460, 9821585, 25125
379647, 9796470, 9821598, 25128
379648, 9796480, 9821611, 25131
379649, 9796490, 9821625, 25135
379651, 9796510, 9821652, 25142
379652, 9796520, 9821665, 25145
379653, 9796530, 9821679, 25149
379655, 9796550, 9821692, 25142
379656, 9796560, 9821706, 25146
379657, 9796570, 9821719, 25149
379658, 9796580, 9821732, 25152
379659, 9796590, 9821746, 25156
379660, 9796600, 9821759, 25159
379661, 9796610, 9821773, 25163
379662, 9796620, 9821786, 25166
379663, 9796630, 9821800, 25170
379665, 9796650, 9821813, 25163
379666, 9796660, 9821826, 25166
379667, 9796670, 9821840, 25170
379668, 9796680, 9821853, 25173
379669, 9796690, 9821867, 25177
379670, 9796700, 9821880, 25180
379671, 9796710, 9821894, 25184
379672, 9796720, 9821907, 25187
379673, 9796730, 9821921, 25191
379674, 9796740, 9821934, 25194
379676, 9796760, 9821947, 25187
379677, 9796770, 9821961, 25191
379678, 9796780, 9821974, 25194
379679, 9796790, 9821988, 25198
379680, 9796800, 9822001, 25201
379681, 9796810, 9822015, 25205
379682, 9796820, 9822028, 25208
379683, 9796830, 9822042, 25212
379684, 9796840, 9822055, 25215
379685, 9796850, 9822068, 25218
379687, 9796870, 9822082, 25212
379688, 9796880, 9822095, 25215
379689, 9796890, 9822109, 25219
379690, 9796900, 9822122, 25222
379691, 9796910, 9822136, 25226
379692, 9796920, 9822149, 25229
379693, 9796930, 9822162, 25232
379694, 9796940, 9822176, 25236
379695, 9796950, 9822189, 25239
379697, 9796970, 9822203, 25233
379698, 9796980, 9822216, 25236
379699, 9796990, 9822230, 25240
379701, 9797010, 9822257, 25247
379702, 9797020, 9822270, 25250
379703, 9797030, 9822283, 25253
379704, 9797040, 9822297, 25257
379705, 9797050, 9822310, 25260
379706, 9797060, 9822324, 25264
379708, 9797080, 9822337, 25257
379709, 9797090, 9822351, 25261
379710, 9797100, 9822364, 25264
379711, 9797110, 9822378, 25268
379712, 9797120, 9822391, 25271
379713, 9797130, 9822404, 25274
379714, 9797140, 9822418, 25278
379715, 9797150, 9822431, 25281
379716, 9797160, 9826012, 28852
379718, 9797180, 9826026, 28846
379719, 9797190, 9826039, 28849
379720, 9797200, 9826052, 28852
379721, 9797210, 9826066, 28856
379722, 9797220, 9826079, 28859
379723, 9797230, 9826093, 28863
379724, 9797240, 9826106, 28866
379725, 9797250, 9826120, 28870
379726, 9797260, 9826133, 28873
379727, 9797270, 9826146, 28876
379729, 9797290, 9826160, 28870
379730, 9797300, 9826173, 28873
379731, 9797310, 9826187, 28877
379732, 9797320, 9826200, 28880
379733, 9797330, 9826214, 28884
379734, 9797340, 9826227, 28887
379735, 9797350, 9826241, 28891
379736, 9797360, 9826254, 28894
379737, 9797370, 9826267, 28897
379738, 9797380, 9826281, 28901
379740, 9797400, 9826294, 28894
379741, 9797410, 9826308, 28898
379742, 9797420, 9826321, 28901
379743, 9797430, 9826335, 28905
379744, 9797440, 9826348, 28908
379745, 9797450, 9826362, 28912
379746, 9797460, 9826375, 28915
379747, 9797470, 9826388, 28918
379748, 9797480, 9826402, 28922
379751, 9797510, 9826429, 28919
379752, 9797520, 9826442, 28922
379753, 9797530, 9826456, 28926
379754, 9797540, 9826469, 28929
379755, 9797550, 9826482, 28932
379756, 9797560, 9826496, 28936
379757, 9797570, 9826509, 28939
379758, 9797580, 9826523, 28943
379759, 9797590, 9826536, 28946
379761, 9797610, 9826550, 28940
379762, 9797620, 9826563, 28943
379763, 9797630, 9826577, 28947
379764, 9797640, 9826590, 28950
379765, 9797650, 9826603, 28953
379766, 9797660, 9826617, 28957
379767, 9797670, 9826630, 28960
379768, 9797680, 9826644, 28964
379769, 9797690, 9826657, 28967
379771, 9797710, 9826671, 28961
379772, 9797720, 9826684, 28964
379773, 9797730, 9826698, 28968
379774, 9797740, 9826711, 28971
379775, 9797750, 9826724, 28974
379776, 9797760, 9826738, 28978
379777, 9797770, 9826751, 28981
379778, 9797780, 9826765, 28985
379779, 9797790, 9826778, 28988
379780, 9797800, 9826792, 28992
379782, 9797820, 9826805, 28985
379783, 9797830, 9826818, 28988
379784, 9797840, 9826832, 28992
379785, 9797850, 9826845, 28995
379786, 9797860, 9826859, 28999
379787, 9797870, 9826872, 29002
379788, 9797880, 9826886, 29006
379789, 9797890, 9826899, 29009
379790, 9797900, 9826913, 29013
379791, 9797910, 9826926, 29016
379793, 9797930, 9826939, 29009
379794, 9797940, 9826953, 29013
379795, 9797950, 9826966, 29016
379796, 9797960, 9826980, 29020
379797, 9797970, 9826993, 29023
379798, 9797980, 9827007, 29027
379799, 9797990, 9827020, 29030
380202, 9802020, 9827047, 25027
380203, 9802030, 9827060, 25030
380204, 9802040, 9827074, 25034
380205, 9802050, 9827087, 25037
380206, 9802060, 9827101, 25041
380207, 9802070, 9827114, 25044
380208, 9802080, 9827128, 25048
380209, 9802090, 9827141, 25051
380210, 9802100, 9827154, 25054
380212, 9802120, 9827168, 25048
380213, 9802130, 9827181, 25051
380214, 9802140, 9827195, 25055
380215, 9802150, 9827208, 25058
380216, 9802160, 9827222, 25062
380217, 9802170, 9827235, 25065
380218, 9802180, 9827249, 25069
380219, 9802190, 9827262, 25072
380220, 9802200, 9827275, 25075
380221, 9802210, 9827289, 25079
380223, 9802230, 9827302, 25072
380224, 9802240, 9827316, 25076
380225, 9802250, 9827329, 25079
380226, 9802260, 9827343, 25083
380227, 9802270, 9827356, 25086
380228, 9802280, 9827370, 25090
380229, 9802290, 9827383, 25093
380230, 9802300, 9827396, 25096
380231, 9802310, 9827410, 25100
380233, 9802330, 9827423, 25093
380234, 9802340, 9827437, 25097
380235, 9802350, 9827450, 25100
380236, 9802360, 9827464, 25104
380237, 9802370, 9827477, 25107
380238, 9802380, 9827490, 25110
380239, 9802390, 9827504, 25114
380240, 9802400, 9827517, 25117
380241, 9802410, 9827531, 25121
380242, 9802420, 9827544, 25124
380244, 9802440, 9827558, 25118
380245, 9802450, 9827571, 25121
380246, 9802460, 9827585, 25125
380247, 9802470, 9827598, 25128
380248, 9802480, 9827611, 25131
380249, 9802490, 9827625, 25135
380251, 9802510, 9827652, 25142
380252, 9802520, 9827665, 25145
380253, 9802530, 9827679, 25149
380255, 9802550, 9827692, 25142
380256, 9802560, 9827706, 25146
380257, 9802570, 9827719, 25149
380258, 9802580, 9827732, 25152
380259, 9802590, 9827746, 25156
380260, 9802600, 9827759, 25159
380261, 9802610, 9827773, 25163
380262, 9802620, 9827786, 25166
380263, 9802630, 9827800, 25170
380265, 9802650, 9827813, 25163
380266, 9802660, 9827826, 25166
380267, 9802670, 9827840, 25170
380268, 9802680, 9827853, 25173
380269, 9802690, 9827867, 25177
380270, 9802700, 9827880, 25180
380271, 9802710, 9827894, 25184
380272, 9802720, 9827907, 25187
380273, 9802730, 9827921, 25191
380274, 9802740, 9827934, 25194
380276, 9802760, 9827947, 25187
380277, 9802770, 9827961, 25191
380278, 9802780, 9827974, 25194
380279, 9802790, 9827988, 25198
380280, 9802800, 9828001, 25201
380281, 9802810, 9828015, 25205
380282, 9802820, 9828028, 25208
380283, 9802830, 9828042, 25212
380284, 9802840, 9828055, 25215
380285, 9802850, 9828068, 25218
380287, 9802870, 9828082, 25212
380288, 9802880, 9828095, 25215
380289, 9802890, 9828109, 25219
380290, 9802900, 9828122, 25222
380291, 9802910, 9828136, 25226
380292, 9802920, 9828149, 25229
380293, 9802930, 9828162, 25232
380294, 9802940, 9828176, 25236
380295, 9802950, 9828189, 25239
380297, 9802970, 9828203, 25233
380298, 9802980, 9828216, 25236
380299, 9802990, 9828230, 25240
380301, 9803010, 9828257, 25247
380302, 9803020, 9828270, 25250
380303, 9803030, 9828283, 25253
380304, 9803040, 9828297, 25257
380305, 9803050, 9828310, 25260
380306, 9803060, 9828324, 25264
380308, 9803080, 9828337, 25257
380309, 9803090, 9828351, 25261
380310, 9803100, 9828364, 25264
380311, 9803110, 9828378, 25268
380312, 9803120, 9828391, 25271
380313, 9803130, 9828404, 25274
380314, 9803140, 9828418, 25278
380315, 9803150, 9828431, 25281
380316, 9803160, 9832012, 28852
380318, 9803180, 9832026, 28846
380319, 9803190, 9832039, 28849
380320, 9803200, 9832052, 28852
380321, 9803210, 9832066, 28856
380322, 9803220, 9832079, 28859
380323, 9803230, 9832093, 28863
380324, 9803240, 9832106, 28866
380325, 9803250, 9832120, 28870
380326, 9803260, 9832133, 28873
380327, 9803270, 9832146, 28876
380329, 9803290, 9832160, 28870
380330, 9803300, 9832173, 28873
380331, 9803310, 9832187, 28877
380332, 9803320, 9832200, 28880
380333, 9803330, 9832214, 28884
380334, 9803340, 9832227, 28887
380335, 9803350, 9832241, 28891
380336, 9803360, 9832254, 28894
380337, 9803370, 9832267, 28897
380338, 9803380, 9832281, 28901
380340, 9803400, 9832294, 28894
380341, 9803410, 9832308, 28898
380342, 9803420, 9832321, 28901
380343, 9803430, 9832335, 28905
380344, 9803440, 9832348, 28908
380345, 9803450, 9832362, 28912
380346, 9803460, 9832375, 28915
380347, 9803470, 9832388, 28918
380348, 9803480, 9832402, 28922
380351, 9803510, 9832429, 28919
380352, 9803520, 9832442, 28922
380353, 9803530, 9832456, 28926
380354, 9803540, 9832469, 28929
380355, 9803550, 9832482, 28932
380356, 9803560, 9832496, 28936
380357, 9803570, 9832509, 28939
380358, 9803580, 9832523, 28943
380359, 9803590, 9832536, 28946
380361, 9803610, 9832550, 28940
380362, 9803620, 9832563, 28943
380363, 9803630, 9832577, 28947
380364, 9803640, 9832590, 28950
380365, 9803650, 9832603, 28953
380366, 9803660, 9832617, 28957
380367, 9803670, 9832630, 28960
380368, 9803680, 9832644, 28964
380369, 9803690, 9832657, 28967
380371, 9803710, 9832671, 28961
380372, 9803720, 9832684, 28964
380373, 9803730, 9832698, 28968
380374, 9803740, 9832711, 28971
380375, 9803750, 9832724, 28974
380376, 9803760, 9832738, 28978
380377, 9803770, 9832751, 28981
380378, 9803780, 9832765, 28985
380379, 9803790, 9832778, 28988
380380, 9803800, 9832792, 28992
380382, 9803820, 9832805, 28985
380383, 9803830, 9832818, 28988
380384, 9803840, 9832832, 28992
380385, 9803850, 9832845, 28995
380386, 9803860, 9832859, 28999
380387, 9803870, 9832872, 29002
380388, 9803880, 9832886, 29006
380389, 9803890, 9832899, 29009
380390, 9803900, 9832913, 29013
380391, 9803910, 9832926, 29016
380393, 9803930, 9832939, 29009
380394, 9803940, 9832953, 29013
380395, 9803950, 9832966, 29016
380396, 9803960, 9832980, 29020
380397, 9803970, 9832993, 29023
380398, 9803980, 9833007, 29027
380399, 9803990, 9833020, 29030
380802, 9808020, 9833047, 25027
380803, 9808030, 9833060, 25030
380804, 9808040, 9833074, 25034
380805, 9808050, 9833087, 25037
380806, 9808060, 9833101, 25041
380807, 9808070, 9833114, 25044
380808, 9808080, 9833128, 25048
380809, 9808090, 9833141, 25051
380810, 9808100, 9833154, 25054
380812, 9808120, 9833168, 25048
380813, 9808130, 9833181, 25051
380814, 9808140, 9833195, 25055
380815, 9808150, 9833208, 25058
380816, 9808160, 9833222, 25062
380817, 9808170, 9833235, 25065
380818, 9808180, 9833249, 25069
380819, 9808190, 9833262, 25072
380820, 9808200, 9833275, 25075
380821, 9808210, 9833289, 25079
380823, 9808230, 9833302, 25072
380824, 9808240, 9833316, 25076
380825, 9808250, 9833329, 25079
380826, 9808260, 9833343, 25083
380827, 9808270, 9833356, 25086
380828, 9808280, 9833370, 25090
380829, 9808290, 9833383, 25093
380830, 9808300, 9833396, 25096
380831, 9808310, 9833410, 25100
380833, 9808330, 9833423, 25093
380834, 9808340, 9833437, 25097
380835, 9808350, 9833450, 25100
380836, 9808360, 9833464, 25104
380837, 9808370, 9833477, 25107
380838, 9808380, 9833490, 25110
380839, 9808390, 9833504, 25114
380840, 9808400, 9833517, 25117
380841, 9808410, 9833531, 25121
380842, 9808420, 9833544, 25124
380844, 9808440, 9833558, 25118
380845, 9808450, 9833571, 25121
380846, 9808460, 9833585, 25125
380847, 9808470, 9833598, 25128
380848, 9808480, 9833611, 25131
380849, 9808490, 9833625, 25135
380851, 9808510, 9833652, 25142
380852, 9808520, 9833665, 25145
380853, 9808530, 9833679, 25149
380855, 9808550, 9833692, 25142
380856, 9808560, 9833706, 25146
380857, 9808570, 9833719, 25149
380858, 9808580, 9833732, 25152
380859, 9808590, 9833746, 25156
380860, 9808600, 9833759, 25159
380861, 9808610, 9833773, 25163
380862, 9808620, 9833786, 25166
380863, 9808630, 9833800, 25170
380865, 9808650, 9833813, 25163
380866, 9808660, 9833826, 25166
380867, 9808670, 9833840, 25170
380868, 9808680, 9833853, 25173
380869, 9808690, 9833867, 25177
380870, 9808700, 9833880, 25180
380871, 9808710, 9833894, 25184
380872, 9808720, 9833907, 25187
380873, 9808730, 9833921, 25191
380874, 9808740, 9833934, 25194
380876, 9808760, 9833947, 25187
380877, 9808770, 9833961, 25191
380878, 9808780, 9833974, 25194
380879, 9808790, 9833988, 25198
380880, 9808800, 9834001, 25201
380881, 9808810, 9834015, 25205
380882, 9808820, 9834028, 25208
380883, 9808830, 9834042, 25212
380884, 9808840, 9834055, 25215
380885, 9808850, 9834068, 25218
380887, 9808870, 9834082, 25212
380888, 9808880, 9834095, 25215
380889, 9808890, 9834109, 25219
380890, 9808900, 9834122, 25222
380891, 9808910, 9834136, 25226
380892, 9808920, 9834149, 25229
380893, 9808930, 9834162, 25232
380894, 9808940, 9834176, 25236
380895, 9808950, 9834189, 25239
380897, 9808970, 9834203, 25233
380898, 9808980, 9834216, 25236
380899, 9808990, 9834230, 25240
380901, 9809010, 9834257, 25247
380902, 9809020, 9834270, 25250
380903, 9809030, 9834283, 25253
380904, 9809040, 9834297, 25257
380905, 9809050, 9834310, 25260
380906, 9809060, 9834324, 25264
380908, 9809080, 9834337, 25257
380909, 9809090, 9834351, 25261
380910, 9809100, 9834364, 25264
380911, 9809110, 9834378, 25268
380912, 9809120, 9834391, 25271
380913, 9809130, 9834404, 25274
380914, 9809140, 9834418, 25278
380915, 9809150, 9834431, 25281
380916, 9809160, 9838012, 28852
380918, 9809180, 9838026, 28846
380919, 9809190, 9838039, 28849
380920, 9809200, 9838052, 28852
380921, 9809210, 9838066, 28856
380922, 9809220, 9838079, 28859
380923, 9809230, 9838093, 28863
380924, 9809240, 9838106, 28866
380925, 9809250, 9838120, 28870
380926, 9809260, 9838133, 28873
380927, 9809270, 9838146, 28876
380929, 9809290, 9838160, 28870
380930, 9809300, 9838173, 28873
380931, 9809310, 9838187, 28877
380932, 9809320, 9838200, 28880
380933, 9809330, 9838214, 28884
380934, 9809340, 9838227, 28887
380935, 9809350, 9838241, 28891
380936, 9809360, 9838254, 28894
380937, 9809370, 9838267, 28897
380938, 9809380, 9838281, 28901
380940, 9809400, 9838294, 28894
380941, 9809410, 9838308, 28898
380942, 9809420, 9838321, 28901
380943, 9809430, 9838335, 28905
380944, 9809440, 9838348, 28908
380945, 9809450, 9838362, 28912
380946, 9809460, 9838375, 28915
380947, 9809470, 9838388, 28918
380948, 9809480, 9838402, 28922
380951, 9809510, 9838429, 28919
380952, 9809520, 9838442, 28922
380953, 9809530, 9838456, 28926
380954, 9809540, 9838469, 28929
380955, 9809550, 9838482, 28932
380956, 9809560, 9838496, 28936
380957, 9809570, 9838509, 28939
380958, 9809580, 9838523, 28943
380959, 9809590, 9838536, 28946
380961, 9809610, 9838550, 28940
380962, 9809620, 9838563, 28943
380963, 9809630, 9838577, 28947
380964, 9809640, 9838590, 28950
380965, 9809650, 9838603, 28953
380966, 9809660, 9838617, 28957
380967, 9809670, 9838630, 28960
380968, 9809680, 9838644, 28964
380969, 9809690, 9838657, 28967
380971, 9809710, 9838671, 28961
380972, 9809720, 9838684, 28964
380973, 9809730, 9838698, 28968
380974, 9809740, 9838711, 28971
380975, 9809750, 9838724, 28974
380976, 9809760, 9838738, 28978
380977, 9809770, 9838751, 28981
380978, 9809780, 9838765, 28985
380979, 9809790, 9838778, 28988
380980, 9809800, 9838792, 28992
380982, 9809820, 9838805, 28985
380983, 9809830, 9838818, 28988
380984, 9809840, 9838832, 28992
380985, 9809850, 9838845, 28995
380986, 9809860, 9838859, 28999
380987, 9809870, 9838872, 29002
380988, 9809880, 9838886, 29006
380989, 9809890, 9838899, 29009
380990, 9809900, 9838913, 29013
380991, 9809910, 9838926, 29016
380993, 9809930, 9838939, 29009
380994, 9809940, 9838953, 29013
380995, 9809950, 9838966, 29016
380996, 9809960, 9838980, 29020
380997, 9809970, 9838993, 29023
380998, 9809980, 9839007, 29027
380999, 9809990, 9839020, 29030
381402, 9814020, 9839047, 25027
381403, 9814030, 9839060, 25030
381404, 9814040, 9839074, 25034
381405, 9814050, 9839087, 25037
381406, 9814060, 9839101, 25041
381407, 9814070, 9839114, 25044
381408, 9814080, 9839128, 25048
381409, 9814090, 9839141, 25051
381410, 9814100, 9839154, 25054
381412, 9814120, 9839168, 25048
381413, 9814130, 9839181, 25051
381414, 9814140, 9839195, 25055
381415, 9814150, 9839208, 25058
381416, 9814160, 9839222, 25062
381417, 9814170, 9839235, 25065
381418, 9814180, 9839249, 25069
381419, 9814190, 9839262, 25072
381420, 9814200, 9839275, 25075
381421, 9814210, 9839289, 25079
381423, 9814230, 9839302, 25072
381424, 9814240, 9839316, 25076
381425, 9814250, 9839329, 25079
381426, 9814260, 9839343, 25083
381427, 9814270, 9839356, 25086
381428, 9814280, 9839370, 25090
381429, 9814290, 9839383, 25093
381430, 9814300, 9839396, 25096
381431, 9814310, 9839410, 25100
381433, 9814330, 9839423, 25093
381434, 9814340, 9839437, 25097
381435, 9814350, 9839450, 25100
381436, 9814360, 9839464, 25104
381437, 9814370, 9839477, 25107
381438, 9814380, 9839490, 25110
381439, 9814390, 9839504, 25114
381440, 9814400, 9839517, 25117
381441, 9814410, 9839531, 25121
381442, 9814420, 9839544, 25124
381444, 9814440, 9839558, 25118
381445, 9814450, 9839571, 25121
381446, 9814460, 9839585, 25125
381447, 9814470, 9839598, 25128
381448, 9814480, 9839611, 25131
381449, 9814490, 9839625, 25135
381451, 9814510, 9839652, 25142
381452, 9814520, 9839665, 25145
381453, 9814530, 9839679, 25149
381455, 9814550, 9839692, 25142
381456, 9814560, 9839706, 25146
381457, 9814570, 9839719, 25149
381458, 9814580, 9839732, 25152
381459, 9814590, 9839746, 25156
381460, 9814600, 9839759, 25159
381461, 9814610, 9839773, 25163
381462, 9814620, 9839786, 25166
381463, 9814630, 9839800, 25170
381465, 9814650, 9839813, 25163
381466, 9814660, 9839826, 25166
381467, 9814670, 9839840, 25170
381468, 9814680, 9839853, 25173
381469, 9814690, 9839867, 25177
381470, 9814700, 9839880, 25180
381471, 9814710, 9839894, 25184
381472, 9814720, 9839907, 25187
381473, 9814730, 9839921, 25191
381474, 9814740, 9839934, 25194
381476, 9814760, 9839947, 25187
381477, 9814770, 9839961, 25191
381478, 9814780, 9839974, 25194
381479, 9814790, 9839988, 25198
381480, 9814800, 9840001, 25201
381481, 9814810, 9840015, 25205
381482, 9814820, 9840028, 25208
381483, 9814830, 9840042, 25212
381484, 9814840, 9840055, 25215
381485, 9814850, 9840068, 25218
381487, 9814870, 9840082, 25212
381488, 9814880, 9840095, 25215
381489, 9814890, 9840109, 25219
381490, 9814900, 9840122, 25222
381491, 9814910, 9840136, 25226
381492, 9814920, 9840149, 25229
381493, 9814930, 9840162, 25232
381494, 9814940, 9840176, 25236
381495, 9814950, 9840189, 25239
381497, 9814970, 9840203, 25233
381498, 9814980, 9840216, 25236
381499, 9814990, 9840230, 25240
381501, 9815010, 9840257, 25247
381502, 9815020, 9840270, 25250
381503, 9815030, 9840283, 25253
381504, 9815040, 9840297, 25257
381505, 9815050, 9840310, 25260
381506, 9815060, 9840324, 25264
381508, 9815080, 9840337, 25257
381509, 9815090, 9840351, 25261
381510, 9815100, 9840364, 25264
381511, 9815110, 9840378, 25268
381512, 9815120, 9840391, 25271
381513, 9815130, 9840404, 25274
381514, 9815140, 9840418, 25278
381515, 9815150, 9840431, 25281
381516, 9815160, 9844012, 28852
381517, 9815170, 9844026, 28856
381519, 9815190, 9844039, 28849
381520, 9815200, 9844052, 28852
381521, 9815210, 9844066, 28856
381522, 9815220, 9844079, 28859
381523, 9815230, 9844093, 28863
381524, 9815240, 9844106, 28866
381525, 9815250, 9844120, 28870
381526, 9815260, 9844133, 28873
381527, 9815270, 9844146, 28876
381529, 9815290, 9844160, 28870
381530, 9815300, 9844173, 28873
381531, 9815310, 9844187, 28877
381532, 9815320, 9844200, 28880
381533, 9815330, 9844214, 28884
381534, 9815340, 9844227, 28887
381535, 9815350, 9844241, 28891
381536, 9815360, 9844254, 28894
381537, 9815370, 9844267, 28897
381538, 9815380, 9844281, 28901
381540, 9815400, 9844294, 28894
381541, 9815410, 9844308, 28898
381542, 9815420, 9844321, 28901
381543, 9815430, 9844335, 28905
381544, 9815440, 9844348, 28908
381545, 9815450, 9844362, 28912
381546, 9815460, 9844375, 28915
381547, 9815470, 9844388, 28918
381548, 9815480, 9844402, 28922
381551, 9815510, 9844429, 28919
381552, 9815520, 9844442, 28922
381553, 9815530, 9844456, 28926
381554, 9815540, 9844469, 28929
381555, 9815550, 9844482, 28932
381556, 9815560, 9844496, 28936
381557, 9815570, 9844509, 28939
381558, 9815580, 9844523, 28943
381559, 9815590, 9844536, 28946
381561, 9815610, 9844550, 28940
381562, 9815620, 9844563, 28943
381563, 9815630, 9844577, 28947
381564, 9815640, 9844590, 28950
381565, 9815650, 9844603, 28953
381566, 9815660, 9844617, 28957
381567, 9815670, 9844630, 28960
381568, 9815680, 9844644, 28964
381569, 9815690, 9844657, 28967
381570, 9815700, 9844671, 28971
381572, 9815720, 9844684, 28964
381573, 9815730, 9844698, 28968
381574, 9815740, 9844711, 28971
381575, 9815750, 9844724, 28974
381576, 9815760, 9844738, 28978
381577, 9815770, 9844751, 28981
381578, 9815780, 9844765, 28985
381579, 9815790, 9844778, 28988
381580, 9815800, 9844792, 28992
381582, 9815820, 9844805, 28985
381583, 9815830, 9844818, 28988
381584, 9815840, 9844832, 28992
381585, 9815850, 9844845, 28995
381586, 9815860, 9844859, 28999
381587, 9815870, 9844872, 29002
381588, 9815880, 9844886, 29006
381589, 9815890, 9844899, 29009
381590, 9815900, 9844913, 29013
381591, 9815910, 9844926, 29016
381593, 9815930, 9844939, 29009
381594, 9815940, 9844953, 29013
381595, 9815950, 9844966, 29016
381596, 9815960, 9844980, 29020
381597, 9815970, 9844993, 29023
381598, 9815980, 9845007, 29027
381599, 9815990, 9845020, 29030
382002, 9820020, 9845047, 25027
382003, 9820030, 9845060, 25030
382004, 9820040, 9845074, 25034
382005, 9820050, 9845087, 25037
382006, 9820060, 9845101, 25041
382007, 9820070, 9845114, 25044
382008, 9820080, 9845127, 25047
382009, 9820090, 9845141, 25051
382010, 9820100, 9845154, 25054
382012, 9820120, 9845168, 25048
382013, 9820130, 9845181, 25051
382014, 9820140, 9845195, 25055
382015, 9820150, 9845208, 25058
382016, 9820160, 9845222, 25062
382017, 9820170, 9845235, 25065
382018, 9820180, 9845248, 25068
382019, 9820190, 9845262, 25072
382020, 9820200, 9845275, 25075
382021, 9820210, 9845289, 25079
382023, 9820230, 9845302, 25072
382024, 9820240, 9845316, 25076
382025, 9820250, 9845329, 25079
382026, 9820260, 9845342, 25082
382027, 9820270, 9845356, 25086
382028, 9820280, 9845369, 25089
382029, 9820290, 9845383, 25093
382030, 9820300, 9845396, 25096
382031, 9820310, 9845410, 25100
382033, 9820330, 9845423, 25093
382034, 9820340, 9845437, 25097
382035, 9820350, 9845450, 25100
382036, 9820360, 9845463, 25103
382037, 9820370, 9845477, 25107
382038, 9820380, 9845490, 25110
382039, 9820390, 9845504, 25114
382040, 9820400, 9845517, 25117
382041, 9820410, 9845531, 25121
382042, 9820420, 9845544, 25124
382044, 9820440, 9845558, 25118
382045, 9820450, 9845571, 25121
382046, 9820460, 9845584, 25124
382047, 9820470, 9845598, 25128
382048, 9820480, 9845611, 25131
382049, 9820490, 9845625, 25135
382051, 9820510, 9845652, 25142
382052, 9820520, 9845665, 25145
382053, 9820530, 9845678, 25148
382055, 9820550, 9845692, 25142
382056, 9820560, 9845705, 25145
382057, 9820570, 9845719, 25149
382058, 9820580, 9845732, 25152
382059, 9820590, 9845746, 25156
382060, 9820600, 9845759, 25159
382061, 9820610, 9845773, 25163
382062, 9820620, 9845786, 25166
382063, 9820630, 9845799, 25169
382065, 9820650, 9845813, 25163
382066, 9820660, 9845826, 25166
382067, 9820670, 9845840, 25170
382068, 9820680, 9845853, 25173
382069, 9820690, 9845867, 25177
382070, 9820700, 9845880, 25180
382071, 9820710, 9845894, 25184
382072, 9820720, 9845907, 25187
382073, 9820730, 9845920, 25190
382074, 9820740, 9845934, 25194
382076, 9820760, 9845947, 25187
382077, 9820770, 9845961, 25191
382078, 9820780, 9845974, 25194
382079, 9820790, 9845988, 25198
382080, 9820800, 9846001, 25201
382081, 9820810, 9846014, 25204
382082, 9820820, 9846028, 25208
382083, 9820830, 9846041, 25211
382084, 9820840, 9846055, 25215
382085, 9820850, 9846068, 25218
382087, 9820870, 9846082, 25212
382088, 9820880, 9846095, 25215
382089, 9820890, 9846109, 25219
382090, 9820900, 9846122, 25222
382091, 9820910, 9846135, 25225
382092, 9820920, 9846149, 25229
382093, 9820930, 9846162, 25232
382094, 9820940, 9846176, 25236
382095, 9820950, 9846189, 25239
382097, 9820970, 9846203, 25233
382098, 9820980, 9846216, 25236
382099, 9820990, 9846230, 25240
382101, 9821010, 9846256, 25246
382102, 9821020, 9846270, 25250
382103, 9821030, 9846283, 25253
382104, 9821040, 9846297, 25257
382105, 9821050, 9846310, 25260
382106, 9821060, 9846324, 25264
382108, 9821080, 9846337, 25257
382109, 9821090, 9846350, 25260
382110, 9821100, 9846364, 25264
382111, 9821110, 9846377, 25267
382112, 9821120, 9846391, 25271
382113, 9821130, 9846404, 25274
382114, 9821140, 9846418, 25278
382115, 9821150, 9846431, 25281
382116, 9821160, 9850012, 28852
382118, 9821180, 9850026, 28846
382119, 9821190, 9850039, 28849
382120, 9821200, 9850052, 28852
382121, 9821210, 9850066, 28856
382122, 9821220, 9850079, 28859
382123, 9821230, 9850093, 28863
382124, 9821240, 9850106, 28866
382125, 9821250, 9850120, 28870
382126, 9821260, 9850133, 28873
382127, 9821270, 9850146, 28876
382129, 9821290, 9850160, 28870
382130, 9821300, 9850173, 28873
382131, 9821310, 9850187, 28877
382132, 9821320, 9850200, 28880
382133, 9821330, 9850214, 28884
382134, 9821340, 9850227, 28887
382135, 9821350, 9850241, 28891
382136, 9821360, 9850254, 28894
382137, 9821370, 9850267, 28897
382138, 9821380, 9850281, 28901
382140, 9821400, 9850294, 28894
382141, 9821410, 9850308, 28898
382142, 9821420, 9850321, 28901
382143, 9821430, 9850335, 28905
382144, 9821440, 9850348, 28908
382145, 9821450, 9850362, 28912
382146, 9821460, 9850375, 28915
382147, 9821470, 9850388, 28918
382148, 9821480, 9850402, 28922
382151, 9821510, 9850429, 28919
382152, 9821520, 9850442, 28922
382153, 9821530, 9850456, 28926
382154, 9821540, 9850469, 28929
382155, 9821550, 9850482, 28932
382156, 9821560, 9850496, 28936
382157, 9821570, 9850509, 28939
382158, 9821580, 9850523, 28943
382159, 9821590, 9850536, 28946
382161, 9821610, 9850550, 28940
382162, 9821620, 9850563, 28943
382163, 9821630, 9850577, 28947
382164, 9821640, 9850590, 28950
382165, 9821650, 9850603, 28953
382166, 9821660, 9850617, 28957
382167, 9821670, 9850630, 28960
382168, 9821680, 9850644, 28964
382169, 9821690, 9850657, 28967
382171, 9821710, 9850671, 28961
382172, 9821720, 9850684, 28964
382173, 9821730, 9850698, 28968
382174, 9821740, 9850711, 28971
382175, 9821750, 9850724, 28974
382176, 9821760, 9850738, 28978
382177, 9821770, 9850751, 28981
382178, 9821780, 9850765, 28985
382179, 9821790, 9850778, 28988
382180, 9821800, 9850792, 28992
382182, 9821820, 9850805, 28985
382183, 9821830, 9850818, 28988
382184, 9821840, 9850832, 28992
382185, 9821850, 9850845, 28995
382186, 9821860, 9850859, 28999
382187, 9821870, 9850872, 29002
382188, 9821880, 9850886, 29006
382189, 9821890, 9850899, 29009
382190, 9821900, 9850913, 29013
382191, 9821910, 9850926, 29016
382193, 9821930, 9850939, 29009
382194, 9821940, 9850953, 29013
382195, 9821950, 9850966, 29016
382196, 9821960, 9850980, 29020
382197, 9821970, 9850993, 29023
382198, 9821980, 9851007, 29027
382199, 9821990, 9851020, 29030
382602, 9826020, 9851047, 25027
382603, 9826030, 9851060, 25030
382604, 9826040, 9851074, 25034
382605, 9826050, 9851087, 25037
382606, 9826060, 9851101, 25041
382607, 9826070, 9851114, 25044
382608, 9826080, 9851128, 25048
382609, 9826090, 9851141, 25051
382610, 9826100, 9851154, 25054
382612, 9826120, 9851168, 25048
382613, 9826130, 9851181, 25051
382614, 9826140, 9851195, 25055
382615, 9826150, 9851208, 25058
382616, 9826160, 9851222, 25062
382617, 9826170, 9851235, 25065
382618, 9826180, 9851249, 25069
382619, 9826190, 9851262, 25072
382620, 9826200, 9851275, 25075
382621, 9826210, 9851289, 25079
382623, 9826230, 9851302, 25072
382624, 9826240, 9851316, 25076
382625, 9826250, 9851329, 25079
382626, 9826260, 9851343, 25083
382627, 9826270, 9851356, 25086
382628, 9826280, 9851370, 25090
382629, 9826290, 9851383, 25093
382630, 9826300, 9851396, 25096
382631, 9826310, 9851410, 25100
382633, 9826330, 9851423, 25093
382634, 9826340, 9851437, 25097
382635, 9826350, 9851450, 25100
382636, 9826360, 9851464, 25104
382637, 9826370, 9851477, 25107
382638, 9826380, 9851490, 25110
382639, 9826390, 9851504, 25114
382640, 9826400, 9851517, 25117
382641, 9826410, 9851531, 25121
382642, 9826420, 9851544, 25124
382644, 9826440, 9851558, 25118
382645, 9826450, 9851571, 25121
382646, 9826460, 9851585, 25125
382647, 9826470, 9851598, 25128
382648, 9826480, 9851611, 25131
382649, 9826490, 9851625, 25135
382651, 9826510, 9851652, 25142
382652, 9826520, 9851665, 25145
382653, 9826530, 9851679, 25149
382655, 9826550, 9851692, 25142
382656, 9826560, 9851706, 25146
382657, 9826570, 9851719, 25149
382658, 9826580, 9851732, 25152
382659, 9826590, 9851746, 25156
382660, 9826600, 9851759, 25159
382661, 9826610, 9851773, 25163
382662, 9826620, 9851786, 25166
382663, 9826630, 9851800, 25170
382665, 9826650, 9851813, 25163
382666, 9826660, 9851826, 25166
382667, 9826670, 9851840, 25170
382668, 9826680, 9851853, 25173
382669, 9826690, 9851867, 25177
382670, 9826700, 9851880, 25180
382671, 9826710, 9851894, 25184
382672, 9826720, 9851907, 25187
382673, 9826730, 9851921, 25191
382674, 9826740, 9851934, 25194
382676, 9826760, 9851947, 25187
382677, 9826770, 9851961, 25191
382678, 9826780, 9851974, 25194
382679, 9826790, 9851988, 25198
382680, 9826800, 9852001, 25201
382681, 9826810, 9852015, 25205
382682, 9826820, 9852028, 25208
382683, 9826830, 9852042, 25212
382684, 9826840, 9852055, 25215
382685, 9826850, 9852068, 25218
382687, 9826870, 9852082, 25212
382688, 9826880, 9852095, 25215
382689, 9826890, 9852109, 25219
382690, 9826900, 9852122, 25222
382691, 9826910, 9852136, 25226
382692, 9826920, 9852149, 25229
382693, 9826930, 9852162, 25232
382694, 9826940, 9852176, 25236
382695, 9826950, 9852189, 25239
382697, 9826970, 9852203, 25233
382698, 9826980, 9852216, 25236
382699, 9826990, 9852230, 25240
382701, 9827010, 9852257, 25247
382702, 9827020, 9852270, 25250
382703, 9827030, 9852283, 25253
382704, 9827040, 9852297, 25257
382705, 9827050, 9852310, 25260
382706, 9827060, 9852324, 25264
382708, 9827080, 9852337, 25257
382709, 9827090, 9852351, 25261
382710, 9827100, 9852364, 25264
382711, 9827110, 9852378, 25268
382712, 9827120, 9852391, 25271
382713, 9827130, 9852404, 25274
382714, 9827140, 9852418, 25278
382715, 9827150, 9852431, 25281
382716, 9827160, 9856012, 28852
382718, 9827180, 9856026, 28846
382719, 9827190, 9856039, 28849
382720, 9827200, 9856052, 28852
382721, 9827210, 9856066, 28856
382722, 9827220, 9856079, 28859
382723, 9827230, 9856093, 28863
382724, 9827240, 9856106, 28866
382725, 9827250, 9856120, 28870
382726, 9827260, 9856133, 28873
382727, 9827270, 9856146, 28876
382729, 9827290, 9856160, 28870
382730, 9827300, 9856173, 28873
382731, 9827310, 9856187, 28877
382732, 9827320, 9856200, 28880
382733, 9827330, 9856214, 28884
382734, 9827340, 9856227, 28887
382735, 9827350, 9856241, 28891
382736, 9827360, 9856254, 28894
382737, 9827370, 9856267, 28897
382738, 9827380, 9856281, 28901
382740, 9827400, 9856294, 28894
382741, 9827410, 9856308, 28898
382742, 9827420, 9856321, 28901
382743, 9827430, 9856335, 28905
382744, 9827440, 9856348, 28908
382745, 9827450, 9856362, 28912
382746, 9827460, 9856375, 28915
382747, 9827470, 9856388, 28918
382748, 9827480, 9856402, 28922
382751, 9827510, 9856429, 28919
382752, 9827520, 9856442, 28922
382753, 9827530, 9856456, 28926
382754, 9827540, 9856469, 28929
382755, 9827550, 9856482, 28932
382756, 9827560, 9856496, 28936
382757, 9827570, 9856509, 28939
382758, 9827580, 9856523, 28943
382759, 9827590, 9856536, 28946
382761, 9827610, 9856550, 28940
382762, 9827620, 9856563, 28943
382763, 9827630, 9856577, 28947
382764, 9827640, 9856590, 28950
382765, 9827650, 9856603, 28953
382766, 9827660, 9856617, 28957
382767, 9827670, 9856630, 28960
382768, 9827680, 9856644, 28964
382769, 9827690, 9856657, 28967
382771, 9827710, 9856671, 28961
382772, 9827720, 9856684, 28964
382773, 9827730, 9856698, 28968
382774, 9827740, 9856711, 28971
382775, 9827750, 9856724, 28974
382776, 9827760, 9856738, 28978
382777, 9827770, 9856751, 28981
382778, 9827780, 9856765, 28985
382779, 9827790, 9856778, 28988
382780, 9827800, 9856792, 28992
382782, 9827820, 9856805, 28985
382783, 9827830, 9856818, 28988
382784, 9827840, 9856832, 28992
382785, 9827850, 9856845, 28995
382786, 9827860, 9856859, 28999
382787, 9827870, 9856872, 29002
382788, 9827880, 9856886, 29006
382789, 9827890, 9856899, 29009
382790, 9827900, 9856913, 29013
382791, 9827910, 9856926, 29016
382793, 9827930, 9856939, 29009
382794, 9827940, 9856953, 29013
382795, 9827950, 9856966, 29016
382796, 9827960, 9856980, 29020
382797, 9827970, 9856993, 29023
382798, 9827980, 9857007, 29027
382799, 9827990, 9857020, 29030
383202, 9832020, 9857047, 25027
383203, 9832030, 9857060, 25030
383204, 9832040, 9857074, 25034
383205, 9832050, 9857087, 25037
383206, 9832060, 9857101, 25041
383207, 9832070, 9857114, 25044
383208, 9832080, 9857128, 25048
383209, 9832090, 9857141, 25051
383210, 9832100, 9857154, 25054
383212, 9832120, 9857168, 25048
383213, 9832130, 9857181, 25051
383214, 9832140, 9857195, 25055
383215, 9832150, 9857208, 25058
383216, 9832160, 9857222, 25062
383217, 9832170, 9857235, 25065
383218, 9832180, 9857249, 25069
383219, 9832190, 9857262, 25072
383220, 9832200, 9857275, 25075
383221, 9832210, 9857289, 25079
383223, 9832230, 9857302, 25072
383224, 9832240, 9857316, 25076
383225, 9832250, 9857329, 25079
383226, 9832260, 9857343, 25083
383227, 9832270, 9857356, 25086
383228, 9832280, 9857370, 25090
383229, 9832290, 9857383, 25093
383230, 9832300, 9857396, 25096
383231, 9832310, 9857410, 25100
383233, 9832330, 9857423, 25093
383234, 9832340, 9857437, 25097
383235, 9832350, 9857450, 25100
383236, 9832360, 9857464, 25104
383237, 9832370, 9857477, 25107
383238, 9832380, 9857490, 25110
383239, 9832390, 9857504, 25114
383240, 9832400, 9857517, 25117
383241, 9832410, 9857531, 25121
383242, 9832420, 9857544, 25124
383244, 9832440, 9857558, 25118
383245, 9832450, 9857571, 25121
383246, 9832460, 9857585, 25125
383247, 9832470, 9857598, 25128
383248, 9832480, 9857611, 25131
383249, 9832490, 9857625, 25135
383251, 9832510, 9857652, 25142
383252, 9832520, 9857665, 25145
383253, 9832530, 9857679, 25149
383255, 9832550, 9857692, 25142
383256, 9832560, 9857706, 25146
383257, 9832570, 9857719, 25149
383258, 9832580, 9857732, 25152
383259, 9832590, 9857746, 25156
383260, 9832600, 9857759, 25159
383261, 9832610, 9857773, 25163
383262, 9832620, 9857786, 25166
383263, 9832630, 9857800, 25170
383265, 9832650, 9857813, 25163
383266, 9832660, 9857826, 25166
383267, 9832670, 9857840, 25170
383268, 9832680, 9857853, 25173
383269, 9832690, 9857867, 25177
383270, 9832700, 9857880, 25180
383271, 9832710, 9857894, 25184
383272, 9832720, 9857907, 25187
383273, 9832730, 9857921, 25191
383274, 9832740, 9857934, 25194
383276, 9832760, 9857947, 25187
383277, 9832770, 9857961, 25191
383278, 9832780, 9857974, 25194
383279, 9832790, 9857988, 25198
383280, 9832800, 9858001, 25201
383281, 9832810, 9858015, 25205
383282, 9832820, 9858028, 25208
383283, 9832830, 9858042, 25212
383284, 9832840, 9858055, 25215
383285, 9832850, 9858068, 25218
383287, 9832870, 9858082, 25212
383288, 9832880, 9858095, 25215
383289, 9832890, 9858109, 25219
383290, 9832900, 9858122, 25222
383291, 9832910, 9858136, 25226
383292, 9832920, 9858149, 25229
383293, 9832930, 9858162, 25232
383294, 9832940, 9858176, 25236
383295, 9832950, 9858189, 25239
383297, 9832970, 9858203, 25233
383298, 9832980, 9858216, 25236
383299, 9832990, 9858230, 25240
383301, 9833010, 9858257, 25247
383302, 9833020, 9858270, 25250
383303, 9833030, 9858283, 25253
383304, 9833040, 9858297, 25257
383305, 9833050, 9858310, 25260
383306, 9833060, 9858324, 25264
383308, 9833080, 9858337, 25257
383309, 9833090, 9858351, 25261
383310, 9833100, 9858364, 25264
383311, 9833110, 9858378, 25268
383312, 9833120, 9858391, 25271
383313, 9833130, 9858404, 25274
383314, 9833140, 9858418, 25278
383315, 9833150, 9858431, 25281
383316, 9833160, 9862012, 28852
383318, 9833180, 9862026, 28846
383319, 9833190, 9862039, 28849
383320, 9833200, 9862052, 28852
383321, 9833210, 9862066, 28856
383322, 9833220, 9862079, 28859
383323, 9833230, 9862093, 28863
383324, 9833240, 9862106, 28866
383325, 9833250, 9862120, 28870
383326, 9833260, 9862133, 28873
383327, 9833270, 9862146, 28876
383329, 9833290, 9862160, 28870
383330, 9833300, 9862173, 28873
383331, 9833310, 9862187, 28877
383332, 9833320, 9862200, 28880
383333, 9833330, 9862214, 28884
383334, 9833340, 9862227, 28887
383335, 9833350, 9862241, 28891
383336, 9833360, 9862254, 28894
383337, 9833370, 9862267, 28897
383338, 9833380, 9862281, 28901
383340, 9833400, 9862294, 28894
383341, 9833410, 9862308, 28898
383342, 9833420, 9862321, 28901
383343, 9833430, 9862335, 28905
383344, 9833440, 9862348, 28908
383345, 9833450, 9862362, 28912
383346, 9833460, 9862375, 28915
383347, 9833470, 9862388, 28918
383348, 9833480, 9862402, 28922
383351, 9833510, 9862429, 28919
383352, 9833520, 9862442, 28922
383353, 9833530, 9862456, 28926
383354, 9833540, 9862469, 28929
383355, 9833550, 9862482, 28932
383356, 9833560, 9862496, 28936
383357, 9833570, 9862509, 28939
383358, 9833580, 9862523, 28943
383359, 9833590, 9862536, 28946
383361, 9833610, 9862550, 28940
383362, 9833620, 9862563, 28943
383363, 9833630, 9862577, 28947
383364, 9833640, 9862590, 28950
383365, 9833650, 9862603, 28953
383366, 9833660, 9862617, 28957
383367, 9833670, 9862630, 28960
383368, 9833680, 9862644, 28964
383369, 9833690, 9862657, 28967
383371, 9833710, 9862671, 28961
383372, 9833720, 9862684, 28964
383373, 9833730, 9862698, 28968
383374, 9833740, 9862711, 28971
383375, 9833750, 9862724, 28974
383376, 9833760, 9862738, 28978
383377, 9833770, 9862751, 28981
383378, 9833780, 9862765, 28985
383379, 9833790, 9862778, 28988
383380, 9833800, 9862792, 28992
383382, 9833820, 9862805, 28985
383383, 9833830, 9862818, 28988
383384, 9833840, 9862832, 28992
383385, 9833850, 9862845, 28995
383386, 9833860, 9862859, 28999
383387, 9833870, 9862872, 29002
383388, 9833880, 9862886, 29006
383389, 9833890, 9862899, 29009
383390, 9833900, 9862913, 29013
383391, 9833910, 9862926, 29016
383393, 9833930, 9862939, 29009
383394, 9833940, 9862953, 29013
383395, 9833950, 9862966, 29016
383396, 9833960, 9862980, 29020
383397, 9833970, 9862993, 29023
383398, 9833980, 9863007, 29027
383399, 9833990, 9863020, 29030
383802, 9838020, 9863047, 25027
383803, 9838030, 9863060, 25030
383804, 9838040, 9863074, 25034
383805, 9838050, 9863087, 25037
383806, 9838060, 9863101, 25041
383807, 9838070, 9863114, 25044
383808, 9838080, 9863128, 25048
383809, 9838090, 9863141, 25051
383810, 9838100, 9863154, 25054
383812, 9838120, 9863168, 25048
383813, 9838130, 9863181, 25051
383814, 9838140, 9863195, 25055
383815, 9838150, 9863208, 25058
383816, 9838160, 9863222, 25062
383817, 9838170, 9863235, 25065
383818, 9838180, 9863249, 25069
383819, 9838190, 9863262, 25072
383820, 9838200, 9863275, 25075
383821, 9838210, 9863289, 25079
383823, 9838230, 9863302, 25072
383824, 9838240, 9863316, 25076
383825, 9838250, 9863329, 25079
383826, 9838260, 9863343, 25083
383827, 9838270, 9863356, 25086
383828, 9838280, 9863370, 25090
383829, 9838290, 9863383, 25093
383830, 9838300, 9863396, 25096
383831, 9838310, 9863410, 25100
383833, 9838330, 9863423, 25093
383834, 9838340, 9863437, 25097
383835, 9838350, 9863450, 25100
383836, 9838360, 9863464, 25104
383837, 9838370, 9863477, 25107
383838, 9838380, 9863490, 25110
383839, 9838390, 9863504, 25114
383840, 9838400, 9863517, 25117
383841, 9838410, 9863531, 25121
383842, 9838420, 9863544, 25124
383844, 9838440, 9863558, 25118
383845, 9838450, 9863571, 25121
383846, 9838460, 9863585, 25125
383847, 9838470, 9863598, 25128
383848, 9838480, 9863611, 25131
383849, 9838490, 9863625, 25135
383851, 9838510, 9863652, 25142
383852, 9838520, 9863665, 25145
383853, 9838530, 9863679, 25149
383855, 9838550, 9863692, 25142
383856, 9838560, 9863706, 25146
383857, 9838570, 9863719, 25149
383858, 9838580, 9863732, 25152
383859, 9838590, 9863746, 25156
383860, 9838600, 9863759, 25159
383861, 9838610, 9863773, 25163
383862, 9838620, 9863786, 25166
383863, 9838630, 9863800, 25170
383865, 9838650, 9863813, 25163
383866, 9838660, 9863826, 25166
383867, 9838670, 9863840, 25170
383868, 9838680, 9863853, 25173
383869, 9838690, 9863867, 25177
383870, 9838700, 9863880, 25180
383871, 9838710, 9863894, 25184
383872, 9838720, 9863907, 25187
383873, 9838730, 9863921, 25191
383874, 9838740, 9863934, 25194
383876, 9838760, 9863947, 25187
383877, 9838770, 9863961, 25191
383878, 9838780, 9863974, 25194
383879, 9838790, 9863988, 25198
383880, 9838800, 9864001, 25201
383881, 9838810, 9864015, 25205
383882, 9838820, 9864028, 25208
383883, 9838830, 9864042, 25212
383884, 9838840, 9864055, 25215
383885, 9838850, 9864068, 25218
383887, 9838870, 9864082, 25212
383888, 9838880, 9864095, 25215
383889, 9838890, 9864109, 25219
383890, 9838900, 9864122, 25222
383891, 9838910, 9864136, 25226
383892, 9838920, 9864149, 25229
383893, 9838930, 9864162, 25232
383894, 9838940, 9864176, 25236
383895, 9838950, 9864189, 25239
383897, 9838970, 9864203, 25233
383898, 9838980, 9864216, 25236
383899, 9838990, 9864230, 25240
383901, 9839010, 9864257, 25247
383902, 9839020, 9864270, 25250
383903, 9839030, 9864283, 25253
383904, 9839040, 9864297, 25257
383905, 9839050, 9864310, 25260
383906, 9839060, 9864324, 25264
383908, 9839080, 9864337, 25257
383909, 9839090, 9864351, 25261
383910, 9839100, 9864364, 25264
383911, 9839110, 9864378, 25268
383912, 9839120, 9864391, 25271
383913, 9839130, 9864404, 25274
383914, 9839140, 9864418, 25278
383915, 9839150, 9864431, 25281
383916, 9839160, 9868012, 28852
383918, 9839180, 9868026, 28846
383919, 9839190, 9868039, 28849
383920, 9839200, 9868052, 28852
383921, 9839210, 9868066, 28856
383922, 9839220, 9868079, 28859
383923, 9839230, 9868093, 28863
383924, 9839240, 9868106, 28866
383925, 9839250, 9868120, 28870
383926, 9839260, 9868133, 28873
383927, 9839270, 9868146, 28876
383929, 9839290, 9868160, 28870
383930, 9839300, 9868173, 28873
383931, 9839310, 9868187, 28877
383932, 9839320, 9868200, 28880
383933, 9839330, 9868214, 28884
383934, 9839340, 9868227, 28887
383935, 9839350, 9868241, 28891
383936, 9839360, 9868254, 28894
383937, 9839370, 9868267, 28897
383938, 9839380, 9868281, 28901
383940, 9839400, 9868294, 28894
383941, 9839410, 9868308, 28898
383942, 9839420, 9868321, 28901
383943, 9839430, 9868335, 28905
383944, 9839440, 9868348, 28908
383945, 9839450, 9868362, 28912
383946, 9839460, 9868375, 28915
383947, 9839470, 9868388, 28918
383948, 9839480, 9868402, 28922
383951, 9839510, 9868429, 28919
383952, 9839520, 9868442, 28922
383953, 9839530, 9868456, 28926
383954, 9839540, 9868469, 28929
383955, 9839550, 9868482, 28932
383956, 9839560, 9868496, 28936
383957, 9839570, 9868509, 28939
383958, 9839580, 9868523, 28943
383959, 9839590, 9868536, 28946
383961, 9839610, 9868550, 28940
383962, 9839620, 9868563, 28943
383963, 9839630, 9868577, 28947
383964, 9839640, 9868590, 28950
383965, 9839650, 9868603, 28953
383966, 9839660, 9868617, 28957
383967, 9839670, 9868630, 28960
383968, 9839680, 9868644, 28964
383969, 9839690, 9868657, 28967
383971, 9839710, 9868671, 28961
383972, 9839720, 9868684, 28964
383973, 9839730, 9868698, 28968
383974, 9839740, 9868711, 28971
383975, 9839750, 9868724, 28974
383976, 9839760, 9868738, 28978
383977, 9839770, 9868751, 28981
383978, 9839780, 9868765, 28985
383979, 9839790, 9868778, 28988
383980, 9839800, 9868792, 28992
383982, 9839820, 9868805, 28985
383983, 9839830, 9868818, 28988
383984, 9839840, 9868832, 28992
383985, 9839850, 9868845, 28995
383986, 9839860, 9868859, 28999
383987, 9839870, 9868872, 29002
383988, 9839880, 9868886, 29006
383989, 9839890, 9868899, 29009
383990, 9839900, 9868913, 29013
383991, 9839910, 9868926, 29016
383993, 9839930, 9868939, 29009
383994, 9839940, 9868953, 29013
383995, 9839950, 9868966, 29016
383996, 9839960, 9868980, 29020
383997, 9839970, 9868993, 29023
383998, 9839980, 9869007, 29027
383999, 9839990, 9869020, 29030
384402, 9844020, 9869047, 25027
384403, 9844030, 9869060, 25030
384404, 9844040, 9869074, 25034
384405, 9844050, 9869087, 25037
384406, 9844060, 9869101, 25041
384407, 9844070, 9869114, 25044
384408, 9844080, 9869128, 25048
384409, 9844090, 9869141, 25051
384410, 9844100, 9869154, 25054
384412, 9844120, 9869168, 25048
384413, 9844130, 9869181, 25051
384414, 9844140, 9869195, 25055
384415, 9844150, 9869208, 25058
384416, 9844160, 9869222, 25062
384417, 9844170, 9869235, 25065
384418, 9844180, 9869249, 25069
384419, 9844190, 9869262, 25072
384420, 9844200, 9869275, 25075
384421, 9844210, 9869289, 25079
384423, 9844230, 9869302, 25072
384424, 9844240, 9869316, 25076
384425, 9844250, 9869329, 25079
384426, 9844260, 9869343, 25083
384427, 9844270, 9869356, 25086
384428, 9844280, 9869370, 25090
384429, 9844290, 9869383, 25093
384430, 9844300, 9869396, 25096
384431, 9844310, 9869410, 25100
384433, 9844330, 9869423, 25093
384434, 9844340, 9869437, 25097
384435, 9844350, 9869450, 25100
384436, 9844360, 9869464, 25104
384437, 9844370, 9869477, 25107
384438, 9844380, 9869490, 25110
384439, 9844390, 9869504, 25114
384440, 9844400, 9869517, 25117
384441, 9844410, 9869531, 25121
384442, 9844420, 9869544, 25124
384444, 9844440, 9869558, 25118
384445, 9844450, 9869571, 25121
384446, 9844460, 9869585, 25125
384447, 9844470, 9869598, 25128
384448, 9844480, 9869611, 25131
384449, 9844490, 9869625, 25135
384451, 9844510, 9869652, 25142
384452, 9844520, 9869665, 25145
384453, 9844530, 9869679, 25149
384455, 9844550, 9869692, 25142
384456, 9844560, 9869706, 25146
384457, 9844570, 9869719, 25149
384458, 9844580, 9869732, 25152
384459, 9844590, 9869746, 25156
384460, 9844600, 9869759, 25159
384461, 9844610, 9869773, 25163
384462, 9844620, 9869786, 25166
384463, 9844630, 9869800, 25170
384465, 9844650, 9869813, 25163
384466, 9844660, 9869826, 25166
384467, 9844670, 9869840, 25170
384468, 9844680, 9869853, 25173
384469, 9844690, 9869867, 25177
384470, 9844700, 9869880, 25180
384471, 9844710, 9869894, 25184
384472, 9844720, 9869907, 25187
384473, 9844730, 9869921, 25191
384474, 9844740, 9869934, 25194
384476, 9844760, 9869947, 25187
384477, 9844770, 9869961, 25191
384478, 9844780, 9869974, 25194
384479, 9844790, 9869988, 25198
384480, 9844800, 9870001, 25201
384481, 9844810, 9870015, 25205
384482, 9844820, 9870028, 25208
384483, 9844830, 9870042, 25212
384484, 9844840, 9870055, 25215
384485, 9844850, 9870068, 25218
384487, 9844870, 9870082, 25212
384488, 9844880, 9870095, 25215
384489, 9844890, 9870109, 25219
384490, 9844900, 9870122, 25222
384491, 9844910, 9870136, 25226
384492, 9844920, 9870149, 25229
384493, 9844930, 9870162, 25232
384494, 9844940, 9870176, 25236
384495, 9844950, 9870189, 25239
384497, 9844970, 9870203, 25233
384498, 9844980, 9870216, 25236
384499, 9844990, 9870230, 25240
384501, 9845010, 9870257, 25247
384502, 9845020, 9870270, 25250
384503, 9845030, 9870283, 25253
384504, 9845040, 9870297, 25257
384505, 9845050, 9870310, 25260
384506, 9845060, 9870324, 25264
384508, 9845080, 9870337, 25257
384509, 9845090, 9870351, 25261
384510, 9845100, 9870364, 25264
384511, 9845110, 9870378, 25268
384512, 9845120, 9870391, 25271
384513, 9845130, 9870404, 25274
384514, 9845140, 9870418, 25278
384515, 9845150, 9870431, 25281
384516, 9845160, 9874012, 28852
384517, 9845170, 9874026, 28856
384519, 9845190, 9874039, 28849
384520, 9845200, 9874052, 28852
384521, 9845210, 9874066, 28856
384522, 9845220, 9874079, 28859
384523, 9845230, 9874093, 28863
384524, 9845240, 9874106, 28866
384525, 9845250, 9874120, 28870
384526, 9845260, 9874133, 28873
384527, 9845270, 9874146, 28876
384529, 9845290, 9874160, 28870
384530, 9845300, 9874173, 28873
384531, 9845310, 9874187, 28877
384532, 9845320, 9874200, 28880
384533, 9845330, 9874214, 28884
384534, 9845340, 9874227, 28887
384535, 9845350, 9874241, 28891
384536, 9845360, 9874254, 28894
384537, 9845370, 9874267, 28897
384538, 9845380, 9874281, 28901
384540, 9845400, 9874294, 28894
384541, 9845410, 9874308, 28898
384542, 9845420, 9874321, 28901
384543, 9845430, 9874335, 28905
384544, 9845440, 9874348, 28908
384545, 9845450, 9874362, 28912
384546, 9845460, 9874375, 28915
384547, 9845470, 9874388, 28918
384548, 9845480, 9874402, 28922
384551, 9845510, 9874429, 28919
384552, 9845520, 9874442, 28922
384553, 9845530, 9874456, 28926
384554, 9845540, 9874469, 28929
384555, 9845550, 9874482, 28932
384556, 9845560, 9874496, 28936
384557, 9845570, 9874509, 28939
384558, 9845580, 9874523, 28943
384559, 9845590, 9874536, 28946
384561, 9845610, 9874550, 28940
384562, 9845620, 9874563, 28943
384563, 9845630, 9874577, 28947
384564, 9845640, 9874590, 28950
384565, 9845650, 9874603, 28953
384566, 9845660, 9874617, 28957
384567, 9845670, 9874630, 28960
384568, 9845680, 9874644, 28964
384569, 9845690, 9874657, 28967
384570, 9845700, 9874671, 28971
384572, 9845720, 9874684, 28964
384573, 9845730, 9874698, 28968
384574, 9845740, 9874711, 28971
384575, 9845750, 9874724, 28974
384576, 9845760, 9874738, 28978
384577, 9845770, 9874751, 28981
384578, 9845780, 9874765, 28985
384579, 9845790, 9874778, 28988
384580, 9845800, 9874792, 28992
384582, 9845820, 9874805, 28985
384583, 9845830, 9874818, 28988
384584, 9845840, 9874832, 28992
384585, 9845850, 9874845, 28995
384586, 9845860, 9874859, 28999
384587, 9845870, 9874872, 29002
384588, 9845880, 9874886, 29006
384589, 9845890, 9874899, 29009
384590, 9845900, 9874913, 29013
384591, 9845910, 9874926, 29016
384593, 9845930, 9874939, 29009
384594, 9845940, 9874953, 29013
384595, 9845950, 9874966, 29016
384596, 9845960, 9874980, 29020
384597, 9845970, 9874993, 29023
384598, 9845980, 9875007, 29027
384599, 9845990, 9875020, 29030
385002, 9850020, 9875047, 25027
385003, 9850030, 9875060, 25030
385004, 9850040, 9875074, 25034
385005, 9850050, 9875087, 25037
385006, 9850060, 9875101, 25041
385007, 9850070, 9875114, 25044
385008, 9850080, 9875127, 25047
385009, 9850090, 9875141, 25051
385010, 9850100, 9875154, 25054
385012, 9850120, 9875168, 25048
385013, 9850130, 9875181, 25051
385014, 9850140, 9875195, 25055
385015, 9850150, 9875208, 25058
385016, 9850160, 9875222, 25062
385017, 9850170, 9875235, 25065
385018, 9850180, 9875248, 25068
385019, 9850190, 9875262, 25072
385020, 9850200, 9875275, 25075
385021, 9850210, 9875289, 25079
385023, 9850230, 9875302, 25072
385024, 9850240, 9875316, 25076
385025, 9850250, 9875329, 25079
385026, 9850260, 9875342, 25082
385027, 9850270, 9875356, 25086
385028, 9850280, 9875369, 25089
385029, 9850290, 9875383, 25093
385030, 9850300, 9875396, 25096
385031, 9850310, 9875410, 25100
385033, 9850330, 9875423, 25093
385034, 9850340, 9875437, 25097
385035, 9850350, 9875450, 25100
385036, 9850360, 9875463, 25103
385037, 9850370, 9875477, 25107
385038, 9850380, 9875490, 25110
385039, 9850390, 9875504, 25114
385040, 9850400, 9875517, 25117
385041, 9850410, 9875531, 25121
385042, 9850420, 9875544, 25124
385044, 9850440, 9875558, 25118
385045, 9850450, 9875571, 25121
385046, 9850460, 9875584, 25124
385047, 9850470, 9875598, 25128
385048, 9850480, 9875611, 25131
385049, 9850490, 9875625, 25135
385051, 9850510, 9875652, 25142
385052, 9850520, 9875665, 25145
385053, 9850530, 9875678, 25148
385055, 9850550, 9875692, 25142
385056, 9850560, 9875705, 25145
385057, 9850570, 9875719, 25149
385058, 9850580, 9875732, 25152
385059, 9850590, 9875746, 25156
385060, 9850600, 9875759, 25159
385061, 9850610, 9875773, 25163
385062, 9850620, 9875786, 25166
385063, 9850630, 9875799, 25169
385065, 9850650, 9875813, 25163
385066, 9850660, 9875826, 25166
385067, 9850670, 9875840, 25170
385068, 9850680, 9875853, 25173
385069, 9850690, 9875867, 25177
385070, 9850700, 9875880, 25180
385071, 9850710, 9875894, 25184
385072, 9850720, 9875907, 25187
385073, 9850730, 9875920, 25190
385074, 9850740, 9875934, 25194
385076, 9850760, 9875947, 25187
385077, 9850770, 9875961, 25191
385078, 9850780, 9875974, 25194
385079, 9850790, 9875988, 25198
385080, 9850800, 9876001, 25201
385081, 9850810, 9876014, 25204
385082, 9850820, 9876028, 25208
385083, 9850830, 9876041, 25211
385084, 9850840, 9876055, 25215
385085, 9850850, 9876068, 25218
385087, 9850870, 9876082, 25212
385088, 9850880, 9876095, 25215
385089, 9850890, 9876109, 25219
385090, 9850900, 9876122, 25222
385091, 9850910, 9876135, 25225
385092, 9850920, 9876149, 25229
385093, 9850930, 9876162, 25232
385094, 9850940, 9876176, 25236
385095, 9850950, 9876189, 25239
385097, 9850970, 9876203, 25233
385098, 9850980, 9876216, 25236
385099, 9850990, 9876230, 25240
385101, 9851010, 9876256, 25246
385102, 9851020, 9876270, 25250
385103, 9851030, 9876283, 25253
385104, 9851040, 9876297, 25257
385105, 9851050, 9876310, 25260
385106, 9851060, 9876324, 25264
385108, 9851080, 9876337, 25257
385109, 9851090, 9876350, 25260
385110, 9851100, 9876364, 25264
385111, 9851110, 9876377, 25267
385112, 9851120, 9876391, 25271
385113, 9851130, 9876404, 25274
385114, 9851140, 9876418, 25278
385115, 9851150, 9876431, 25281
385116, 9851160, 9880012, 28852
385118, 9851180, 9880026, 28846
385119, 9851190, 9880039, 28849
385120, 9851200, 9880052, 28852
385121, 9851210, 9880066, 28856
385122, 9851220, 9880079, 28859
385123, 9851230, 9880093, 28863
385124, 9851240, 9880106, 28866
385125, 9851250, 9880120, 28870
385126, 9851260, 9880133, 28873
385127, 9851270, 9880146, 28876
385129, 9851290, 9880160, 28870
385130, 9851300, 9880173, 28873
385131, 9851310, 9880187, 28877
385132, 9851320, 9880200, 28880
385133, 9851330, 9880214, 28884
385134, 9851340, 9880227, 28887
385135, 9851350, 9880241, 28891
385136, 9851360, 9880254, 28894
385137, 9851370, 9880267, 28897
385138, 9851380, 9880281, 28901
385140, 9851400, 9880294, 28894
385141, 9851410, 9880308, 28898
385142, 9851420, 9880321, 28901
385143, 9851430, 9880335, 28905
385144, 9851440, 9880348, 28908
385145, 9851450, 9880362, 28912
385146, 9851460, 9880375, 28915
385147, 9851470, 9880388, 28918
385148, 9851480, 9880402, 28922
385151, 9851510, 9880429, 28919
385152, 9851520, 9880442, 28922
385153, 9851530, 9880456, 28926
385154, 9851540, 9880469, 28929
385155, 9851550, 9880482, 28932
385156, 9851560, 9880496, 28936
385157, 9851570, 9880509, 28939
385158, 9851580, 9880523, 28943
385159, 9851590, 9880536, 28946
385161, 9851610, 9880550, 28940
385162, 9851620, 9880563, 28943
385163, 9851630, 9880577, 28947
385164, 9851640, 9880590, 28950
385165, 9851650, 9880603, 28953
385166, 9851660, 9880617, 28957
385167, 9851670, 9880630, 28960
385168, 9851680, 9880644, 28964
385169, 9851690, 9880657, 28967
385171, 9851710, 9880671, 28961
385172, 9851720, 9880684, 28964
385173, 9851730, 9880698, 28968
385174, 9851740, 9880711, 28971
385175, 9851750, 9880724, 28974
385176, 9851760, 9880738, 28978
385177, 9851770, 9880751, 28981
385178, 9851780, 9880765, 28985
385179, 9851790, 9880778, 28988
385180, 9851800, 9880792, 28992
385182, 9851820, 9880805, 28985
385183, 9851830, 9880818, 28988
385184, 9851840, 9880832, 28992
385185, 9851850, 9880845, 28995
385186, 9851860, 9880859, 28999
385187, 9851870, 9880872, 29002
385188, 9851880, 9880886, 29006
385189, 9851890, 9880899, 29009
385190, 9851900, 9880913, 29013
385191, 9851910, 9880926, 29016
385193, 9851930, 9880939, 29009
385194, 9851940, 9880953, 29013
385195, 9851950, 9880966, 29016
385196, 9851960, 9880980, 29020
385197, 9851970, 9880993, 29023
385198, 9851980, 9881007, 29027
385199, 9851990, 9881020, 29030
385602, 9856020, 9881047, 25027
385603, 9856030, 9881060, 25030
385604, 9856040, 9881074, 25034
385605, 9856050, 9881087, 25037
385606, 9856060, 9881101, 25041
385607, 9856070, 9881114, 25044
385608, 9856080, 9881128, 25048
385609, 9856090, 9881141, 25051
385610, 9856100, 9881154, 25054
385612, 9856120, 9881168, 25048
385613, 9856130, 9881181, 25051
385614, 9856140, 9881195, 25055
385615, 9856150, 9881208, 25058
385616, 9856160, 9881222, 25062
385617, 9856170, 9881235, 25065
385618, 9856180, 9881249, 25069
385619, 9856190, 9881262, 25072
385620, 9856200, 9881275, 25075
385621, 9856210, 9881289, 25079
385623, 9856230, 9881302, 25072
385624, 9856240, 9881316, 25076
385625, 9856250, 9881329, 25079
385626, 9856260, 9881343, 25083
385627, 9856270, 9881356, 25086
385628, 9856280, 9881370, 25090
385629, 9856290, 9881383, 25093
385630, 9856300, 9881396, 25096
385631, 9856310, 9881410, 25100
385633, 9856330, 9881423, 25093
385634, 9856340, 9881437, 25097
385635, 9856350, 9881450, 25100
385636, 9856360, 9881464, 25104
385637, 9856370, 9881477, 25107
385638, 9856380, 9881490, 25110
385639, 9856390, 9881504, 25114
385640, 9856400, 9881517, 25117
385641, 9856410, 9881531, 25121
385642, 9856420, 9881544, 25124
385644, 9856440, 9881558, 25118
385645, 9856450, 9881571, 25121
385646, 9856460, 9881585, 25125
385647, 9856470, 9881598, 25128
385648, 9856480, 9881611, 25131
385649, 9856490, 9881625, 25135
385651, 9856510, 9881652, 25142
385652, 9856520, 9881665, 25145
385653, 9856530, 9881679, 25149
385655, 9856550, 9881692, 25142
385656, 9856560, 9881706, 25146
385657, 9856570, 9881719, 25149
385658, 9856580, 9881732, 25152
385659, 9856590, 9881746, 25156
385660, 9856600, 9881759, 25159
385661, 9856610, 9881773, 25163
385662, 9856620, 9881786, 25166
385663, 9856630, 9881800, 25170
385665, 9856650, 9881813, 25163
385666, 9856660, 9881826, 25166
385667, 9856670, 9881840, 25170
385668, 9856680, 9881853, 25173
385669, 9856690, 9881867, 25177
385670, 9856700, 9881880, 25180
385671, 9856710, 9881894, 25184
385672, 9856720, 9881907, 25187
385673, 9856730, 9881921, 25191
385674, 9856740, 9881934, 25194
385676, 9856760, 9881947, 25187
385677, 9856770, 9881961, 25191
385678, 9856780, 9881974, 25194
385679, 9856790, 9881988, 25198
385680, 9856800, 9882001, 25201
385681, 9856810, 9882015, 25205
385682, 9856820, 9882028, 25208
385683, 9856830, 9882042, 25212
385684, 9856840, 9882055, 25215
385685, 9856850, 9882068, 25218
385687, 9856870, 9882082, 25212
385688, 9856880, 9882095, 25215
385689, 9856890, 9882109, 25219
385690, 9856900, 9882122, 25222
385691, 9856910, 9882136, 25226
385692, 9856920, 9882149, 25229
385693, 9856930, 9882162, 25232
385694, 9856940, 9882176, 25236
385695, 9856950, 9882189, 25239
385697, 9856970, 9882203, 25233
385698, 9856980, 9882216, 25236
385699, 9856990, 9882230, 25240
385701, 9857010, 9882257, 25247
385702, 9857020, 9882270, 25250
385703, 9857030, 9882283, 25253
385704, 9857040, 9882297, 25257
385705, 9857050, 9882310, 25260
385706, 9857060, 9882324, 25264
385708, 9857080, 9882337, 25257
385709, 9857090, 9882351, 25261
385710, 9857100, 9882364, 25264
385711, 9857110, 9882378, 25268
385712, 9857120, 9882391, 25271
385713, 9857130, 9882404, 25274
385714, 9857140, 9882418, 25278
385715, 9857150, 9882431, 25281
385716, 9857160, 9886012, 28852
385718, 9857180, 9886026, 28846
385719, 9857190, 9886039, 28849
385720, 9857200, 9886052, 28852
385721, 9857210, 9886066, 28856
385722, 9857220, 9886079, 28859
385723, 9857230, 9886093, 28863
385724, 9857240, 9886106, 28866
385725, 9857250, 9886120, 28870
385726, 9857260, 9886133, 28873
385727, 9857270, 9886146, 28876
385729, 9857290, 9886160, 28870
385730, 9857300, 9886173, 28873
385731, 9857310, 9886187, 28877
385732, 9857320, 9886200, 28880
385733, 9857330, 9886214, 28884
385734, 9857340, 9886227, 28887
385735, 9857350, 9886241, 28891
385736, 9857360, 9886254, 28894
385737, 9857370, 9886267, 28897
385738, 9857380, 9886281, 28901
385740, 9857400, 9886294, 28894
385741, 9857410, 9886308, 28898
385742, 9857420, 9886321, 28901
385743, 9857430, 9886335, 28905
385744, 9857440, 9886348, 28908
385745, 9857450, 9886362, 28912
385746, 9857460, 9886375, 28915
385747, 9857470, 9886388, 28918
385748, 9857480, 9886402, 28922
385751, 9857510, 9886429, 28919
385752, 9857520, 9886442, 28922
385753, 9857530, 9886456, 28926
385754, 9857540, 9886469, 28929
385755, 9857550, 9886482, 28932
385756, 9857560, 9886496, 28936
385757, 9857570, 9886509, 28939
385758, 9857580, 9886523, 28943
385759, 9857590, 9886536, 28946
385761, 9857610, 9886550, 28940
385762, 9857620, 9886563, 28943
385763, 9857630, 9886577, 28947
385764, 9857640, 9886590, 28950
385765, 9857650, 9886603, 28953
385766, 9857660, 9886617, 28957
385767, 9857670, 9886630, 28960
385768, 9857680, 9886644, 28964
385769, 9857690, 9886657, 28967
385771, 9857710, 9886671, 28961
385772, 9857720, 9886684, 28964
385773, 9857730, 9886698, 28968
385774, 9857740, 9886711, 28971
385775, 9857750, 9886724, 28974
385776, 9857760, 9886738, 28978
385777, 9857770, 9886751, 28981
385778, 9857780, 9886765, 28985
385779, 9857790, 9886778, 28988
385780, 9857800, 9886792, 28992
385782, 9857820, 9886805, 28985
385783, 9857830, 9886818, 28988
385784, 9857840, 9886832, 28992
385785, 9857850, 9886845, 28995
385786, 9857860, 9886859, 28999
385787, 9857870, 9886872, 29002
385788, 9857880, 9886886, 29006
385789, 9857890, 9886899, 29009
385790, 9857900, 9886913, 29013
385791, 9857910, 9886926, 29016
385793, 9857930, 9886939, 29009
385794, 9857940, 9886953, 29013
385795, 9857950, 9886966, 29016
385796, 9857960, 9886980, 29020
385797, 9857970, 9886993, 29023
385798, 9857980, 9887007, 29027
385799, 9857990, 9887020, 29030
386202, 9862020, 9887047, 25027
386203, 9862030, 9887060, 25030
386204, 9862040, 9887074, 25034
386205, 9862050, 9887087, 25037
386206, 9862060, 9887101, 25041
386207, 9862070, 9887114, 25044
386208, 9862080, 9887128, 25048
386209, 9862090, 9887141, 25051
386210, 9862100, 9887154, 25054
386212, 9862120, 9887168, 25048
386213, 9862130, 9887181, 25051
386214, 9862140, 9887195, 25055
386215, 9862150, 9887208, 25058
386216, 9862160, 9887222, 25062
386217, 9862170, 9887235, 25065
386218, 9862180, 9887249, 25069
386219, 9862190, 9887262, 25072
386220, 9862200, 9887275, 25075
386221, 9862210, 9887289, 25079
386223, 9862230, 9887302, 25072
386224, 9862240, 9887316, 25076
386225, 9862250, 9887329, 25079
386226, 9862260, 9887343, 25083
386227, 9862270, 9887356, 25086
386228, 9862280, 9887370, 25090
386229, 9862290, 9887383, 25093
386230, 9862300, 9887396, 25096
386231, 9862310, 9887410, 25100
386233, 9862330, 9887423, 25093
386234, 9862340, 9887437, 25097
386235, 9862350, 9887450, 25100
386236, 9862360, 9887464, 25104
386237, 9862370, 9887477, 25107
386238, 9862380, 9887490, 25110
386239, 9862390, 9887504, 25114
386240, 9862400, 9887517, 25117
386241, 9862410, 9887531, 25121
386242, 9862420, 9887544, 25124
386244, 9862440, 9887558, 25118
386245, 9862450, 9887571, 25121
386246, 9862460, 9887585, 25125
386247, 9862470, 9887598, 25128
386248, 9862480, 9887611, 25131
386249, 9862490, 9887625, 25135
386251, 9862510, 9887652, 25142
386252, 9862520, 9887665, 25145
386253, 9862530, 9887679, 25149
386255, 9862550, 9887692, 25142
386256, 9862560, 9887706, 25146
386257, 9862570, 9887719, 25149
386258, 9862580, 9887732, 25152
386259, 9862590, 9887746, 25156
386260, 9862600, 9887759, 25159
386261, 9862610, 9887773, 25163
386262, 9862620, 9887786, 25166
386263, 9862630, 9887800, 25170
386265, 9862650, 9887813, 25163
386266, 9862660, 9887826, 25166
386267, 9862670, 9887840, 25170
386268, 9862680, 9887853, 25173
386269, 9862690, 9887867, 25177
386270, 9862700, 9887880, 25180
386271, 9862710, 9887894, 25184
386272, 9862720, 9887907, 25187
386273, 9862730, 9887921, 25191
386274, 9862740, 9887934, 25194
386276, 9862760, 9887947, 25187
386277, 9862770, 9887961, 25191
386278, 9862780, 9887974, 25194
386279, 9862790, 9887988, 25198
386280, 9862800, 9888001, 25201
386281, 9862810, 9888015, 25205
386282, 9862820, 9888028, 25208
386283, 9862830, 9888042, 25212
386284, 9862840, 9888055, 25215
386285, 9862850, 9888068, 25218
386287, 9862870, 9888082, 25212
386288, 9862880, 9888095, 25215
386289, 9862890, 9888109, 25219
386290, 9862900, 9888122, 25222
386291, 9862910, 9888136, 25226
386292, 9862920, 9888149, 25229
386293, 9862930, 9888162, 25232
386294, 9862940, 9888176, 25236
386295, 9862950, 9888189, 25239
386297, 9862970, 9888203, 25233
386298, 9862980, 9888216, 25236
386299, 9862990, 9888230, 25240
386301, 9863010, 9888257, 25247
386302, 9863020, 9888270, 25250
386303, 9863030, 9888283, 25253
386304, 9863040, 9888297, 25257
386305, 9863050, 9888310, 25260
386306, 9863060, 9888324, 25264
386308, 9863080, 9888337, 25257
386309, 9863090, 9888351, 25261
386310, 9863100, 9888364, 25264
386311, 9863110, 9888378, 25268
386312, 9863120, 9888391, 25271
386313, 9863130, 9888404, 25274
386314, 9863140, 9888418, 25278
386315, 9863150, 9888431, 25281
386316, 9863160, 9892012, 28852
386318, 9863180, 9892026, 28846
386319, 9863190, 9892039, 28849
386320, 9863200, 9892052, 28852
386321, 9863210, 9892066, 28856
386322, 9863220, 9892079, 28859
386323, 9863230, 9892093, 28863
386324, 9863240, 9892106, 28866
386325, 9863250, 9892120, 28870
386326, 9863260, 9892133, 28873
386327, 9863270, 9892146, 28876
386329, 9863290, 9892160, 28870
386330, 9863300, 9892173, 28873
386331, 9863310, 9892187, 28877
386332, 9863320, 9892200, 28880
386333, 9863330, 9892214, 28884
386334, 9863340, 9892227, 28887
386335, 9863350, 9892241, 28891
386336, 9863360, 9892254, 28894
386337, 9863370, 9892267, 28897
386338, 9863380, 9892281, 28901
386340, 9863400, 9892294, 28894
386341, 9863410, 9892308, 28898
386342, 9863420, 9892321, 28901
386343, 9863430, 9892335, 28905
386344, 9863440, 9892348, 28908
386345, 9863450, 9892362, 28912
386346, 9863460, 9892375, 28915
386347, 9863470, 9892388, 28918
386348, 9863480, 9892402, 28922
386351, 9863510, 9892429, 28919
386352, 9863520, 9892442, 28922
386353, 9863530, 9892456, 28926
386354, 9863540, 9892469, 28929
386355, 9863550, 9892482, 28932
386356, 9863560, 9892496, 28936
386357, 9863570, 9892509, 28939
386358, 9863580, 9892523, 28943
386359, 9863590, 9892536, 28946
386361, 9863610, 9892550, 28940
386362, 9863620, 9892563, 28943
386363, 9863630, 9892577, 28947
386364, 9863640, 9892590, 28950
386365, 9863650, 9892603, 28953
386366, 9863660, 9892617, 28957
386367, 9863670, 9892630, 28960
386368, 9863680, 9892644, 28964
386369, 9863690, 9892657, 28967
386371, 9863710, 9892671, 28961
386372, 9863720, 9892684, 28964
386373, 9863730, 9892698, 28968
386374, 9863740, 9892711, 28971
386375, 9863750, 9892724, 28974
386376, 9863760, 9892738, 28978
386377, 9863770, 9892751, 28981
386378, 9863780, 9892765, 28985
386379, 9863790, 9892778, 28988
386380, 9863800, 9892792, 28992
386382, 9863820, 9892805, 28985
386383, 9863830, 9892818, 28988
386384, 9863840, 9892832, 28992
386385, 9863850, 9892845, 28995
386386, 9863860, 9892859, 28999
386387, 9863870, 9892872, 29002
386388, 9863880, 9892886, 29006
386389, 9863890, 9892899, 29009
386390, 9863900, 9892913, 29013
386391, 9863910, 9892926, 29016
386393, 9863930, 9892939, 29009
386394, 9863940, 9892953, 29013
386395, 9863950, 9892966, 29016
386396, 9863960, 9892980, 29020
386397, 9863970, 9892993, 29023
386398, 9863980, 9893007, 29027
386399, 9863990, 9893020, 29030
386802, 9868020, 9893047, 25027
386803, 9868030, 9893060, 25030
386804, 9868040, 9893074, 25034
386805, 9868050, 9893087, 25037
386806, 9868060, 9893101, 25041
386807, 9868070, 9893114, 25044
386808, 9868080, 9893128, 25048
386809, 9868090, 9893141, 25051
386810, 9868100, 9893154, 25054
386812, 9868120, 9893168, 25048
386813, 9868130, 9893181, 25051
386814, 9868140, 9893195, 25055
386815, 9868150, 9893208, 25058
386816, 9868160, 9893222, 25062
386817, 9868170, 9893235, 25065
386818, 9868180, 9893249, 25069
386819, 9868190, 9893262, 25072
386820, 9868200, 9893275, 25075
386821, 9868210, 9893289, 25079
386823, 9868230, 9893302, 25072
386824, 9868240, 9893316, 25076
386825, 9868250, 9893329, 25079
386826, 9868260, 9893343, 25083
386827, 9868270, 9893356, 25086
386828, 9868280, 9893370, 25090
386829, 9868290, 9893383, 25093
386830, 9868300, 9893396, 25096
386831, 9868310, 9893410, 25100
386833, 9868330, 9893423, 25093
386834, 9868340, 9893437, 25097
386835, 9868350, 9893450, 25100
386836, 9868360, 9893464, 25104
386837, 9868370, 9893477, 25107
386838, 9868380, 9893490, 25110
386839, 9868390, 9893504, 25114
386840, 9868400, 9893517, 25117
386841, 9868410, 9893531, 25121
386842, 9868420, 9893544, 25124
386844, 9868440, 9893558, 25118
386845, 9868450, 9893571, 25121
386846, 9868460, 9893585, 25125
386847, 9868470, 9893598, 25128
386848, 9868480, 9893611, 25131
386849, 9868490, 9893625, 25135
386851, 9868510, 9893652, 25142
386852, 9868520, 9893665, 25145
386853, 9868530, 9893679, 25149
386855, 9868550, 9893692, 25142
386856, 9868560, 9893706, 25146
386857, 9868570, 9893719, 25149
386858, 9868580, 9893732, 25152
386859, 9868590, 9893746, 25156
386860, 9868600, 9893759, 25159
386861, 9868610, 9893773, 25163
386862, 9868620, 9893786, 25166
386863, 9868630, 9893800, 25170
386865, 9868650, 9893813, 25163
386866, 9868660, 9893826, 25166
386867, 9868670, 9893840, 25170
386868, 9868680, 9893853, 25173
386869, 9868690, 9893867, 25177
386870, 9868700, 9893880, 25180
386871, 9868710, 9893894, 25184
386872, 9868720, 9893907, 25187
386873, 9868730, 9893921, 25191
386874, 9868740, 9893934, 25194
386876, 9868760, 9893947, 25187
386877, 9868770, 9893961, 25191
386878, 9868780, 9893974, 25194
386879, 9868790, 9893988, 25198
386880, 9868800, 9894001, 25201
386881, 9868810, 9894015, 25205
386882, 9868820, 9894028, 25208
386883, 9868830, 9894042, 25212
386884, 9868840, 9894055, 25215
386885, 9868850, 9894068, 25218
386887, 9868870, 9894082, 25212
386888, 9868880, 9894095, 25215
386889, 9868890, 9894109, 25219
386890, 9868900, 9894122, 25222
386891, 9868910, 9894136, 25226
386892, 9868920, 9894149, 25229
386893, 9868930, 9894162, 25232
386894, 9868940, 9894176, 25236
386895, 9868950, 9894189, 25239
386897, 9868970, 9894203, 25233
386898, 9868980, 9894216, 25236
386899, 9868990, 9894230, 25240
386901, 9869010, 9894257, 25247
386902, 9869020, 9894270, 25250
386903, 9869030, 9894283, 25253
386904, 9869040, 9894297, 25257
386905, 9869050, 9894310, 25260
386906, 9869060, 9894324, 25264
386908, 9869080, 9894337, 25257
386909, 9869090, 9894351, 25261
386910, 9869100, 9894364, 25264
386911, 9869110, 9894378, 25268
386912, 9869120, 9894391, 25271
386913, 9869130, 9894404, 25274
386914, 9869140, 9894418, 25278
386915, 9869150, 9894431, 25281
386916, 9869160, 9898012, 28852
386918, 9869180, 9898026, 28846
386919, 9869190, 9898039, 28849
386920, 9869200, 9898052, 28852
386921, 9869210, 9898066, 28856
386922, 9869220, 9898079, 28859
386923, 9869230, 9898093, 28863
386924, 9869240, 9898106, 28866
386925, 9869250, 9898120, 28870
386926, 9869260, 9898133, 28873
386927, 9869270, 9898146, 28876
386929, 9869290, 9898160, 28870
386930, 9869300, 9898173, 28873
386931, 9869310, 9898187, 28877
386932, 9869320, 9898200, 28880
386933, 9869330, 9898214, 28884
386934, 9869340, 9898227, 28887
386935, 9869350, 9898241, 28891
386936, 9869360, 9898254, 28894
386937, 9869370, 9898267, 28897
386938, 9869380, 9898281, 28901
386940, 9869400, 9898294, 28894
386941, 9869410, 9898308, 28898
386942, 9869420, 9898321, 28901
386943, 9869430, 9898335, 28905
386944, 9869440, 9898348, 28908
386945, 9869450, 9898362, 28912
386946, 9869460, 9898375, 28915
386947, 9869470, 9898388, 28918
386948, 9869480, 9898402, 28922
386951, 9869510, 9898429, 28919
386952, 9869520, 9898442, 28922
386953, 9869530, 9898456, 28926
386954, 9869540, 9898469, 28929
386955, 9869550, 9898482, 28932
386956, 9869560, 9898496, 28936
386957, 9869570, 9898509, 28939
386958, 9869580, 9898523, 28943
386959, 9869590, 9898536, 28946
386961, 9869610, 9898550, 28940
386962, 9869620, 9898563, 28943
386963, 9869630, 9898577, 28947
386964, 9869640, 9898590, 28950
386965, 9869650, 9898603, 28953
386966, 9869660, 9898617, 28957
386967, 9869670, 9898630, 28960
386968, 9869680, 9898644, 28964
386969, 9869690, 9898657, 28967
386971, 9869710, 9898671, 28961
386972, 9869720, 9898684, 28964
386973, 9869730, 9898698, 28968
386974, 9869740, 9898711, 28971
386975, 9869750, 9898724, 28974
386976, 9869760, 9898738, 28978
386977, 9869770, 9898751, 28981
386978, 9869780, 9898765, 28985
386979, 9869790, 9898778, 28988
386980, 9869800, 9898792, 28992
386982, 9869820, 9898805, 28985
386983, 9869830, 9898818, 28988
386984, 9869840, 9898832, 28992
386985, 9869850, 9898845, 28995
386986, 9869860, 9898859, 28999
386987, 9869870, 9898872, 29002
386988, 9869880, 9898886, 29006
386989, 9869890, 9898899, 29009
386990, 9869900, 9898913, 29013
386991, 9869910, 9898926, 29016
386993, 9869930, 9898939, 29009
386994, 9869940, 9898953, 29013
386995, 9869950, 9898966, 29016
386996, 9869960, 9898980, 29020
386997, 9869970, 9898993, 29023
386998, 9869980, 9899007, 29027
386999, 9869990, 9899020, 29030
387402, 9874020, 9899047, 25027
387403, 9874030, 9899060, 25030
387404, 9874040, 9899074, 25034
387405, 9874050, 9899087, 25037
387406, 9874060, 9899101, 25041
387407, 9874070, 9899114, 25044
387408, 9874080, 9899128, 25048
387409, 9874090, 9899141, 25051
387410, 9874100, 9899154, 25054
387412, 9874120, 9899168, 25048
387413, 9874130, 9899181, 25051
387414, 9874140, 9899195, 25055
387415, 9874150, 9899208, 25058
387416, 9874160, 9899222, 25062
387417, 9874170, 9899235, 25065
387418, 9874180, 9899249, 25069
387419, 9874190, 9899262, 25072
387420, 9874200, 9899275, 25075
387421, 9874210, 9899289, 25079
387423, 9874230, 9899302, 25072
387424, 9874240, 9899316, 25076
387425, 9874250, 9899329, 25079
387426, 9874260, 9899343, 25083
387427, 9874270, 9899356, 25086
387428, 9874280, 9899370, 25090
387429, 9874290, 9899383, 25093
387430, 9874300, 9899396, 25096
387431, 9874310, 9899410, 25100
387433, 9874330, 9899423, 25093
387434, 9874340, 9899437, 25097
387435, 9874350, 9899450, 25100
387436, 9874360, 9899464, 25104
387437, 9874370, 9899477, 25107
387438, 9874380, 9899490, 25110
387439, 9874390, 9899504, 25114
387440, 9874400, 9899517, 25117
387441, 9874410, 9899531, 25121
387442, 9874420, 9899544, 25124
387444, 9874440, 9899558, 25118
387445, 9874450, 9899571, 25121
387446, 9874460, 9899585, 25125
387447, 9874470, 9899598, 25128
387448, 9874480, 9899611, 25131
387449, 9874490, 9899625, 25135
387451, 9874510, 9899652, 25142
387452, 9874520, 9899665, 25145
387453, 9874530, 9899679, 25149
387455, 9874550, 9899692, 25142
387456, 9874560, 9899706, 25146
387457, 9874570, 9899719, 25149
387458, 9874580, 9899732, 25152
387459, 9874590, 9899746, 25156
387460, 9874600, 9899759, 25159
387461, 9874610, 9899773, 25163
387462, 9874620, 9899786, 25166
387463, 9874630, 9899800, 25170
387465, 9874650, 9899813, 25163
387466, 9874660, 9899826, 25166
387467, 9874670, 9899840, 25170
387468, 9874680, 9899853, 25173
387469, 9874690, 9899867, 25177
387470, 9874700, 9899880, 25180
387471, 9874710, 9899894, 25184
387472, 9874720, 9899907, 25187
387473, 9874730, 9899921, 25191
387474, 9874740, 9899934, 25194
387476, 9874760, 9899947, 25187
387477, 9874770, 9899961, 25191
387478, 9874780, 9899974, 25194
387479, 9874790, 9899988, 25198
387480, 9874800, 9900001, 25201
387481, 9874810, 9900015, 25205
387482, 9874820, 9900028, 25208
387483, 9874830, 9900042, 25212
387484, 9874840, 9900055, 25215
387485, 9874850, 9900068, 25218
387487, 9874870, 9900082, 25212
387488, 9874880, 9900095, 25215
387489, 9874890, 9900109, 25219
387490, 9874900, 9900122, 25222
387491, 9874910, 9900136, 25226
387492, 9874920, 9900149, 25229
387493, 9874930, 9900162, 25232
387494, 9874940, 9900176, 25236
387495, 9874950, 9900189, 25239
387497, 9874970, 9900203, 25233
387498, 9874980, 9900216, 25236
387499, 9874990, 9900230, 25240
387501, 9875010, 9900257, 25247
387502, 9875020, 9900270, 25250
387503, 9875030, 9900283, 25253
387504, 9875040, 9900297, 25257
387505, 9875050, 9900310, 25260
387506, 9875060, 9900324, 25264
387508, 9875080, 9900337, 25257
387509, 9875090, 9900351, 25261
387510, 9875100, 9900364, 25264
387511, 9875110, 9900378, 25268
387512, 9875120, 9900391, 25271
387513, 9875130, 9900404, 25274
387514, 9875140, 9900418, 25278
387515, 9875150, 9900431, 25281
387516, 9875160, 9904012, 28852
387517, 9875170, 9904026, 28856
387519, 9875190, 9904039, 28849
387520, 9875200, 9904052, 28852
387521, 9875210, 9904066, 28856
387522, 9875220, 9904079, 28859
387523, 9875230, 9904093, 28863
387524, 9875240, 9904106, 28866
387525, 9875250, 9904120, 28870
387526, 9875260, 9904133, 28873
387527, 9875270, 9904146, 28876
387529, 9875290, 9904160, 28870
387530, 9875300, 9904173, 28873
387531, 9875310, 9904187, 28877
387532, 9875320, 9904200, 28880
387533, 9875330, 9904214, 28884
387534, 9875340, 9904227, 28887
387535, 9875350, 9904241, 28891
387536, 9875360, 9904254, 28894
387537, 9875370, 9904267, 28897
387538, 9875380, 9904281, 28901
387540, 9875400, 9904294, 28894
387541, 9875410, 9904308, 28898
387542, 9875420, 9904321, 28901
387543, 9875430, 9904335, 28905
387544, 9875440, 9904348, 28908
387545, 9875450, 9904362, 28912
387546, 9875460, 9904375, 28915
387547, 9875470, 9904388, 28918
387548, 9875480, 9904402, 28922
387551, 9875510, 9904429, 28919
387552, 9875520, 9904442, 28922
387553, 9875530, 9904456, 28926
387554, 9875540, 9904469, 28929
387555, 9875550, 9904482, 28932
387556, 9875560, 9904496, 28936
387557, 9875570, 9904509, 28939
387558, 9875580, 9904523, 28943
387559, 9875590, 9904536, 28946
387561, 9875610, 9904550, 28940
387562, 9875620, 9904563, 28943
387563, 9875630, 9904577, 28947
387564, 9875640, 9904590, 28950
387565, 9875650, 9904603, 28953
387566, 9875660, 9904617, 28957
387567, 9875670, 9904630, 28960
387568, 9875680, 9904644, 28964
387569, 9875690, 9904657, 28967
387570, 9875700, 9904671, 28971
387572, 9875720, 9904684, 28964
387573, 9875730, 9904698, 28968
387574, 9875740, 9904711, 28971
387575, 9875750, 9904724, 28974
387576, 9875760, 9904738, 28978
387577, 9875770, 9904751, 28981
387578, 9875780, 9904765, 28985
387579, 9875790, 9904778, 28988
387580, 9875800, 9904792, 28992
387582, 9875820, 9904805, 28985
387583, 9875830, 9904818, 28988
387584, 9875840, 9904832, 28992
387585, 9875850, 9904845, 28995
387586, 9875860, 9904859, 28999
387587, 9875870, 9904872, 29002
387588, 9875880, 9904886, 29006
387589, 9875890, 9904899, 29009
387590, 9875900, 9904913, 29013
387591, 9875910, 9904926, 29016
387593, 9875930, 9904939, 29009
387594, 9875940, 9904953, 29013
387595, 9875950, 9904966, 29016
387596, 9875960, 9904980, 29020
387597, 9875970, 9904993, 29023
387598, 9875980, 9905007, 29027
387599, 9875990, 9905020, 29030
388002, 9880020, 9905047, 25027
388003, 9880030, 9905060, 25030
388004, 9880040, 9905074, 25034
388005, 9880050, 9905087, 25037
388006, 9880060, 9905101, 25041
388007, 9880070, 9905114, 25044
388008, 9880080, 9905127, 25047
388009, 9880090, 9905141, 25051
388010, 9880100, 9905154, 25054
388012, 9880120, 9905168, 25048
388013, 9880130, 9905181, 25051
388014, 9880140, 9905195, 25055
388015, 9880150, 9905208, 25058
388016, 9880160, 9905222, 25062
388017, 9880170, 9905235, 25065
388018, 9880180, 9905248, 25068
388019, 9880190, 9905262, 25072
388020, 9880200, 9905275, 25075
388021, 9880210, 9905289, 25079
388023, 9880230, 9905302, 25072
388024, 9880240, 9905316, 25076
388025, 9880250, 9905329, 25079
388026, 9880260, 9905342, 25082
388027, 9880270, 9905356, 25086
388028, 9880280, 9905369, 25089
388029, 9880290, 9905383, 25093
388030, 9880300, 9905396, 25096
388031, 9880310, 9905410, 25100
388033, 9880330, 9905423, 25093
388034, 9880340, 9905437, 25097
388035, 9880350, 9905450, 25100
388036, 9880360, 9905463, 25103
388037, 9880370, 9905477, 25107
388038, 9880380, 9905490, 25110
388039, 9880390, 9905504, 25114
388040, 9880400, 9905517, 25117
388041, 9880410, 9905531, 25121
388042, 9880420, 9905544, 25124
388044, 9880440, 9905558, 25118
388045, 9880450, 9905571, 25121
388046, 9880460, 9905584, 25124
388047, 9880470, 9905598, 25128
388048, 9880480, 9905611, 25131
388049, 9880490, 9905625, 25135
388051, 9880510, 9905652, 25142
388052, 9880520, 9905665, 25145
388053, 9880530, 9905678, 25148
388055, 9880550, 9905692, 25142
388056, 9880560, 9905705, 25145
388057, 9880570, 9905719, 25149
388058, 9880580, 9905732, 25152
388059, 9880590, 9905746, 25156
388060, 9880600, 9905759, 25159
388061, 9880610, 9905773, 25163
388062, 9880620, 9905786, 25166
388063, 9880630, 9905799, 25169
388065, 9880650, 9905813, 25163
388066, 9880660, 9905826, 25166
388067, 9880670, 9905840, 25170
388068, 9880680, 9905853, 25173
388069, 9880690, 9905867, 25177
388070, 9880700, 9905880, 25180
388071, 9880710, 9905894, 25184
388072, 9880720, 9905907, 25187
388073, 9880730, 9905920, 25190
388074, 9880740, 9905934, 25194
388076, 9880760, 9905947, 25187
388077, 9880770, 9905961, 25191
388078, 9880780, 9905974, 25194
388079, 9880790, 9905988, 25198
388080, 9880800, 9906001, 25201
388081, 9880810, 9906014, 25204
388082, 9880820, 9906028, 25208
388083, 9880830, 9906041, 25211
388084, 9880840, 9906055, 25215
388085, 9880850, 9906068, 25218
388087, 9880870, 9906082, 25212
388088, 9880880, 9906095, 25215
388089, 9880890, 9906109, 25219
388090, 9880900, 9906122, 25222
388091, 9880910, 9906135, 25225
388092, 9880920, 9906149, 25229
388093, 9880930, 9906162, 25232
388094, 9880940, 9906176, 25236
388095, 9880950, 9906189, 25239
388097, 9880970, 9906203, 25233
388098, 9880980, 9906216, 25236
388099, 9880990, 9906230, 25240
388101, 9881010, 9906256, 25246
388102, 9881020, 9906270, 25250
388103, 9881030, 9906283, 25253
388104, 9881040, 9906297, 25257
388105, 9881050, 9906310, 25260
388106, 9881060, 9906324, 25264
388108, 9881080, 9906337, 25257
388109, 9881090, 9906350, 25260
388110, 9881100, 9906364, 25264
388111, 9881110, 9906377, 25267
388112, 9881120, 9906391, 25271
388113, 9881130, 9906404, 25274
388114, 9881140, 9906418, 25278
388115, 9881150, 9906431, 25281
388116, 9881160, 9910012, 28852
388118, 9881180, 9910026, 28846
388119, 9881190, 9910039, 28849
388120, 9881200, 9910052, 28852
388121, 9881210, 9910066, 28856
388122, 9881220, 9910079, 28859
388123, 9881230, 9910093, 28863
388124, 9881240, 9910106, 28866
388125, 9881250, 9910120, 28870
388126, 9881260, 9910133, 28873
388127, 9881270, 9910146, 28876
388129, 9881290, 9910160, 28870
388130, 9881300, 9910173, 28873
388131, 9881310, 9910187, 28877
388132, 9881320, 9910200, 28880
388133, 9881330, 9910214, 28884
388134, 9881340, 9910227, 28887
388135, 9881350, 9910241, 28891
388136, 9881360, 9910254, 28894
388137, 9881370, 9910267, 28897
388138, 9881380, 9910281, 28901
388140, 9881400, 9910294, 28894
388141, 9881410, 9910308, 28898
388142, 9881420, 9910321, 28901
388143, 9881430, 9910335, 28905
388144, 9881440, 9910348, 28908
388145, 9881450, 9910362, 28912
388146, 9881460, 9910375, 28915
388147, 9881470, 9910388, 28918
388148, 9881480, 9910402, 28922
388151, 9881510, 9910429, 28919
388152, 9881520, 9910442, 28922
388153, 9881530, 9910456, 28926
388154, 9881540, 9910469, 28929
388155, 9881550, 9910482, 28932
388156, 9881560, 9910496, 28936
388157, 9881570, 9910509, 28939
388158, 9881580, 9910523, 28943
388159, 9881590, 9910536, 28946
388161, 9881610, 9910550, 28940
388162, 9881620, 9910563, 28943
388163, 9881630, 9910577, 28947
388164, 9881640, 9910590, 28950
388165, 9881650, 9910603, 28953
388166, 9881660, 9910617, 28957
388167, 9881670, 9910630, 28960
388168, 9881680, 9910644, 28964
388169, 9881690, 9910657, 28967
388171, 9881710, 9910671, 28961
388172, 9881720, 9910684, 28964
388173, 9881730, 9910698, 28968
388174, 9881740, 9910711, 28971
388175, 9881750, 9910724, 28974
388176, 9881760, 9910738, 28978
388177, 9881770, 9910751, 28981
388178, 9881780, 9910765, 28985
388179, 9881790, 9910778, 28988
388180, 9881800, 9910792, 28992
388182, 9881820, 9910805, 28985
388183, 9881830, 9910818, 28988
388184, 9881840, 9910832, 28992
388185, 9881850, 9910845, 28995
388186, 9881860, 9910859, 28999
388187, 9881870, 9910872, 29002
388188, 9881880, 9910886, 29006
388189, 9881890, 9910899, 29009
388190, 9881900, 9910913, 29013
388191, 9881910, 9910926, 29016
388193, 9881930, 9910939, 29009
388194, 9881940, 9910953, 29013
388195, 9881950, 9910966, 29016
388196, 9881960, 9910980, 29020
388197, 9881970, 9910993, 29023
388198, 9881980, 9911007, 29027
388199, 9881990, 9911020, 29030
388602, 9886020, 9911047, 25027
388603, 9886030, 9911060, 25030
388604, 9886040, 9911074, 25034
388605, 9886050, 9911087, 25037
388606, 9886060, 9911101, 25041
388607, 9886070, 9911114, 25044
388608, 9886080, 9911128, 25048
388609, 9886090, 9911141, 25051
388610, 9886100, 9911154, 25054
388612, 9886120, 9911168, 25048
388613, 9886130, 9911181, 25051
388614, 9886140, 9911195, 25055
388615, 9886150, 9911208, 25058
388616, 9886160, 9911222, 25062
388617, 9886170, 9911235, 25065
388618, 9886180, 9911249, 25069
388619, 9886190, 9911262, 25072
388620, 9886200, 9911275, 25075
388621, 9886210, 9911289, 25079
388623, 9886230, 9911302, 25072
388624, 9886240, 9911316, 25076
388625, 9886250, 9911329, 25079
388626, 9886260, 9911343, 25083
388627, 9886270, 9911356, 25086
388628, 9886280, 9911370, 25090
388629, 9886290, 9911383, 25093
388630, 9886300, 9911396, 25096
388631, 9886310, 9911410, 25100
388633, 9886330, 9911423, 25093
388634, 9886340, 9911437, 25097
388635, 9886350, 9911450, 25100
388636, 9886360, 9911464, 25104
388637, 9886370, 9911477, 25107
388638, 9886380, 9911490, 25110
388639, 9886390, 9911504, 25114
388640, 9886400, 9911517, 25117
388641, 9886410, 9911531, 25121
388642, 9886420, 9911544, 25124
388644, 9886440, 9911558, 25118
388645, 9886450, 9911571, 25121
388646, 9886460, 9911585, 25125
388647, 9886470, 9911598, 25128
388648, 9886480, 9911611, 25131
388649, 9886490, 9911625, 25135
388651, 9886510, 9911652, 25142
388652, 9886520, 9911665, 25145
388653, 9886530, 9911679, 25149
388655, 9886550, 9911692, 25142
388656, 9886560, 9911706, 25146
388657, 9886570, 9911719, 25149
388658, 9886580, 9911732, 25152
388659, 9886590, 9911746, 25156
388660, 9886600, 9911759, 25159
388661, 9886610, 9911773, 25163
388662, 9886620, 9911786, 25166
388663, 9886630, 9911800, 25170
388665, 9886650, 9911813, 25163
388666, 9886660, 9911826, 25166
388667, 9886670, 9911840, 25170
388668, 9886680, 9911853, 25173
388669, 9886690, 9911867, 25177
388670, 9886700, 9911880, 25180
388671, 9886710, 9911894, 25184
388672, 9886720, 9911907, 25187
388673, 9886730, 9911921, 25191
388674, 9886740, 9911934, 25194
388676, 9886760, 9911947, 25187
388677, 9886770, 9911961, 25191
388678, 9886780, 9911974, 25194
388679, 9886790, 9911988, 25198
388680, 9886800, 9912001, 25201
388681, 9886810, 9912015, 25205
388682, 9886820, 9912028, 25208
388683, 9886830, 9912042, 25212
388684, 9886840, 9912055, 25215
388685, 9886850, 9912068, 25218
388687, 9886870, 9912082, 25212
388688, 9886880, 9912095, 25215
388689, 9886890, 9912109, 25219
388690, 9886900, 9912122, 25222
388691, 9886910, 9912136, 25226
388692, 9886920, 9912149, 25229
388693, 9886930, 9912162, 25232
388694, 9886940, 9912176, 25236
388695, 9886950, 9912189, 25239
388697, 9886970, 9912203, 25233
388698, 9886980, 9912216, 25236
388699, 9886990, 9912230, 25240
388701, 9887010, 9912257, 25247
388702, 9887020, 9912270, 25250
388703, 9887030, 9912283, 25253
388704, 9887040, 9912297, 25257
388705, 9887050, 9912310, 25260
388706, 9887060, 9912324, 25264
388708, 9887080, 9912337, 25257
388709, 9887090, 9912351, 25261
388710, 9887100, 9912364, 25264
388711, 9887110, 9912378, 25268
388712, 9887120, 9912391, 25271
388713, 9887130, 9912404, 25274
388714, 9887140, 9912418, 25278
388715, 9887150, 9912431, 25281
388716, 9887160, 9916012, 28852
388718, 9887180, 9916026, 28846
388719, 9887190, 9916039, 28849
388720, 9887200, 9916052, 28852
388721, 9887210, 9916066, 28856
388722, 9887220, 9916079, 28859
388723, 9887230, 9916093, 28863
388724, 9887240, 9916106, 28866
388725, 9887250, 9916120, 28870
388726, 9887260, 9916133, 28873
388727, 9887270, 9916146, 28876
388729, 9887290, 9916160, 28870
388730, 9887300, 9916173, 28873
388731, 9887310, 9916187, 28877
388732, 9887320, 9916200, 28880
388733, 9887330, 9916214, 28884
388734, 9887340, 9916227, 28887
388735, 9887350, 9916241, 28891
388736, 9887360, 9916254, 28894
388737, 9887370, 9916267, 28897
388738, 9887380, 9916281, 28901
388740, 9887400, 9916294, 28894
388741, 9887410, 9916308, 28898
388742, 9887420, 9916321, 28901
388743, 9887430, 9916335, 28905
388744, 9887440, 9916348, 28908
388745, 9887450, 9916362, 28912
388746, 9887460, 9916375, 28915
388747, 9887470, 9916388, 28918
388748, 9887480, 9916402, 28922
388751, 9887510, 9916429, 28919
388752, 9887520, 9916442, 28922
388753, 9887530, 9916456, 28926
388754, 9887540, 9916469, 28929
388755, 9887550, 9916482, 28932
388756, 9887560, 9916496, 28936
388757, 9887570, 9916509, 28939
388758, 9887580, 9916523, 28943
388759, 9887590, 9916536, 28946
388761, 9887610, 9916550, 28940
388762, 9887620, 9916563, 28943
388763, 9887630, 9916577, 28947
388764, 9887640, 9916590, 28950
388765, 9887650, 9916603, 28953
388766, 9887660, 9916617, 28957
388767, 9887670, 9916630, 28960
388768, 9887680, 9916644, 28964
388769, 9887690, 9916657, 28967
388771, 9887710, 9916671, 28961
388772, 9887720, 9916684, 28964
388773, 9887730, 9916698, 28968
388774, 9887740, 9916711, 28971
388775, 9887750, 9916724, 28974
388776, 9887760, 9916738, 28978
388777, 9887770, 9916751, 28981
388778, 9887780, 9916765, 28985
388779, 9887790, 9916778, 28988
388780, 9887800, 9916792, 28992
388782, 9887820, 9916805, 28985
388783, 9887830, 9916818, 28988
388784, 9887840, 9916832, 28992
388785, 9887850, 9916845, 28995
388786, 9887860, 9916859, 28999
388787, 9887870, 9916872, 29002
388788, 9887880, 9916886, 29006
388789, 9887890, 9916899, 29009
388790, 9887900, 9916913, 29013
388791, 9887910, 9916926, 29016
388793, 9887930, 9916939, 29009
388794, 9887940, 9916953, 29013
388795, 9887950, 9916966, 29016
388796, 9887960, 9916980, 29020
388797, 9887970, 9916993, 29023
388798, 9887980, 9917007, 29027
388799, 9887990, 9917020, 29030
389202, 9892020, 9917047, 25027
389203, 9892030, 9917060, 25030
389204, 9892040, 9917074, 25034
389205, 9892050, 9917087, 25037
389206, 9892060, 9917101, 25041
389207, 9892070, 9917114, 25044
389208, 9892080, 9917128, 25048
389209, 9892090, 9917141, 25051
389210, 9892100, 9917154, 25054
389212, 9892120, 9917168, 25048
389213, 9892130, 9917181, 25051
389214, 9892140, 9917195, 25055
389215, 9892150, 9917208, 25058
389216, 9892160, 9917222, 25062
389217, 9892170, 9917235, 25065
389218, 9892180, 9917249, 25069
389219, 9892190, 9917262, 25072
389220, 9892200, 9917275, 25075
389221, 9892210, 9917289, 25079
389223, 9892230, 9917302, 25072
389224, 9892240, 9917316, 25076
389225, 9892250, 9917329, 25079
389226, 9892260, 9917343, 25083
389227, 9892270, 9917356, 25086
389228, 9892280, 9917370, 25090
389229, 9892290, 9917383, 25093
389230, 9892300, 9917396, 25096
389231, 9892310, 9917410, 25100
389233, 9892330, 9917423, 25093
389234, 9892340, 9917437, 25097
389235, 9892350, 9917450, 25100
389236, 9892360, 9917464, 25104
389237, 9892370, 9917477, 25107
389238, 9892380, 9917490, 25110
389239, 9892390, 9917504, 25114
389240, 9892400, 9917517, 25117
389241, 9892410, 9917531, 25121
389242, 9892420, 9917544, 25124
389244, 9892440, 9917558, 25118
389245, 9892450, 9917571, 25121
389246, 9892460, 9917585, 25125
389247, 9892470, 9917598, 25128
389248, 9892480, 9917611, 25131
389249, 9892490, 9917625, 25135
389251, 9892510, 9917652, 25142
389252, 9892520, 9917665, 25145
389253, 9892530, 9917679, 25149
389255, 9892550, 9917692, 25142
389256, 9892560, 9917706, 25146
389257, 9892570, 9917719, 25149
389258, 9892580, 9917732, 25152
389259, 9892590, 9917746, 25156
389260, 9892600, 9917759, 25159
389261, 9892610, 9917773, 25163
389262, 9892620, 9917786, 25166
389263, 9892630, 9917800, 25170
389265, 9892650, 9917813, 25163
389266, 9892660, 9917826, 25166
389267, 9892670, 9917840, 25170
389268, 9892680, 9917853, 25173
389269, 9892690, 9917867, 25177
389270, 9892700, 9917880, 25180
389271, 9892710, 9917894, 25184
389272, 9892720, 9917907, 25187
389273, 9892730, 9917921, 25191
389274, 9892740, 9917934, 25194
389276, 9892760, 9917947, 25187
389277, 9892770, 9917961, 25191
389278, 9892780, 9917974, 25194
389279, 9892790, 9917988, 25198
389280, 9892800, 9918001, 25201
389281, 9892810, 9918015, 25205
389282, 9892820, 9918028, 25208
389283, 9892830, 9918042, 25212
389284, 9892840, 9918055, 25215
389285, 9892850, 9918068, 25218
389287, 9892870, 9918082, 25212
389288, 9892880, 9918095, 25215
389289, 9892890, 9918109, 25219
389290, 9892900, 9918122, 25222
389291, 9892910, 9918136, 25226
389292, 9892920, 9918149, 25229
389293, 9892930, 9918162, 25232
389294, 9892940, 9918176, 25236
389295, 9892950, 9918189, 25239
389297, 9892970, 9918203, 25233
389298, 9892980, 9918216, 25236
389299, 9892990, 9918230, 25240
389301, 9893010, 9918257, 25247
389302, 9893020, 9918270, 25250
389303, 9893030, 9918283, 25253
389304, 9893040, 9918297, 25257
389305, 9893050, 9918310, 25260
389306, 9893060, 9918324, 25264
389308, 9893080, 9918337, 25257
389309, 9893090, 9918351, 25261
389310, 9893100, 9918364, 25264
389311, 9893110, 9918378, 25268
389312, 9893120, 9918391, 25271
389313, 9893130, 9918404, 25274
389314, 9893140, 9918418, 25278
389315, 9893150, 9918431, 25281
389316, 9893160, 9922012, 28852
389318, 9893180, 9922026, 28846
389319, 9893190, 9922039, 28849
389320, 9893200, 9922052, 28852
389321, 9893210, 9922066, 28856
389322, 9893220, 9922079, 28859
389323, 9893230, 9922093, 28863
389324, 9893240, 9922106, 28866
389325, 9893250, 9922120, 28870
389326, 9893260, 9922133, 28873
389327, 9893270, 9922146, 28876
389329, 9893290, 9922160, 28870
389330, 9893300, 9922173, 28873
389331, 9893310, 9922187, 28877
389332, 9893320, 9922200, 28880
389333, 9893330, 9922214, 28884
389334, 9893340, 9922227, 28887
389335, 9893350, 9922241, 28891
389336, 9893360, 9922254, 28894
389337, 9893370, 9922267, 28897
389338, 9893380, 9922281, 28901
389340, 9893400, 9922294, 28894
389341, 9893410, 9922308, 28898
389342, 9893420, 9922321, 28901
389343, 9893430, 9922335, 28905
389344, 9893440, 9922348, 28908
389345, 9893450, 9922362, 28912
389346, 9893460, 9922375, 28915
389347, 9893470, 9922388, 28918
389348, 9893480, 9922402, 28922
389351, 9893510, 9922429, 28919
389352, 9893520, 9922442, 28922
389353, 9893530, 9922456, 28926
389354, 9893540, 9922469, 28929
389355, 9893550, 9922482, 28932
389356, 9893560, 9922496, 28936
389357, 9893570, 9922509, 28939
389358, 9893580, 9922523, 28943
389359, 9893590, 9922536, 28946
389361, 9893610, 9922550, 28940
389362, 9893620, 9922563, 28943
389363, 9893630, 9922577, 28947
389364, 9893640, 9922590, 28950
389365, 9893650, 9922603, 28953
389366, 9893660, 9922617, 28957
389367, 9893670, 9922630, 28960
389368, 9893680, 9922644, 28964
389369, 9893690, 9922657, 28967
389371, 9893710, 9922671, 28961
389372, 9893720, 9922684, 28964
389373, 9893730, 9922698, 28968
389374, 9893740, 9922711, 28971
389375, 9893750, 9922724, 28974
389376, 9893760, 9922738, 28978
389377, 9893770, 9922751, 28981
389378, 9893780, 9922765, 28985
389379, 9893790, 9922778, 28988
389380, 9893800, 9922792, 28992
389382, 9893820, 9922805, 28985
389383, 9893830, 9922818, 28988
389384, 9893840, 9922832, 28992
389385, 9893850, 9922845, 28995
389386, 9893860, 9922859, 28999
389387, 9893870, 9922872, 29002
389388, 9893880, 9922886, 29006
389389, 9893890, 9922899, 29009
389390, 9893900, 9922913, 29013
389391, 9893910, 9922926, 29016
389393, 9893930, 9922939, 29009
389394, 9893940, 9922953, 29013
389395, 9893950, 9922966, 29016
389396, 9893960, 9922980, 29020
389397, 9893970, 9922993, 29023
389398, 9893980, 9923007, 29027
389399, 9893990, 9923020, 29030
389802, 9898020, 9923047, 25027
389803, 9898030, 9923060, 25030
389804, 9898040, 9923074, 25034
389805, 9898050, 9923087, 25037
389806, 9898060, 9923101, 25041
389807, 9898070, 9923114, 25044
389808, 9898080, 9923128, 25048
389809, 9898090, 9923141, 25051
389810, 9898100, 9923154, 25054
389812, 9898120, 9923168, 25048
389813, 9898130, 9923181, 25051
389814, 9898140, 9923195, 25055
389815, 9898150, 9923208, 25058
389816, 9898160, 9923222, 25062
389817, 9898170, 9923235, 25065
389818, 9898180, 9923249, 25069
389819, 9898190, 9923262, 25072
389820, 9898200, 9923275, 25075
389821, 9898210, 9923289, 25079
389823, 9898230, 9923302, 25072
389824, 9898240, 9923316, 25076
389825, 9898250, 9923329, 25079
389826, 9898260, 9923343, 25083
389827, 9898270, 9923356, 25086
389828, 9898280, 9923370, 25090
389829, 9898290, 9923383, 25093
389830, 9898300, 9923396, 25096
389831, 9898310, 9923410, 25100
389833, 9898330, 9923423, 25093
389834, 9898340, 9923437, 25097
389835, 9898350, 9923450, 25100
389836, 9898360, 9923464, 25104
389837, 9898370, 9923477, 25107
389838, 9898380, 9923490, 25110
389839, 9898390, 9923504, 25114
389840, 9898400, 9923517, 25117
389841, 9898410, 9923531, 25121
389842, 9898420, 9923544, 25124
389844, 9898440, 9923558, 25118
389845, 9898450, 9923571, 25121
389846, 9898460, 9923585, 25125
389847, 9898470, 9923598, 25128
389848, 9898480, 9923611, 25131
389849, 9898490, 9923625, 25135
389851, 9898510, 9923652, 25142
389852, 9898520, 9923665, 25145
389853, 9898530, 9923679, 25149
389855, 9898550, 9923692, 25142
389856, 9898560, 9923706, 25146
389857, 9898570, 9923719, 25149
389858, 9898580, 9923732, 25152
389859, 9898590, 9923746, 25156
389860, 9898600, 9923759, 25159
389861, 9898610, 9923773, 25163
389862, 9898620, 9923786, 25166
389863, 9898630, 9923800, 25170
389865, 9898650, 9923813, 25163
389866, 9898660, 9923826, 25166
389867, 9898670, 9923840, 25170
389868, 9898680, 9923853, 25173
389869, 9898690, 9923867, 25177
389870, 9898700, 9923880, 25180
389871, 9898710, 9923894, 25184
389872, 9898720, 9923907, 25187
389873, 9898730, 9923921, 25191
389874, 9898740, 9923934, 25194
389876, 9898760, 9923947, 25187
389877, 9898770, 9923961, 25191
389878, 9898780, 9923974, 25194
389879, 9898790, 9923988, 25198
389880, 9898800, 9924001, 25201
389881, 9898810, 9924015, 25205
389882, 9898820, 9924028, 25208
389883, 9898830, 9924042, 25212
389884, 9898840, 9924055, 25215
389885, 9898850, 9924068, 25218
389887, 9898870, 9924082, 25212
389888, 9898880, 9924095, 25215
389889, 9898890, 9924109, 25219
389890, 9898900, 9924122, 25222
389891, 9898910, 9924136, 25226
389892, 9898920, 9924149, 25229
389893, 9898930, 9924162, 25232
389894, 9898940, 9924176, 25236
389895, 9898950, 9924189, 25239
389897, 9898970, 9924203, 25233
389898, 9898980, 9924216, 25236
389899, 9898990, 9924230, 25240
389901, 9899010, 9924257, 25247
389902, 9899020, 9924270, 25250
389903, 9899030, 9924283, 25253
389904, 9899040, 9924297, 25257
389905, 9899050, 9924310, 25260
389906, 9899060, 9924324, 25264
389908, 9899080, 9924337, 25257
389909, 9899090, 9924351, 25261
389910, 9899100, 9924364, 25264
389911, 9899110, 9924378, 25268
389912, 9899120, 9924391, 25271
389913, 9899130, 9924404, 25274
389914, 9899140, 9924418, 25278
389915, 9899150, 9924431, 25281
389916, 9899160, 9928012, 28852
389918, 9899180, 9928026, 28846
389919, 9899190, 9928039, 28849
389920, 9899200, 9928052, 28852
389921, 9899210, 9928066, 28856
389922, 9899220, 9928079, 28859
389923, 9899230, 9928093, 28863
389924, 9899240, 9928106, 28866
389925, 9899250, 9928120, 28870
389926, 9899260, 9928133, 28873
389927, 9899270, 9928146, 28876
389929, 9899290, 9928160, 28870
389930, 9899300, 9928173, 28873
389931, 9899310, 9928187, 28877
389932, 9899320, 9928200, 28880
389933, 9899330, 9928214, 28884
389934, 9899340, 9928227, 28887
389935, 9899350, 9928241, 28891
389936, 9899360, 9928254, 28894
389937, 9899370, 9928267, 28897
389938, 9899380, 9928281, 28901
389940, 9899400, 9928294, 28894
389941, 9899410, 9928308, 28898
389942, 9899420, 9928321, 28901
389943, 9899430, 9928335, 28905
389944, 9899440, 9928348, 28908
389945, 9899450, 9928362, 28912
389946, 9899460, 9928375, 28915
389947, 9899470, 9928388, 28918
389948, 9899480, 9928402, 28922
389951, 9899510, 9928429, 28919
389952, 9899520, 9928442, 28922
389953, 9899530, 9928456, 28926
389954, 9899540, 9928469, 28929
389955, 9899550, 9928482, 28932
389956, 9899560, 9928496, 28936
389957, 9899570, 9928509, 28939
389958, 9899580, 9928523, 28943
389959, 9899590, 9928536, 28946
389961, 9899610, 9928550, 28940
389962, 9899620, 9928563, 28943
389963, 9899630, 9928577, 28947
389964, 9899640, 9928590, 28950
389965, 9899650, 9928603, 28953
389966, 9899660, 9928617, 28957
389967, 9899670, 9928630, 28960
389968, 9899680, 9928644, 28964
389969, 9899690, 9928657, 28967
389971, 9899710, 9928671, 28961
389972, 9899720, 9928684, 28964
389973, 9899730, 9928698, 28968
389974, 9899740, 9928711, 28971
389975, 9899750, 9928724, 28974
389976, 9899760, 9928738, 28978
389977, 9899770, 9928751, 28981
389978, 9899780, 9928765, 28985
389979, 9899790, 9928778, 28988
389980, 9899800, 9928792, 28992
389982, 9899820, 9928805, 28985
389983, 9899830, 9928818, 28988
389984, 9899840, 9928832, 28992
389985, 9899850, 9928845, 28995
389986, 9899860, 9928859, 28999
389987, 9899870, 9928872, 29002
389988, 9899880, 9928886, 29006
389989, 9899890, 9928899, 29009
389990, 9899900, 9928913, 29013
389991, 9899910, 9928926, 29016
389993, 9899930, 9928939, 29009
389994, 9899940, 9928953, 29013
389995, 9899950, 9928966, 29016
389996, 9899960, 9928980, 29020
389997, 9899970, 9928993, 29023
389998, 9899980, 9929007, 29027
389999, 9899990, 9929020, 29030
390402, 9904020, 9929047, 25027
390403, 9904030, 9929060, 25030
390404, 9904040, 9929074, 25034
390405, 9904050, 9929087, 25037
390406, 9904060, 9929101, 25041
390407, 9904070, 9929114, 25044
390408, 9904080, 9929128, 25048
390409, 9904090, 9929141, 25051
390410, 9904100, 9929154, 25054
390412, 9904120, 9929168, 25048
390413, 9904130, 9929181, 25051
390414, 9904140, 9929195, 25055
390415, 9904150, 9929208, 25058
390416, 9904160, 9929222, 25062
390417, 9904170, 9929235, 25065
390418, 9904180, 9929249, 25069
390419, 9904190, 9929262, 25072
390420, 9904200, 9929275, 25075
390421, 9904210, 9929289, 25079
390423, 9904230, 9929302, 25072
390424, 9904240, 9929316, 25076
390425, 9904250, 9929329, 25079
390426, 9904260, 9929343, 25083
390427, 9904270, 9929356, 25086
390428, 9904280, 9929370, 25090
390429, 9904290, 9929383, 25093
390430, 9904300, 9929396, 25096
390431, 9904310, 9929410, 25100
390433, 9904330, 9929423, 25093
390434, 9904340, 9929437, 25097
390435, 9904350, 9929450, 25100
390436, 9904360, 9929464, 25104
390437, 9904370, 9929477, 25107
390438, 9904380, 9929490, 25110
390439, 9904390, 9929504, 25114
390440, 9904400, 9929517, 25117
390441, 9904410, 9929531, 25121
390442, 9904420, 9929544, 25124
390444, 9904440, 9929558, 25118
390445, 9904450, 9929571, 25121
390446, 9904460, 9929585, 25125
390447, 9904470, 9929598, 25128
390448, 9904480, 9929611, 25131
390449, 9904490, 9929625, 25135
390451, 9904510, 9929652, 25142
390452, 9904520, 9929665, 25145
390453, 9904530, 9929679, 25149
390455, 9904550, 9929692, 25142
390456, 9904560, 9929706, 25146
390457, 9904570, 9929719, 25149
390458, 9904580, 9929732, 25152
390459, 9904590, 9929746, 25156
390460, 9904600, 9929759, 25159
390461, 9904610, 9929773, 25163
390462, 9904620, 9929786, 25166
390463, 9904630, 9929800, 25170
390465, 9904650, 9929813, 25163
390466, 9904660, 9929826, 25166
390467, 9904670, 9929840, 25170
390468, 9904680, 9929853, 25173
390469, 9904690, 9929867, 25177
390470, 9904700, 9929880, 25180
390471, 9904710, 9929894, 25184
390472, 9904720, 9929907, 25187
390473, 9904730, 9929921, 25191
390474, 9904740, 9929934, 25194
390476, 9904760, 9929947, 25187
390477, 9904770, 9929961, 25191
390478, 9904780, 9929974, 25194
390479, 9904790, 9929988, 25198
390480, 9904800, 9930001, 25201
390481, 9904810, 9930015, 25205
390482, 9904820, 9930028, 25208
390483, 9904830, 9930042, 25212
390484, 9904840, 9930055, 25215
390485, 9904850, 9930068, 25218
390487, 9904870, 9930082, 25212
390488, 9904880, 9930095, 25215
390489, 9904890, 9930109, 25219
390490, 9904900, 9930122, 25222
390491, 9904910, 9930136, 25226
390492, 9904920, 9930149, 25229
390493, 9904930, 9930162, 25232
390494, 9904940, 9930176, 25236
390495, 9904950, 9930189, 25239
390497, 9904970, 9930203, 25233
390498, 9904980, 9930216, 25236
390499, 9904990, 9930230, 25240
390501, 9905010, 9930257, 25247
390502, 9905020, 9930270, 25250
390503, 9905030, 9930283, 25253
390504, 9905040, 9930297, 25257
390505, 9905050, 9930310, 25260
390506, 9905060, 9930324, 25264
390508, 9905080, 9930337, 25257
390509, 9905090, 9930351, 25261
390510, 9905100, 9930364, 25264
390511, 9905110, 9930378, 25268
390512, 9905120, 9930391, 25271
390513, 9905130, 9930404, 25274
390514, 9905140, 9930418, 25278
390515, 9905150, 9930431, 25281
390516, 9905160, 9934012, 28852
390517, 9905170, 9934026, 28856
390519, 9905190, 9934039, 28849
390520, 9905200, 9934052, 28852
390521, 9905210, 9934066, 28856
390522, 9905220, 9934079, 28859
390523, 9905230, 9934093, 28863
390524, 9905240, 9934106, 28866
390525, 9905250, 9934120, 28870
390526, 9905260, 9934133, 28873
390527, 9905270, 9934146, 28876
390529, 9905290, 9934160, 28870
390530, 9905300, 9934173, 28873
390531, 9905310, 9934187, 28877
390532, 9905320, 9934200, 28880
390533, 9905330, 9934214, 28884
390534, 9905340, 9934227, 28887
390535, 9905350, 9934241, 28891
390536, 9905360, 9934254, 28894
390537, 9905370, 9934267, 28897
390538, 9905380, 9934281, 28901
390540, 9905400, 9934294, 28894
390541, 9905410, 9934308, 28898
390542, 9905420, 9934321, 28901
390543, 9905430, 9934335, 28905
390544, 9905440, 9934348, 28908
390545, 9905450, 9934362, 28912
390546, 9905460, 9934375, 28915
390547, 9905470, 9934388, 28918
390548, 9905480, 9934402, 28922
390551, 9905510, 9934429, 28919
390552, 9905520, 9934442, 28922
390553, 9905530, 9934456, 28926
390554, 9905540, 9934469, 28929
390555, 9905550, 9934482, 28932
390556, 9905560, 9934496, 28936
390557, 9905570, 9934509, 28939
390558, 9905580, 9934523, 28943
390559, 9905590, 9934536, 28946
390561, 9905610, 9934550, 28940
390562, 9905620, 9934563, 28943
390563, 9905630, 9934577, 28947
390564, 9905640, 9934590, 28950
390565, 9905650, 9934603, 28953
390566, 9905660, 9934617, 28957
390567, 9905670, 9934630, 28960
390568, 9905680, 9934644, 28964
390569, 9905690, 9934657, 28967
390570, 9905700, 9934671, 28971
390572, 9905720, 9934684, 28964
390573, 9905730, 9934698, 28968
390574, 9905740, 9934711, 28971
390575, 9905750, 9934724, 28974
390576, 9905760, 9934738, 28978
390577, 9905770, 9934751, 28981
390578, 9905780, 9934765, 28985
390579, 9905790, 9934778, 28988
390580, 9905800, 9934792, 28992
390582, 9905820, 9934805, 28985
390583, 9905830, 9934818, 28988
390584, 9905840, 9934832, 28992
390585, 9905850, 9934845, 28995
390586, 9905860, 9934859, 28999
390587, 9905870, 9934872, 29002
390588, 9905880, 9934886, 29006
390589, 9905890, 9934899, 29009
390590, 9905900, 9934913, 29013
390591, 9905910, 9934926, 29016
390593, 9905930, 9934939, 29009
390594, 9905940, 9934953, 29013
390595, 9905950, 9934966, 29016
390596, 9905960, 9934980, 29020
390597, 9905970, 9934993, 29023
390598, 9905980, 9935007, 29027
390599, 9905990, 9935020, 29030
391002, 9910020, 9935047, 25027
391003, 9910030, 9935060, 25030
391004, 9910040, 9935074, 25034
391005, 9910050, 9935087, 25037
391006, 9910060, 9935101, 25041
391007, 9910070, 9935114, 25044
391008, 9910080, 9935127, 25047
391009, 9910090, 9935141, 25051
391010, 9910100, 9935154, 25054
391012, 9910120, 9935168, 25048
391013, 9910130, 9935181, 25051
391014, 9910140, 9935195, 25055
391015, 9910150, 9935208, 25058
391016, 9910160, 9935222, 25062
391017, 9910170, 9935235, 25065
391018, 9910180, 9935248, 25068
391019, 9910190, 9935262, 25072
391020, 9910200, 9935275, 25075
391021, 9910210, 9935289, 25079
391023, 9910230, 9935302, 25072
391024, 9910240, 9935316, 25076
391025, 9910250, 9935329, 25079
391026, 9910260, 9935342, 25082
391027, 9910270, 9935356, 25086
391028, 9910280, 9935369, 25089
391029, 9910290, 9935383, 25093
391030, 9910300, 9935396, 25096
391031, 9910310, 9935410, 25100
391033, 9910330, 9935423, 25093
391034, 9910340, 9935437, 25097
391035, 9910350, 9935450, 25100
391036, 9910360, 9935463, 25103
391037, 9910370, 9935477, 25107
391038, 9910380, 9935490, 25110
391039, 9910390, 9935504, 25114
391040, 9910400, 9935517, 25117
391041, 9910410, 9935531, 25121
391042, 9910420, 9935544, 25124
391044, 9910440, 9935558, 25118
391045, 9910450, 9935571, 25121
391046, 9910460, 9935584, 25124
391047, 9910470, 9935598, 25128
391048, 9910480, 9935611, 25131
391049, 9910490, 9935625, 25135
391051, 9910510, 9935652, 25142
391052, 9910520, 9935665, 25145
391053, 9910530, 9935678, 25148
391055, 9910550, 9935692, 25142
391056, 9910560, 9935705, 25145
391057, 9910570, 9935719, 25149
391058, 9910580, 9935732, 25152
391059, 9910590, 9935746, 25156
391060, 9910600, 9935759, 25159
391061, 9910610, 9935773, 25163
391062, 9910620, 9935786, 25166
391063, 9910630, 9935799, 25169
391065, 9910650, 9935813, 25163
391066, 9910660, 9935826, 25166
391067, 9910670, 9935840, 25170
391068, 9910680, 9935853, 25173
391069, 9910690, 9935867, 25177
391070, 9910700, 9935880, 25180
391071, 9910710, 9935894, 25184
391072, 9910720, 9935907, 25187
391073, 9910730, 9935920, 25190
391074, 9910740, 9935934, 25194
391076, 9910760, 9935947, 25187
391077, 9910770, 9935961, 25191
391078, 9910780, 9935974, 25194
391079, 9910790, 9935988, 25198
391080, 9910800, 9936001, 25201
391081, 9910810, 9936014, 25204
391082, 9910820, 9936028, 25208
391083, 9910830, 9936041, 25211
391084, 9910840, 9936055, 25215
391085, 9910850, 9936068, 25218
391087, 9910870, 9936082, 25212
391088, 9910880, 9936095, 25215
391089, 9910890, 9936109, 25219
391090, 9910900, 9936122, 25222
391091, 9910910, 9936135, 25225
391092, 9910920, 9936149, 25229
391093, 9910930, 9936162, 25232
391094, 9910940, 9936176, 25236
391095, 9910950, 9936189, 25239
391097, 9910970, 9936203, 25233
391098, 9910980, 9936216, 25236
391099, 9910990, 9936230, 25240
391101, 9911010, 9936256, 25246
391102, 9911020, 9936270, 25250
391103, 9911030, 9936283, 25253
391104, 9911040, 9936297, 25257
391105, 9911050, 9936310, 25260
391106, 9911060, 9936324, 25264
391108, 9911080, 9936337, 25257
391109, 9911090, 9936350, 25260
391110, 9911100, 9936364, 25264
391111, 9911110, 9936377, 25267
391112, 9911120, 9936391, 25271
391113, 9911130, 9936404, 25274
391114, 9911140, 9936418, 25278
391115, 9911150, 9936431, 25281
391116, 9911160, 9940012, 28852
391118, 9911180, 9940026, 28846
391119, 9911190, 9940039, 28849
391120, 9911200, 9940052, 28852
391121, 9911210, 9940066, 28856
391122, 9911220, 9940079, 28859
391123, 9911230, 9940093, 28863
391124, 9911240, 9940106, 28866
391125, 9911250, 9940120, 28870
391126, 9911260, 9940133, 28873
391127, 9911270, 9940146, 28876
391129, 9911290, 9940160, 28870
391130, 9911300, 9940173, 28873
391131, 9911310, 9940187, 28877
391132, 9911320, 9940200, 28880
391133, 9911330, 9940214, 28884
391134, 9911340, 9940227, 28887
391135, 9911350, 9940241, 28891
391136, 9911360, 9940254, 28894
391137, 9911370, 9940267, 28897
391138, 9911380, 9940281, 28901
391140, 9911400, 9940294, 28894
391141, 9911410, 9940308, 28898
391142, 9911420, 9940321, 28901
391143, 9911430, 9940335, 28905
391144, 9911440, 9940348, 28908
391145, 9911450, 9940362, 28912
391146, 9911460, 9940375, 28915
391147, 9911470, 9940388, 28918
391148, 9911480, 9940402, 28922
391151, 9911510, 9940429, 28919
391152, 9911520, 9940442, 28922
391153, 9911530, 9940456, 28926
391154, 9911540, 9940469, 28929
391155, 9911550, 9940482, 28932
391156, 9911560, 9940496, 28936
391157, 9911570, 9940509, 28939
391158, 9911580, 9940523, 28943
391159, 9911590, 9940536, 28946
391161, 9911610, 9940550, 28940
391162, 9911620, 9940563, 28943
391163, 9911630, 9940577, 28947
391164, 9911640, 9940590, 28950
391165, 9911650, 9940603, 28953
391166, 9911660, 9940617, 28957
391167, 9911670, 9940630, 28960
391168, 9911680, 9940644, 28964
391169, 9911690, 9940657, 28967
391171, 9911710, 9940671, 28961
391172, 9911720, 9940684, 28964
391173, 9911730, 9940698, 28968
391174, 9911740, 9940711, 28971
391175, 9911750, 9940724, 28974
391176, 9911760, 9940738, 28978
391177, 9911770, 9940751, 28981
391178, 9911780, 9940765, 28985
391179, 9911790, 9940778, 28988
391180, 9911800, 9940792, 28992
391182, 9911820, 9940805, 28985
391183, 9911830, 9940818, 28988
391184, 9911840, 9940832, 28992
391185, 9911850, 9940845, 28995
391186, 9911860, 9940859, 28999
391187, 9911870, 9940872, 29002
391188, 9911880, 9940886, 29006
391189, 9911890, 9940899, 29009
391190, 9911900, 9940913, 29013
391191, 9911910, 9940926, 29016
391193, 9911930, 9940939, 29009
391194, 9911940, 9940953, 29013
391195, 9911950, 9940966, 29016
391196, 9911960, 9940980, 29020
391197, 9911970, 9940993, 29023
391198, 9911980, 9941007, 29027
391199, 9911990, 9941020, 29030
391602, 9916020, 9941047, 25027
391603, 9916030, 9941060, 25030
391604, 9916040, 9941074, 25034
391605, 9916050, 9941087, 25037
391606, 9916060, 9941101, 25041
391607, 9916070, 9941114, 25044
391608, 9916080, 9941128, 25048
391609, 9916090, 9941141, 25051
391610, 9916100, 9941154, 25054
391612, 9916120, 9941168, 25048
391613, 9916130, 9941181, 25051
391614, 9916140, 9941195, 25055
391615, 9916150, 9941208, 25058
391616, 9916160, 9941222, 25062
391617, 9916170, 9941235, 25065
391618, 9916180, 9941249, 25069
391619, 9916190, 9941262, 25072
391620, 9916200, 9941275, 25075
391621, 9916210, 9941289, 25079
391623, 9916230, 9941302, 25072
391624, 9916240, 9941316, 25076
391625, 9916250, 9941329, 25079
391626, 9916260, 9941343, 25083
391627, 9916270, 9941356, 25086
391628, 9916280, 9941370, 25090
391629, 9916290, 9941383, 25093
391630, 9916300, 9941396, 25096
391631, 9916310, 9941410, 25100
391633, 9916330, 9941423, 25093
391634, 9916340, 9941437, 25097
391635, 9916350, 9941450, 25100
391636, 9916360, 9941464, 25104
391637, 9916370, 9941477, 25107
391638, 9916380, 9941490, 25110
391639, 9916390, 9941504, 25114
391640, 9916400, 9941517, 25117
391641, 9916410, 9941531, 25121
391642, 9916420, 9941544, 25124
391644, 9916440, 9941558, 25118
391645, 9916450, 9941571, 25121
391646, 9916460, 9941585, 25125
391647, 9916470, 9941598, 25128
391648, 9916480, 9941611, 25131
391649, 9916490, 9941625, 25135
391651, 9916510, 9941652, 25142
391652, 9916520, 9941665, 25145
391653, 9916530, 9941679, 25149
391655, 9916550, 9941692, 25142
391656, 9916560, 9941706, 25146
391657, 9916570, 9941719, 25149
391658, 9916580, 9941732, 25152
391659, 9916590, 9941746, 25156
391660, 9916600, 9941759, 25159
391661, 9916610, 9941773, 25163
391662, 9916620, 9941786, 25166
391663, 9916630, 9941800, 25170
391665, 9916650, 9941813, 25163
391666, 9916660, 9941826, 25166
391667, 9916670, 9941840, 25170
391668, 9916680, 9941853, 25173
391669, 9916690, 9941867, 25177
391670, 9916700, 9941880, 25180
391671, 9916710, 9941894, 25184
391672, 9916720, 9941907, 25187
391673, 9916730, 9941921, 25191
391674, 9916740, 9941934, 25194
391676, 9916760, 9941947, 25187
391677, 9916770, 9941961, 25191
391678, 9916780, 9941974, 25194
391679, 9916790, 9941988, 25198
391680, 9916800, 9942001, 25201
391681, 9916810, 9942015, 25205
391682, 9916820, 9942028, 25208
391683, 9916830, 9942042, 25212
391684, 9916840, 9942055, 25215
391685, 9916850, 9942068, 25218
391687, 9916870, 9942082, 25212
391688, 9916880, 9942095, 25215
391689, 9916890, 9942109, 25219
391690, 9916900, 9942122, 25222
391691, 9916910, 9942136, 25226
391692, 9916920, 9942149, 25229
391693, 9916930, 9942162, 25232
391694, 9916940, 9942176, 25236
391695, 9916950, 9942189, 25239
391697, 9916970, 9942203, 25233
391698, 9916980, 9942216, 25236
391699, 9916990, 9942230, 25240
391701, 9917010, 9942257, 25247
391702, 9917020, 9942270, 25250
391703, 9917030, 9942283, 25253
391704, 9917040, 9942297, 25257
391705, 9917050, 9942310, 25260
391706, 9917060, 9942324, 25264
391708, 9917080, 9942337, 25257
391709, 9917090, 9942351, 25261
391710, 9917100, 9942364, 25264
391711, 9917110, 9942378, 25268
391712, 9917120, 9942391, 25271
391713, 9917130, 9942404, 25274
391714, 9917140, 9942418, 25278
391715, 9917150, 9942431, 25281
391716, 9917160, 9946012, 28852
391718, 9917180, 9946026, 28846
391719, 9917190, 9946039, 28849
391720, 9917200, 9946052, 28852
391721, 9917210, 9946066, 28856
391722, 9917220, 9946079, 28859
391723, 9917230, 9946093, 28863
391724, 9917240, 9946106, 28866
391725, 9917250, 9946120, 28870
391726, 9917260, 9946133, 28873
391727, 9917270, 9946146, 28876
391729, 9917290, 9946160, 28870
391730, 9917300, 9946173, 28873
391731, 9917310, 9946187, 28877
391732, 9917320, 9946200, 28880
391733, 9917330, 9946214, 28884
391734, 9917340, 9946227, 28887
391735, 9917350, 9946241, 28891
391736, 9917360, 9946254, 28894
391737, 9917370, 9946267, 28897
391738, 9917380, 9946281, 28901
391740, 9917400, 9946294, 28894
391741, 9917410, 9946308, 28898
391742, 9917420, 9946321, 28901
391743, 9917430, 9946335, 28905
391744, 9917440, 9946348, 28908
391745, 9917450, 9946362, 28912
391746, 9917460, 9946375, 28915
391747, 9917470, 9946388, 28918
391748, 9917480, 9946402, 28922
391751, 9917510, 9946429, 28919
391752, 9917520, 9946442, 28922
391753, 9917530, 9946456, 28926
391754, 9917540, 9946469, 28929
391755, 9917550, 9946482, 28932
391756, 9917560, 9946496, 28936
391757, 9917570, 9946509, 28939
391758, 9917580, 9946523, 28943
391759, 9917590, 9946536, 28946
391761, 9917610, 9946550, 28940
391762, 9917620, 9946563, 28943
391763, 9917630, 9946577, 28947
391764, 9917640, 9946590, 28950
391765, 9917650, 9946603, 28953
391766, 9917660, 9946617, 28957
391767, 9917670, 9946630, 28960
391768, 9917680, 9946644, 28964
391769, 9917690, 9946657, 28967
391771, 9917710, 9946671, 28961
391772, 9917720, 9946684, 28964
391773, 9917730, 9946698, 28968
391774, 9917740, 9946711, 28971
391775, 9917750, 9946724, 28974
391776, 9917760, 9946738, 28978
391777, 9917770, 9946751, 28981
391778, 9917780, 9946765, 28985
391779, 9917790, 9946778, 28988
391780, 9917800, 9946792, 28992
391782, 9917820, 9946805, 28985
391783, 9917830, 9946818, 28988
391784, 9917840, 9946832, 28992
391785, 9917850, 9946845, 28995
391786, 9917860, 9946859, 28999
391787, 9917870, 9946872, 29002
391788, 9917880, 9946886, 29006
391789, 9917890, 9946899, 29009
391790, 9917900, 9946913, 29013
391791, 9917910, 9946926, 29016
391793, 9917930, 9946939, 29009
391794, 9917940, 9946953, 29013
391795, 9917950, 9946966, 29016
391796, 9917960, 9946980, 29020
391797, 9917970, 9946993, 29023
391798, 9917980, 9947007, 29027
391799, 9917990, 9947020, 29030
392202, 9922020, 9947047, 25027
392203, 9922030, 9947060, 25030
392204, 9922040, 9947074, 25034
392205, 9922050, 9947087, 25037
392206, 9922060, 9947101, 25041
392207, 9922070, 9947114, 25044
392208, 9922080, 9947128, 25048
392209, 9922090, 9947141, 25051
392210, 9922100, 9947154, 25054
392212, 9922120, 9947168, 25048
392213, 9922130, 9947181, 25051
392214, 9922140, 9947195, 25055
392215, 9922150, 9947208, 25058
392216, 9922160, 9947222, 25062
392217, 9922170, 9947235, 25065
392218, 9922180, 9947249, 25069
392219, 9922190, 9947262, 25072
392220, 9922200, 9947275, 25075
392221, 9922210, 9947289, 25079
392223, 9922230, 9947302, 25072
392224, 9922240, 9947316, 25076
392225, 9922250, 9947329, 25079
392226, 9922260, 9947343, 25083
392227, 9922270, 9947356, 25086
392228, 9922280, 9947370, 25090
392229, 9922290, 9947383, 25093
392230, 9922300, 9947396, 25096
392231, 9922310, 9947410, 25100
392233, 9922330, 9947423, 25093
392234, 9922340, 9947437, 25097
392235, 9922350, 9947450, 25100
392236, 9922360, 9947464, 25104
392237, 9922370, 9947477, 25107
392238, 9922380, 9947490, 25110
392239, 9922390, 9947504, 25114
392240, 9922400, 9947517, 25117
392241, 9922410, 9947531, 25121
392242, 9922420, 9947544, 25124
392244, 9922440, 9947558, 25118
392245, 9922450, 9947571, 25121
392246, 9922460, 9947585, 25125
392247, 9922470, 9947598, 25128
392248, 9922480, 9947611, 25131
392249, 9922490, 9947625, 25135
392251, 9922510, 9947652, 25142
392252, 9922520, 9947665, 25145
392253, 9922530, 9947679, 25149
392255, 9922550, 9947692, 25142
392256, 9922560, 9947706, 25146
392257, 9922570, 9947719, 25149
392258, 9922580, 9947732, 25152
392259, 9922590, 9947746, 25156
392260, 9922600, 9947759, 25159
392261, 9922610, 9947773, 25163
392262, 9922620, 9947786, 25166
392263, 9922630, 9947800, 25170
392265, 9922650, 9947813, 25163
392266, 9922660, 9947826, 25166
392267, 9922670, 9947840, 25170
392268, 9922680, 9947853, 25173
392269, 9922690, 9947867, 25177
392270, 9922700, 9947880, 25180
392271, 9922710, 9947894, 25184
392272, 9922720, 9947907, 25187
392273, 9922730, 9947921, 25191
392274, 9922740, 9947934, 25194
392276, 9922760, 9947947, 25187
392277, 9922770, 9947961, 25191
392278, 9922780, 9947974, 25194
392279, 9922790, 9947988, 25198
392280, 9922800, 9948001, 25201
392281, 9922810, 9948015, 25205
392282, 9922820, 9948028, 25208
392283, 9922830, 9948042, 25212
392284, 9922840, 9948055, 25215
392285, 9922850, 9948068, 25218
392287, 9922870, 9948082, 25212
392288, 9922880, 9948095, 25215
392289, 9922890, 9948109, 25219
392290, 9922900, 9948122, 25222
392291, 9922910, 9948136, 25226
392292, 9922920, 9948149, 25229
392293, 9922930, 9948162, 25232
392294, 9922940, 9948176, 25236
392295, 9922950, 9948189, 25239
392297, 9922970, 9948203, 25233
392298, 9922980, 9948216, 25236
392299, 9922990, 9948230, 25240
392301, 9923010, 9948257, 25247
392302, 9923020, 9948270, 25250
392303, 9923030, 9948283, 25253
392304, 9923040, 9948297, 25257
392305, 9923050, 9948310, 25260
392306, 9923060, 9948324, 25264
392308, 9923080, 9948337, 25257
392309, 9923090, 9948351, 25261
392310, 9923100, 9948364, 25264
392311, 9923110, 9948378, 25268
392312, 9923120, 9948391, 25271
392313, 9923130, 9948404, 25274
392314, 9923140, 9948418, 25278
392315, 9923150, 9948431, 25281
392316, 9923160, 9952012, 28852
392318, 9923180, 9952026, 28846
392319, 9923190, 9952039, 28849
392320, 9923200, 9952052, 28852
392321, 9923210, 9952066, 28856
392322, 9923220, 9952079, 28859
392323, 9923230, 9952093, 28863
392324, 9923240, 9952106, 28866
392325, 9923250, 9952120, 28870
392326, 9923260, 9952133, 28873
392327, 9923270, 9952146, 28876
392329, 9923290, 9952160, 28870
392330, 9923300, 9952173, 28873
392331, 9923310, 9952187, 28877
392332, 9923320, 9952200, 28880
392333, 9923330, 9952214, 28884
392334, 9923340, 9952227, 28887
392335, 9923350, 9952241, 28891
392336, 9923360, 9952254, 28894
392337, 9923370, 9952267, 28897
392338, 9923380, 9952281, 28901
392340, 9923400, 9952294, 28894
392341, 9923410, 9952308, 28898
392342, 9923420, 9952321, 28901
392343, 9923430, 9952335, 28905
392344, 9923440, 9952348, 28908
392345, 9923450, 9952362, 28912
392346, 9923460, 9952375, 28915
392347, 9923470, 9952388, 28918
392348, 9923480, 9952402, 28922
392351, 9923510, 9952429, 28919
392352, 9923520, 9952442, 28922
392353, 9923530, 9952456, 28926
392354, 9923540, 9952469, 28929
392355, 9923550, 9952482, 28932
392356, 9923560, 9952496, 28936
392357, 9923570, 9952509, 28939
392358, 9923580, 9952523, 28943
392359, 9923590, 9952536, 28946
392361, 9923610, 9952550, 28940
392362, 9923620, 9952563, 28943
392363, 9923630, 9952577, 28947
392364, 9923640, 9952590, 28950
392365, 9923650, 9952603, 28953
392366, 9923660, 9952617, 28957
392367, 9923670, 9952630, 28960
392368, 9923680, 9952644, 28964
392369, 9923690, 9952657, 28967
392371, 9923710, 9952671, 28961
392372, 9923720, 9952684, 28964
392373, 9923730, 9952698, 28968
392374, 9923740, 9952711, 28971
392375, 9923750, 9952724, 28974
392376, 9923760, 9952738, 28978
392377, 9923770, 9952751, 28981
392378, 9923780, 9952765, 28985
392379, 9923790, 9952778, 28988
392380, 9923800, 9952792, 28992
392382, 9923820, 9952805, 28985
392383, 9923830, 9952818, 28988
392384, 9923840, 9952832, 28992
392385, 9923850, 9952845, 28995
392386, 9923860, 9952859, 28999
392387, 9923870, 9952872, 29002
392388, 9923880, 9952886, 29006
392389, 9923890, 9952899, 29009
392390, 9923900, 9952913, 29013
392391, 9923910, 9952926, 29016
392393, 9923930, 9952939, 29009
392394, 9923940, 9952953, 29013
392395, 9923950, 9952966, 29016
392396, 9923960, 9952980, 29020
392397, 9923970, 9952993, 29023
392398, 9923980, 9953007, 29027
392399, 9923990, 9953020, 29030
392802, 9928020, 9953047, 25027
392803, 9928030, 9953060, 25030
392804, 9928040, 9953074, 25034
392805, 9928050, 9953087, 25037
392806, 9928060, 9953101, 25041
392807, 9928070, 9953114, 25044
392808, 9928080, 9953128, 25048
392809, 9928090, 9953141, 25051
392810, 9928100, 9953154, 25054
392812, 9928120, 9953168, 25048
392813, 9928130, 9953181, 25051
392814, 9928140, 9953195, 25055
392815, 9928150, 9953208, 25058
392816, 9928160, 9953222, 25062
392817, 9928170, 9953235, 25065
392818, 9928180, 9953249, 25069
392819, 9928190, 9953262, 25072
392820, 9928200, 9953275, 25075
392821, 9928210, 9953289, 25079
392823, 9928230, 9953302, 25072
392824, 9928240, 9953316, 25076
392825, 9928250, 9953329, 25079
392826, 9928260, 9953343, 25083
392827, 9928270, 9953356, 25086
392828, 9928280, 9953370, 25090
392829, 9928290, 9953383, 25093
392830, 9928300, 9953396, 25096
392831, 9928310, 9953410, 25100
392833, 9928330, 9953423, 25093
392834, 9928340, 9953437, 25097
392835, 9928350, 9953450, 25100
392836, 9928360, 9953464, 25104
392837, 9928370, 9953477, 25107
392838, 9928380, 9953490, 25110
392839, 9928390, 9953504, 25114
392840, 9928400, 9953517, 25117
392841, 9928410, 9953531, 25121
392842, 9928420, 9953544, 25124
392844, 9928440, 9953558, 25118
392845, 9928450, 9953571, 25121
392846, 9928460, 9953585, 25125
392847, 9928470, 9953598, 25128
392848, 9928480, 9953611, 25131
392849, 9928490, 9953625, 25135
392851, 9928510, 9953652, 25142
392852, 9928520, 9953665, 25145
392853, 9928530, 9953679, 25149
392855, 9928550, 9953692, 25142
392856, 9928560, 9953706, 25146
392857, 9928570, 9953719, 25149
392858, 9928580, 9953732, 25152
392859, 9928590, 9953746, 25156
392860, 9928600, 9953759, 25159
392861, 9928610, 9953773, 25163
392862, 9928620, 9953786, 25166
392863, 9928630, 9953800, 25170
392865, 9928650, 9953813, 25163
392866, 9928660, 9953826, 25166
392867, 9928670, 9953840, 25170
392868, 9928680, 9953853, 25173
392869, 9928690, 9953867, 25177
392870, 9928700, 9953880, 25180
392871, 9928710, 9953894, 25184
392872, 9928720, 9953907, 25187
392873, 9928730, 9953921, 25191
392874, 9928740, 9953934, 25194
392876, 9928760, 9953947, 25187
392877, 9928770, 9953961, 25191
392878, 9928780, 9953974, 25194
392879, 9928790, 9953988, 25198
392880, 9928800, 9954001, 25201
392881, 9928810, 9954015, 25205
392882, 9928820, 9954028, 25208
392883, 9928830, 9954042, 25212
392884, 9928840, 9954055, 25215
392885, 9928850, 9954068, 25218
392887, 9928870, 9954082, 25212
392888, 9928880, 9954095, 25215
392889, 9928890, 9954109, 25219
392890, 9928900, 9954122, 25222
392891, 9928910, 9954136, 25226
392892, 9928920, 9954149, 25229
392893, 9928930, 9954162, 25232
392894, 9928940, 9954176, 25236
392895, 9928950, 9954189, 25239
392897, 9928970, 9954203, 25233
392898, 9928980, 9954216, 25236
392899, 9928990, 9954230, 25240
392901, 9929010, 9954257, 25247
392902, 9929020, 9954270, 25250
392903, 9929030, 9954283, 25253
392904, 9929040, 9954297, 25257
392905, 9929050, 9954310, 25260
392906, 9929060, 9954324, 25264
392908, 9929080, 9954337, 25257
392909, 9929090, 9954351, 25261
392910, 9929100, 9954364, 25264
392911, 9929110, 9954378, 25268
392912, 9929120, 9954391, 25271
392913, 9929130, 9954404, 25274
392914, 9929140, 9954418, 25278
392915, 9929150, 9954431, 25281
392916, 9929160, 9958012, 28852
392918, 9929180, 9958026, 28846
392919, 9929190, 9958039, 28849
392920, 9929200, 9958052, 28852
392921, 9929210, 9958066, 28856
392922, 9929220, 9958079, 28859
392923, 9929230, 9958093, 28863
392924, 9929240, 9958106, 28866
392925, 9929250, 9958120, 28870
392926, 9929260, 9958133, 28873
392927, 9929270, 9958146, 28876
392929, 9929290, 9958160, 28870
392930, 9929300, 9958173, 28873
392931, 9929310, 9958187, 28877
392932, 9929320, 9958200, 28880
392933, 9929330, 9958214, 28884
392934, 9929340, 9958227, 28887
392935, 9929350, 9958241, 28891
392936, 9929360, 9958254, 28894
392937, 9929370, 9958267, 28897
392938, 9929380, 9958281, 28901
392940, 9929400, 9958294, 28894
392941, 9929410, 9958308, 28898
392942, 9929420, 9958321, 28901
392943, 9929430, 9958335, 28905
392944, 9929440, 9958348, 28908
392945, 9929450, 9958362, 28912
392946, 9929460, 9958375, 28915
392947, 9929470, 9958388, 28918
392948, 9929480, 9958402, 28922
392951, 9929510, 9958429, 28919
392952, 9929520, 9958442, 28922
392953, 9929530, 9958456, 28926
392954, 9929540, 9958469, 28929
392955, 9929550, 9958482, 28932
392956, 9929560, 9958496, 28936
392957, 9929570, 9958509, 28939
392958, 9929580, 9958523, 28943
392959, 9929590, 9958536, 28946
392961, 9929610, 9958550, 28940
392962, 9929620, 9958563, 28943
392963, 9929630, 9958577, 28947
392964, 9929640, 9958590, 28950
392965, 9929650, 9958603, 28953
392966, 9929660, 9958617, 28957
392967, 9929670, 9958630, 28960
392968, 9929680, 9958644, 28964
392969, 9929690, 9958657, 28967
392971, 9929710, 9958671, 28961
392972, 9929720, 9958684, 28964
392973, 9929730, 9958698, 28968
392974, 9929740, 9958711, 28971
392975, 9929750, 9958724, 28974
392976, 9929760, 9958738, 28978
392977, 9929770, 9958751, 28981
392978, 9929780, 9958765, 28985
392979, 9929790, 9958778, 28988
392980, 9929800, 9958792, 28992
392982, 9929820, 9958805, 28985
392983, 9929830, 9958818, 28988
392984, 9929840, 9958832, 28992
392985, 9929850, 9958845, 28995
392986, 9929860, 9958859, 28999
392987, 9929870, 9958872, 29002
392988, 9929880, 9958886, 29006
392989, 9929890, 9958899, 29009
392990, 9929900, 9958913, 29013
392991, 9929910, 9958926, 29016
392993, 9929930, 9958939, 29009
392994, 9929940, 9958953, 29013
392995, 9929950, 9958966, 29016
392996, 9929960, 9958980, 29020
392997, 9929970, 9958993, 29023
392998, 9929980, 9959007, 29027
392999, 9929990, 9959020, 29030
393402, 9934020, 9959047, 25027
393403, 9934030, 9959060, 25030
393404, 9934040, 9959074, 25034
393405, 9934050, 9959087, 25037
393406, 9934060, 9959101, 25041
393407, 9934070, 9959114, 25044
393408, 9934080, 9959128, 25048
393409, 9934090, 9959141, 25051
393410, 9934100, 9959154, 25054
393412, 9934120, 9959168, 25048
393413, 9934130, 9959181, 25051
393414, 9934140, 9959195, 25055
393415, 9934150, 9959208, 25058
393416, 9934160, 9959222, 25062
393417, 9934170, 9959235, 25065
393418, 9934180, 9959249, 25069
393419, 9934190, 9959262, 25072
393420, 9934200, 9959275, 25075
393421, 9934210, 9959289, 25079
393423, 9934230, 9959302, 25072
393424, 9934240, 9959316, 25076
393425, 9934250, 9959329, 25079
393426, 9934260, 9959343, 25083
393427, 9934270, 9959356, 25086
393428, 9934280, 9959370, 25090
393429, 9934290, 9959383, 25093
393430, 9934300, 9959396, 25096
393431, 9934310, 9959410, 25100
393433, 9934330, 9959423, 25093
393434, 9934340, 9959437, 25097
393435, 9934350, 9959450, 25100
393436, 9934360, 9959464, 25104
393437, 9934370, 9959477, 25107
393438, 9934380, 9959490, 25110
393439, 9934390, 9959504, 25114
393440, 9934400, 9959517, 25117
393441, 9934410, 9959531, 25121
393442, 9934420, 9959544, 25124
393444, 9934440, 9959558, 25118
393445, 9934450, 9959571, 25121
393446, 9934460, 9959585, 25125
393447, 9934470, 9959598, 25128
393448, 9934480, 9959611, 25131
393449, 9934490, 9959625, 25135
393451, 9934510, 9959652, 25142
393452, 9934520, 9959665, 25145
393453, 9934530, 9959679, 25149
393455, 9934550, 9959692, 25142
393456, 9934560, 9959706, 25146
393457, 9934570, 9959719, 25149
393458, 9934580, 9959732, 25152
393459, 9934590, 9959746, 25156
393460, 9934600, 9959759, 25159
393461, 9934610, 9959773, 25163
393462, 9934620, 9959786, 25166
393463, 9934630, 9959800, 25170
393465, 9934650, 9959813, 25163
393466, 9934660, 9959826, 25166
393467, 9934670, 9959840, 25170
393468, 9934680, 9959853, 25173
393469, 9934690, 9959867, 25177
393470, 9934700, 9959880, 25180
393471, 9934710, 9959894, 25184
393472, 9934720, 9959907, 25187
393473, 9934730, 9959921, 25191
393474, 9934740, 9959934, 25194
393476, 9934760, 9959947, 25187
393477, 9934770, 9959961, 25191
393478, 9934780, 9959974, 25194
393479, 9934790, 9959988, 25198
393480, 9934800, 9960001, 25201
393481, 9934810, 9960015, 25205
393482, 9934820, 9960028, 25208
393483, 9934830, 9960042, 25212
393484, 9934840, 9960055, 25215
393485, 9934850, 9960068, 25218
393487, 9934870, 9960082, 25212
393488, 9934880, 9960095, 25215
393489, 9934890, 9960109, 25219
393490, 9934900, 9960122, 25222
393491, 9934910, 9960136, 25226
393492, 9934920, 9960149, 25229
393493, 9934930, 9960162, 25232
393494, 9934940, 9960176, 25236
393495, 9934950, 9960189, 25239
393497, 9934970, 9960203, 25233
393498, 9934980, 9960216, 25236
393499, 9934990, 9960230, 25240
393501, 9935010, 9960257, 25247
393502, 9935020, 9960270, 25250
393503, 9935030, 9960283, 25253
393504, 9935040, 9960297, 25257
393505, 9935050, 9960310, 25260
393506, 9935060, 9960324, 25264
393508, 9935080, 9960337, 25257
393509, 9935090, 9960351, 25261
393510, 9935100, 9960364, 25264
393511, 9935110, 9960378, 25268
393512, 9935120, 9960391, 25271
393513, 9935130, 9960404, 25274
393514, 9935140, 9960418, 25278
393515, 9935150, 9960431, 25281
393516, 9935160, 9964012, 28852
393517, 9935170, 9964026, 28856
393519, 9935190, 9964039, 28849
393520, 9935200, 9964052, 28852
393521, 9935210, 9964066, 28856
393522, 9935220, 9964079, 28859
393523, 9935230, 9964093, 28863
393524, 9935240, 9964106, 28866
393525, 9935250, 9964120, 28870
393526, 9935260, 9964133, 28873
393527, 9935270, 9964146, 28876
393529, 9935290, 9964160, 28870
393530, 9935300, 9964173, 28873
393531, 9935310, 9964187, 28877
393532, 9935320, 9964200, 28880
393533, 9935330, 9964214, 28884
393534, 9935340, 9964227, 28887
393535, 9935350, 9964241, 28891
393536, 9935360, 9964254, 28894
393537, 9935370, 9964267, 28897
393538, 9935380, 9964281, 28901
393540, 9935400, 9964294, 28894
393541, 9935410, 9964308, 28898
393542, 9935420, 9964321, 28901
393543, 9935430, 9964335, 28905
393544, 9935440, 9964348, 28908
393545, 9935450, 9964362, 28912
393546, 9935460, 9964375, 28915
393547, 9935470, 9964388, 28918
393548, 9935480, 9964402, 28922
393551, 9935510, 9964429, 28919
393552, 9935520, 9964442, 28922
393553, 9935530, 9964456, 28926
393554, 9935540, 9964469, 28929
393555, 9935550, 9964482, 28932
393556, 9935560, 9964496, 28936
393557, 9935570, 9964509, 28939
393558, 9935580, 9964523, 28943
393559, 9935590, 9964536, 28946
393561, 9935610, 9964550, 28940
393562, 9935620, 9964563, 28943
393563, 9935630, 9964577, 28947
393564, 9935640, 9964590, 28950
393565, 9935650, 9964603, 28953
393566, 9935660, 9964617, 28957
393567, 9935670, 9964630, 28960
393568, 9935680, 9964644, 28964
393569, 9935690, 9964657, 28967
393570, 9935700, 9964671, 28971
393572, 9935720, 9964684, 28964
393573, 9935730, 9964698, 28968
393574, 9935740, 9964711, 28971
393575, 9935750, 9964724, 28974
393576, 9935760, 9964738, 28978
393577, 9935770, 9964751, 28981
393578, 9935780, 9964765, 28985
393579, 9935790, 9964778, 28988
393580, 9935800, 9964792, 28992
393582, 9935820, 9964805, 28985
393583, 9935830, 9964818, 28988
393584, 9935840, 9964832, 28992
393585, 9935850, 9964845, 28995
393586, 9935860, 9964859, 28999
393587, 9935870, 9964872, 29002
393588, 9935880, 9964886, 29006
393589, 9935890, 9964899, 29009
393590, 9935900, 9964913, 29013
393591, 9935910, 9964926, 29016
393593, 9935930, 9964939, 29009
393594, 9935940, 9964953, 29013
393595, 9935950, 9964966, 29016
393596, 9935960, 9964980, 29020
393597, 9935970, 9964993, 29023
393598, 9935980, 9965007, 29027
393599, 9935990, 9965020, 29030
394002, 9940020, 9965047, 25027
394003, 9940030, 9965060, 25030
394004, 9940040, 9965074, 25034
394005, 9940050, 9965087, 25037
394006, 9940060, 9965101, 25041
394007, 9940070, 9965114, 25044
394008, 9940080, 9965127, 25047
394009, 9940090, 9965141, 25051
394010, 9940100, 9965154, 25054
394012, 9940120, 9965168, 25048
394013, 9940130, 9965181, 25051
394014, 9940140, 9965195, 25055
394015, 9940150, 9965208, 25058
394016, 9940160, 9965222, 25062
394017, 9940170, 9965235, 25065
394018, 9940180, 9965248, 25068
394019, 9940190, 9965262, 25072
394020, 9940200, 9965275, 25075
394021, 9940210, 9965289, 25079
394023, 9940230, 9965302, 25072
394024, 9940240, 9965316, 25076
394025, 9940250, 9965329, 25079
394026, 9940260, 9965342, 25082
394027, 9940270, 9965356, 25086
394028, 9940280, 9965369, 25089
394029, 9940290, 9965383, 25093
394030, 9940300, 9965396, 25096
394031, 9940310, 9965410, 25100
394033, 9940330, 9965423, 25093
394034, 9940340, 9965437, 25097
394035, 9940350, 9965450, 25100
394036, 9940360, 9965463, 25103
394037, 9940370, 9965477, 25107
394038, 9940380, 9965490, 25110
394039, 9940390, 9965504, 25114
394040, 9940400, 9965517, 25117
394041, 9940410, 9965531, 25121
394042, 9940420, 9965544, 25124
394044, 9940440, 9965558, 25118
394045, 9940450, 9965571, 25121
394046, 9940460, 9965584, 25124
394047, 9940470, 9965598, 25128
394048, 9940480, 9965611, 25131
394049, 9940490, 9965625, 25135
394051, 9940510, 9965652, 25142
394052, 9940520, 9965665, 25145
394053, 9940530, 9965678, 25148
394055, 9940550, 9965692, 25142
394056, 9940560, 9965705, 25145
394057, 9940570, 9965719, 25149
394058, 9940580, 9965732, 25152
394059, 9940590, 9965746, 25156
394060, 9940600, 9965759, 25159
394061, 9940610, 9965773, 25163
394062, 9940620, 9965786, 25166
394063, 9940630, 9965799, 25169
394065, 9940650, 9965813, 25163
394066, 9940660, 9965826, 25166
394067, 9940670, 9965840, 25170
394068, 9940680, 9965853, 25173
394069, 9940690, 9965867, 25177
394070, 9940700, 9965880, 25180
394071, 9940710, 9965894, 25184
394072, 9940720, 9965907, 25187
394073, 9940730, 9965920, 25190
394074, 9940740, 9965934, 25194
394076, 9940760, 9965947, 25187
394077, 9940770, 9965961, 25191
394078, 9940780, 9965974, 25194
394079, 9940790, 9965988, 25198
394080, 9940800, 9966001, 25201
394081, 9940810, 9966014, 25204
394082, 9940820, 9966028, 25208
394083, 9940830, 9966041, 25211
394084, 9940840, 9966055, 25215
394085, 9940850, 9966068, 25218
394087, 9940870, 9966082, 25212
394088, 9940880, 9966095, 25215
394089, 9940890, 9966109, 25219
394090, 9940900, 9966122, 25222
394091, 9940910, 9966135, 25225
394092, 9940920, 9966149, 25229
394093, 9940930, 9966162, 25232
394094, 9940940, 9966176, 25236
394095, 9940950, 9966189, 25239
394097, 9940970, 9966203, 25233
394098, 9940980, 9966216, 25236
394099, 9940990, 9966230, 25240
394101, 9941010, 9966256, 25246
394102, 9941020, 9966270, 25250
394103, 9941030, 9966283, 25253
394104, 9941040, 9966297, 25257
394105, 9941050, 9966310, 25260
394106, 9941060, 9966324, 25264
394108, 9941080, 9966337, 25257
394109, 9941090, 9966350, 25260
394110, 9941100, 9966364, 25264
394111, 9941110, 9966377, 25267
394112, 9941120, 9966391, 25271
394113, 9941130, 9966404, 25274
394114, 9941140, 9966418, 25278
394115, 9941150, 9966431, 25281
394116, 9941160, 9970012, 28852
394118, 9941180, 9970026, 28846
394119, 9941190, 9970039, 28849
394120, 9941200, 9970052, 28852
394121, 9941210, 9970066, 28856
394122, 9941220, 9970079, 28859
394123, 9941230, 9970093, 28863
394124, 9941240, 9970106, 28866
394125, 9941250, 9970120, 28870
394126, 9941260, 9970133, 28873
394127, 9941270, 9970146, 28876
394129, 9941290, 9970160, 28870
394130, 9941300, 9970173, 28873
394131, 9941310, 9970187, 28877
394132, 9941320, 9970200, 28880
394133, 9941330, 9970214, 28884
394134, 9941340, 9970227, 28887
394135, 9941350, 9970241, 28891
394136, 9941360, 9970254, 28894
394137, 9941370, 9970267, 28897
394138, 9941380, 9970281, 28901
394140, 9941400, 9970294, 28894
394141, 9941410, 9970308, 28898
394142, 9941420, 9970321, 28901
394143, 9941430, 9970335, 28905
394144, 9941440, 9970348, 28908
394145, 9941450, 9970362, 28912
394146, 9941460, 9970375, 28915
394147, 9941470, 9970388, 28918
394148, 9941480, 9970402, 28922
394151, 9941510, 9970429, 28919
394152, 9941520, 9970442, 28922
394153, 9941530, 9970456, 28926
394154, 9941540, 9970469, 28929
394155, 9941550, 9970482, 28932
394156, 9941560, 9970496, 28936
394157, 9941570, 9970509, 28939
394158, 9941580, 9970523, 28943
394159, 9941590, 9970536, 28946
394161, 9941610, 9970550, 28940
394162, 9941620, 9970563, 28943
394163, 9941630, 9970577, 28947
394164, 9941640, 9970590, 28950
394165, 9941650, 9970603, 28953
394166, 9941660, 9970617, 28957
394167, 9941670, 9970630, 28960
394168, 9941680, 9970644, 28964
394169, 9941690, 9970657, 28967
394171, 9941710, 9970671, 28961
394172, 9941720, 9970684, 28964
394173, 9941730, 9970698, 28968
394174, 9941740, 9970711, 28971
394175, 9941750, 9970724, 28974
394176, 9941760, 9970738, 28978
394177, 9941770, 9970751, 28981
394178, 9941780, 9970765, 28985
394179, 9941790, 9970778, 28988
394180, 9941800, 9970792, 28992
394182, 9941820, 9970805, 28985
394183, 9941830, 9970818, 28988
394184, 9941840, 9970832, 28992
394185, 9941850, 9970845, 28995
394186, 9941860, 9970859, 28999
394187, 9941870, 9970872, 29002
394188, 9941880, 9970886, 29006
394189, 9941890, 9970899, 29009
394190, 9941900, 9970913, 29013
394191, 9941910, 9970926, 29016
394193, 9941930, 9970939, 29009
394194, 9941940, 9970953, 29013
394195, 9941950, 9970966, 29016
394196, 9941960, 9970980, 29020
394197, 9941970, 9970993, 29023
394198, 9941980, 9971007, 29027
394199, 9941990, 9971020, 29030
394602, 9946020, 9971047, 25027
394603, 9946030, 9971060, 25030
394604, 9946040, 9971074, 25034
394605, 9946050, 9971087, 25037
394606, 9946060, 9971101, 25041
394607, 9946070, 9971114, 25044
394608, 9946080, 9971128, 25048
394609, 9946090, 9971141, 25051
394610, 9946100, 9971154, 25054
394612, 9946120, 9971168, 25048
394613, 9946130, 9971181, 25051
394614, 9946140, 9971195, 25055
394615, 9946150, 9971208, 25058
394616, 9946160, 9971222, 25062
394617, 9946170, 9971235, 25065
394618, 9946180, 9971249, 25069
394619, 9946190, 9971262, 25072
394620, 9946200, 9971275, 25075
394621, 9946210, 9971289, 25079
394623, 9946230, 9971302, 25072
394624, 9946240, 9971316, 25076
394625, 9946250, 9971329, 25079
394626, 9946260, 9971343, 25083
394627, 9946270, 9971356, 25086
394628, 9946280, 9971370, 25090
394629, 9946290, 9971383, 25093
394630, 9946300, 9971396, 25096
394631, 9946310, 9971410, 25100
394633, 9946330, 9971423, 25093
394634, 9946340, 9971437, 25097
394635, 9946350, 9971450, 25100
394636, 9946360, 9971464, 25104
394637, 9946370, 9971477, 25107
394638, 9946380, 9971490, 25110
394639, 9946390, 9971504, 25114
394640, 9946400, 9971517, 25117
394641, 9946410, 9971531, 25121
394642, 9946420, 9971544, 25124
394644, 9946440, 9971558, 25118
394645, 9946450, 9971571, 25121
394646, 9946460, 9971585, 25125
394647, 9946470, 9971598, 25128
394648, 9946480, 9971611, 25131
394649, 9946490, 9971625, 25135
394651, 9946510, 9971652, 25142
394652, 9946520, 9971665, 25145
394653, 9946530, 9971679, 25149
394655, 9946550, 9971692, 25142
394656, 9946560, 9971706, 25146
394657, 9946570, 9971719, 25149
394658, 9946580, 9971732, 25152
394659, 9946590, 9971746, 25156
394660, 9946600, 9971759, 25159
394661, 9946610, 9971773, 25163
394662, 9946620, 9971786, 25166
394663, 9946630, 9971800, 25170
394665, 9946650, 9971813, 25163
394666, 9946660, 9971826, 25166
394667, 9946670, 9971840, 25170
394668, 9946680, 9971853, 25173
394669, 9946690, 9971867, 25177
394670, 9946700, 9971880, 25180
394671, 9946710, 9971894, 25184
394672, 9946720, 9971907, 25187
394673, 9946730, 9971921, 25191
394674, 9946740, 9971934, 25194
394676, 9946760, 9971947, 25187
394677, 9946770, 9971961, 25191
394678, 9946780, 9971974, 25194
394679, 9946790, 9971988, 25198
394680, 9946800, 9972001, 25201
394681, 9946810, 9972015, 25205
394682, 9946820, 9972028, 25208
394683, 9946830, 9972042, 25212
394684, 9946840, 9972055, 25215
394685, 9946850, 9972068, 25218
394687, 9946870, 9972082, 25212
394688, 9946880, 9972095, 25215
394689, 9946890, 9972109, 25219
394690, 9946900, 9972122, 25222
394691, 9946910, 9972136, 25226
394692, 9946920, 9972149, 25229
394693, 9946930, 9972162, 25232
394694, 9946940, 9972176, 25236
394695, 9946950, 9972189, 25239
394697, 9946970, 9972203, 25233
394698, 9946980, 9972216, 25236
394699, 9946990, 9972230, 25240
394701, 9947010, 9972257, 25247
394702, 9947020, 9972270, 25250
394703, 9947030, 9972283, 25253
394704, 9947040, 9972297, 25257
394705, 9947050, 9972310, 25260
394706, 9947060, 9972324, 25264
394708, 9947080, 9972337, 25257
394709, 9947090, 9972351, 25261
394710, 9947100, 9972364, 25264
394711, 9947110, 9972378, 25268
394712, 9947120, 9972391, 25271
394713, 9947130, 9972404, 25274
394714, 9947140, 9972418, 25278
394715, 9947150, 9972431, 25281
394716, 9947160, 9976012, 28852
394718, 9947180, 9976026, 28846
394719, 9947190, 9976039, 28849
394720, 9947200, 9976052, 28852
394721, 9947210, 9976066, 28856
394722, 9947220, 9976079, 28859
394723, 9947230, 9976093, 28863
394724, 9947240, 9976106, 28866
394725, 9947250, 9976120, 28870
394726, 9947260, 9976133, 28873
394727, 9947270, 9976146, 28876
394729, 9947290, 9976160, 28870
394730, 9947300, 9976173, 28873
394731, 9947310, 9976187, 28877
394732, 9947320, 9976200, 28880
394733, 9947330, 9976214, 28884
394734, 9947340, 9976227, 28887
394735, 9947350, 9976241, 28891
394736, 9947360, 9976254, 28894
394737, 9947370, 9976267, 28897
394738, 9947380, 9976281, 28901
394740, 9947400, 9976294, 28894
394741, 9947410, 9976308, 28898
394742, 9947420, 9976321, 28901
394743, 9947430, 9976335, 28905
394744, 9947440, 9976348, 28908
394745, 9947450, 9976362, 28912
394746, 9947460, 9976375, 28915
394747, 9947470, 9976388, 28918
394748, 9947480, 9976402, 28922
394751, 9947510, 9976429, 28919
394752, 9947520, 9976442, 28922
394753, 9947530, 9976456, 28926
394754, 9947540, 9976469, 28929
394755, 9947550, 9976482, 28932
394756, 9947560, 9976496, 28936
394757, 9947570, 9976509, 28939
394758, 9947580, 9976523, 28943
394759, 9947590, 9976536, 28946
394761, 9947610, 9976550, 28940
394762, 9947620, 9976563, 28943
394763, 9947630, 9976577, 28947
394764, 9947640, 9976590, 28950
394765, 9947650, 9976603, 28953
394766, 9947660, 9976617, 28957
394767, 9947670, 9976630, 28960
394768, 9947680, 9976644, 28964
394769, 9947690, 9976657, 28967
394771, 9947710, 9976671, 28961
394772, 9947720, 9976684, 28964
394773, 9947730, 9976698, 28968
394774, 9947740, 9976711, 28971
394775, 9947750, 9976724, 28974
394776, 9947760, 9976738, 28978
394777, 9947770, 9976751, 28981
394778, 9947780, 9976765, 28985
394779, 9947790, 9976778, 28988
394780, 9947800, 9976792, 28992
394782, 9947820, 9976805, 28985
394783, 9947830, 9976818, 28988
394784, 9947840, 9976832, 28992
394785, 9947850, 9976845, 28995
394786, 9947860, 9976859, 28999
394787, 9947870, 9976872, 29002
394788, 9947880, 9976886, 29006
394789, 9947890, 9976899, 29009
394790, 9947900, 9976913, 29013
394791, 9947910, 9976926, 29016
394793, 9947930, 9976939, 29009
394794, 9947940, 9976953, 29013
394795, 9947950, 9976966, 29016
394796, 9947960, 9976980, 29020
394797, 9947970, 9976993, 29023
394798, 9947980, 9977007, 29027
394799, 9947990, 9977020, 29030
395202, 9952020, 9977047, 25027
395203, 9952030, 9977060, 25030
395204, 9952040, 9977074, 25034
395205, 9952050, 9977087, 25037
395206, 9952060, 9977101, 25041
395207, 9952070, 9977114, 25044
395208, 9952080, 9977128, 25048
395209, 9952090, 9977141, 25051
395210, 9952100, 9977154, 25054
395212, 9952120, 9977168, 25048
395213, 9952130, 9977181, 25051
395214, 9952140, 9977195, 25055
395215, 9952150, 9977208, 25058
395216, 9952160, 9977222, 25062
395217, 9952170, 9977235, 25065
395218, 9952180, 9977249, 25069
395219, 9952190, 9977262, 25072
395220, 9952200, 9977275, 25075
395221, 9952210, 9977289, 25079
395223, 9952230, 9977302, 25072
395224, 9952240, 9977316, 25076
395225, 9952250, 9977329, 25079
395226, 9952260, 9977343, 25083
395227, 9952270, 9977356, 25086
395228, 9952280, 9977370, 25090
395229, 9952290, 9977383, 25093
395230, 9952300, 9977396, 25096
395231, 9952310, 9977410, 25100
395233, 9952330, 9977423, 25093
395234, 9952340, 9977437, 25097
395235, 9952350, 9977450, 25100
395236, 9952360, 9977464, 25104
395237, 9952370, 9977477, 25107
395238, 9952380, 9977490, 25110
395239, 9952390, 9977504, 25114
395240, 9952400, 9977517, 25117
395241, 9952410, 9977531, 25121
395242, 9952420, 9977544, 25124
395244, 9952440, 9977558, 25118
395245, 9952450, 9977571, 25121
395246, 9952460, 9977585, 25125
395247, 9952470, 9977598, 25128
395248, 9952480, 9977611, 25131
395249, 9952490, 9977625, 25135
395251, 9952510, 9977652, 25142
395252, 9952520, 9977665, 25145
395253, 9952530, 9977679, 25149
395255, 9952550, 9977692, 25142
395256, 9952560, 9977706, 25146
395257, 9952570, 9977719, 25149
395258, 9952580, 9977732, 25152
395259, 9952590, 9977746, 25156
395260, 9952600, 9977759, 25159
395261, 9952610, 9977773, 25163
395262, 9952620, 9977786, 25166
395263, 9952630, 9977800, 25170
395265, 9952650, 9977813, 25163
395266, 9952660, 9977826, 25166
395267, 9952670, 9977840, 25170
395268, 9952680, 9977853, 25173
395269, 9952690, 9977867, 25177
395270, 9952700, 9977880, 25180
395271, 9952710, 9977894, 25184
395272, 9952720, 9977907, 25187
395273, 9952730, 9977921, 25191
395274, 9952740, 9977934, 25194
395276, 9952760, 9977947, 25187
395277, 9952770, 9977961, 25191
395278, 9952780, 9977974, 25194
395279, 9952790, 9977988, 25198
395280, 9952800, 9978001, 25201
395281, 9952810, 9978015, 25205
395282, 9952820, 9978028, 25208
395283, 9952830, 9978042, 25212
395284, 9952840, 9978055, 25215
395285, 9952850, 9978068, 25218
395287, 9952870, 9978082, 25212
395288, 9952880, 9978095, 25215
395289, 9952890, 9978109, 25219
395290, 9952900, 9978122, 25222
395291, 9952910, 9978136, 25226
395292, 9952920, 9978149, 25229
395293, 9952930, 9978162, 25232
395294, 9952940, 9978176, 25236
395295, 9952950, 9978189, 25239
395297, 9952970, 9978203, 25233
395298, 9952980, 9978216, 25236
395299, 9952990, 9978230, 25240
395301, 9953010, 9978257, 25247
395302, 9953020, 9978270, 25250
395303, 9953030, 9978283, 25253
395304, 9953040, 9978297, 25257
395305, 9953050, 9978310, 25260
395306, 9953060, 9978324, 25264
395308, 9953080, 9978337, 25257
395309, 9953090, 9978351, 25261
395310, 9953100, 9978364, 25264
395311, 9953110, 9978378, 25268
395312, 9953120, 9978391, 25271
395313, 9953130, 9978404, 25274
395314, 9953140, 9978418, 25278
395315, 9953150, 9978431, 25281
395316, 9953160, 9982012, 28852
395318, 9953180, 9982026, 28846
395319, 9953190, 9982039, 28849
395320, 9953200, 9982052, 28852
395321, 9953210, 9982066, 28856
395322, 9953220, 9982079, 28859
395323, 9953230, 9982093, 28863
395324, 9953240, 9982106, 28866
395325, 9953250, 9982120, 28870
395326, 9953260, 9982133, 28873
395327, 9953270, 9982146, 28876
395329, 9953290, 9982160, 28870
395330, 9953300, 9982173, 28873
395331, 9953310, 9982187, 28877
395332, 9953320, 9982200, 28880
395333, 9953330, 9982214, 28884
395334, 9953340, 9982227, 28887
395335, 9953350, 9982241, 28891
395336, 9953360, 9982254, 28894
395337, 9953370, 9982267, 28897
395338, 9953380, 9982281, 28901
395340, 9953400, 9982294, 28894
395341, 9953410, 9982308, 28898
395342, 9953420, 9982321, 28901
395343, 9953430, 9982335, 28905
395344, 9953440, 9982348, 28908
395345, 9953450, 9982362, 28912
395346, 9953460, 9982375, 28915
395347, 9953470, 9982388, 28918
395348, 9953480, 9982402, 28922
395351, 9953510, 9982429, 28919
395352, 9953520, 9982442, 28922
395353, 9953530, 9982456, 28926
395354, 9953540, 9982469, 28929
395355, 9953550, 9982482, 28932
395356, 9953560, 9982496, 28936
395357, 9953570, 9982509, 28939
395358, 9953580, 9982523, 28943
395359, 9953590, 9982536, 28946
395361, 9953610, 9982550, 28940
395362, 9953620, 9982563, 28943
395363, 9953630, 9982577, 28947
395364, 9953640, 9982590, 28950
395365, 9953650, 9982603, 28953
395366, 9953660, 9982617, 28957
395367, 9953670, 9982630, 28960
395368, 9953680, 9982644, 28964
395369, 9953690, 9982657, 28967
395371, 9953710, 9982671, 28961
395372, 9953720, 9982684, 28964
395373, 9953730, 9982698, 28968
395374, 9953740, 9982711, 28971
395375, 9953750, 9982724, 28974
395376, 9953760, 9982738, 28978
395377, 9953770, 9982751, 28981
395378, 9953780, 9982765, 28985
395379, 9953790, 9982778, 28988
395380, 9953800, 9982792, 28992
395382, 9953820, 9982805, 28985
395383, 9953830, 9982818, 28988
395384, 9953840, 9982832, 28992
395385, 9953850, 9982845, 28995
395386, 9953860, 9982859, 28999
395387, 9953870, 9982872, 29002
395388, 9953880, 9982886, 29006
395389, 9953890, 9982899, 29009
395390, 9953900, 9982913, 29013
395391, 9953910, 9982926, 29016
395393, 9953930, 9982939, 29009
395394, 9953940, 9982953, 29013
395395, 9953950, 9982966, 29016
395396, 9953960, 9982980, 29020
395397, 9953970, 9982993, 29023
395398, 9953980, 9983007, 29027
395399, 9953990, 9983020, 29030
395802, 9958020, 9983047, 25027
395803, 9958030, 9983060, 25030
395804, 9958040, 9983074, 25034
395805, 9958050, 9983087, 25037
395806, 9958060, 9983101, 25041
395807, 9958070, 9983114, 25044
395808, 9958080, 9983128, 25048
395809, 9958090, 9983141, 25051
395810, 9958100, 9983154, 25054
395812, 9958120, 9983168, 25048
395813, 9958130, 9983181, 25051
395814, 9958140, 9983195, 25055
395815, 9958150, 9983208, 25058
395816, 9958160, 9983222, 25062
395817, 9958170, 9983235, 25065
395818, 9958180, 9983249, 25069
395819, 9958190, 9983262, 25072
395820, 9958200, 9983275, 25075
395821, 9958210, 9983289, 25079
395823, 9958230, 9983302, 25072
395824, 9958240, 9983316, 25076
395825, 9958250, 9983329, 25079
395826, 9958260, 9983343, 25083
395827, 9958270, 9983356, 25086
395828, 9958280, 9983370, 25090
395829, 9958290, 9983383, 25093
395830, 9958300, 9983396, 25096
395831, 9958310, 9983410, 25100
395833, 9958330, 9983423, 25093
395834, 9958340, 9983437, 25097
395835, 9958350, 9983450, 25100
395836, 9958360, 9983464, 25104
395837, 9958370, 9983477, 25107
395838, 9958380, 9983490, 25110
395839, 9958390, 9983504, 25114
395840, 9958400, 9983517, 25117
395841, 9958410, 9983531, 25121
395842, 9958420, 9983544, 25124
395844, 9958440, 9983558, 25118
395845, 9958450, 9983571, 25121
395846, 9958460, 9983585, 25125
395847, 9958470, 9983598, 25128
395848, 9958480, 9983611, 25131
395849, 9958490, 9983625, 25135
395851, 9958510, 9983652, 25142
395852, 9958520, 9983665, 25145
395853, 9958530, 9983679, 25149
395855, 9958550, 9983692, 25142
395856, 9958560, 9983706, 25146
395857, 9958570, 9983719, 25149
395858, 9958580, 9983732, 25152
395859, 9958590, 9983746, 25156
395860, 9958600, 9983759, 25159
395861, 9958610, 9983773, 25163
395862, 9958620, 9983786, 25166
395863, 9958630, 9983800, 25170
395865, 9958650, 9983813, 25163
395866, 9958660, 9983826, 25166
395867, 9958670, 9983840, 25170
395868, 9958680, 9983853, 25173
395869, 9958690, 9983867, 25177
395870, 9958700, 9983880, 25180
395871, 9958710, 9983894, 25184
395872, 9958720, 9983907, 25187
395873, 9958730, 9983921, 25191
395874, 9958740, 9983934, 25194
395876, 9958760, 9983947, 25187
395877, 9958770, 9983961, 25191
395878, 9958780, 9983974, 25194
395879, 9958790, 9983988, 25198
395880, 9958800, 9984001, 25201
395881, 9958810, 9984015, 25205
395882, 9958820, 9984028, 25208
395883, 9958830, 9984042, 25212
395884, 9958840, 9984055, 25215
395885, 9958850, 9984068, 25218
395887, 9958870, 9984082, 25212
395888, 9958880, 9984095, 25215
395889, 9958890, 9984109, 25219
395890, 9958900, 9984122, 25222
395891, 9958910, 9984136, 25226
395892, 9958920, 9984149, 25229
395893, 9958930, 9984162, 25232
395894, 9958940, 9984176, 25236
395895, 9958950, 9984189, 25239
395897, 9958970, 9984203, 25233
395898, 9958980, 9984216, 25236
395899, 9958990, 9984230, 25240
395901, 9959010, 9984257, 25247
395902, 9959020, 9984270, 25250
395903, 9959030, 9984283, 25253
395904, 9959040, 9984297, 25257
395905, 9959050, 9984310, 25260
395906, 9959060, 9984324, 25264
395908, 9959080, 9984337, 25257
395909, 9959090, 9984351, 25261
395910, 9959100, 9984364, 25264
395911, 9959110, 9984378, 25268
395912, 9959120, 9984391, 25271
395913, 9959130, 9984404, 25274
395914, 9959140, 9984418, 25278
395915, 9959150, 9984431, 25281
395916, 9959160, 9988012, 28852
395918, 9959180, 9988026, 28846
395919, 9959190, 9988039, 28849
395920, 9959200, 9988052, 28852
395921, 9959210, 9988066, 28856
395922, 9959220, 9988079, 28859
395923, 9959230, 9988093, 28863
395924, 9959240, 9988106, 28866
395925, 9959250, 9988120, 28870
395926, 9959260, 9988133, 28873
395927, 9959270, 9988146, 28876
395929, 9959290, 9988160, 28870
395930, 9959300, 9988173, 28873
395931, 9959310, 9988187, 28877
395932, 9959320, 9988200, 28880
395933, 9959330, 9988214, 28884
395934, 9959340, 9988227, 28887
395935, 9959350, 9988241, 28891
395936, 9959360, 9988254, 28894
395937, 9959370, 9988267, 28897
395938, 9959380, 9988281, 28901
395940, 9959400, 9988294, 28894
395941, 9959410, 9988308, 28898
395942, 9959420, 9988321, 28901
395943, 9959430, 9988335, 28905
395944, 9959440, 9988348, 28908
395945, 9959450, 9988362, 28912
395946, 9959460, 9988375, 28915
395947, 9959470, 9988388, 28918
395948, 9959480, 9988402, 28922
395951, 9959510, 9988429, 28919
395952, 9959520, 9988442, 28922
395953, 9959530, 9988456, 28926
395954, 9959540, 9988469, 28929
395955, 9959550, 9988482, 28932
395956, 9959560, 9988496, 28936
395957, 9959570, 9988509, 28939
395958, 9959580, 9988523, 28943
395959, 9959590, 9988536, 28946
395961, 9959610, 9988550, 28940
395962, 9959620, 9988563, 28943
395963, 9959630, 9988577, 28947
395964, 9959640, 9988590, 28950
395965, 9959650, 9988603, 28953
395966, 9959660, 9988617, 28957
395967, 9959670, 9988630, 28960
395968, 9959680, 9988644, 28964
395969, 9959690, 9988657, 28967
395971, 9959710, 9988671, 28961
395972, 9959720, 9988684, 28964
395973, 9959730, 9988698, 28968
395974, 9959740, 9988711, 28971
395975, 9959750, 9988724, 28974
395976, 9959760, 9988738, 28978
395977, 9959770, 9988751, 28981
395978, 9959780, 9988765, 28985
395979, 9959790, 9988778, 28988
395980, 9959800, 9988792, 28992
395982, 9959820, 9988805, 28985
395983, 9959830, 9988818, 28988
395984, 9959840, 9988832, 28992
395985, 9959850, 9988845, 28995
395986, 9959860, 9988859, 28999
395987, 9959870, 9988872, 29002
395988, 9959880, 9988886, 29006
395989, 9959890, 9988899, 29009
395990, 9959900, 9988913, 29013
395991, 9959910, 9988926, 29016
395993, 9959930, 9988939, 29009
395994, 9959940, 9988953, 29013
395995, 9959950, 9988966, 29016
395996, 9959960, 9988980, 29020
395997, 9959970, 9988993, 29023
395998, 9959980, 9989007, 29027
395999, 9959990, 9989020, 29030
396402, 9964020, 9989047, 25027
396403, 9964030, 9989060, 25030
396404, 9964040, 9989074, 25034
396405, 9964050, 9989087, 25037
396406, 9964060, 9989101, 25041
396407, 9964070, 9989114, 25044
396408, 9964080, 9989128, 25048
396409, 9964090, 9989141, 25051
396410, 9964100, 9989154, 25054
396412, 9964120, 9989168, 25048
396413, 9964130, 9989181, 25051
396414, 9964140, 9989195, 25055
396415, 9964150, 9989208, 25058
396416, 9964160, 9989222, 25062
396417, 9964170, 9989235, 25065
396418, 9964180, 9989249, 25069
396419, 9964190, 9989262, 25072
396420, 9964200, 9989275, 25075
396421, 9964210, 9989289, 25079
396423, 9964230, 9989302, 25072
396424, 9964240, 9989316, 25076
396425, 9964250, 9989329, 25079
396426, 9964260, 9989343, 25083
396427, 9964270, 9989356, 25086
396428, 9964280, 9989370, 25090
396429, 9964290, 9989383, 25093
396430, 9964300, 9989396, 25096
396431, 9964310, 9989410, 25100
396433, 9964330, 9989423, 25093
396434, 9964340, 9989437, 25097
396435, 9964350, 9989450, 25100
396436, 9964360, 9989464, 25104
396437, 9964370, 9989477, 25107
396438, 9964380, 9989490, 25110
396439, 9964390, 9989504, 25114
396440, 9964400, 9989517, 25117
396441, 9964410, 9989531, 25121
396442, 9964420, 9989544, 25124
396444, 9964440, 9989558, 25118
396445, 9964450, 9989571, 25121
396446, 9964460, 9989585, 25125
396447, 9964470, 9989598, 25128
396448, 9964480, 9989611, 25131
396449, 9964490, 9989625, 25135
396451, 9964510, 9989652, 25142
396452, 9964520, 9989665, 25145
396453, 9964530, 9989679, 25149
396455, 9964550, 9989692, 25142
396456, 9964560, 9989706, 25146
396457, 9964570, 9989719, 25149
396458, 9964580, 9989732, 25152
396459, 9964590, 9989746, 25156
396460, 9964600, 9989759, 25159
396461, 9964610, 9989773, 25163
396462, 9964620, 9989786, 25166
396463, 9964630, 9989800, 25170
396465, 9964650, 9989813, 25163
396466, 9964660, 9989826, 25166
396467, 9964670, 9989840, 25170
396468, 9964680, 9989853, 25173
396469, 9964690, 9989867, 25177
396470, 9964700, 9989880, 25180
396471, 9964710, 9989894, 25184
396472, 9964720, 9989907, 25187
396473, 9964730, 9989921, 25191
396474, 9964740, 9989934, 25194
396476, 9964760, 9989947, 25187
396477, 9964770, 9989961, 25191
396478, 9964780, 9989974, 25194
396479, 9964790, 9989988, 25198
396480, 9964800, 9990001, 25201
396481, 9964810, 9990015, 25205
396482, 9964820, 9990028, 25208
396483, 9964830, 9990042, 25212
396484, 9964840, 9990055, 25215
396485, 9964850, 9990068, 25218
396487, 9964870, 9990082, 25212
396488, 9964880, 9990095, 25215
396489, 9964890, 9990109, 25219
396490, 9964900, 9990122, 25222
396491, 9964910, 9990136, 25226
396492, 9964920, 9990149, 25229
396493, 9964930, 9990162, 25232
396494, 9964940, 9990176, 25236
396495, 9964950, 9990189, 25239
396497, 9964970, 9990203, 25233
396498, 9964980, 9990216, 25236
396499, 9964990, 9990230, 25240
396501, 9965010, 9990257, 25247
396502, 9965020, 9990270, 25250
396503, 9965030, 9990283, 25253
396504, 9965040, 9990297, 25257
396505, 9965050, 9990310, 25260
396506, 9965060, 9990324, 25264
396508, 9965080, 9990337, 25257
396509, 9965090, 9990351, 25261
396510, 9965100, 9990364, 25264
396511, 9965110, 9990378, 25268
396512, 9965120, 9990391, 25271
396513, 9965130, 9990404, 25274
396514, 9965140, 9990418, 25278
396515, 9965150, 9990431, 25281
396516, 9965160, 9994012, 28852
396517, 9965170, 9994026, 28856
396519, 9965190, 9994039, 28849
396520, 9965200, 9994052, 28852
396521, 9965210, 9994066, 28856
396522, 9965220, 9994079, 28859
396523, 9965230, 9994093, 28863
396524, 9965240, 9994106, 28866
396525, 9965250, 9994120, 28870
396526, 9965260, 9994133, 28873
396527, 9965270, 9994146, 28876
396529, 9965290, 9994160, 28870
396530, 9965300, 9994173, 28873
396531, 9965310, 9994187, 28877
396532, 9965320, 9994200, 28880
396533, 9965330, 9994214, 28884
396534, 9965340, 9994227, 28887
396535, 9965350, 9994241, 28891
396536, 9965360, 9994254, 28894
396537, 9965370, 9994267, 28897
396538, 9965380, 9994281, 28901
396540, 9965400, 9994294, 28894
396541, 9965410, 9994308, 28898
396542, 9965420, 9994321, 28901
396543, 9965430, 9994335, 28905
396544, 9965440, 9994348, 28908
396545, 9965450, 9994362, 28912
396546, 9965460, 9994375, 28915
396547, 9965470, 9994388, 28918
396548, 9965480, 9994402, 28922
396551, 9965510, 9994429, 28919
396552, 9965520, 9994442, 28922
396553, 9965530, 9994456, 28926
396554, 9965540, 9994469, 28929
396555, 9965550, 9994482, 28932
396556, 9965560, 9994496, 28936
396557, 9965570, 9994509, 28939
396558, 9965580, 9994523, 28943
396559, 9965590, 9994536, 28946
396561, 9965610, 9994550, 28940
396562, 9965620, 9994563, 28943
396563, 9965630, 9994577, 28947
396564, 9965640, 9994590, 28950
396565, 9965650, 9994603, 28953
396566, 9965660, 9994617, 28957
396567, 9965670, 9994630, 28960
396568, 9965680, 9994644, 28964
396569, 9965690, 9994657, 28967
396570, 9965700, 9994671, 28971
396572, 9965720, 9994684, 28964
396573, 9965730, 9994698, 28968
396574, 9965740, 9994711, 28971
396575, 9965750, 9994724, 28974
396576, 9965760, 9994738, 28978
396577, 9965770, 9994751, 28981
396578, 9965780, 9994765, 28985
396579, 9965790, 9994778, 28988
396580, 9965800, 9994792, 28992
396582, 9965820, 9994805, 28985
396583, 9965830, 9994818, 28988
396584, 9965840, 9994832, 28992
396585, 9965850, 9994845, 28995
396586, 9965860, 9994859, 28999
396587, 9965870, 9994872, 29002
396588, 9965880, 9994886, 29006
396589, 9965890, 9994899, 29009
396590, 9965900, 9994913, 29013
396591, 9965910, 9994926, 29016
396593, 9965930, 9994939, 29009
396594, 9965940, 9994953, 29013
396595, 9965950, 9994966, 29016
396596, 9965960, 9994980, 29020
396597, 9965970, 9994993, 29023
396598, 9965980, 9995007, 29027
396599, 9965990, 9995020, 29030
397002, 9970020, 9995047, 25027
397003, 9970030, 9995060, 25030
397004, 9970040, 9995074, 25034
397005, 9970050, 9995087, 25037
397006, 9970060, 9995101, 25041
397007, 9970070, 9995114, 25044
397008, 9970080, 9995127, 25047
397009, 9970090, 9995141, 25051
397010, 9970100, 9995154, 25054
397012, 9970120, 9995168, 25048
397013, 9970130, 9995181, 25051
397014, 9970140, 9995195, 25055
397015, 9970150, 9995208, 25058
397016, 9970160, 9995222, 25062
397017, 9970170, 9995235, 25065
397018, 9970180, 9995248, 25068
397019, 9970190, 9995262, 25072
397020, 9970200, 9995275, 25075
397021, 9970210, 9995289, 25079
397023, 9970230, 9995302, 25072
397024, 9970240, 9995316, 25076
397025, 9970250, 9995329, 25079
397026, 9970260, 9995342, 25082
397027, 9970270, 9995356, 25086
397028, 9970280, 9995369, 25089
397029, 9970290, 9995383, 25093
397030, 9970300, 9995396, 25096
397031, 9970310, 9995410, 25100
397033, 9970330, 9995423, 25093
397034, 9970340, 9995437, 25097
397035, 9970350, 9995450, 25100
397036, 9970360, 9995463, 25103
397037, 9970370, 9995477, 25107
397038, 9970380, 9995490, 25110
397039, 9970390, 9995504, 25114
397040, 9970400, 9995517, 25117
397041, 9970410, 9995531, 25121
397042, 9970420, 9995544, 25124
397044, 9970440, 9995558, 25118
397045, 9970450, 9995571, 25121
397046, 9970460, 9995584, 25124
397047, 9970470, 9995598, 25128
397048, 9970480, 9995611, 25131
397049, 9970490, 9995625, 25135
397051, 9970510, 9995652, 25142
397052, 9970520, 9995665, 25145
397053, 9970530, 9995678, 25148
397055, 9970550, 9995692, 25142
397056, 9970560, 9995705, 25145
397057, 9970570, 9995719, 25149
397058, 9970580, 9995732, 25152
397059, 9970590, 9995746, 25156
397060, 9970600, 9995759, 25159
397061, 9970610, 9995773, 25163
397062, 9970620, 9995786, 25166
397063, 9970630, 9995799, 25169
397065, 9970650, 9995813, 25163
397066, 9970660, 9995826, 25166
397067, 9970670, 9995840, 25170
397068, 9970680, 9995853, 25173
397069, 9970690, 9995867, 25177
397070, 9970700, 9995880, 25180
397071, 9970710, 9995894, 25184
397072, 9970720, 9995907, 25187
397073, 9970730, 9995920, 25190
397074, 9970740, 9995934, 25194
397076, 9970760, 9995947, 25187
397077, 9970770, 9995961, 25191
397078, 9970780, 9995974, 25194
397079, 9970790, 9995988, 25198
397080, 9970800, 9996001, 25201
397081, 9970810, 9996014, 25204
397082, 9970820, 9996028, 25208
397083, 9970830, 9996041, 25211
397084, 9970840, 9996055, 25215
397085, 9970850, 9996068, 25218
397087, 9970870, 9996082, 25212
397088, 9970880, 9996095, 25215
397089, 9970890, 9996109, 25219
397090, 9970900, 9996122, 25222
397091, 9970910, 9996135, 25225
397092, 9970920, 9996149, 25229
397093, 9970930, 9996162, 25232
397094, 9970940, 9996176, 25236
397095, 9970950, 9996189, 25239
397097, 9970970, 9996203, 25233
397098, 9970980, 9996216, 25236
397099, 9970990, 9996230, 25240
397101, 9971010, 9996256, 25246
397102, 9971020, 9996270, 25250
397103, 9971030, 9996283, 25253
397104, 9971040, 9996297, 25257
397105, 9971050, 9996310, 25260
397106, 9971060, 9996324, 25264
397108, 9971080, 9996337, 25257
397109, 9971090, 9996350, 25260
397110, 9971100, 9996364, 25264
397111, 9971110, 9996377, 25267
397112, 9971120, 9996391, 25271
397113, 9971130, 9996404, 25274
397114, 9971140, 9996418, 25278
397115, 9971150, 9996431, 25281
397116, 9971160, 10000012, 28852
397118, 9971180, 10000026, 28846
397119, 9971190, 10000039, 28849
397120, 9971200, 10000052, 28852
397121, 9971210, 10000066, 28856
397122, 9971220, 10000079, 28859
397123, 9971230, 10000093, 28863
397124, 9971240, 10000106, 28866
397125, 9971250, 10000120, 28870
397126, 9971260, 10000133, 28873
397127, 9971270, 10000219, 28949
397129, 9971290, 10000233, 28943
397130, 9971300, 10000246, 28946
397131, 9971310, 10000260, 28950
397132, 9971320, 10000273, 28953
397133, 9971330, 10000287, 28957
397134, 9971340, 10000300, 28960
397135, 9971350, 10000314, 28964
397136, 9971360, 10000327, 28967
397137, 9971370, 10000340, 28970
397138, 9971380, 10000354, 28974
397140, 9971400, 10000367, 28967
397141, 9971410, 10000381, 28971
397142, 9971420, 10000394, 28974
397143, 9971430, 10000408, 28978
397144, 9971440, 10000421, 28981
397145, 9971450, 10000435, 28985
397146, 9971460, 10000448, 28988
397147, 9971470, 10000461, 28991
397148, 9971480, 10000475, 28995
397151, 9971510, 10000502, 28992
397152, 9971520, 10000515, 28995
397153, 9971530, 10000529, 28999
397154, 9971540, 10000542, 29002
397155, 9971550, 10000555, 29005
397156, 9971560, 10000569, 29009
397157, 9971570, 10000582, 29012
397158, 9971580, 10000596, 29016
397159, 9971590, 10000609, 29019
397161, 9971610, 10000623, 29013
397162, 9971620, 10000636, 29016
397163, 9971630, 10000650, 29020
397164, 9971640, 10000663, 29023
397165, 9971650, 10000676, 29026
397166, 9971660, 10000690, 29030
397167, 9971670, 10000703, 29033
397168, 9971680, 10000717, 29037
397169, 9971690, 10000730, 29040
397171, 9971710, 10000744, 29034
397172, 9971720, 10000757, 29037
397173, 9971730, 10000771, 29041
397174, 9971740, 10000784, 29044
397175, 9971750, 10000797, 29047
397176, 9971760, 10000811, 29051
397177, 9971770, 10000824, 29054
397178, 9971780, 10000838, 29058
397179, 9971790, 10000851, 29061
397180, 9971800, 10000865, 29065
397182, 9971820, 10000878, 29058
397183, 9971830, 10000891, 29061
397184, 9971840, 10000905, 29065
397185, 9971850, 10000918, 29068
397186, 9971860, 10000932, 29072
397187, 9971870, 10000945, 29075
397188, 9971880, 10000959, 29079
397189, 9971890, 10000972, 29082
397190, 9971900, 10000986, 29086
397191, 9971910, 10000999, 29089
397193, 9971930, 10001012, 29082
397194, 9971940, 10001026, 29086
397195, 9971950, 10001039, 29089
397196, 9971960, 10001053, 29093
397197, 9971970, 10001066, 29096
397198, 9971980, 10001080, 29100
397199, 9971990, 10001093, 29103
397602, 9976020, 10001120, 25100
397603, 9976030, 10001133, 25103
397604, 9976040, 10001147, 25107
397605, 9976050, 10001160, 25110
397606, 9976060, 10001174, 25114
397607, 9976070, 10001187, 25117
397608, 9976080, 10001201, 25121
397609, 9976090, 10001214, 25124
397610, 9976100, 10001227, 25127
397612, 9976120, 10001241, 25121
397613, 9976130, 10001254, 25124
397614, 9976140, 10001268, 25128
397615, 9976150, 10001281, 25131
397616, 9976160, 10001295, 25135
397617, 9976170, 10001308, 25138
397618, 9976180, 10001322, 25142
397619, 9976190, 10001335, 25145
397620, 9976200, 10001348, 25148
397621, 9976210, 10001362, 25152
397623, 9976230, 10001375, 25145
397624, 9976240, 10001389, 25149
397625, 9976250, 10001402, 25152
397626, 9976260, 10001416, 25156
397627, 9976270, 10001429, 25159
397628, 9976280, 10001443, 25163
397629, 9976290, 10001456, 25166
397630, 9976300, 10001469, 25169
397631, 9976310, 10001483, 25173
397633, 9976330, 10001496, 25166
397634, 9976340, 10001510, 25170
397635, 9976350, 10001523, 25173
397636, 9976360, 10001537, 25177
397637, 9976370, 10001550, 25180
397638, 9976380, 10001563, 25183
397639, 9976390, 10001577, 25187
397640, 9976400, 10001590, 25190
397641, 9976410, 10001604, 25194
397642, 9976420, 10001617, 25197
397644, 9976440, 10001631, 25191
397645, 9976450, 10001644, 25194
397646, 9976460, 10001658, 25198
397647, 9976470, 10001671, 25201
397648, 9976480, 10001684, 25204
397649, 9976490, 10001698, 25208
397651, 9976510, 10001725, 25215
397652, 9976520, 10001738, 25218
397653, 9976530, 10001752, 25222
397655, 9976550, 10001765, 25215
397656, 9976560, 10001779, 25219
397657, 9976570, 10001792, 25222
397658, 9976580, 10001805, 25225
397659, 9976590, 10001819, 25229
397660, 9976600, 10001832, 25232
397661, 9976610, 10001846, 25236
397662, 9976620, 10001859, 25239
397663, 9976630, 10001873, 25243
397665, 9976650, 10001886, 25236
397666, 9976660, 10001899, 25239
397667, 9976670, 10001913, 25243
397668, 9976680, 10001926, 25246
397669, 9976690, 10001940, 25250
397670, 9976700, 10001953, 25253
397671, 9976710, 10001967, 25257
397672, 9976720, 10001980, 25260
397673, 9976730, 10001994, 25264
397674, 9976740, 10002007, 25267
397676, 9976760, 10002020, 25260
397677, 9976770, 10002034, 25264
397678, 9976780, 10002047, 25267
397679, 9976790, 10002061, 25271
397680, 9976800, 10002074, 25274
397681, 9976810, 10002088, 25278
397682, 9976820, 10002101, 25281
397683, 9976830, 10002115, 25285
397684, 9976840, 10002128, 25288
397685, 9976850, 10002141, 25291
397687, 9976870, 10002155, 25285
397688, 9976880, 10002168, 25288
397689, 9976890, 10002182, 25292
397690, 9976900, 10002195, 25295
397691, 9976910, 10002209, 25299
397692, 9976920, 10002222, 25302
397693, 9976930, 10002235, 25305
397694, 9976940, 10002249, 25309
397695, 9976950, 10002262, 25312
397697, 9976970, 10002276, 25306
397698, 9976980, 10002289, 25309
397699, 9976990, 10002303, 25313
397701, 9977010, 10002330, 25320
397702, 9977020, 10002343, 25323
397703, 9977030, 10002356, 25326
397704, 9977040, 10002370, 25330
397705, 9977050, 10002383, 25333
397706, 9977060, 10002397, 25337
397708, 9977080, 10002410, 25330
397709, 9977090, 10002424, 25334
397710, 9977100, 10002437, 25337
397711, 9977110, 10002451, 25341
397712, 9977120, 10002464, 25344
397713, 9977130, 10002477, 25347
397714, 9977140, 10002491, 25351
397715, 9977150, 10002504, 25354
397716, 9977160, 10006012, 28852
397718, 9977180, 10006026, 28846
397719, 9977190, 10006039, 28849
397720, 9977200, 10006052, 28852
397721, 9977210, 10006066, 28856
397722, 9977220, 10006079, 28859
397723, 9977230, 10006093, 28863
397724, 9977240, 10006106, 28866
397725, 9977250, 10006120, 28870
397726, 9977260, 10006133, 28873
397727, 9977270, 10006146, 28876
397729, 9977290, 10006160, 28870
397730, 9977300, 10006173, 28873
397731, 9977310, 10006187, 28877
397732, 9977320, 10006200, 28880
397733, 9977330, 10006214, 28884
397734, 9977340, 10006227, 28887
397735, 9977350, 10006241, 28891
397736, 9977360, 10006254, 28894
397737, 9977370, 10006267, 28897
397738, 9977380, 10006281, 28901
397740, 9977400, 10006294, 28894
397741, 9977410, 10006308, 28898
397742, 9977420, 10006321, 28901
397743, 9977430, 10006335, 28905
397744, 9977440, 10006348, 28908
397745, 9977450, 10006362, 28912
397746, 9977460, 10006375, 28915
397747, 9977470, 10006388, 28918
397748, 9977480, 10006402, 28922
397751, 9977510, 10006429, 28919
397752, 9977520, 10006442, 28922
397753, 9977530, 10006456, 28926
397754, 9977540, 10006469, 28929
397755, 9977550, 10006482, 28932
397756, 9977560, 10006496, 28936
397757, 9977570, 10006509, 28939
397758, 9977580, 10006523, 28943
397759, 9977590, 10006536, 28946
397761, 9977610, 10006550, 28940
397762, 9977620, 10006563, 28943
397763, 9977630, 10006577, 28947
397764, 9977640, 10006590, 28950
397765, 9977650, 10006603, 28953
397766, 9977660, 10006617, 28957
397767, 9977670, 10006630, 28960
397768, 9977680, 10006644, 28964
397769, 9977690, 10006657, 28967
397771, 9977710, 10006671, 28961
397772, 9977720, 10006684, 28964
397773, 9977730, 10006698, 28968
397774, 9977740, 10006711, 28971
397775, 9977750, 10006724, 28974
397776, 9977760, 10006738, 28978
397777, 9977770, 10006751, 28981
397778, 9977780, 10006765, 28985
397779, 9977790, 10006778, 28988
397780, 9977800, 10006792, 28992
397782, 9977820, 10006805, 28985
397783, 9977830, 10006818, 28988
397784, 9977840, 10006832, 28992
397785, 9977850, 10006845, 28995
397786, 9977860, 10006859, 28999
397787, 9977870, 10006872, 29002
397788, 9977880, 10006886, 29006
397789, 9977890, 10006899, 29009
397790, 9977900, 10006913, 29013
397791, 9977910, 10006926, 29016
397793, 9977930, 10006939, 29009
397794, 9977940, 10006953, 29013
397795, 9977950, 10006966, 29016
397796, 9977960, 10006980, 29020
397797, 9977970, 10006993, 29023
397798, 9977980, 10007007, 29027
397799, 9977990, 10007020, 29030
398202, 9982020, 10007047, 25027
398203, 9982030, 10007060, 25030
398204, 9982040, 10007074, 25034
398205, 9982050, 10007087, 25037
398206, 9982060, 10007101, 25041
398207, 9982070, 10007114, 25044
398208, 9982080, 10007128, 25048
398209, 9982090, 10007141, 25051
398210, 9982100, 10007154, 25054
398212, 9982120, 10007168, 25048
398213, 9982130, 10007181, 25051
398214, 9982140, 10007195, 25055
398215, 9982150, 10007208, 25058
398216, 9982160, 10007222, 25062
398217, 9982170, 10007235, 25065
398218, 9982180, 10007249, 25069
398219, 9982190, 10007262, 25072
398220, 9982200, 10007275, 25075
398221, 9982210, 10007289, 25079
398223, 9982230, 10007302, 25072
398224, 9982240, 10007316, 25076
398225, 9982250, 10007329, 25079
398226, 9982260, 10007343, 25083
398227, 9982270, 10007356, 25086
398228, 9982280, 10007370, 25090
398229, 9982290, 10007383, 25093
398230, 9982300, 10007396, 25096
398231, 9982310, 10007410, 25100
398233, 9982330, 10007423, 25093
398234, 9982340, 10007437, 25097
398235, 9982350, 10007450, 25100
398236, 9982360, 10007464, 25104
398237, 9982370, 10007477, 25107
398238, 9982380, 10007490, 25110
398239, 9982390, 10007504, 25114
398240, 9982400, 10007517, 25117
398241, 9982410, 10007531, 25121
398242, 9982420, 10007544, 25124
398244, 9982440, 10007558, 25118
398245, 9982450, 10007571, 25121
398246, 9982460, 10007585, 25125
398247, 9982470, 10007598, 25128
398248, 9982480, 10007611, 25131
398249, 9982490, 10007625, 25135
398251, 9982510, 10007652, 25142
398252, 9982520, 10007665, 25145
398253, 9982530, 10007679, 25149
398255, 9982550, 10007692, 25142
398256, 9982560, 10007706, 25146
398257, 9982570, 10007719, 25149
398258, 9982580, 10007732, 25152
398259, 9982590, 10007746, 25156
398260, 9982600, 10007759, 25159
398261, 9982610, 10007773, 25163
398262, 9982620, 10007786, 25166
398263, 9982630, 10007800, 25170
398265, 9982650, 10007813, 25163
398266, 9982660, 10007826, 25166
398267, 9982670, 10007840, 25170
398268, 9982680, 10007853, 25173
398269, 9982690, 10007867, 25177
398270, 9982700, 10007880, 25180
398271, 9982710, 10007894, 25184
398272, 9982720, 10007907, 25187
398273, 9982730, 10007921, 25191
398274, 9982740, 10007934, 25194
398276, 9982760, 10007947, 25187
398277, 9982770, 10007961, 25191
398278, 9982780, 10007974, 25194
398279, 9982790, 10007988, 25198
398280, 9982800, 10008001, 25201
398281, 9982810, 10008015, 25205
398282, 9982820, 10008028, 25208
398283, 9982830, 10008042, 25212
398284, 9982840, 10008055, 25215
398285, 9982850, 10008068, 25218
398287, 9982870, 10008082, 25212
398288, 9982880, 10008095, 25215
398289, 9982890, 10008109, 25219
398290, 9982900, 10008122, 25222
398291, 9982910, 10008136, 25226
398292, 9982920, 10008149, 25229
398293, 9982930, 10008162, 25232
398294, 9982940, 10008176, 25236
398295, 9982950, 10008189, 25239
398297, 9982970, 10008203, 25233
398298, 9982980, 10008216, 25236
398299, 9982990, 10008230, 25240
398301, 9983010, 10008257, 25247
398302, 9983020, 10008270, 25250
398303, 9983030, 10008283, 25253
398304, 9983040, 10008297, 25257
398305, 9983050, 10008310, 25260
398306, 9983060, 10008324, 25264
398308, 9983080, 10008337, 25257
398309, 9983090, 10008351, 25261
398310, 9983100, 10008364, 25264
398311, 9983110, 10008378, 25268
398312, 9983120, 10008391, 25271
398313, 9983130, 10008404, 25274
398314, 9983140, 10008418, 25278
398315, 9983150, 10008431, 25281
398316, 9983160, 10012012, 28852
398318, 9983180, 10012026, 28846
398319, 9983190, 10012039, 28849
398320, 9983200, 10012052, 28852
398321, 9983210, 10012066, 28856
398322, 9983220, 10012079, 28859
398323, 9983230, 10012093, 28863
398324, 9983240, 10012106, 28866
398325, 9983250, 10012120, 28870
398326, 9983260, 10012133, 28873
398327, 9983270, 10012146, 28876
398329, 9983290, 10012160, 28870
398330, 9983300, 10012173, 28873
398331, 9983310, 10012187, 28877
398332, 9983320, 10012200, 28880
398333, 9983330, 10012214, 28884
398334, 9983340, 10012227, 28887
398335, 9983350, 10012241, 28891
398336, 9983360, 10012254, 28894
398337, 9983370, 10012267, 28897
398338, 9983380, 10012281, 28901
398340, 9983400, 10012294, 28894
398341, 9983410, 10012308, 28898
398342, 9983420, 10012321, 28901
398343, 9983430, 10012335, 28905
398344, 9983440, 10012348, 28908
398345, 9983450, 10012362, 28912
398346, 9983460, 10012375, 28915
398347, 9983470, 10012388, 28918
398348, 9983480, 10012402, 28922
398351, 9983510, 10012429, 28919
398352, 9983520, 10012442, 28922
398353, 9983530, 10012456, 28926
398354, 9983540, 10012469, 28929
398355, 9983550, 10012482, 28932
398356, 9983560, 10012496, 28936
398357, 9983570, 10012509, 28939
398358, 9983580, 10012523, 28943
398359, 9983590, 10012536, 28946
398361, 9983610, 10012550, 28940
398362, 9983620, 10012563, 28943
398363, 9983630, 10012577, 28947
398364, 9983640, 10012590, 28950
398365, 9983650, 10012603, 28953
398366, 9983660, 10012617, 28957
398367, 9983670, 10012630, 28960
398368, 9983680, 10012644, 28964
398369, 9983690, 10012657, 28967
398371, 9983710, 10012671, 28961
398372, 9983720, 10012684, 28964
398373, 9983730, 10012698, 28968
398374, 9983740, 10012711, 28971
398375, 9983750, 10012724, 28974
398376, 9983760, 10012738, 28978
398377, 9983770, 10012751, 28981
398378, 9983780, 10012765, 28985
398379, 9983790, 10012778, 28988
398380, 9983800, 10012792, 28992
398382, 9983820, 10012805, 28985
398383, 9983830, 10012818, 28988
398384, 9983840, 10012832, 28992
398385, 9983850, 10012845, 28995
398386, 9983860, 10012859, 28999
398387, 9983870, 10012872, 29002
398388, 9983880, 10012886, 29006
398389, 9983890, 10012899, 29009
398390, 9983900, 10012913, 29013
398391, 9983910, 10012926, 29016
398393, 9983930, 10012939, 29009
398394, 9983940, 10012953, 29013
398395, 9983950, 10012966, 29016
398396, 9983960, 10012980, 29020
398397, 9983970, 10012993, 29023
398398, 9983980, 10013007, 29027
398399, 9983990, 10013020, 29030
398802, 9988020, 10013047, 25027
398803, 9988030, 10013060, 25030
398804, 9988040, 10013074, 25034
398805, 9988050, 10013087, 25037
398806, 9988060, 10013101, 25041
398807, 9988070, 10013114, 25044
398808, 9988080, 10013128, 25048
398809, 9988090, 10013141, 25051
398810, 9988100, 10013154, 25054
398812, 9988120, 10013168, 25048
398813, 9988130, 10013181, 25051
398814, 9988140, 10013195, 25055
398815, 9988150, 10013208, 25058
398816, 9988160, 10013222, 25062
398817, 9988170, 10013235, 25065
398818, 9988180, 10013249, 25069
398819, 9988190, 10013262, 25072
398820, 9988200, 10013275, 25075
398821, 9988210, 10013289, 25079
398823, 9988230, 10013302, 25072
398824, 9988240, 10013316, 25076
398825, 9988250, 10013329, 25079
398826, 9988260, 10013343, 25083
398827, 9988270, 10013356, 25086
398828, 9988280, 10013370, 25090
398829, 9988290, 10013383, 25093
398830, 9988300, 10013396, 25096
398831, 9988310, 10013410, 25100
398833, 9988330, 10013423, 25093
398834, 9988340, 10013437, 25097
398835, 9988350, 10013450, 25100
398836, 9988360, 10013464, 25104
398837, 9988370, 10013477, 25107
398838, 9988380, 10013490, 25110
398839, 9988390, 10013504, 25114
398840, 9988400, 10013517, 25117
398841, 9988410, 10013531, 25121
398842, 9988420, 10013544, 25124
398844, 9988440, 10013558, 25118
398845, 9988450, 10013571, 25121
398846, 9988460, 10013585, 25125
398847, 9988470, 10013598, 25128
398848, 9988480, 10013611, 25131
398849, 9988490, 10013625, 25135
398851, 9988510, 10013652, 25142
398852, 9988520, 10013665, 25145
398853, 9988530, 10013679, 25149
398855, 9988550, 10013692, 25142
398856, 9988560, 10013706, 25146
398857, 9988570, 10013719, 25149
398858, 9988580, 10013732, 25152
398859, 9988590, 10013746, 25156
398860, 9988600, 10013759, 25159
398861, 9988610, 10013773, 25163
398862, 9988620, 10013786, 25166
398863, 9988630, 10013800, 25170
398865, 9988650, 10013813, 25163
398866, 9988660, 10013826, 25166
398867, 9988670, 10013840, 25170
398868, 9988680, 10013853, 25173
398869, 9988690, 10013867, 25177
398870, 9988700, 10013880, 25180
398871, 9988710, 10013894, 25184
398872, 9988720, 10013907, 25187
398873, 9988730, 10013921, 25191
398874, 9988740, 10013934, 25194
398876, 9988760, 10013947, 25187
398877, 9988770, 10013961, 25191
398878, 9988780, 10013974, 25194
398879, 9988790, 10013988, 25198
398880, 9988800, 10014001, 25201
398881, 9988810, 10014015, 25205
398882, 9988820, 10014028, 25208
398883, 9988830, 10014042, 25212
398884, 9988840, 10014055, 25215
398885, 9988850, 10014068, 25218
398887, 9988870, 10014082, 25212
398888, 9988880, 10014095, 25215
398889, 9988890, 10014109, 25219
398890, 9988900, 10014122, 25222
398891, 9988910, 10014136, 25226
398892, 9988920, 10014149, 25229
398893, 9988930, 10014162, 25232
398894, 9988940, 10014176, 25236
398895, 9988950, 10014189, 25239
398897, 9988970, 10014203, 25233
398898, 9988980, 10014216, 25236
398899, 9988990, 10014230, 25240
398901, 9989010, 10014257, 25247
398902, 9989020, 10014270, 25250
398903, 9989030, 10014283, 25253
398904, 9989040, 10014297, 25257
398905, 9989050, 10014310, 25260
398906, 9989060, 10014324, 25264
398908, 9989080, 10014337, 25257
398909, 9989090, 10014351, 25261
398910, 9989100, 10014364, 25264
398911, 9989110, 10014378, 25268
398912, 9989120, 10014391, 25271
398913, 9989130, 10014404, 25274
398914, 9989140, 10014418, 25278
398915, 9989150, 10014431, 25281
398916, 9989160, 10018012, 28852
398918, 9989180, 10018026, 28846
398919, 9989190, 10018039, 28849
398920, 9989200, 10018052, 28852
398921, 9989210, 10018066, 28856
398922, 9989220, 10018079, 28859
398923, 9989230, 10018093, 28863
398924, 9989240, 10018106, 28866
398925, 9989250, 10018120, 28870
398926, 9989260, 10018133, 28873
398927, 9989270, 10018146, 28876
398929, 9989290, 10018160, 28870
398930, 9989300, 10018173, 28873
398931, 9989310, 10018187, 28877
398932, 9989320, 10018200, 28880
398933, 9989330, 10018214, 28884
398934, 9989340, 10018227, 28887
398935, 9989350, 10018241, 28891
398936, 9989360, 10018254, 28894
398937, 9989370, 10018267, 28897
398938, 9989380, 10018281, 28901
398940, 9989400, 10018294, 28894
398941, 9989410, 10018308, 28898
398942, 9989420, 10018321, 28901
398943, 9989430, 10018335, 28905
398944, 9989440, 10018348, 28908
398945, 9989450, 10018362, 28912
398946, 9989460, 10018375, 28915
398947, 9989470, 10018388, 28918
398948, 9989480, 10018402, 28922
398951, 9989510, 10018429, 28919
398952, 9989520, 10018442, 28922
398953, 9989530, 10018456, 28926
398954, 9989540, 10018469, 28929
398955, 9989550, 10018482, 28932
398956, 9989560, 10018496, 28936
398957, 9989570, 10018509, 28939
398958, 9989580, 10018523, 28943
398959, 9989590, 10018536, 28946
398961, 9989610, 10018550, 28940
398962, 9989620, 10018563, 28943
398963, 9989630, 10018577, 28947
398964, 9989640, 10018590, 28950
398965, 9989650, 10018603, 28953
398966, 9989660, 10018617, 28957
398967, 9989670, 10018630, 28960
398968, 9989680, 10018644, 28964
398969, 9989690, 10018657, 28967
398971, 9989710, 10018671, 28961
398972, 9989720, 10018684, 28964
398973, 9989730, 10018698, 28968
398974, 9989740, 10018711, 28971
398975, 9989750, 10018724, 28974
398976, 9989760, 10018738, 28978
398977, 9989770, 10018751, 28981
398978, 9989780, 10018765, 28985
398979, 9989790, 10018778, 28988
398980, 9989800, 10018792, 28992
398982, 9989820, 10018805, 28985
398983, 9989830, 10018818, 28988
398984, 9989840, 10018832, 28992
398985, 9989850, 10018845, 28995
398986, 9989860, 10018859, 28999
398987, 9989870, 10018872, 29002
398988, 9989880, 10018886, 29006
398989, 9989890, 10018899, 29009
398990, 9989900, 10018913, 29013
398991, 9989910, 10018926, 29016
398993, 9989930, 10018939, 29009
398994, 9989940, 10018953, 29013
398995, 9989950, 10018966, 29016
398996, 9989960, 10018980, 29020
398997, 9989970, 10018993, 29023
398998, 9989980, 10019007, 29027
398999, 9989990, 10019020, 29030
399402, 9994020, 10019047, 25027
399403, 9994030, 10019060, 25030
399404, 9994040, 10019074, 25034
399405, 9994050, 10019087, 25037
399406, 9994060, 10019101, 25041
399407, 9994070, 10019114, 25044
399408, 9994080, 10019128, 25048
399409, 9994090, 10019141, 25051
399410, 9994100, 10019154, 25054
399412, 9994120, 10019168, 25048
399413, 9994130, 10019181, 25051
399414, 9994140, 10019195, 25055
399415, 9994150, 10019208, 25058
399416, 9994160, 10019222, 25062
399417, 9994170, 10019235, 25065
399418, 9994180, 10019249, 25069
399419, 9994190, 10019262, 25072
399420, 9994200, 10019275, 25075
399421, 9994210, 10019289, 25079
399423, 9994230, 10019302, 25072
399424, 9994240, 10019316, 25076
399425, 9994250, 10019329, 25079
399426, 9994260, 10019343, 25083
399427, 9994270, 10019356, 25086
399428, 9994280, 10019370, 25090
399429, 9994290, 10019383, 25093
399430, 9994300, 10019396, 25096
399431, 9994310, 10019410, 25100
399433, 9994330, 10019423, 25093
399434, 9994340, 10019437, 25097
399435, 9994350, 10019450, 25100
399436, 9994360, 10019464, 25104
399437, 9994370, 10019477, 25107
399438, 9994380, 10019490, 25110
399439, 9994390, 10019504, 25114
399440, 9994400, 10019517, 25117
399441, 9994410, 10019531, 25121
399442, 9994420, 10019544, 25124
399444, 9994440, 10019558, 25118
399445, 9994450, 10019571, 25121
399446, 9994460, 10019585, 25125
399447, 9994470, 10019598, 25128
399448, 9994480, 10019611, 25131
399449, 9994490, 10019625, 25135
399451, 9994510, 10019652, 25142
399452, 9994520, 10019665, 25145
399453, 9994530, 10019679, 25149
399455, 9994550, 10019692, 25142
399456, 9994560, 10019706, 25146
399457, 9994570, 10019719, 25149
399458, 9994580, 10019732, 25152
399459, 9994590, 10019746, 25156
399460, 9994600, 10019759, 25159
399461, 9994610, 10019773, 25163
399462, 9994620, 10019786, 25166
399463, 9994630, 10019800, 25170
399465, 9994650, 10019813, 25163
399466, 9994660, 10019826, 25166
399467, 9994670, 10019840, 25170
399468, 9994680, 10019853, 25173
399469, 9994690, 10019867, 25177
399470, 9994700, 10019880, 25180
399471, 9994710, 10019894, 25184
399472, 9994720, 10019907, 25187
399473, 9994730, 10019921, 25191
399474, 9994740, 10019934, 25194
399476, 9994760, 10019947, 25187
399477, 9994770, 10019961, 25191
399478, 9994780, 10019974, 25194
399479, 9994790, 10019988, 25198
399480, 9994800, 10020001, 25201
399481, 9994810, 10020015, 25205
399482, 9994820, 10020028, 25208
399483, 9994830, 10020042, 25212
399484, 9994840, 10020055, 25215
399485, 9994850, 10020068, 25218
399487, 9994870, 10020082, 25212
399488, 9994880, 10020095, 25215
399489, 9994890, 10020109, 25219
399490, 9994900, 10020122, 25222
399491, 9994910, 10020136, 25226
399492, 9994920, 10020149, 25229
399493, 9994930, 10020162, 25232
399494, 9994940, 10020176, 25236
399495, 9994950, 10020189, 25239
399497, 9994970, 10020203, 25233
399498, 9994980, 10020216, 25236
399499, 9994990, 10020230, 25240
399501, 9995010, 10020257, 25247
399502, 9995020, 10020270, 25250
399503, 9995030, 10020283, 25253
399504, 9995040, 10020297, 25257
399505, 9995050, 10020310, 25260
399506, 9995060, 10020324, 25264
399508, 9995080, 10020337, 25257
399509, 9995090, 10020351, 25261
399510, 9995100, 10020364, 25264
399511, 9995110, 10020378, 25268
399512, 9995120, 10020391, 25271
399513, 9995130, 10020404, 25274
399514, 9995140, 10020418, 25278
399515, 9995150, 10020431, 25281
399516, 9995160, 10024012, 28852
399517, 9995170, 10024026, 28856
399519, 9995190, 10024039, 28849
399520, 9995200, 10024052, 28852
399521, 9995210, 10024066, 28856
399522, 9995220, 10024079, 28859
399523, 9995230, 10024093, 28863
399524, 9995240, 10024106, 28866
399525, 9995250, 10024120, 28870
399526, 9995260, 10024133, 28873
399527, 9995270, 10024146, 28876
399529, 9995290, 10024160, 28870
399530, 9995300, 10024173, 28873
399531, 9995310, 10024187, 28877
399532, 9995320, 10024200, 28880
399533, 9995330, 10024214, 28884
399534, 9995340, 10024227, 28887
399535, 9995350, 10024241, 28891
399536, 9995360, 10024254, 28894
399537, 9995370, 10024267, 28897
399538, 9995380, 10024281, 28901
399540, 9995400, 10024294, 28894
399541, 9995410, 10024308, 28898
399542, 9995420, 10024321, 28901
399543, 9995430, 10024335, 28905
399544, 9995440, 10024348, 28908
399545, 9995450, 10024362, 28912
399546, 9995460, 10024375, 28915
399547, 9995470, 10024388, 28918
399548, 9995480, 10024402, 28922
399551, 9995510, 10024429, 28919
399552, 9995520, 10024442, 28922
399553, 9995530, 10024456, 28926
399554, 9995540, 10024469, 28929
399555, 9995550, 10024482, 28932
399556, 9995560, 10024496, 28936
399557, 9995570, 10024509, 28939
399558, 9995580, 10024523, 28943
399559, 9995590, 10024536, 28946
399561, 9995610, 10024550, 28940
399562, 9995620, 10024563, 28943
399563, 9995630, 10024577, 28947
399564, 9995640, 10024590, 28950
399565, 9995650, 10024603, 28953
399566, 9995660, 10024617, 28957
399567, 9995670, 10024630, 28960
399568, 9995680, 10024644, 28964
399569, 9995690, 10024657, 28967
399570, 9995700, 10024671, 28971
399572, 9995720, 10024684, 28964
399573, 9995730, 10024698, 28968
399574, 9995740, 10024711, 28971
399575, 9995750, 10024724, 28974
399576, 9995760, 10024738, 28978
399577, 9995770, 10024751, 28981
399578, 9995780, 10024765, 28985
399579, 9995790, 10024778, 28988
399580, 9995800, 10024792, 28992
399582, 9995820, 10024805, 28985
399583, 9995830, 10024818, 28988
399584, 9995840, 10024832, 28992
399585, 9995850, 10024845, 28995
399586, 9995860, 10024859, 28999
399587, 9995870, 10024872, 29002
399588, 9995880, 10024886, 29006
399589, 9995890, 10024899, 29009
399590, 9995900, 10024913, 29013
399591, 9995910, 10024926, 29016
399593, 9995930, 10024939, 29009
399594, 9995940, 10024953, 29013
399595, 9995950, 10024966, 29016
399596, 9995960, 10024980, 29020
399597, 9995970, 10024993, 29023
399598, 9995980, 10025007, 29027
399599, 9995990, 10025020, 29030
