Message ID, CreationTime [μs]  , ReceiveTime [μs] , TimeDifference [μs]
0, 5000000, 5002083, 2083
1, 5000500, 5002118, 1618
2, 5001000, 5002131, 1131
3, 5001500, 5002144, 644
4, 5002000, 5002157, 157
5, 5002500, 5002512, 12
6, 5003000, 5003012, 12
7, 5003500, 5003512, 12
8, 5004000, 5008012, 4012
9, 5004500, 5008025, 3525
10, 5005000, 5008038, 3038
11, 5005500, 5008052, 2552
12, 5006000, 5008065, 2065
13, 5006500, 5008078, 1578
14, 5007000, 5008091, 1091
15, 5007500, 5008105, 605
16, 5008000, 5008118, 118
17, 5008500, 5008512, 12
18, 5009000, 5009012, 12
19, 5009500, 5009512, 12
20, 5010000, 5014025, 4025
21, 5010500, 5014038, 3538
22, 5011000, 5014052, 3052
23, 5011500, 5014065, 2565
24, 5012000, 5014078, 2078
25, 5012500, 5014091, 1591
26, 5013000, 5014105, 1105
27, 5013500, 5014118, 618
28, 5014000, 5014131, 131
29, 5014500, 5014512, 12
30, 5015000, 5015012, 12
31, 5015500, 5015512, 12
32, 5016000, 5020012, 4012
33, 5016500, 5020025, 3525
34, 5017000, 5020038, 3038
35, 5017500, 5020052, 2552
36, 5018000, 5020065, 2065
37, 5018500, 5020078, 1578
38, 5019000, 5020092, 1092
39, 5019500, 5020105, 605
40, 5020000, 5020131, 131
41, 5020500, 5020512, 12
42, 5021000, 5021012, 12
43, 5021500, 5021512, 12
44, 5022000, 5026012, 4012
45, 5022500, 5026025, 3525
46, 5023000, 5026038, 3038
47, 5023500, 5026052, 2552
48, 5024000, 5026065, 2065
49, 5024500, 5026078, 1578
50, 5025000, 5026092, 1092
51, 5025500, 5026105, 605
52, 5026000, 5026118, 118
53, 5026500, 5026512, 12
54, 5027000, 5027012, 12
55, 5027500, 5027512, 12
56, 5028000, 5032012, 4012
57, 5028500, 5032025, 3525
58, 5029000, 5032038, 3038
59, 5029500, 5032052, 2552
60, 5030000, 5032078, 2078
61, 5030500, 5032091, 1591
62, 5031000, 5032105, 1105
63, 5031500, 5032118, 618
64, 5032000, 5032131, 131
65, 5032500, 5032512, 12
66, 5033000, 5033012, 12
67, 5033500, 5033512, 12
68, 5034000, 5038012, 4012
69, 5034500, 5038025, 3525
70, 5035000, 5038038, 3038
71, 5035500, 5038052, 2552
72, 5036000, 5038065, 2065
73, 5036500, 5038078, 1578
74, 5037000, 5038092, 1092
75, 5037500, 5038105, 605
76, 5038000, 5038118, 118
77, 5038500, 5038512, 12
78, 5039000, 5039012, 12
79, 5039500, 5039512, 12
80, 5040000, 5044025, 4025
81, 5040500, 5044038, 3538
82, 5041000, 5044052, 3052
83, 5041500, 5044065, 2565
84, 5042000, 5044078, 2078
85, 5042500, 5044091, 1591
86, 5043000, 5044105, 1105
87, 5043500, 5044118, 618
88, 5044000, 5044131, 131
89, 5044500, 5044512, 12
90, 5045000, 5045012, 12
91, 5045500, 5045512, 12
92, 5046000, 5050012, 4012
93, 5046500, 5050025, 3525
94, 5047000, 5050038, 3038
95, 5047500, 5050052, 2552
96, 5048000, 5050065, 2065
97, 5048500, 5050078, 1578
98, 5049000, 5050092, 1092
99, 5049500, 5050105, 605
100, 5050000, 5050131, 131
101, 5050500, 5050512, 12
102, 5051000, 5051012, 12
103, 5051500, 5051512, 12
104, 5052000, 5056012, 4012
105, 5052500, 5056025, 3525
106, 5053000, 5056039, 3039
107, 5053500, 5056052, 2552
108, 5054000, 5056065, 2065
109, 5054500, 5056079, 1579
110, 5055000, 5056092, 1092
111, 5055500, 5056106, 606
112, 5056000, 5056119, 119
113, 5056500, 5056512, 12
114, 5057000, 5057012, 12
115, 5057500, 5057512, 12
116, 5058000, 5062012, 4012
117, 5058500, 5062025, 3525
118, 5059000, 5062039, 3039
119, 5059500, 5062052, 2552
120, 5060000, 5062079, 2079
121, 5060500, 5062092, 1592
122, 5061000, 5062105, 1105
123, 5061500, 5062119, 619
124, 5062000, 5062132, 132
125, 5062500, 5062512, 12
126, 5063000, 5063012, 12
127, 5063500, 5063512, 12
128, 5064000, 5068012, 4012
129, 5064500, 5068025, 3525
130, 5065000, 5068039, 3039
131, 5065500, 5068052, 2552
132, 5066000, 5068065, 2065
133, 5066500, 5068079, 1579
134, 5067000, 5068092, 1092
135, 5067500, 5068106, 606
136, 5068000, 5068119, 119
137, 5068500, 5068512, 12
138, 5069000, 5069012, 12
139, 5069500, 5069512, 12
140, 5070000, 5074025, 4025
141, 5070500, 5074038, 3538
142, 5071000, 5074052, 3052
143, 5071500, 5074065, 2565
144, 5072000, 5074079, 2079
145, 5072500, 5074092, 1592
146, 5073000, 5074105, 1105
147, 5073500, 5074119, 619
148, 5074000, 5074132, 132
149, 5074500, 5074512, 12
150, 5075000, 5075012, 12
151, 5075500, 5075512, 12
152, 5076000, 5080012, 4012
153, 5076500, 5080025, 3525
154, 5077000, 5080039, 3039
155, 5077500, 5080052, 2552
156, 5078000, 5080065, 2065
157, 5078500, 5080079, 1579
158, 5079000, 5080092, 1092
159, 5079500, 5080106, 606
160, 5080000, 5080132, 132
161, 5080500, 5080512, 12
162, 5081000, 5081012, 12
163, 5081500, 5081512, 12
164, 5082000, 5086012, 4012
165, 5082500, 5086025, 3525
166, 5083000, 5086039, 3039
167, 5083500, 5086052, 2552
168, 5084000, 5086065, 2065
169, 5084500, 5086079, 1579
170, 5085000, 5086092, 1092
171, 5085500, 5086106, 606
172, 5086000, 5086119, 119
173, 5086500, 5086512, 12
174, 5087000, 5087012, 12
175, 5087500, 5087512, 12
176, 5088000, 5092012, 4012
177, 5088500, 5092025, 3525
178, 5089000, 5092039, 3039
179, 5089500, 5092052, 2552
180, 5090000, 5092079, 2079
181, 5090500, 5092092, 1592
182, 5091000, 5092105, 1105
183, 5091500, 5092119, 619
184, 5092000, 5092132, 132
185, 5092500, 5092512, 12
186, 5093000, 5093012, 12
187, 5093500, 5093512, 12
188, 5094000, 5098012, 4012
189, 5094500, 5098025, 3525
190, 5095000, 5098039, 3039
191, 5095500, 5098052, 2552
192, 5096000, 5098065, 2065
193, 5096500, 5098079, 1579
194, 5097000, 5098092, 1092
195, 5097500, 5098106, 606
196, 5098000, 5098119, 119
197, 5098500, 5098512, 12
198, 5099000, 5099012, 12
199, 5099500, 5099512, 12
200, 5100000, 5104025, 4025
201, 5100500, 5104039, 3539
202, 5101000, 5104052, 3052
203, 5101500, 5104065, 2565
204, 5102000, 5104079, 2079
205, 5102500, 5104092, 1592
206, 5103000, 5104105, 1105
207, 5103500, 5104119, 619
208, 5104000, 5104132, 132
209, 5104500, 5104512, 12
210, 5105000, 5105012, 12
211, 5105500, 5105512, 12
212, 5106000, 5110012, 4012
213, 5106500, 5110025, 3525
214, 5107000, 5110039, 3039
215, 5107500, 5110052, 2552
216, 5108000, 5110065, 2065
217, 5108500, 5110079, 1579
218, 5109000, 5110092, 1092
219, 5109500, 5110106, 606
220, 5110000, 5110132, 132
221, 5110500, 5110512, 12
222, 5111000, 5111012, 12
223, 5111500, 5111512, 12
224, 5112000, 5116012, 4012
225, 5112500, 5116025, 3525
226, 5113000, 5116039, 3039
227, 5113500, 5116052, 2552
228, 5114000, 5116065, 2065
229, 5114500, 5116079, 1579
230, 5115000, 5116092, 1092
231, 5115500, 5116106, 606
232, 5116000, 5116119, 119
233, 5116500, 5116512, 12
234, 5117000, 5117012, 12
235, 5117500, 5117512, 12
236, 5118000, 5122012, 4012
237, 5118500, 5122025, 3525
238, 5119000, 5122039, 3039
239, 5119500, 5122052, 2552
240, 5120000, 5122079, 2079
241, 5120500, 5122092, 1592
242, 5121000, 5122105, 1105
243, 5121500, 5122119, 619
244, 5122000, 5122132, 132
245, 5122500, 5122512, 12
246, 5123000, 5123012, 12
247, 5123500, 5123512, 12
248, 5124000, 5128012, 4012
249, 5124500, 5128025, 3525
250, 5125000, 5128039, 3039
251, 5125500, 5128052, 2552
252, 5126000, 5128065, 2065
253, 5126500, 5128079, 1579
254, 5127000, 5128092, 1092
255, 5127500, 5128106, 606
256, 5128000, 5128119, 119
257, 5128500, 5128512, 12
258, 5129000, 5129012, 12
259, 5129500, 5129512, 12
260, 5130000, 5134025, 4025
261, 5130500, 5134039, 3539
262, 5131000, 5134052, 3052
263, 5131500, 5134065, 2565
264, 5132000, 5134079, 2079
265, 5132500, 5134092, 1592
266, 5133000, 5134105, 1105
267, 5133500, 5134119, 619
268, 5134000, 5134132, 132
269, 5134500, 5134512, 12
270, 5135000, 5135012, 12
271, 5135500, 5135512, 12
272, 5136000, 5140012, 4012
273, 5136500, 5140025, 3525
274, 5137000, 5140039, 3039
275, 5137500, 5140052, 2552
276, 5138000, 5140065, 2065
277, 5138500, 5140079, 1579
278, 5139000, 5140092, 1092
279, 5139500, 5140106, 606
280, 5140000, 5140132, 132
281, 5140500, 5140512, 12
282, 5141000, 5141012, 12
283, 5141500, 5141512, 12
284, 5142000, 5146012, 4012
285, 5142500, 5146025, 3525
286, 5143000, 5146039, 3039
287, 5143500, 5146052, 2552
288, 5144000, 5146065, 2065
289, 5144500, 5146079, 1579
290, 5145000, 5146092, 1092
291, 5145500, 5146106, 606
292, 5146000, 5146119, 119
293, 5146500, 5146512, 12
294, 5147000, 5147012, 12
295, 5147500, 5147512, 12
296, 5148000, 5152012, 4012
297, 5148500, 5152025, 3525
298, 5149000, 5152039, 3039
299, 5149500, 5152052, 2552
300, 5150000, 5152079, 2079
301, 5150500, 5152092, 1592
302, 5151000, 5152105, 1105
303, 5151500, 5152119, 619
304, 5152000, 5152132, 132
305, 5152500, 5152512, 12
306, 5153000, 5153012, 12
307, 5153500, 5153512, 12
308, 5154000, 5158012, 4012
309, 5154500, 5158025, 3525
310, 5155000, 5158039, 3039
311, 5155500, 5158052, 2552
312, 5156000, 5158065, 2065
313, 5156500, 5158079, 1579
314, 5157000, 5158092, 1092
315, 5157500, 5158106, 606
316, 5158000, 5158119, 119
317, 5158500, 5158512, 12
318, 5159000, 5159012, 12
319, 5159500, 5159512, 12
320, 5160000, 5164025, 4025
321, 5160500, 5164039, 3539
322, 5161000, 5164052, 3052
323, 5161500, 5164065, 2565
324, 5162000, 5164079, 2079
325, 5162500, 5164092, 1592
326, 5163000, 5164105, 1105
327, 5163500, 5164119, 619
328, 5164000, 5164132, 132
329, 5164500, 5164512, 12
330, 5165000, 5165012, 12
331, 5165500, 5165512, 12
332, 5166000, 5170012, 4012
333, 5166500, 5170025, 3525
334, 5167000, 5170039, 3039
335, 5167500, 5170052, 2552
336, 5168000, 5170065, 2065
337, 5168500, 5170079, 1579
338, 5169000, 5170092, 1092
339, 5169500, 5170106, 606
340, 5170000, 5170132, 132
341, 5170500, 5170512, 12
342, 5171000, 5171012, 12
343, 5171500, 5171512, 12
344, 5172000, 5176012, 4012
345, 5172500, 5176025, 3525
346, 5173000, 5176039, 3039
347, 5173500, 5176052, 2552
348, 5174000, 5176065, 2065
349, 5174500, 5176079, 1579
350, 5175000, 5176092, 1092
351, 5175500, 5176106, 606
352, 5176000, 5176119, 119
353, 5176500, 5176512, 12
354, 5177000, 5177012, 12
355, 5177500, 5177512, 12
356, 5178000, 5182012, 4012
357, 5178500, 5182025, 3525
358, 5179000, 5182039, 3039
359, 5179500, 5182052, 2552
360, 5180000, 5182079, 2079
361, 5180500, 5182092, 1592
362, 5181000, 5182105, 1105
363, 5181500, 5182119, 619
364, 5182000, 5182132, 132
365, 5182500, 5182512, 12
366, 5183000, 5183012, 12
367, 5183500, 5183512, 12
368, 5184000, 5188012, 4012
369, 5184500, 5188025, 3525
370, 5185000, 5188039, 3039
371, 5185500, 5188052, 2552
372, 5186000, 5188065, 2065
373, 5186500, 5188079, 1579
374, 5187000, 5188092, 1092
375, 5187500, 5188106, 606
376, 5188000, 5188119, 119
377, 5188500, 5188512, 12
378, 5189000, 5189012, 12
379, 5189500, 5189512, 12
380, 5190000, 5194025, 4025
381, 5190500, 5194039, 3539
382, 5191000, 5194052, 3052
383, 5191500, 5194065, 2565
384, 5192000, 5194079, 2079
385, 5192500, 5194092, 1592
386, 5193000, 5194105, 1105
387, 5193500, 5194119, 619
388, 5194000, 5194132, 132
389, 5194500, 5194512, 12
390, 5195000, 5195012, 12
391, 5195500, 5195512, 12
392, 5196000, 5200012, 4012
393, 5196500, 5200025, 3525
394, 5197000, 5200039, 3039
395, 5197500, 5200052, 2552
396, 5198000, 5200065, 2065
397, 5198500, 5200079, 1579
398, 5199000, 5200092, 1092
399, 5199500, 5200106, 606
400, 5200000, 5200132, 132
401, 5200500, 5200512, 12
402, 5201000, 5201012, 12
403, 5201500, 5201512, 12
404, 5202000, 5206012, 4012
405, 5202500, 5206025, 3525
406, 5203000, 5206039, 3039
407, 5203500, 5206052, 2552
408, 5204000, 5206065, 2065
409, 5204500, 5206079, 1579
410, 5205000, 5206092, 1092
411, 5205500, 5206106, 606
412, 5206000, 5206119, 119
413, 5206500, 5206512, 12
414, 5207000, 5207012, 12
415, 5207500, 5207512, 12
416, 5208000, 5212012, 4012
417, 5208500, 5212025, 3525
418, 5209000, 5212039, 3039
419, 5209500, 5212052, 2552
420, 5210000, 5212079, 2079
421, 5210500, 5212092, 1592
422, 5211000, 5212105, 1105
423, 5211500, 5212119, 619
424, 5212000, 5212132, 132
425, 5212500, 5212512, 12
426, 5213000, 5213012, 12
427, 5213500, 5213512, 12
428, 5214000, 5218012, 4012
429, 5214500, 5218025, 3525
430, 5215000, 5218039, 3039
431, 5215500, 5218052, 2552
432, 5216000, 5218065, 2065
433, 5216500, 5218079, 1579
434, 5217000, 5218092, 1092
435, 5217500, 5218106, 606
436, 5218000, 5218119, 119
437, 5218500, 5218512, 12
438, 5219000, 5219012, 12
439, 5219500, 5219512, 12
440, 5220000, 5224025, 4025
441, 5220500, 5224039, 3539
442, 5221000, 5224052, 3052
443, 5221500, 5224065, 2565
444, 5222000, 5224079, 2079
445, 5222500, 5224092, 1592
446, 5223000, 5224105, 1105
447, 5223500, 5224119, 619
448, 5224000, 5224132, 132
449, 5224500, 5224512, 12
450, 5225000, 5225012, 12
451, 5225500, 5225512, 12
452, 5226000, 5230012, 4012
453, 5226500, 5230025, 3525
454, 5227000, 5230039, 3039
455, 5227500, 5230052, 2552
456, 5228000, 5230065, 2065
457, 5228500, 5230079, 1579
458, 5229000, 5230092, 1092
459, 5229500, 5230106, 606
460, 5230000, 5230132, 132
461, 5230500, 5230512, 12
462, 5231000, 5231012, 12
463, 5231500, 5231512, 12
464, 5232000, 5236012, 4012
465, 5232500, 5236025, 3525
466, 5233000, 5236039, 3039
467, 5233500, 5236052, 2552
468, 5234000, 5236065, 2065
469, 5234500, 5236079, 1579
470, 5235000, 5236092, 1092
471, 5235500, 5236106, 606
472, 5236000, 5236119, 119
473, 5236500, 5236512, 12
474, 5237000, 5237012, 12
475, 5237500, 5237512, 12
476, 5238000, 5242012, 4012
477, 5238500, 5242025, 3525
478, 5239000, 5242039, 3039
479, 5239500, 5242052, 2552
480, 5240000, 5242079, 2079
481, 5240500, 5242092, 1592
482, 5241000, 5242105, 1105
483, 5241500, 5242119, 619
484, 5242000, 5242132, 132
485, 5242500, 5242512, 12
486, 5243000, 5243012, 12
487, 5243500, 5243512, 12
488, 5244000, 5248012, 4012
489, 5244500, 5248025, 3525
490, 5245000, 5248039, 3039
491, 5245500, 5248052, 2552
492, 5246000, 5248065, 2065
493, 5246500, 5248079, 1579
494, 5247000, 5248092, 1092
495, 5247500, 5248106, 606
496, 5248000, 5248119, 119
497, 5248500, 5248512, 12
498, 5249000, 5249012, 12
499, 5249500, 5249512, 12
500, 5250000, 5254025, 4025
501, 5250500, 5254039, 3539
502, 5251000, 5254052, 3052
503, 5251500, 5254065, 2565
504, 5252000, 5254079, 2079
505, 5252500, 5254092, 1592
506, 5253000, 5254105, 1105
507, 5253500, 5254119, 619
508, 5254000, 5254132, 132
509, 5254500, 5254512, 12
510, 5255000, 5255012, 12
511, 5255500, 5255512, 12
512, 5256000, 5260012, 4012
513, 5256500, 5260025, 3525
514, 5257000, 5260039, 3039
515, 5257500, 5260052, 2552
516, 5258000, 5260065, 2065
517, 5258500, 5260079, 1579
518, 5259000, 5260092, 1092
519, 5259500, 5260106, 606
520, 5260000, 5260132, 132
521, 5260500, 5260512, 12
522, 5261000, 5261012, 12
523, 5261500, 5261512, 12
524, 5262000, 5266012, 4012
525, 5262500, 5266025, 3525
526, 5263000, 5266039, 3039
527, 5263500, 5266052, 2552
528, 5264000, 5266065, 2065
529, 5264500, 5266079, 1579
530, 5265000, 5266092, 1092
531, 5265500, 5266106, 606
532, 5266000, 5266119, 119
533, 5266500, 5266512, 12
534, 5267000, 5267012, 12
535, 5267500, 5267512, 12
536, 5268000, 5272012, 4012
537, 5268500, 5272025, 3525
538, 5269000, 5272039, 3039
539, 5269500, 5272052, 2552
540, 5270000, 5272079, 2079
541, 5270500, 5272092, 1592
542, 5271000, 5272105, 1105
543, 5271500, 5272119, 619
544, 5272000, 5272132, 132
545, 5272500, 5272512, 12
546, 5273000, 5273012, 12
547, 5273500, 5273512, 12
548, 5274000, 5278012, 4012
549, 5274500, 5278025, 3525
550, 5275000, 5278039, 3039
551, 5275500, 5278052, 2552
552, 5276000, 5278065, 2065
553, 5276500, 5278079, 1579
554, 5277000, 5278092, 1092
555, 5277500, 5278106, 606
556, 5278000, 5278119, 119
557, 5278500, 5278512, 12
558, 5279000, 5279012, 12
559, 5279500, 5279512, 12
560, 5280000, 5284025, 4025
561, 5280500, 5284039, 3539
562, 5281000, 5284052, 3052
563, 5281500, 5284065, 2565
564, 5282000, 5284079, 2079
565, 5282500, 5284092, 1592
566, 5283000, 5284105, 1105
567, 5283500, 5284119, 619
568, 5284000, 5284132, 132
569, 5284500, 5284512, 12
570, 5285000, 5285012, 12
571, 5285500, 5285512, 12
572, 5286000, 5290012, 4012
573, 5286500, 5290025, 3525
574, 5287000, 5290039, 3039
575, 5287500, 5290052, 2552
576, 5288000, 5290065, 2065
577, 5288500, 5290079, 1579
578, 5289000, 5290092, 1092
579, 5289500, 5290106, 606
580, 5290000, 5290132, 132
581, 5290500, 5290512, 12
582, 5291000, 5291012, 12
583, 5291500, 5291512, 12
584, 5292000, 5296012, 4012
585, 5292500, 5296025, 3525
586, 5293000, 5296039, 3039
587, 5293500, 5296052, 2552
588, 5294000, 5296065, 2065
589, 5294500, 5296079, 1579
590, 5295000, 5296092, 1092
591, 5295500, 5296106, 606
592, 5296000, 5296119, 119
593, 5296500, 5296512, 12
594, 5297000, 5297012, 12
595, 5297500, 5297512, 12
596, 5298000, 5302012, 4012
597, 5298500, 5302025, 3525
598, 5299000, 5302039, 3039
599, 5299500, 5302052, 2552
600, 5300000, 5302079, 2079
601, 5300500, 5302092, 1592
602, 5301000, 5302105, 1105
603, 5301500, 5302119, 619
604, 5302000, 5302132, 132
605, 5302500, 5302512, 12
606, 5303000, 5303012, 12
607, 5303500, 5303512, 12
608, 5304000, 5308012, 4012
609, 5304500, 5308025, 3525
610, 5305000, 5308039, 3039
611, 5305500, 5308052, 2552
612, 5306000, 5308065, 2065
613, 5306500, 5308079, 1579
614, 5307000, 5308092, 1092
615, 5307500, 5308106, 606
616, 5308000, 5308119, 119
617, 5308500, 5308512, 12
618, 5309000, 5309012, 12
619, 5309500, 5309512, 12
620, 5310000, 5314025, 4025
621, 5310500, 5314039, 3539
622, 5311000, 5314052, 3052
623, 5311500, 5314065, 2565
624, 5312000, 5314079, 2079
625, 5312500, 5314092, 1592
626, 5313000, 5314105, 1105
627, 5313500, 5314119, 619
628, 5314000, 5314132, 132
629, 5314500, 5314512, 12
630, 5315000, 5315012, 12
631, 5315500, 5315512, 12
632, 5316000, 5320012, 4012
633, 5316500, 5320025, 3525
634, 5317000, 5320039, 3039
635, 5317500, 5320052, 2552
636, 5318000, 5320065, 2065
637, 5318500, 5320079, 1579
638, 5319000, 5320092, 1092
639, 5319500, 5320106, 606
640, 5320000, 5320132, 132
641, 5320500, 5320512, 12
642, 5321000, 5321012, 12
643, 5321500, 5321512, 12
644, 5322000, 5326012, 4012
645, 5322500, 5326025, 3525
646, 5323000, 5326039, 3039
647, 5323500, 5326052, 2552
648, 5324000, 5326065, 2065
649, 5324500, 5326079, 1579
650, 5325000, 5326092, 1092
651, 5325500, 5326106, 606
652, 5326000, 5326119, 119
653, 5326500, 5326512, 12
654, 5327000, 5327012, 12
655, 5327500, 5327512, 12
656, 5328000, 5332012, 4012
657, 5328500, 5332025, 3525
658, 5329000, 5332039, 3039
659, 5329500, 5332052, 2552
660, 5330000, 5332079, 2079
661, 5330500, 5332092, 1592
662, 5331000, 5332105, 1105
663, 5331500, 5332119, 619
664, 5332000, 5332132, 132
665, 5332500, 5332512, 12
666, 5333000, 5333012, 12
667, 5333500, 5333512, 12
668, 5334000, 5338012, 4012
669, 5334500, 5338025, 3525
670, 5335000, 5338039, 3039
671, 5335500, 5338052, 2552
672, 5336000, 5338065, 2065
673, 5336500, 5338079, 1579
674, 5337000, 5338092, 1092
675, 5337500, 5338106, 606
676, 5338000, 5338119, 119
677, 5338500, 5338512, 12
678, 5339000, 5339012, 12
679, 5339500, 5339512, 12
680, 5340000, 5344025, 4025
681, 5340500, 5344039, 3539
682, 5341000, 5344052, 3052
683, 5341500, 5344065, 2565
684, 5342000, 5344079, 2079
685, 5342500, 5344092, 1592
686, 5343000, 5344105, 1105
687, 5343500, 5344119, 619
688, 5344000, 5344132, 132
689, 5344500, 5344512, 12
690, 5345000, 5345012, 12
691, 5345500, 5345512, 12
692, 5346000, 5350012, 4012
693, 5346500, 5350025, 3525
694, 5347000, 5350039, 3039
695, 5347500, 5350052, 2552
696, 5348000, 5350065, 2065
697, 5348500, 5350079, 1579
698, 5349000, 5350092, 1092
699, 5349500, 5350106, 606
700, 5350000, 5350132, 132
701, 5350500, 5350512, 12
702, 5351000, 5351012, 12
703, 5351500, 5351512, 12
704, 5352000, 5356012, 4012
705, 5352500, 5356025, 3525
706, 5353000, 5356039, 3039
707, 5353500, 5356052, 2552
708, 5354000, 5356065, 2065
709, 5354500, 5356079, 1579
710, 5355000, 5356092, 1092
711, 5355500, 5356106, 606
712, 5356000, 5356119, 119
713, 5356500, 5356512, 12
714, 5357000, 5357012, 12
715, 5357500, 5357512, 12
716, 5358000, 5362012, 4012
717, 5358500, 5362025, 3525
718, 5359000, 5362039, 3039
719, 5359500, 5362052, 2552
720, 5360000, 5362079, 2079
721, 5360500, 5362092, 1592
722, 5361000, 5362105, 1105
723, 5361500, 5362119, 619
724, 5362000, 5362132, 132
725, 5362500, 5362512, 12
726, 5363000, 5363012, 12
727, 5363500, 5363512, 12
728, 5364000, 5368012, 4012
729, 5364500, 5368025, 3525
730, 5365000, 5368039, 3039
731, 5365500, 5368052, 2552
732, 5366000, 5368065, 2065
733, 5366500, 5368079, 1579
734, 5367000, 5368092, 1092
735, 5367500, 5368106, 606
736, 5368000, 5368119, 119
737, 5368500, 5368512, 12
738, 5369000, 5369012, 12
739, 5369500, 5369512, 12
740, 5370000, 5374025, 4025
741, 5370500, 5374039, 3539
742, 5371000, 5374052, 3052
743, 5371500, 5374065, 2565
744, 5372000, 5374079, 2079
745, 5372500, 5374092, 1592
746, 5373000, 5374105, 1105
747, 5373500, 5374119, 619
748, 5374000, 5374132, 132
749, 5374500, 5374512, 12
750, 5375000, 5375012, 12
751, 5375500, 5375512, 12
752, 5376000, 5380012, 4012
753, 5376500, 5380025, 3525
754, 5377000, 5380039, 3039
755, 5377500, 5380052, 2552
756, 5378000, 5380065, 2065
757, 5378500, 5380079, 1579
758, 5379000, 5380092, 1092
759, 5379500, 5380106, 606
760, 5380000, 5380132, 132
761, 5380500, 5380512, 12
762, 5381000, 5381012, 12
763, 5381500, 5381512, 12
764, 5382000, 5386012, 4012
765, 5382500, 5386025, 3525
766, 5383000, 5386039, 3039
767, 5383500, 5386052, 2552
768, 5384000, 5386065, 2065
769, 5384500, 5386079, 1579
770, 5385000, 5386092, 1092
771, 5385500, 5386106, 606
772, 5386000, 5386119, 119
773, 5386500, 5386512, 12
774, 5387000, 5387012, 12
775, 5387500, 5387512, 12
776, 5388000, 5392012, 4012
777, 5388500, 5392025, 3525
778, 5389000, 5392039, 3039
779, 5389500, 5392052, 2552
780, 5390000, 5392079, 2079
781, 5390500, 5392092, 1592
782, 5391000, 5392105, 1105
783, 5391500, 5392119, 619
784, 5392000, 5392132, 132
785, 5392500, 5392512, 12
786, 5393000, 5393012, 12
787, 5393500, 5393512, 12
788, 5394000, 5398012, 4012
789, 5394500, 5398025, 3525
790, 5395000, 5398039, 3039
791, 5395500, 5398052, 2552
792, 5396000, 5398065, 2065
793, 5396500, 5398079, 1579
794, 5397000, 5398092, 1092
795, 5397500, 5398106, 606
796, 5398000, 5398119, 119
797, 5398500, 5398512, 12
798, 5399000, 5399012, 12
799, 5399500, 5399512, 12
800, 5400000, 5404025, 4025
801, 5400500, 5404039, 3539
802, 5401000, 5404052, 3052
803, 5401500, 5404065, 2565
804, 5402000, 5404079, 2079
805, 5402500, 5404092, 1592
806, 5403000, 5404105, 1105
807, 5403500, 5404119, 619
808, 5404000, 5404132, 132
809, 5404500, 5404512, 12
810, 5405000, 5405012, 12
811, 5405500, 5405512, 12
812, 5406000, 5410012, 4012
813, 5406500, 5410025, 3525
814, 5407000, 5410039, 3039
815, 5407500, 5410052, 2552
816, 5408000, 5410065, 2065
817, 5408500, 5410079, 1579
818, 5409000, 5410092, 1092
819, 5409500, 5410106, 606
820, 5410000, 5410132, 132
821, 5410500, 5410512, 12
822, 5411000, 5411012, 12
823, 5411500, 5411512, 12
824, 5412000, 5416012, 4012
825, 5412500, 5416025, 3525
826, 5413000, 5416039, 3039
827, 5413500, 5416052, 2552
828, 5414000, 5416065, 2065
829, 5414500, 5416079, 1579
830, 5415000, 5416092, 1092
831, 5415500, 5416106, 606
832, 5416000, 5416119, 119
833, 5416500, 5416512, 12
834, 5417000, 5417012, 12
835, 5417500, 5417512, 12
836, 5418000, 5422012, 4012
837, 5418500, 5422025, 3525
838, 5419000, 5422039, 3039
839, 5419500, 5422052, 2552
840, 5420000, 5422079, 2079
841, 5420500, 5422092, 1592
842, 5421000, 5422105, 1105
843, 5421500, 5422119, 619
844, 5422000, 5422132, 132
845, 5422500, 5422512, 12
846, 5423000, 5423012, 12
847, 5423500, 5423512, 12
848, 5424000, 5428012, 4012
849, 5424500, 5428025, 3525
850, 5425000, 5428039, 3039
851, 5425500, 5428052, 2552
852, 5426000, 5428065, 2065
853, 5426500, 5428079, 1579
854, 5427000, 5428092, 1092
855, 5427500, 5428106, 606
856, 5428000, 5428119, 119
857, 5428500, 5428512, 12
858, 5429000, 5429012, 12
859, 5429500, 5429512, 12
860, 5430000, 5434025, 4025
861, 5430500, 5434039, 3539
862, 5431000, 5434052, 3052
863, 5431500, 5434065, 2565
864, 5432000, 5434079, 2079
865, 5432500, 5434092, 1592
866, 5433000, 5434105, 1105
867, 5433500, 5434119, 619
868, 5434000, 5434132, 132
869, 5434500, 5434512, 12
870, 5435000, 5435012, 12
871, 5435500, 5435512, 12
872, 5436000, 5440012, 4012
873, 5436500, 5440025, 3525
874, 5437000, 5440039, 3039
875, 5437500, 5440052, 2552
876, 5438000, 5440065, 2065
877, 5438500, 5440079, 1579
878, 5439000, 5440092, 1092
879, 5439500, 5440106, 606
880, 5440000, 5440132, 132
881, 5440500, 5440512, 12
882, 5441000, 5441012, 12
883, 5441500, 5441512, 12
884, 5442000, 5446012, 4012
885, 5442500, 5446025, 3525
886, 5443000, 5446039, 3039
887, 5443500, 5446052, 2552
888, 5444000, 5446065, 2065
889, 5444500, 5446079, 1579
890, 5445000, 5446092, 1092
891, 5445500, 5446106, 606
892, 5446000, 5446119, 119
893, 5446500, 5446512, 12
894, 5447000, 5447012, 12
895, 5447500, 5447512, 12
896, 5448000, 5452012, 4012
897, 5448500, 5452025, 3525
898, 5449000, 5452039, 3039
899, 5449500, 5452052, 2552
900, 5450000, 5452079, 2079
901, 5450500, 5452092, 1592
902, 5451000, 5452105, 1105
903, 5451500, 5452119, 619
904, 5452000, 5452132, 132
905, 5452500, 5452512, 12
906, 5453000, 5453012, 12
907, 5453500, 5453512, 12
908, 5454000, 5458012, 4012
909, 5454500, 5458025, 3525
910, 5455000, 5458039, 3039
911, 5455500, 5458052, 2552
912, 5456000, 5458065, 2065
913, 5456500, 5458079, 1579
914, 5457000, 5458092, 1092
915, 5457500, 5458106, 606
916, 5458000, 5458119, 119
917, 5458500, 5458512, 12
918, 5459000, 5459012, 12
919, 5459500, 5459512, 12
920, 5460000, 5464025, 4025
921, 5460500, 5464039, 3539
922, 5461000, 5464052, 3052
923, 5461500, 5464065, 2565
924, 5462000, 5464079, 2079
925, 5462500, 5464092, 1592
926, 5463000, 5464105, 1105
927, 5463500, 5464119, 619
928, 5464000, 5464132, 132
929, 5464500, 5464512, 12
930, 5465000, 5465012, 12
931, 5465500, 5465512, 12
932, 5466000, 5470012, 4012
933, 5466500, 5470025, 3525
934, 5467000, 5470039, 3039
935, 5467500, 5470052, 2552
936, 5468000, 5470065, 2065
937, 5468500, 5470079, 1579
938, 5469000, 5470092, 1092
939, 5469500, 5470106, 606
940, 5470000, 5470132, 132
941, 5470500, 5470512, 12
942, 5471000, 5471012, 12
943, 5471500, 5471512, 12
944, 5472000, 5476012, 4012
945, 5472500, 5476025, 3525
946, 5473000, 5476039, 3039
947, 5473500, 5476052, 2552
948, 5474000, 5476065, 2065
949, 5474500, 5476079, 1579
950, 5475000, 5476092, 1092
951, 5475500, 5476106, 606
952, 5476000, 5476119, 119
953, 5476500, 5476512, 12
954, 5477000, 5477012, 12
955, 5477500, 5477512, 12
956, 5478000, 5482012, 4012
957, 5478500, 5482025, 3525
958, 5479000, 5482039, 3039
959, 5479500, 5482052, 2552
960, 5480000, 5482079, 2079
961, 5480500, 5482092, 1592
962, 5481000, 5482105, 1105
963, 5481500, 5482119, 619
964, 5482000, 5482132, 132
965, 5482500, 5482512, 12
966, 5483000, 5483012, 12
967, 5483500, 5483512, 12
968, 5484000, 5488012, 4012
969, 5484500, 5488025, 3525
970, 5485000, 5488039, 3039
971, 5485500, 5488052, 2552
972, 5486000, 5488065, 2065
973, 5486500, 5488079, 1579
974, 5487000, 5488092, 1092
975, 5487500, 5488106, 606
976, 5488000, 5488119, 119
977, 5488500, 5488512, 12
978, 5489000, 5489012, 12
979, 5489500, 5489512, 12
980, 5490000, 5494025, 4025
981, 5490500, 5494039, 3539
982, 5491000, 5494052, 3052
983, 5491500, 5494065, 2565
984, 5492000, 5494079, 2079
985, 5492500, 5494092, 1592
986, 5493000, 5494105, 1105
987, 5493500, 5494119, 619
988, 5494000, 5494132, 132
989, 5494500, 5494512, 12
990, 5495000, 5495012, 12
991, 5495500, 5495512, 12
992, 5496000, 5500012, 4012
993, 5496500, 5500025, 3525
994, 5497000, 5500039, 3039
995, 5497500, 5500052, 2552
996, 5498000, 5500065, 2065
997, 5498500, 5500079, 1579
998, 5499000, 5500092, 1092
999, 5499500, 5500106, 606
1000, 5500000, 5500132, 132
1001, 5500500, 5500512, 12
1002, 5501000, 5501012, 12
1003, 5501500, 5501512, 12
1004, 5502000, 5506012, 4012
1005, 5502500, 5506026, 3526
1006, 5503000, 5506039, 3039
1007, 5503500, 5506052, 2552
1008, 5504000, 5506066, 2066
1009, 5504500, 5506079, 1579
1010, 5505000, 5506093, 1093
1011, 5505500, 5506106, 606
1012, 5506000, 5506120, 120
1013, 5506500, 5506512, 12
1014, 5507000, 5507012, 12
1015, 5507500, 5507512, 12
1016, 5508000, 5512012, 4012
1017, 5508500, 5512026, 3526
1018, 5509000, 5512039, 3039
1019, 5509500, 5512052, 2552
1020, 5510000, 5512079, 2079
1021, 5510500, 5512092, 1592
1022, 5511000, 5512106, 1106
1023, 5511500, 5512119, 619
1024, 5512000, 5512133, 133
1025, 5512500, 5512512, 12
1026, 5513000, 5513012, 12
1027, 5513500, 5513512, 12
1028, 5514000, 5518012, 4012
1029, 5514500, 5518026, 3526
1030, 5515000, 5518039, 3039
1031, 5515500, 5518052, 2552
1032, 5516000, 5518066, 2066
1033, 5516500, 5518079, 1579
1034, 5517000, 5518093, 1093
1035, 5517500, 5518106, 606
1036, 5518000, 5518120, 120
1037, 5518500, 5518512, 12
1038, 5519000, 5519012, 12
1039, 5519500, 5519512, 12
1040, 5520000, 5524025, 4025
1041, 5520500, 5524039, 3539
1042, 5521000, 5524052, 3052
1043, 5521500, 5524066, 2566
1044, 5522000, 5524079, 2079
1045, 5522500, 5524092, 1592
1046, 5523000, 5524106, 1106
1047, 5523500, 5524119, 619
1048, 5524000, 5524133, 133
1049, 5524500, 5524512, 12
1050, 5525000, 5525012, 12
1051, 5525500, 5525512, 12
1052, 5526000, 5530012, 4012
1053, 5526500, 5530026, 3526
1054, 5527000, 5530039, 3039
1055, 5527500, 5530052, 2552
1056, 5528000, 5530066, 2066
1057, 5528500, 5530079, 1579
1058, 5529000, 5530093, 1093
1059, 5529500, 5530106, 606
1060, 5530000, 5530133, 133
1061, 5530500, 5530512, 12
1062, 5531000, 5531012, 12
1063, 5531500, 5531512, 12
1064, 5532000, 5536012, 4012
1065, 5532500, 5536026, 3526
1066, 5533000, 5536039, 3039
1067, 5533500, 5536052, 2552
1068, 5534000, 5536066, 2066
1069, 5534500, 5536079, 1579
1070, 5535000, 5536093, 1093
1071, 5535500, 5536106, 606
1072, 5536000, 5536120, 120
1073, 5536500, 5536512, 12
1074, 5537000, 5537012, 12
1075, 5537500, 5537512, 12
1076, 5538000, 5542012, 4012
1077, 5538500, 5542026, 3526
1078, 5539000, 5542039, 3039
1079, 5539500, 5542052, 2552
1080, 5540000, 5542079, 2079
1081, 5540500, 5542092, 1592
1082, 5541000, 5542106, 1106
1083, 5541500, 5542119, 619
1084, 5542000, 5542133, 133
1085, 5542500, 5542512, 12
1086, 5543000, 5543012, 12
1087, 5543500, 5543512, 12
1088, 5544000, 5548012, 4012
1089, 5544500, 5548026, 3526
1090, 5545000, 5548039, 3039
1091, 5545500, 5548052, 2552
1092, 5546000, 5548066, 2066
1093, 5546500, 5548079, 1579
1094, 5547000, 5548093, 1093
1095, 5547500, 5548106, 606
1096, 5548000, 5548120, 120
1097, 5548500, 5548512, 12
1098, 5549000, 5549012, 12
1099, 5549500, 5549512, 12
1100, 5550000, 5554025, 4025
1101, 5550500, 5554039, 3539
1102, 5551000, 5554052, 3052
1103, 5551500, 5554066, 2566
1104, 5552000, 5554079, 2079
1105, 5552500, 5554092, 1592
1106, 5553000, 5554106, 1106
1107, 5553500, 5554119, 619
1108, 5554000, 5554133, 133
1109, 5554500, 5554512, 12
1110, 5555000, 5555012, 12
1111, 5555500, 5555512, 12
1112, 5556000, 5560012, 4012
1113, 5556500, 5560026, 3526
1114, 5557000, 5560039, 3039
1115, 5557500, 5560052, 2552
1116, 5558000, 5560066, 2066
1117, 5558500, 5560079, 1579
1118, 5559000, 5560093, 1093
1119, 5559500, 5560106, 606
1120, 5560000, 5560133, 133
1121, 5560500, 5560512, 12
1122, 5561000, 5561012, 12
1123, 5561500, 5561512, 12
1124, 5562000, 5566012, 4012
1125, 5562500, 5566026, 3526
1126, 5563000, 5566039, 3039
1127, 5563500, 5566052, 2552
1128, 5564000, 5566066, 2066
1129, 5564500, 5566079, 1579
1130, 5565000, 5566093, 1093
1131, 5565500, 5566106, 606
1132, 5566000, 5566120, 120
1133, 5566500, 5566512, 12
1134, 5567000, 5567012, 12
1135, 5567500, 5567512, 12
1136, 5568000, 5572012, 4012
1137, 5568500, 5572026, 3526
1138, 5569000, 5572039, 3039
1139, 5569500, 5572052, 2552
1140, 5570000, 5572079, 2079
1141, 5570500, 5572092, 1592
1142, 5571000, 5572106, 1106
1143, 5571500, 5572119, 619
1144, 5572000, 5572133, 133
1145, 5572500, 5572512, 12
1146, 5573000, 5573012, 12
1147, 5573500, 5573512, 12
1148, 5574000, 5578012, 4012
1149, 5574500, 5578026, 3526
1150, 5575000, 5578039, 3039
1151, 5575500, 5578052, 2552
1152, 5576000, 5578066, 2066
1153, 5576500, 5578079, 1579
1154, 5577000, 5578093, 1093
1155, 5577500, 5578106, 606
1156, 5578000, 5578120, 120
1157, 5578500, 5578512, 12
1158, 5579000, 5579012, 12
1159, 5579500, 5579512, 12
1160, 5580000, 5584025, 4025
1161, 5580500, 5584039, 3539
1162, 5581000, 5584052, 3052
1163, 5581500, 5584066, 2566
1164, 5582000, 5584079, 2079
1165, 5582500, 5584092, 1592
1166, 5583000, 5584106, 1106
1167, 5583500, 5584119, 619
1168, 5584000, 5584133, 133
1169, 5584500, 5584512, 12
1170, 5585000, 5585012, 12
1171, 5585500, 5585512, 12
1172, 5586000, 5590012, 4012
1173, 5586500, 5590026, 3526
1174, 5587000, 5590039, 3039
1175, 5587500, 5590052, 2552
1176, 5588000, 5590066, 2066
1177, 5588500, 5590079, 1579
1178, 5589000, 5590093, 1093
1179, 5589500, 5590106, 606
1180, 5590000, 5590133, 133
1181, 5590500, 5590512, 12
1182, 5591000, 5591012, 12
1183, 5591500, 5591512, 12
1184, 5592000, 5596012, 4012
1185, 5592500, 5596026, 3526
1186, 5593000, 5596039, 3039
1187, 5593500, 5596052, 2552
1188, 5594000, 5596066, 2066
1189, 5594500, 5596079, 1579
1190, 5595000, 5596093, 1093
1191, 5595500, 5596106, 606
1192, 5596000, 5596120, 120
1193, 5596500, 5596512, 12
1194, 5597000, 5597012, 12
1195, 5597500, 5597512, 12
1196, 5598000, 5602012, 4012
1197, 5598500, 5602026, 3526
1198, 5599000, 5602039, 3039
1199, 5599500, 5602052, 2552
1200, 5600000, 5602079, 2079
1201, 5600500, 5602092, 1592
1202, 5601000, 5602106, 1106
1203, 5601500, 5602119, 619
1204, 5602000, 5602133, 133
1205, 5602500, 5602512, 12
1206, 5603000, 5603012, 12
1207, 5603500, 5603512, 12
1208, 5604000, 5608012, 4012
1209, 5604500, 5608026, 3526
1210, 5605000, 5608039, 3039
1211, 5605500, 5608052, 2552
1212, 5606000, 5608066, 2066
1213, 5606500, 5608079, 1579
1214, 5607000, 5608093, 1093
1215, 5607500, 5608106, 606
1216, 5608000, 5608120, 120
1217, 5608500, 5608512, 12
1218, 5609000, 5609012, 12
1219, 5609500, 5609512, 12
1220, 5610000, 5614025, 4025
1221, 5610500, 5614039, 3539
1222, 5611000, 5614052, 3052
1223, 5611500, 5614066, 2566
1224, 5612000, 5614079, 2079
1225, 5612500, 5614092, 1592
1226, 5613000, 5614106, 1106
1227, 5613500, 5614119, 619
1228, 5614000, 5614133, 133
1229, 5614500, 5614512, 12
1230, 5615000, 5615012, 12
1231, 5615500, 5615512, 12
1232, 5616000, 5620012, 4012
1233, 5616500, 5620026, 3526
1234, 5617000, 5620039, 3039
1235, 5617500, 5620052, 2552
1236, 5618000, 5620066, 2066
1237, 5618500, 5620079, 1579
1238, 5619000, 5620093, 1093
1239, 5619500, 5620106, 606
1240, 5620000, 5620133, 133
1241, 5620500, 5620512, 12
1242, 5621000, 5621012, 12
1243, 5621500, 5621512, 12
1244, 5622000, 5626012, 4012
1245, 5622500, 5626026, 3526
1246, 5623000, 5626039, 3039
1247, 5623500, 5626052, 2552
1248, 5624000, 5626066, 2066
1249, 5624500, 5626079, 1579
1250, 5625000, 5626093, 1093
1251, 5625500, 5626106, 606
1252, 5626000, 5626120, 120
1253, 5626500, 5626512, 12
1254, 5627000, 5627012, 12
1255, 5627500, 5627512, 12
1256, 5628000, 5632012, 4012
1257, 5628500, 5632026, 3526
1258, 5629000, 5632039, 3039
1259, 5629500, 5632052, 2552
1260, 5630000, 5632079, 2079
1261, 5630500, 5632092, 1592
1262, 5631000, 5632106, 1106
1263, 5631500, 5632119, 619
1264, 5632000, 5632133, 133
1265, 5632500, 5632512, 12
1266, 5633000, 5633012, 12
1267, 5633500, 5633512, 12
1268, 5634000, 5638012, 4012
1269, 5634500, 5638026, 3526
1270, 5635000, 5638039, 3039
1271, 5635500, 5638052, 2552
1272, 5636000, 5638066, 2066
1273, 5636500, 5638079, 1579
1274, 5637000, 5638093, 1093
1275, 5637500, 5638106, 606
1276, 5638000, 5638120, 120
1277, 5638500, 5638512, 12
1278, 5639000, 5639012, 12
1279, 5639500, 5639512, 12
1280, 5640000, 5644025, 4025
1281, 5640500, 5644039, 3539
1282, 5641000, 5644052, 3052
1283, 5641500, 5644066, 2566
1284, 5642000, 5644079, 2079
1285, 5642500, 5644092, 1592
1286, 5643000, 5644106, 1106
1287, 5643500, 5644119, 619
1288, 5644000, 5644133, 133
1289, 5644500, 5644512, 12
1290, 5645000, 5645012, 12
1291, 5645500, 5645512, 12
1292, 5646000, 5650012, 4012
1293, 5646500, 5650026, 3526
1294, 5647000, 5650039, 3039
1295, 5647500, 5650052, 2552
1296, 5648000, 5650066, 2066
1297, 5648500, 5650079, 1579
1298, 5649000, 5650093, 1093
1299, 5649500, 5650106, 606
1300, 5650000, 5650133, 133
1301, 5650500, 5650512, 12
1302, 5651000, 5651012, 12
1303, 5651500, 5651512, 12
1304, 5652000, 5656012, 4012
1305, 5652500, 5656026, 3526
1306, 5653000, 5656039, 3039
1307, 5653500, 5656052, 2552
1308, 5654000, 5656066, 2066
1309, 5654500, 5656079, 1579
1310, 5655000, 5656093, 1093
1311, 5655500, 5656106, 606
1312, 5656000, 5656120, 120
1313, 5656500, 5656512, 12
1314, 5657000, 5657012, 12
1315, 5657500, 5657512, 12
1316, 5658000, 5662012, 4012
1317, 5658500, 5662026, 3526
1318, 5659000, 5662039, 3039
1319, 5659500, 5662052, 2552
1320, 5660000, 5662079, 2079
1321, 5660500, 5662092, 1592
1322, 5661000, 5662106, 1106
1323, 5661500, 5662119, 619
1324, 5662000, 5662133, 133
1325, 5662500, 5662512, 12
1326, 5663000, 5663012, 12
1327, 5663500, 5663512, 12
1328, 5664000, 5668012, 4012
1329, 5664500, 5668026, 3526
1330, 5665000, 5668039, 3039
1331, 5665500, 5668052, 2552
1332, 5666000, 5668066, 2066
1333, 5666500, 5668079, 1579
1334, 5667000, 5668093, 1093
1335, 5667500, 5668106, 606
1336, 5668000, 5668120, 120
1337, 5668500, 5668512, 12
1338, 5669000, 5669012, 12
1339, 5669500, 5669512, 12
1340, 5670000, 5674025, 4025
1341, 5670500, 5674039, 3539
1342, 5671000, 5674052, 3052
1343, 5671500, 5674066, 2566
1344, 5672000, 5674079, 2079
1345, 5672500, 5674092, 1592
1346, 5673000, 5674106, 1106
1347, 5673500, 5674119, 619
1348, 5674000, 5674133, 133
1349, 5674500, 5674512, 12
1350, 5675000, 5675012, 12
1351, 5675500, 5675512, 12
1352, 5676000, 5680012, 4012
1353, 5676500, 5680026, 3526
1354, 5677000, 5680039, 3039
1355, 5677500, 5680052, 2552
1356, 5678000, 5680066, 2066
1357, 5678500, 5680079, 1579
1358, 5679000, 5680093, 1093
1359, 5679500, 5680106, 606
1360, 5680000, 5680133, 133
1361, 5680500, 5680512, 12
1362, 5681000, 5681012, 12
1363, 5681500, 5681512, 12
1364, 5682000, 5686012, 4012
1365, 5682500, 5686026, 3526
1366, 5683000, 5686039, 3039
1367, 5683500, 5686052, 2552
1368, 5684000, 5686066, 2066
1369, 5684500, 5686079, 1579
1370, 5685000, 5686093, 1093
1371, 5685500, 5686106, 606
1372, 5686000, 5686120, 120
1373, 5686500, 5686512, 12
1374, 5687000, 5687012, 12
1375, 5687500, 5687512, 12
1376, 5688000, 5692012, 4012
1377, 5688500, 5692026, 3526
1378, 5689000, 5692039, 3039
1379, 5689500, 5692052, 2552
1380, 5690000, 5692079, 2079
1381, 5690500, 5692092, 1592
1382, 5691000, 5692106, 1106
1383, 5691500, 5692119, 619
1384, 5692000, 5692133, 133
1385, 5692500, 5692512, 12
1386, 5693000, 5693012, 12
1387, 5693500, 5693512, 12
1388, 5694000, 5698012, 4012
1389, 5694500, 5698026, 3526
1390, 5695000, 5698039, 3039
1391, 5695500, 5698052, 2552
1392, 5696000, 5698066, 2066
1393, 5696500, 5698079, 1579
1394, 5697000, 5698093, 1093
1395, 5697500, 5698106, 606
1396, 5698000, 5698120, 120
1397, 5698500, 5698512, 12
1398, 5699000, 5699012, 12
1399, 5699500, 5699512, 12
1400, 5700000, 5704025, 4025
1401, 5700500, 5704039, 3539
1402, 5701000, 5704052, 3052
1403, 5701500, 5704066, 2566
1404, 5702000, 5704079, 2079
1405, 5702500, 5704092, 1592
1406, 5703000, 5704106, 1106
1407, 5703500, 5704119, 619
1408, 5704000, 5704133, 133
1409, 5704500, 5704512, 12
1410, 5705000, 5705012, 12
1411, 5705500, 5705512, 12
1412, 5706000, 5710012, 4012
1413, 5706500, 5710026, 3526
1414, 5707000, 5710039, 3039
1415, 5707500, 5710052, 2552
1416, 5708000, 5710066, 2066
1417, 5708500, 5710079, 1579
1418, 5709000, 5710093, 1093
1419, 5709500, 5710106, 606
1420, 5710000, 5710133, 133
1421, 5710500, 5710512, 12
1422, 5711000, 5711012, 12
1423, 5711500, 5711512, 12
1424, 5712000, 5716012, 4012
1425, 5712500, 5716026, 3526
1426, 5713000, 5716039, 3039
1427, 5713500, 5716052, 2552
1428, 5714000, 5716066, 2066
1429, 5714500, 5716079, 1579
1430, 5715000, 5716093, 1093
1431, 5715500, 5716106, 606
1432, 5716000, 5716120, 120
1433, 5716500, 5716512, 12
1434, 5717000, 5717012, 12
1435, 5717500, 5717512, 12
1436, 5718000, 5722012, 4012
1437, 5718500, 5722026, 3526
1438, 5719000, 5722039, 3039
1439, 5719500, 5722052, 2552
1440, 5720000, 5722079, 2079
1441, 5720500, 5722092, 1592
1442, 5721000, 5722106, 1106
1443, 5721500, 5722119, 619
1444, 5722000, 5722133, 133
1445, 5722500, 5722512, 12
1446, 5723000, 5723012, 12
1447, 5723500, 5723512, 12
1448, 5724000, 5728012, 4012
1449, 5724500, 5728026, 3526
1450, 5725000, 5728039, 3039
1451, 5725500, 5728052, 2552
1452, 5726000, 5728066, 2066
1453, 5726500, 5728079, 1579
1454, 5727000, 5728093, 1093
1455, 5727500, 5728106, 606
1456, 5728000, 5728120, 120
1457, 5728500, 5728512, 12
1458, 5729000, 5729012, 12
1459, 5729500, 5729512, 12
1460, 5730000, 5734025, 4025
1461, 5730500, 5734039, 3539
1462, 5731000, 5734052, 3052
1463, 5731500, 5734066, 2566
1464, 5732000, 5734079, 2079
1465, 5732500, 5734092, 1592
1466, 5733000, 5734106, 1106
1467, 5733500, 5734119, 619
1468, 5734000, 5734133, 133
1469, 5734500, 5734512, 12
1470, 5735000, 5735012, 12
1471, 5735500, 5735512, 12
1472, 5736000, 5740012, 4012
1473, 5736500, 5740026, 3526
1474, 5737000, 5740039, 3039
1475, 5737500, 5740052, 2552
1476, 5738000, 5740066, 2066
1477, 5738500, 5740079, 1579
1478, 5739000, 5740093, 1093
1479, 5739500, 5740106, 606
1480, 5740000, 5740133, 133
1481, 5740500, 5740512, 12
1482, 5741000, 5741012, 12
1483, 5741500, 5741512, 12
1484, 5742000, 5746012, 4012
1485, 5742500, 5746026, 3526
1486, 5743000, 5746039, 3039
1487, 5743500, 5746052, 2552
1488, 5744000, 5746066, 2066
1489, 5744500, 5746079, 1579
1490, 5745000, 5746093, 1093
1491, 5745500, 5746106, 606
1492, 5746000, 5746120, 120
1493, 5746500, 5746512, 12
1494, 5747000, 5747012, 12
1495, 5747500, 5747512, 12
1496, 5748000, 5752012, 4012
1497, 5748500, 5752026, 3526
1498, 5749000, 5752039, 3039
1499, 5749500, 5752052, 2552
1500, 5750000, 5752079, 2079
1501, 5750500, 5752092, 1592
1502, 5751000, 5752106, 1106
1503, 5751500, 5752119, 619
1504, 5752000, 5752133, 133
1505, 5752500, 5752512, 12
1506, 5753000, 5753012, 12
1507, 5753500, 5753512, 12
1508, 5754000, 5758012, 4012
1509, 5754500, 5758026, 3526
1510, 5755000, 5758039, 3039
1511, 5755500, 5758052, 2552
1512, 5756000, 5758066, 2066
1513, 5756500, 5758079, 1579
1514, 5757000, 5758093, 1093
1515, 5757500, 5758106, 606
1516, 5758000, 5758120, 120
1517, 5758500, 5758512, 12
1518, 5759000, 5759012, 12
1519, 5759500, 5759512, 12
1520, 5760000, 5764025, 4025
1521, 5760500, 5764039, 3539
1522, 5761000, 5764052, 3052
1523, 5761500, 5764066, 2566
1524, 5762000, 5764079, 2079
1525, 5762500, 5764092, 1592
1526, 5763000, 5764106, 1106
1527, 5763500, 5764119, 619
1528, 5764000, 5764133, 133
1529, 5764500, 5764512, 12
1530, 5765000, 5765012, 12
1531, 5765500, 5765512, 12
1532, 5766000, 5770012, 4012
1533, 5766500, 5770026, 3526
1534, 5767000, 5770039, 3039
1535, 5767500, 5770052, 2552
1536, 5768000, 5770066, 2066
1537, 5768500, 5770079, 1579
1538, 5769000, 5770093, 1093
1539, 5769500, 5770106, 606
1540, 5770000, 5770133, 133
1541, 5770500, 5770512, 12
1542, 5771000, 5771012, 12
1543, 5771500, 5771512, 12
1544, 5772000, 5776012, 4012
1545, 5772500, 5776026, 3526
1546, 5773000, 5776039, 3039
1547, 5773500, 5776052, 2552
1548, 5774000, 5776066, 2066
1549, 5774500, 5776079, 1579
1550, 5775000, 5776093, 1093
1551, 5775500, 5776106, 606
1552, 5776000, 5776120, 120
1553, 5776500, 5776512, 12
1554, 5777000, 5777012, 12
1555, 5777500, 5777512, 12
1556, 5778000, 5782012, 4012
1557, 5778500, 5782026, 3526
1558, 5779000, 5782039, 3039
1559, 5779500, 5782052, 2552
1560, 5780000, 5782079, 2079
1561, 5780500, 5782092, 1592
1562, 5781000, 5782106, 1106
1563, 5781500, 5782119, 619
1564, 5782000, 5782133, 133
1565, 5782500, 5782512, 12
1566, 5783000, 5783012, 12
1567, 5783500, 5783512, 12
1568, 5784000, 5788012, 4012
1569, 5784500, 5788026, 3526
1570, 5785000, 5788039, 3039
1571, 5785500, 5788052, 2552
1572, 5786000, 5788066, 2066
1573, 5786500, 5788079, 1579
1574, 5787000, 5788093, 1093
1575, 5787500, 5788106, 606
1576, 5788000, 5788120, 120
1577, 5788500, 5788512, 12
1578, 5789000, 5789012, 12
1579, 5789500, 5789512, 12
1580, 5790000, 5794025, 4025
1581, 5790500, 5794039, 3539
1582, 5791000, 5794052, 3052
1583, 5791500, 5794066, 2566
1584, 5792000, 5794079, 2079
1585, 5792500, 5794092, 1592
1586, 5793000, 5794106, 1106
1587, 5793500, 5794119, 619
1588, 5794000, 5794133, 133
1589, 5794500, 5794512, 12
1590, 5795000, 5795012, 12
1591, 5795500, 5795512, 12
1592, 5796000, 5800012, 4012
1593, 5796500, 5800026, 3526
1594, 5797000, 5800039, 3039
1595, 5797500, 5800052, 2552
1596, 5798000, 5800066, 2066
1597, 5798500, 5800079, 1579
1598, 5799000, 5800093, 1093
1599, 5799500, 5800106, 606
1600, 5800000, 5800133, 133
1601, 5800500, 5800512, 12
1602, 5801000, 5801012, 12
1603, 5801500, 5801512, 12
1604, 5802000, 5806012, 4012
1605, 5802500, 5806026, 3526
1606, 5803000, 5806039, 3039
1607, 5803500, 5806052, 2552
1608, 5804000, 5806066, 2066
1609, 5804500, 5806079, 1579
1610, 5805000, 5806093, 1093
1611, 5805500, 5806106, 606
1612, 5806000, 5806120, 120
1613, 5806500, 5806512, 12
1614, 5807000, 5807012, 12
1615, 5807500, 5807512, 12
1616, 5808000, 5812012, 4012
1617, 5808500, 5812026, 3526
1618, 5809000, 5812039, 3039
1619, 5809500, 5812052, 2552
1620, 5810000, 5812079, 2079
1621, 5810500, 5812092, 1592
1622, 5811000, 5812106, 1106
1623, 5811500, 5812119, 619
1624, 5812000, 5812133, 133
1625, 5812500, 5812512, 12
1626, 5813000, 5813012, 12
1627, 5813500, 5813512, 12
1628, 5814000, 5818012, 4012
1629, 5814500, 5818026, 3526
1630, 5815000, 5818039, 3039
1631, 5815500, 5818052, 2552
1632, 5816000, 5818066, 2066
1633, 5816500, 5818079, 1579
1634, 5817000, 5818093, 1093
1635, 5817500, 5818106, 606
1636, 5818000, 5818120, 120
1637, 5818500, 5818512, 12
1638, 5819000, 5819012, 12
1639, 5819500, 5819512, 12
1640, 5820000, 5824025, 4025
1641, 5820500, 5824039, 3539
1642, 5821000, 5824052, 3052
1643, 5821500, 5824066, 2566
1644, 5822000, 5824079, 2079
1645, 5822500, 5824092, 1592
1646, 5823000, 5824106, 1106
1647, 5823500, 5824119, 619
1648, 5824000, 5824133, 133
1649, 5824500, 5824512, 12
1650, 5825000, 5825012, 12
1651, 5825500, 5825512, 12
1652, 5826000, 5830012, 4012
1653, 5826500, 5830026, 3526
1654, 5827000, 5830039, 3039
1655, 5827500, 5830052, 2552
1656, 5828000, 5830066, 2066
1657, 5828500, 5830079, 1579
1658, 5829000, 5830093, 1093
1659, 5829500, 5830106, 606
1660, 5830000, 5830133, 133
1661, 5830500, 5830512, 12
1662, 5831000, 5831012, 12
1663, 5831500, 5831512, 12
1664, 5832000, 5836012, 4012
1665, 5832500, 5836026, 3526
1666, 5833000, 5836039, 3039
1667, 5833500, 5836052, 2552
1668, 5834000, 5836066, 2066
1669, 5834500, 5836079, 1579
1670, 5835000, 5836093, 1093
1671, 5835500, 5836106, 606
1672, 5836000, 5836120, 120
1673, 5836500, 5836512, 12
1674, 5837000, 5837012, 12
1675, 5837500, 5837512, 12
1676, 5838000, 5842012, 4012
1677, 5838500, 5842026, 3526
1678, 5839000, 5842039, 3039
1679, 5839500, 5842052, 2552
1680, 5840000, 5842079, 2079
1681, 5840500, 5842092, 1592
1682, 5841000, 5842106, 1106
1683, 5841500, 5842119, 619
1684, 5842000, 5842133, 133
1685, 5842500, 5842512, 12
1686, 5843000, 5843012, 12
1687, 5843500, 5843512, 12
1688, 5844000, 5848012, 4012
1689, 5844500, 5848026, 3526
1690, 5845000, 5848039, 3039
1691, 5845500, 5848052, 2552
1692, 5846000, 5848066, 2066
1693, 5846500, 5848079, 1579
1694, 5847000, 5848093, 1093
1695, 5847500, 5848106, 606
1696, 5848000, 5848120, 120
1697, 5848500, 5848512, 12
1698, 5849000, 5849012, 12
1699, 5849500, 5849512, 12
1700, 5850000, 5854025, 4025
1701, 5850500, 5854039, 3539
1702, 5851000, 5854052, 3052
1703, 5851500, 5854066, 2566
1704, 5852000, 5854079, 2079
1705, 5852500, 5854092, 1592
1706, 5853000, 5854106, 1106
1707, 5853500, 5854119, 619
1708, 5854000, 5854133, 133
1709, 5854500, 5854512, 12
1710, 5855000, 5855012, 12
1711, 5855500, 5855512, 12
1712, 5856000, 5860012, 4012
1713, 5856500, 5860026, 3526
1714, 5857000, 5860039, 3039
1715, 5857500, 5860052, 2552
1716, 5858000, 5860066, 2066
1717, 5858500, 5860079, 1579
1718, 5859000, 5860093, 1093
1719, 5859500, 5860106, 606
1720, 5860000, 5860133, 133
1721, 5860500, 5860512, 12
1722, 5861000, 5861012, 12
1723, 5861500, 5861512, 12
1724, 5862000, 5866012, 4012
1725, 5862500, 5866026, 3526
1726, 5863000, 5866039, 3039
1727, 5863500, 5866052, 2552
1728, 5864000, 5866066, 2066
1729, 5864500, 5866079, 1579
1730, 5865000, 5866093, 1093
1731, 5865500, 5866106, 606
1732, 5866000, 5866120, 120
1733, 5866500, 5866512, 12
1734, 5867000, 5867012, 12
1735, 5867500, 5867512, 12
1736, 5868000, 5872012, 4012
1737, 5868500, 5872026, 3526
1738, 5869000, 5872039, 3039
1739, 5869500, 5872052, 2552
1740, 5870000, 5872079, 2079
1741, 5870500, 5872092, 1592
1742, 5871000, 5872106, 1106
1743, 5871500, 5872119, 619
1744, 5872000, 5872133, 133
1745, 5872500, 5872512, 12
1746, 5873000, 5873012, 12
1747, 5873500, 5873512, 12
1748, 5874000, 5878012, 4012
1749, 5874500, 5878026, 3526
1750, 5875000, 5878039, 3039
1751, 5875500, 5878052, 2552
1752, 5876000, 5878066, 2066
1753, 5876500, 5878079, 1579
1754, 5877000, 5878093, 1093
1755, 5877500, 5878106, 606
1756, 5878000, 5878120, 120
1757, 5878500, 5878512, 12
1758, 5879000, 5879012, 12
1759, 5879500, 5879512, 12
1760, 5880000, 5884025, 4025
1761, 5880500, 5884039, 3539
1762, 5881000, 5884052, 3052
1763, 5881500, 5884066, 2566
1764, 5882000, 5884079, 2079
1765, 5882500, 5884092, 1592
1766, 5883000, 5884106, 1106
1767, 5883500, 5884119, 619
1768, 5884000, 5884133, 133
1769, 5884500, 5884512, 12
1770, 5885000, 5885012, 12
1771, 5885500, 5885512, 12
1772, 5886000, 5890012, 4012
1773, 5886500, 5890026, 3526
1774, 5887000, 5890039, 3039
1775, 5887500, 5890052, 2552
1776, 5888000, 5890066, 2066
1777, 5888500, 5890079, 1579
1778, 5889000, 5890093, 1093
1779, 5889500, 5890106, 606
1780, 5890000, 5890133, 133
1781, 5890500, 5890512, 12
1782, 5891000, 5891012, 12
1783, 5891500, 5891512, 12
1784, 5892000, 5896012, 4012
1785, 5892500, 5896026, 3526
1786, 5893000, 5896039, 3039
1787, 5893500, 5896052, 2552
1788, 5894000, 5896066, 2066
1789, 5894500, 5896079, 1579
1790, 5895000, 5896093, 1093
1791, 5895500, 5896106, 606
1792, 5896000, 5896120, 120
1793, 5896500, 5896512, 12
1794, 5897000, 5897012, 12
1795, 5897500, 5897512, 12
1796, 5898000, 5902012, 4012
1797, 5898500, 5902026, 3526
1798, 5899000, 5902039, 3039
1799, 5899500, 5902052, 2552
1800, 5900000, 5902079, 2079
1801, 5900500, 5902092, 1592
1802, 5901000, 5902106, 1106
1803, 5901500, 5902119, 619
1804, 5902000, 5902133, 133
1805, 5902500, 5902512, 12
1806, 5903000, 5903012, 12
1807, 5903500, 5903512, 12
1808, 5904000, 5908012, 4012
1809, 5904500, 5908026, 3526
1810, 5905000, 5908039, 3039
1811, 5905500, 5908052, 2552
1812, 5906000, 5908066, 2066
1813, 5906500, 5908079, 1579
1814, 5907000, 5908093, 1093
1815, 5907500, 5908106, 606
1816, 5908000, 5908120, 120
1817, 5908500, 5908512, 12
1818, 5909000, 5909012, 12
1819, 5909500, 5909512, 12
1820, 5910000, 5914025, 4025
1821, 5910500, 5914039, 3539
1822, 5911000, 5914052, 3052
1823, 5911500, 5914066, 2566
1824, 5912000, 5914079, 2079
1825, 5912500, 5914092, 1592
1826, 5913000, 5914106, 1106
1827, 5913500, 5914119, 619
1828, 5914000, 5914133, 133
1829, 5914500, 5914512, 12
1830, 5915000, 5915012, 12
1831, 5915500, 5915512, 12
1832, 5916000, 5920012, 4012
1833, 5916500, 5920026, 3526
1834, 5917000, 5920039, 3039
1835, 5917500, 5920052, 2552
1836, 5918000, 5920066, 2066
1837, 5918500, 5920079, 1579
1838, 5919000, 5920093, 1093
1839, 5919500, 5920106, 606
1840, 5920000, 5920133, 133
1841, 5920500, 5920512, 12
1842, 5921000, 5921012, 12
1843, 5921500, 5921512, 12
1844, 5922000, 5926012, 4012
1845, 5922500, 5926026, 3526
1846, 5923000, 5926039, 3039
1847, 5923500, 5926052, 2552
1848, 5924000, 5926066, 2066
1849, 5924500, 5926079, 1579
1850, 5925000, 5926093, 1093
1851, 5925500, 5926106, 606
1852, 5926000, 5926120, 120
1853, 5926500, 5926512, 12
1854, 5927000, 5927012, 12
1855, 5927500, 5927512, 12
1856, 5928000, 5932012, 4012
1857, 5928500, 5932026, 3526
1858, 5929000, 5932039, 3039
1859, 5929500, 5932052, 2552
1860, 5930000, 5932079, 2079
1861, 5930500, 5932092, 1592
1862, 5931000, 5932106, 1106
1863, 5931500, 5932119, 619
1864, 5932000, 5932133, 133
1865, 5932500, 5932512, 12
1866, 5933000, 5933012, 12
1867, 5933500, 5933512, 12
1868, 5934000, 5938012, 4012
1869, 5934500, 5938026, 3526
1870, 5935000, 5938039, 3039
1871, 5935500, 5938052, 2552
1872, 5936000, 5938066, 2066
1873, 5936500, 5938079, 1579
1874, 5937000, 5938093, 1093
1875, 5937500, 5938106, 606
1876, 5938000, 5938120, 120
1877, 5938500, 5938512, 12
1878, 5939000, 5939012, 12
1879, 5939500, 5939512, 12
1880, 5940000, 5944025, 4025
1881, 5940500, 5944039, 3539
1882, 5941000, 5944052, 3052
1883, 5941500, 5944066, 2566
1884, 5942000, 5944079, 2079
1885, 5942500, 5944092, 1592
1886, 5943000, 5944106, 1106
1887, 5943500, 5944119, 619
1888, 5944000, 5944133, 133
1889, 5944500, 5944512, 12
1890, 5945000, 5945012, 12
1891, 5945500, 5945512, 12
1892, 5946000, 5950012, 4012
1893, 5946500, 5950026, 3526
1894, 5947000, 5950039, 3039
1895, 5947500, 5950052, 2552
1896, 5948000, 5950066, 2066
1897, 5948500, 5950079, 1579
1898, 5949000, 5950093, 1093
1899, 5949500, 5950106, 606
1900, 5950000, 5950133, 133
1901, 5950500, 5950512, 12
1902, 5951000, 5951012, 12
1903, 5951500, 5951512, 12
1904, 5952000, 5956012, 4012
1905, 5952500, 5956026, 3526
1906, 5953000, 5956039, 3039
1907, 5953500, 5956052, 2552
1908, 5954000, 5956066, 2066
1909, 5954500, 5956079, 1579
1910, 5955000, 5956093, 1093
1911, 5955500, 5956106, 606
1912, 5956000, 5956120, 120
1913, 5956500, 5956512, 12
1914, 5957000, 5957012, 12
1915, 5957500, 5957512, 12
1916, 5958000, 5962012, 4012
1917, 5958500, 5962026, 3526
1918, 5959000, 5962039, 3039
1919, 5959500, 5962052, 2552
1920, 5960000, 5962079, 2079
1921, 5960500, 5962092, 1592
1922, 5961000, 5962106, 1106
1923, 5961500, 5962119, 619
1924, 5962000, 5962133, 133
1925, 5962500, 5962512, 12
1926, 5963000, 5963012, 12
1927, 5963500, 5963512, 12
1928, 5964000, 5968012, 4012
1929, 5964500, 5968026, 3526
1930, 5965000, 5968039, 3039
1931, 5965500, 5968052, 2552
1932, 5966000, 5968066, 2066
1933, 5966500, 5968079, 1579
1934, 5967000, 5968093, 1093
1935, 5967500, 5968106, 606
1936, 5968000, 5968120, 120
1937, 5968500, 5968512, 12
1938, 5969000, 5969012, 12
1939, 5969500, 5969512, 12
1940, 5970000, 5974025, 4025
1941, 5970500, 5974039, 3539
1942, 5971000, 5974052, 3052
1943, 5971500, 5974066, 2566
1944, 5972000, 5974079, 2079
1945, 5972500, 5974092, 1592
1946, 5973000, 5974106, 1106
1947, 5973500, 5974119, 619
1948, 5974000, 5974133, 133
1949, 5974500, 5974512, 12
1950, 5975000, 5975012, 12
1951, 5975500, 5975512, 12
1952, 5976000, 5980012, 4012
1953, 5976500, 5980026, 3526
1954, 5977000, 5980039, 3039
1955, 5977500, 5980052, 2552
1956, 5978000, 5980066, 2066
1957, 5978500, 5980079, 1579
1958, 5979000, 5980093, 1093
1959, 5979500, 5980106, 606
1960, 5980000, 5980133, 133
1961, 5980500, 5980512, 12
1962, 5981000, 5981012, 12
1963, 5981500, 5981512, 12
1964, 5982000, 5986012, 4012
1965, 5982500, 5986026, 3526
1966, 5983000, 5986039, 3039
1967, 5983500, 5986052, 2552
1968, 5984000, 5986066, 2066
1969, 5984500, 5986079, 1579
1970, 5985000, 5986093, 1093
1971, 5985500, 5986106, 606
1972, 5986000, 5986120, 120
1973, 5986500, 5986512, 12
1974, 5987000, 5987012, 12
1975, 5987500, 5987512, 12
1976, 5988000, 5992012, 4012
1977, 5988500, 5992026, 3526
1978, 5989000, 5992039, 3039
1979, 5989500, 5992052, 2552
1980, 5990000, 5992079, 2079
1981, 5990500, 5992092, 1592
1982, 5991000, 5992106, 1106
1983, 5991500, 5992119, 619
1984, 5992000, 5992133, 133
1985, 5992500, 5992512, 12
1986, 5993000, 5993012, 12
1987, 5993500, 5993512, 12
1988, 5994000, 5998012, 4012
1989, 5994500, 5998026, 3526
1990, 5995000, 5998039, 3039
1991, 5995500, 5998052, 2552
1992, 5996000, 5998066, 2066
1993, 5996500, 5998079, 1579
1994, 5997000, 5998093, 1093
1995, 5997500, 5998106, 606
1996, 5998000, 5998120, 120
1997, 5998500, 5998512, 12
1998, 5999000, 5999012, 12
1999, 5999500, 5999512, 12
2000, 6000000, 6004059, 4059
2001, 6000500, 6004715, 4215
2002, 6001000, 6005384, 4384
2003, 6001500, 6006058, 4558
2004, 6002000, 6010289, 8289
2005, 6002500, 6010963, 8463
2006, 6003000, 6011636, 8636
2007, 6003500, 6012310, 8810
2008, 6004000, 6016540, 12540
2009, 6004500, 6017214, 12714
2010, 6005000, 6017887, 12887
2011, 6005500, 6022118, 16618
2012, 6006000, 6022791, 16791
2013, 6006500, 6023465, 16965
2014, 6007000, 6024138, 17138
2015, 6007500, 6028368, 20868
2016, 6008000, 6029042, 21042
2017, 6008500, 6029715, 21215
2018, 6009000, 6030389, 21389
2019, 6009500, 6034619, 25119
2021, 6010500, 6035415, 24915
2022, 6011000, 6036026, 25026
2023, 6011500, 6040198, 28698
2032, 6016000, 6040822, 24822
2033, 6016500, 6041433, 24933
2034, 6017000, 6042044, 25044
2035, 6017500, 6046225, 28725
2044, 6022000, 6046849, 24849
2045, 6022500, 6047460, 24960
2046, 6023000, 6048071, 25071
2047, 6023500, 6052251, 28751
2056, 6028000, 6052875, 24875
2057, 6028500, 6053486, 24986
2058, 6029000, 6054098, 25098
2059, 6029500, 6058278, 28778
2068, 6034000, 6058902, 24902
2069, 6034500, 6059513, 25013
2070, 6035000, 6060124, 25124
2071, 6035500, 6064304, 28804
2082, 6041000, 6066124, 25124
2083, 6041500, 6070304, 28804
2092, 6046000, 6070915, 24915
2094, 6047000, 6072124, 25124
2095, 6047500, 6076304, 28804
2104, 6052000, 6076915, 24915
2106, 6053000, 6078124, 25124
2107, 6053500, 6082304, 28804
2116, 6058000, 6082915, 24915
2118, 6059000, 6084124, 25124
2119, 6059500, 6088304, 28804
2128, 6064000, 6088915, 24915
2130, 6065000, 6090124, 25124
2131, 6065500, 6094304, 28804
2142, 6071000, 6096124, 25124
2143, 6071500, 6100304, 28804
2152, 6076000, 6100915, 24915
2154, 6077000, 6102124, 25124
2155, 6077500, 6106304, 28804
2164, 6082000, 6106915, 24915
2166, 6083000, 6108124, 25124
2167, 6083500, 6112304, 28804
2176, 6088000, 6112915, 24915
2178, 6089000, 6114124, 25124
2179, 6089500, 6118304, 28804
2188, 6094000, 6118915, 24915
2190, 6095000, 6120124, 25124
2191, 6095500, 6124304, 28804
2202, 6101000, 6126131, 25131
2203, 6101500, 6130319, 28819
2212, 6106000, 6130934, 24934
2214, 6107000, 6132150, 25150
2215, 6107500, 6136333, 28833
2224, 6112000, 6136947, 24947
2226, 6113000, 6138163, 25163
2227, 6113500, 6142346, 28846
2236, 6118000, 6142961, 24961
2238, 6119000, 6144177, 25177
2239, 6119500, 6148359, 28859
2248, 6124000, 6148974, 24974
2250, 6125000, 6150190, 25190
2251, 6125500, 6154373, 28873
2261, 6130500, 6155575, 25075
2262, 6131000, 6156190, 25190
2263, 6131500, 6160359, 28859
2272, 6136000, 6160974, 24974
2273, 6136500, 6161575, 25075
2274, 6137000, 6162190, 25190
2275, 6137500, 6166359, 28859
2284, 6142000, 6166974, 24974
2285, 6142500, 6167575, 25075
2286, 6143000, 6168190, 25190
2287, 6143500, 6172359, 28859
2296, 6148000, 6172974, 24974
2297, 6148500, 6173575, 25075
2298, 6149000, 6174190, 25190
2299, 6149500, 6178359, 28859
2308, 6154000, 6178974, 24974
2309, 6154500, 6179575, 25075
2310, 6155000, 6180190, 25190
2311, 6155500, 6184359, 28859
2321, 6160500, 6185575, 25075
2322, 6161000, 6186190, 25190
2323, 6161500, 6190359, 28859
2332, 6166000, 6190974, 24974
2333, 6166500, 6191575, 25075
2334, 6167000, 6192190, 25190
2335, 6167500, 6196359, 28859
2344, 6172000, 6196974, 24974
2345, 6172500, 6197575, 25075
2346, 6173000, 6198190, 25190
2347, 6173500, 6202359, 28859
2356, 6178000, 6202974, 24974
2357, 6178500, 6203575, 25075
2358, 6179000, 6204190, 25190
2359, 6179500, 6208359, 28859
2368, 6184000, 6208974, 24974
2369, 6184500, 6209575, 25075
2370, 6185000, 6210190, 25190
2371, 6185500, 6214359, 28859
2381, 6190500, 6215575, 25075
2382, 6191000, 6216190, 25190
2383, 6191500, 6220359, 28859
2392, 6196000, 6220974, 24974
2393, 6196500, 6221575, 25075
2394, 6197000, 6222190, 25190
2395, 6197500, 6226359, 28859
2404, 6202000, 6226974, 24974
2405, 6202500, 6227575, 25075
2406, 6203000, 6228190, 25190
2407, 6203500, 6232359, 28859
2416, 6208000, 6232974, 24974
2417, 6208500, 6233575, 25075
2418, 6209000, 6234190, 25190
2419, 6209500, 6238359, 28859
2428, 6214000, 6238974, 24974
2429, 6214500, 6239575, 25075
2430, 6215000, 6240190, 25190
2431, 6215500, 6244359, 28859
2441, 6220500, 6245575, 25075
2442, 6221000, 6246190, 25190
2443, 6221500, 6250359, 28859
2452, 6226000, 6250974, 24974
2453, 6226500, 6251575, 25075
2454, 6227000, 6252190, 25190
2455, 6227500, 6256359, 28859
2464, 6232000, 6256974, 24974
2465, 6232500, 6257575, 25075
2466, 6233000, 6258190, 25190
2467, 6233500, 6262359, 28859
2476, 6238000, 6262974, 24974
2477, 6238500, 6263575, 25075
2478, 6239000, 6264190, 25190
2479, 6239500, 6268359, 28859
2488, 6244000, 6268974, 24974
2489, 6244500, 6269575, 25075
2490, 6245000, 6270190, 25190
2491, 6245500, 6274359, 28859
2501, 6250500, 6275575, 25075
2502, 6251000, 6276190, 25190
2503, 6251500, 6280359, 28859
2512, 6256000, 6280974, 24974
2513, 6256500, 6281575, 25075
2514, 6257000, 6282190, 25190
2515, 6257500, 6286359, 28859
2524, 6262000, 6286974, 24974
2525, 6262500, 6287575, 25075
2526, 6263000, 6288190, 25190
2527, 6263500, 6292359, 28859
2536, 6268000, 6292974, 24974
2537, 6268500, 6293575, 25075
2538, 6269000, 6294190, 25190
2539, 6269500, 6298359, 28859
2548, 6274000, 6298974, 24974
2549, 6274500, 6299575, 25075
2550, 6275000, 6300190, 25190
2551, 6275500, 6304359, 28859
2561, 6280500, 6305575, 25075
2562, 6281000, 6306190, 25190
2563, 6281500, 6310359, 28859
2572, 6286000, 6310974, 24974
2573, 6286500, 6311575, 25075
2574, 6287000, 6312190, 25190
2575, 6287500, 6316359, 28859
2584, 6292000, 6316974, 24974
2585, 6292500, 6317575, 25075
2586, 6293000, 6318190, 25190
2587, 6293500, 6322359, 28859
2596, 6298000, 6322974, 24974
2597, 6298500, 6323575, 25075
2598, 6299000, 6324190, 25190
2599, 6299500, 6328359, 28859
2608, 6304000, 6328974, 24974
2609, 6304500, 6329575, 25075
2610, 6305000, 6330190, 25190
2611, 6305500, 6334359, 28859
2621, 6310500, 6335575, 25075
2622, 6311000, 6336190, 25190
2623, 6311500, 6340359, 28859
2632, 6316000, 6340974, 24974
2633, 6316500, 6341575, 25075
2634, 6317000, 6342190, 25190
2635, 6317500, 6346359, 28859
2644, 6322000, 6346974, 24974
2645, 6322500, 6347575, 25075
2646, 6323000, 6348190, 25190
2647, 6323500, 6352359, 28859
2656, 6328000, 6352974, 24974
2657, 6328500, 6353575, 25075
2658, 6329000, 6354190, 25190
2659, 6329500, 6358359, 28859
2668, 6334000, 6358974, 24974
2669, 6334500, 6359575, 25075
2670, 6335000, 6360190, 25190
2671, 6335500, 6364359, 28859
2681, 6340500, 6365575, 25075
2682, 6341000, 6366190, 25190
2683, 6341500, 6370359, 28859
2692, 6346000, 6370974, 24974
2693, 6346500, 6371575, 25075
2694, 6347000, 6372190, 25190
2695, 6347500, 6376359, 28859
2704, 6352000, 6376974, 24974
2705, 6352500, 6377575, 25075
2706, 6353000, 6378190, 25190
2707, 6353500, 6382359, 28859
2716, 6358000, 6382974, 24974
2717, 6358500, 6383575, 25075
2718, 6359000, 6384190, 25190
2719, 6359500, 6388359, 28859
2728, 6364000, 6388974, 24974
2729, 6364500, 6389575, 25075
2730, 6365000, 6390190, 25190
2731, 6365500, 6394359, 28859
2741, 6370500, 6395575, 25075
2742, 6371000, 6396190, 25190
2743, 6371500, 6400359, 28859
2752, 6376000, 6400974, 24974
2753, 6376500, 6401575, 25075
2754, 6377000, 6402190, 25190
2755, 6377500, 6406359, 28859
2764, 6382000, 6406974, 24974
2765, 6382500, 6407575, 25075
2766, 6383000, 6408190, 25190
2767, 6383500, 6412359, 28859
2776, 6388000, 6412974, 24974
2777, 6388500, 6413575, 25075
2778, 6389000, 6414190, 25190
2779, 6389500, 6418359, 28859
2788, 6394000, 6418974, 24974
2789, 6394500, 6419575, 25075
2790, 6395000, 6420190, 25190
2791, 6395500, 6424359, 28859
2801, 6400500, 6425575, 25075
2802, 6401000, 6426190, 25190
2803, 6401500, 6430359, 28859
2812, 6406000, 6430974, 24974
2813, 6406500, 6431575, 25075
2814, 6407000, 6432190, 25190
2815, 6407500, 6436359, 28859
2824, 6412000, 6436974, 24974
2825, 6412500, 6437575, 25075
2826, 6413000, 6438190, 25190
2827, 6413500, 6442359, 28859
2836, 6418000, 6442974, 24974
2837, 6418500, 6443575, 25075
2838, 6419000, 6444190, 25190
2839, 6419500, 6448359, 28859
2848, 6424000, 6448974, 24974
2849, 6424500, 6449575, 25075
2850, 6425000, 6450190, 25190
2851, 6425500, 6454359, 28859
2861, 6430500, 6455575, 25075
2862, 6431000, 6456190, 25190
2863, 6431500, 6460359, 28859
2872, 6436000, 6460974, 24974
2873, 6436500, 6461575, 25075
2874, 6437000, 6462190, 25190
2875, 6437500, 6466359, 28859
2884, 6442000, 6466974, 24974
2885, 6442500, 6467575, 25075
2886, 6443000, 6468190, 25190
2887, 6443500, 6472359, 28859
2896, 6448000, 6472974, 24974
2897, 6448500, 6473575, 25075
2898, 6449000, 6474190, 25190
2899, 6449500, 6478359, 28859
2908, 6454000, 6478974, 24974
2909, 6454500, 6479575, 25075
2910, 6455000, 6480190, 25190
2911, 6455500, 6484359, 28859
2921, 6460500, 6485575, 25075
2922, 6461000, 6486190, 25190
2923, 6461500, 6490359, 28859
2932, 6466000, 6490974, 24974
2933, 6466500, 6491575, 25075
2934, 6467000, 6492190, 25190
2935, 6467500, 6496359, 28859
2944, 6472000, 6496974, 24974
2945, 6472500, 6497575, 25075
2946, 6473000, 6498190, 25190
2947, 6473500, 6502359, 28859
2956, 6478000, 6502974, 24974
2957, 6478500, 6503575, 25075
2958, 6479000, 6504190, 25190
2959, 6479500, 6508359, 28859
2968, 6484000, 6508974, 24974
2969, 6484500, 6509575, 25075
2970, 6485000, 6510190, 25190
2971, 6485500, 6514359, 28859
2981, 6490500, 6515575, 25075
2982, 6491000, 6516190, 25190
2983, 6491500, 6520359, 28859
2992, 6496000, 6520974, 24974
2993, 6496500, 6521575, 25075
2994, 6497000, 6522190, 25190
2995, 6497500, 6526359, 28859
3004, 6502000, 6526974, 24974
3005, 6502500, 6527575, 25075
3006, 6503000, 6528190, 25190
3007, 6503500, 6532359, 28859
3016, 6508000, 6532974, 24974
3017, 6508500, 6533575, 25075
3018, 6509000, 6534190, 25190
3019, 6509500, 6538359, 28859
3028, 6514000, 6538974, 24974
3029, 6514500, 6539575, 25075
3030, 6515000, 6540190, 25190
3031, 6515500, 6544359, 28859
3041, 6520500, 6545575, 25075
3042, 6521000, 6546190, 25190
3043, 6521500, 6550359, 28859
3052, 6526000, 6550974, 24974
3053, 6526500, 6551575, 25075
3054, 6527000, 6552190, 25190
3055, 6527500, 6556359, 28859
3064, 6532000, 6556974, 24974
3065, 6532500, 6557575, 25075
3066, 6533000, 6558190, 25190
3067, 6533500, 6562359, 28859
3076, 6538000, 6562974, 24974
3077, 6538500, 6563575, 25075
3078, 6539000, 6564190, 25190
3079, 6539500, 6568359, 28859
3088, 6544000, 6568974, 24974
3089, 6544500, 6569575, 25075
3090, 6545000, 6570190, 25190
3091, 6545500, 6574359, 28859
3101, 6550500, 6575575, 25075
3102, 6551000, 6576190, 25190
3103, 6551500, 6580359, 28859
3112, 6556000, 6580974, 24974
3113, 6556500, 6581575, 25075
3114, 6557000, 6582190, 25190
3115, 6557500, 6586359, 28859
3124, 6562000, 6586974, 24974
3125, 6562500, 6587575, 25075
3126, 6563000, 6588190, 25190
3127, 6563500, 6592359, 28859
3136, 6568000, 6592974, 24974
3137, 6568500, 6593575, 25075
3138, 6569000, 6594190, 25190
3139, 6569500, 6598359, 28859
3148, 6574000, 6598974, 24974
3149, 6574500, 6599575, 25075
3150, 6575000, 6600190, 25190
3151, 6575500, 6604359, 28859
3161, 6580500, 6605575, 25075
3162, 6581000, 6606190, 25190
3163, 6581500, 6610359, 28859
3172, 6586000, 6610974, 24974
3173, 6586500, 6611575, 25075
3174, 6587000, 6612190, 25190
3175, 6587500, 6616359, 28859
3184, 6592000, 6616974, 24974
3185, 6592500, 6617575, 25075
3186, 6593000, 6618190, 25190
3187, 6593500, 6622359, 28859
3196, 6598000, 6622974, 24974
3197, 6598500, 6623575, 25075
3198, 6599000, 6624190, 25190
3199, 6599500, 6628359, 28859
3208, 6604000, 6628974, 24974
3209, 6604500, 6629575, 25075
3210, 6605000, 6630190, 25190
3211, 6605500, 6634359, 28859
3221, 6610500, 6635575, 25075
3222, 6611000, 6636190, 25190
3223, 6611500, 6640359, 28859
3232, 6616000, 6640974, 24974
3233, 6616500, 6641575, 25075
3234, 6617000, 6642190, 25190
3235, 6617500, 6646359, 28859
3244, 6622000, 6646974, 24974
3245, 6622500, 6647575, 25075
3246, 6623000, 6648190, 25190
3247, 6623500, 6652359, 28859
3256, 6628000, 6652974, 24974
3257, 6628500, 6653575, 25075
3258, 6629000, 6654190, 25190
3259, 6629500, 6658359, 28859
3268, 6634000, 6658974, 24974
3269, 6634500, 6659575, 25075
3270, 6635000, 6660190, 25190
3271, 6635500, 6664359, 28859
3281, 6640500, 6665575, 25075
3282, 6641000, 6666190, 25190
3283, 6641500, 6670359, 28859
3292, 6646000, 6670974, 24974
3293, 6646500, 6671575, 25075
3294, 6647000, 6672190, 25190
3295, 6647500, 6676359, 28859
3304, 6652000, 6676974, 24974
3305, 6652500, 6677575, 25075
3306, 6653000, 6678190, 25190
3307, 6653500, 6682359, 28859
3316, 6658000, 6682974, 24974
3317, 6658500, 6683575, 25075
3318, 6659000, 6684190, 25190
3319, 6659500, 6688359, 28859
3328, 6664000, 6688974, 24974
3329, 6664500, 6689575, 25075
3330, 6665000, 6690190, 25190
3331, 6665500, 6694359, 28859
3341, 6670500, 6695575, 25075
3342, 6671000, 6696190, 25190
3343, 6671500, 6700359, 28859
3352, 6676000, 6700974, 24974
3353, 6676500, 6701575, 25075
3354, 6677000, 6702190, 25190
3355, 6677500, 6706359, 28859
3364, 6682000, 6706974, 24974
3365, 6682500, 6707575, 25075
3366, 6683000, 6708190, 25190
3367, 6683500, 6712359, 28859
3376, 6688000, 6712974, 24974
3377, 6688500, 6713575, 25075
3378, 6689000, 6714190, 25190
3379, 6689500, 6718359, 28859
3388, 6694000, 6718974, 24974
3389, 6694500, 6719575, 25075
3390, 6695000, 6720190, 25190
3391, 6695500, 6724359, 28859
3401, 6700500, 6725575, 25075
3402, 6701000, 6726190, 25190
3403, 6701500, 6730359, 28859
3412, 6706000, 6730974, 24974
3413, 6706500, 6731575, 25075
3414, 6707000, 6732190, 25190
3415, 6707500, 6736359, 28859
3424, 6712000, 6736974, 24974
3425, 6712500, 6737575, 25075
3426, 6713000, 6738190, 25190
3427, 6713500, 6742359, 28859
3436, 6718000, 6742974, 24974
3437, 6718500, 6743575, 25075
3438, 6719000, 6744190, 25190
3439, 6719500, 6748359, 28859
3448, 6724000, 6748974, 24974
3449, 6724500, 6749575, 25075
3450, 6725000, 6750190, 25190
3451, 6725500, 6754359, 28859
3461, 6730500, 6755575, 25075
3462, 6731000, 6756190, 25190
3463, 6731500, 6760359, 28859
3472, 6736000, 6760974, 24974
3473, 6736500, 6761575, 25075
3474, 6737000, 6762190, 25190
3475, 6737500, 6766359, 28859
3484, 6742000, 6766974, 24974
3485, 6742500, 6767575, 25075
3486, 6743000, 6768190, 25190
3487, 6743500, 6772359, 28859
3496, 6748000, 6772974, 24974
3497, 6748500, 6773575, 25075
3498, 6749000, 6774190, 25190
3499, 6749500, 6778359, 28859
3508, 6754000, 6778974, 24974
3509, 6754500, 6779575, 25075
3510, 6755000, 6780190, 25190
3511, 6755500, 6784359, 28859
3521, 6760500, 6785575, 25075
3522, 6761000, 6786190, 25190
3523, 6761500, 6790359, 28859
3532, 6766000, 6790974, 24974
3533, 6766500, 6791575, 25075
3534, 6767000, 6792190, 25190
3535, 6767500, 6796359, 28859
3544, 6772000, 6796974, 24974
3545, 6772500, 6797575, 25075
3546, 6773000, 6798190, 25190
3547, 6773500, 6802359, 28859
3556, 6778000, 6802974, 24974
3557, 6778500, 6803575, 25075
3558, 6779000, 6804190, 25190
3559, 6779500, 6808359, 28859
3568, 6784000, 6808974, 24974
3569, 6784500, 6809575, 25075
3570, 6785000, 6810190, 25190
3571, 6785500, 6814359, 28859
3581, 6790500, 6815575, 25075
3582, 6791000, 6816190, 25190
3583, 6791500, 6820359, 28859
3592, 6796000, 6820974, 24974
3593, 6796500, 6821575, 25075
3594, 6797000, 6822190, 25190
3595, 6797500, 6826359, 28859
3604, 6802000, 6826974, 24974
3605, 6802500, 6827575, 25075
3606, 6803000, 6828190, 25190
3607, 6803500, 6832359, 28859
3616, 6808000, 6832974, 24974
3617, 6808500, 6833575, 25075
3618, 6809000, 6834190, 25190
3619, 6809500, 6838359, 28859
3628, 6814000, 6838974, 24974
3629, 6814500, 6839575, 25075
3630, 6815000, 6840190, 25190
3631, 6815500, 6844359, 28859
3641, 6820500, 6845575, 25075
3642, 6821000, 6846190, 25190
3643, 6821500, 6850359, 28859
3652, 6826000, 6850974, 24974
3653, 6826500, 6851575, 25075
3654, 6827000, 6852190, 25190
3655, 6827500, 6856359, 28859
3664, 6832000, 6856974, 24974
3665, 6832500, 6857575, 25075
3666, 6833000, 6858190, 25190
3667, 6833500, 6862359, 28859
3676, 6838000, 6862974, 24974
3677, 6838500, 6863575, 25075
3678, 6839000, 6864190, 25190
3679, 6839500, 6868359, 28859
3688, 6844000, 6868974, 24974
3689, 6844500, 6869575, 25075
3690, 6845000, 6870190, 25190
3691, 6845500, 6874359, 28859
3701, 6850500, 6875575, 25075
3702, 6851000, 6876190, 25190
3703, 6851500, 6880359, 28859
3712, 6856000, 6880974, 24974
3713, 6856500, 6881575, 25075
3714, 6857000, 6882190, 25190
3715, 6857500, 6886359, 28859
3724, 6862000, 6886974, 24974
3725, 6862500, 6887575, 25075
3726, 6863000, 6888190, 25190
3727, 6863500, 6892359, 28859
3736, 6868000, 6892974, 24974
3737, 6868500, 6893575, 25075
3738, 6869000, 6894190, 25190
3739, 6869500, 6898359, 28859
3748, 6874000, 6898974, 24974
3749, 6874500, 6899575, 25075
3750, 6875000, 6900190, 25190
3751, 6875500, 6904359, 28859
3761, 6880500, 6905575, 25075
3762, 6881000, 6906190, 25190
3763, 6881500, 6910359, 28859
3772, 6886000, 6910974, 24974
3773, 6886500, 6911575, 25075
3774, 6887000, 6912190, 25190
3775, 6887500, 6916359, 28859
3784, 6892000, 6916974, 24974
3785, 6892500, 6917575, 25075
3786, 6893000, 6918190, 25190
3787, 6893500, 6922359, 28859
3796, 6898000, 6922974, 24974
3797, 6898500, 6923575, 25075
3798, 6899000, 6924190, 25190
3799, 6899500, 6928359, 28859
3808, 6904000, 6928974, 24974
3809, 6904500, 6929575, 25075
3810, 6905000, 6930190, 25190
3811, 6905500, 6934359, 28859
3821, 6910500, 6935575, 25075
3822, 6911000, 6936190, 25190
3823, 6911500, 6940359, 28859
3832, 6916000, 6940974, 24974
3833, 6916500, 6941575, 25075
3834, 6917000, 6942190, 25190
3835, 6917500, 6946359, 28859
3844, 6922000, 6946974, 24974
3845, 6922500, 6947575, 25075
3846, 6923000, 6948190, 25190
3847, 6923500, 6952359, 28859
3856, 6928000, 6952974, 24974
3857, 6928500, 6953575, 25075
3858, 6929000, 6954190, 25190
3859, 6929500, 6958359, 28859
3868, 6934000, 6958974, 24974
3869, 6934500, 6959575, 25075
3870, 6935000, 6960190, 25190
3871, 6935500, 6964359, 28859
3881, 6940500, 6965575, 25075
3882, 6941000, 6966190, 25190
3883, 6941500, 6970359, 28859
3892, 6946000, 6970974, 24974
3893, 6946500, 6971575, 25075
3894, 6947000, 6972190, 25190
3895, 6947500, 6976359, 28859
3904, 6952000, 6976974, 24974
3905, 6952500, 6977575, 25075
3906, 6953000, 6978190, 25190
3907, 6953500, 6982359, 28859
3916, 6958000, 6982974, 24974
3917, 6958500, 6983575, 25075
3918, 6959000, 6984190, 25190
3919, 6959500, 6988359, 28859
3928, 6964000, 6988974, 24974
3929, 6964500, 6989575, 25075
3930, 6965000, 6990190, 25190
3931, 6965500, 6994359, 28859
3941, 6970500, 6995575, 25075
3942, 6971000, 6996190, 25190
3943, 6971500, 7000448, 28948
3952, 6976000, 7001063, 25063
3953, 6976500, 7001664, 25164
3954, 6977000, 7002279, 25279
3955, 6977500, 7006359, 28859
3964, 6982000, 7006974, 24974
3965, 6982500, 7007575, 25075
3966, 6983000, 7008190, 25190
3967, 6983500, 7012359, 28859
3976, 6988000, 7012974, 24974
3977, 6988500, 7013575, 25075
3978, 6989000, 7014190, 25190
3979, 6989500, 7018359, 28859
3988, 6994000, 7018974, 24974
3989, 6994500, 7019575, 25075
3990, 6995000, 7020190, 25190
3991, 6995500, 7024359, 28859
4001, 7000500, 7025586, 25086
4002, 7001000, 7026205, 25205
4003, 7001500, 7030388, 28888
4012, 7006000, 7031007, 25007
4013, 7006500, 7031611, 25111
4014, 7007000, 7032230, 25230
4015, 7007500, 7036402, 28902
4024, 7012000, 7037020, 25020
4025, 7012500, 7037625, 25125
4026, 7013000, 7038243, 25243
4027, 7013500, 7042415, 28915
4036, 7018000, 7043034, 25034
4037, 7018500, 7043638, 25138
4038, 7019000, 7044257, 25257
4039, 7019500, 7048429, 28929
4048, 7024000, 7049047, 25047
4049, 7024500, 7049652, 25152
4050, 7025000, 7050257, 25257
4051, 7025500, 7054429, 28929
4061, 7030500, 7055638, 25138
4062, 7031000, 7056243, 25243
4063, 7031500, 7060415, 28915
4072, 7036000, 7061034, 25034
4073, 7036500, 7061638, 25138
4074, 7037000, 7062243, 25243
4075, 7037500, 7066415, 28915
4084, 7042000, 7067034, 25034
4085, 7042500, 7067638, 25138
4086, 7043000, 7068243, 25243
4087, 7043500, 7072415, 28915
4096, 7048000, 7073034, 25034
4097, 7048500, 7073638, 25138
4098, 7049000, 7074243, 25243
4099, 7049500, 7078415, 28915
4108, 7054000, 7079034, 25034
4109, 7054500, 7079638, 25138
4110, 7055000, 7080243, 25243
4111, 7055500, 7084415, 28915
4121, 7060500, 7085638, 25138
4122, 7061000, 7086243, 25243
4123, 7061500, 7090415, 28915
4132, 7066000, 7091034, 25034
4133, 7066500, 7091638, 25138
4134, 7067000, 7092243, 25243
4135, 7067500, 7096415, 28915
4144, 7072000, 7097034, 25034
4145, 7072500, 7097638, 25138
4146, 7073000, 7098243, 25243
4147, 7073500, 7102415, 28915
4156, 7078000, 7103034, 25034
4157, 7078500, 7103638, 25138
4158, 7079000, 7104243, 25243
4159, 7079500, 7108415, 28915
4168, 7084000, 7109034, 25034
4169, 7084500, 7109638, 25138
4170, 7085000, 7110243, 25243
4171, 7085500, 7114415, 28915
4181, 7090500, 7115638, 25138
4182, 7091000, 7116243, 25243
4183, 7091500, 7120415, 28915
4192, 7096000, 7121034, 25034
4193, 7096500, 7121638, 25138
4194, 7097000, 7122243, 25243
4195, 7097500, 7126415, 28915
4204, 7102000, 7127034, 25034
4205, 7102500, 7127638, 25138
4206, 7103000, 7128243, 25243
4207, 7103500, 7132415, 28915
4216, 7108000, 7133034, 25034
4217, 7108500, 7133638, 25138
4218, 7109000, 7134243, 25243
4219, 7109500, 7138415, 28915
4228, 7114000, 7139034, 25034
4229, 7114500, 7139638, 25138
4230, 7115000, 7140243, 25243
4231, 7115500, 7144415, 28915
4241, 7120500, 7145638, 25138
4242, 7121000, 7146243, 25243
4243, 7121500, 7150415, 28915
4252, 7126000, 7151034, 25034
4253, 7126500, 7151638, 25138
4254, 7127000, 7152243, 25243
4255, 7127500, 7156415, 28915
4264, 7132000, 7157034, 25034
4265, 7132500, 7157638, 25138
4266, 7133000, 7158243, 25243
4267, 7133500, 7162415, 28915
4276, 7138000, 7163034, 25034
4277, 7138500, 7163638, 25138
4278, 7139000, 7164243, 25243
4279, 7139500, 7168415, 28915
4288, 7144000, 7169034, 25034
4289, 7144500, 7169638, 25138
4290, 7145000, 7170243, 25243
4291, 7145500, 7174415, 28915
4301, 7150500, 7175638, 25138
4302, 7151000, 7176243, 25243
4303, 7151500, 7180415, 28915
4312, 7156000, 7181034, 25034
4313, 7156500, 7181638, 25138
4314, 7157000, 7182243, 25243
4315, 7157500, 7186415, 28915
4324, 7162000, 7187034, 25034
4325, 7162500, 7187638, 25138
4326, 7163000, 7188243, 25243
4327, 7163500, 7192415, 28915
4336, 7168000, 7193034, 25034
4337, 7168500, 7193638, 25138
4338, 7169000, 7194243, 25243
4339, 7169500, 7198415, 28915
4348, 7174000, 7199034, 25034
4349, 7174500, 7199638, 25138
4350, 7175000, 7200243, 25243
4351, 7175500, 7204415, 28915
4361, 7180500, 7205638, 25138
4362, 7181000, 7206243, 25243
4363, 7181500, 7210415, 28915
4372, 7186000, 7211034, 25034
4373, 7186500, 7211638, 25138
4374, 7187000, 7212243, 25243
4375, 7187500, 7216415, 28915
4384, 7192000, 7217034, 25034
4385, 7192500, 7217638, 25138
4386, 7193000, 7218243, 25243
4387, 7193500, 7222415, 28915
4396, 7198000, 7223034, 25034
4397, 7198500, 7223638, 25138
4398, 7199000, 7224243, 25243
4399, 7199500, 7228415, 28915
4408, 7204000, 7229034, 25034
4409, 7204500, 7229638, 25138
4410, 7205000, 7230243, 25243
4411, 7205500, 7234415, 28915
4421, 7210500, 7235638, 25138
4422, 7211000, 7236243, 25243
4423, 7211500, 7240415, 28915
4432, 7216000, 7241034, 25034
4433, 7216500, 7241638, 25138
4434, 7217000, 7242243, 25243
4435, 7217500, 7246415, 28915
4444, 7222000, 7247034, 25034
4445, 7222500, 7247638, 25138
4446, 7223000, 7248243, 25243
4447, 7223500, 7252415, 28915
4456, 7228000, 7253034, 25034
4457, 7228500, 7253638, 25138
4458, 7229000, 7254243, 25243
4459, 7229500, 7258415, 28915
4468, 7234000, 7259034, 25034
4469, 7234500, 7259638, 25138
4470, 7235000, 7260243, 25243
4471, 7235500, 7264415, 28915
4481, 7240500, 7265638, 25138
4482, 7241000, 7266243, 25243
4483, 7241500, 7270415, 28915
4492, 7246000, 7271034, 25034
4493, 7246500, 7271638, 25138
4494, 7247000, 7272243, 25243
4495, 7247500, 7276415, 28915
4504, 7252000, 7277034, 25034
4505, 7252500, 7277638, 25138
4506, 7253000, 7278243, 25243
4507, 7253500, 7282415, 28915
4516, 7258000, 7283034, 25034
4517, 7258500, 7283638, 25138
4518, 7259000, 7284243, 25243
4519, 7259500, 7288415, 28915
4528, 7264000, 7289034, 25034
4529, 7264500, 7289638, 25138
4530, 7265000, 7290243, 25243
4531, 7265500, 7294415, 28915
4541, 7270500, 7295638, 25138
4542, 7271000, 7296243, 25243
4543, 7271500, 7300415, 28915
4552, 7276000, 7301034, 25034
4553, 7276500, 7301638, 25138
4554, 7277000, 7302243, 25243
4555, 7277500, 7306415, 28915
4564, 7282000, 7307034, 25034
4565, 7282500, 7307638, 25138
4566, 7283000, 7308243, 25243
4567, 7283500, 7312415, 28915
4576, 7288000, 7313034, 25034
4577, 7288500, 7313638, 25138
4578, 7289000, 7314243, 25243
4579, 7289500, 7318415, 28915
4588, 7294000, 7319034, 25034
4589, 7294500, 7319638, 25138
4590, 7295000, 7320243, 25243
4591, 7295500, 7324415, 28915
4601, 7300500, 7325638, 25138
4602, 7301000, 7326243, 25243
4603, 7301500, 7330415, 28915
4612, 7306000, 7331034, 25034
4613, 7306500, 7331638, 25138
4614, 7307000, 7332243, 25243
4615, 7307500, 7336415, 28915
4624, 7312000, 7337034, 25034
4625, 7312500, 7337638, 25138
4626, 7313000, 7338243, 25243
4627, 7313500, 7342415, 28915
4636, 7318000, 7343034, 25034
4637, 7318500, 7343638, 25138
4638, 7319000, 7344243, 25243
4639, 7319500, 7348415, 28915
4648, 7324000, 7349034, 25034
4649, 7324500, 7349638, 25138
4650, 7325000, 7350243, 25243
4651, 7325500, 7354415, 28915
4661, 7330500, 7355638, 25138
4662, 7331000, 7356243, 25243
4663, 7331500, 7360415, 28915
4672, 7336000, 7361034, 25034
4673, 7336500, 7361638, 25138
4674, 7337000, 7362243, 25243
4675, 7337500, 7366415, 28915
4684, 7342000, 7367034, 25034
4685, 7342500, 7367638, 25138
4686, 7343000, 7368243, 25243
4687, 7343500, 7372415, 28915
4696, 7348000, 7373034, 25034
4697, 7348500, 7373638, 25138
4698, 7349000, 7374243, 25243
4699, 7349500, 7378415, 28915
4708, 7354000, 7379034, 25034
4709, 7354500, 7379638, 25138
4710, 7355000, 7380243, 25243
4711, 7355500, 7384415, 28915
4721, 7360500, 7385638, 25138
4722, 7361000, 7386243, 25243
4723, 7361500, 7390415, 28915
4732, 7366000, 7391034, 25034
4733, 7366500, 7391638, 25138
4734, 7367000, 7392243, 25243
4735, 7367500, 7396415, 28915
4744, 7372000, 7397034, 25034
4745, 7372500, 7397638, 25138
4746, 7373000, 7398243, 25243
4747, 7373500, 7402415, 28915
4756, 7378000, 7403034, 25034
4757, 7378500, 7403638, 25138
4758, 7379000, 7404243, 25243
4759, 7379500, 7408415, 28915
4768, 7384000, 7409034, 25034
4769, 7384500, 7409638, 25138
4770, 7385000, 7410243, 25243
4771, 7385500, 7414415, 28915
4781, 7390500, 7415638, 25138
4782, 7391000, 7416243, 25243
4783, 7391500, 7420415, 28915
4792, 7396000, 7421034, 25034
4793, 7396500, 7421638, 25138
4794, 7397000, 7422243, 25243
4795, 7397500, 7426415, 28915
4804, 7402000, 7427034, 25034
4805, 7402500, 7427638, 25138
4806, 7403000, 7428243, 25243
4807, 7403500, 7432415, 28915
4816, 7408000, 7433034, 25034
4817, 7408500, 7433638, 25138
4818, 7409000, 7434243, 25243
4819, 7409500, 7438415, 28915
4828, 7414000, 7439034, 25034
4829, 7414500, 7439638, 25138
4830, 7415000, 7440243, 25243
4831, 7415500, 7444415, 28915
4841, 7420500, 7445638, 25138
4842, 7421000, 7446243, 25243
4843, 7421500, 7450415, 28915
4852, 7426000, 7451034, 25034
4853, 7426500, 7451638, 25138
4854, 7427000, 7452243, 25243
4855, 7427500, 7456415, 28915
4864, 7432000, 7457034, 25034
4865, 7432500, 7457638, 25138
4866, 7433000, 7458243, 25243
4867, 7433500, 7462415, 28915
4876, 7438000, 7463034, 25034
4877, 7438500, 7463638, 25138
4878, 7439000, 7464243, 25243
4879, 7439500, 7468415, 28915
4888, 7444000, 7469034, 25034
4889, 7444500, 7469638, 25138
4890, 7445000, 7470243, 25243
4891, 7445500, 7474415, 28915
4901, 7450500, 7475638, 25138
4902, 7451000, 7476243, 25243
4903, 7451500, 7480415, 28915
4912, 7456000, 7481034, 25034
4913, 7456500, 7481638, 25138
4914, 7457000, 7482243, 25243
4915, 7457500, 7486415, 28915
4924, 7462000, 7487034, 25034
4925, 7462500, 7487638, 25138
4926, 7463000, 7488243, 25243
4927, 7463500, 7492415, 28915
4936, 7468000, 7493034, 25034
4937, 7468500, 7493638, 25138
4938, 7469000, 7494243, 25243
4939, 7469500, 7498415, 28915
4948, 7474000, 7499034, 25034
4949, 7474500, 7499638, 25138
4950, 7475000, 7500243, 25243
4951, 7475500, 7504415, 28915
4961, 7480500, 7505638, 25138
4962, 7481000, 7506243, 25243
4963, 7481500, 7510415, 28915
4972, 7486000, 7511034, 25034
4973, 7486500, 7511638, 25138
4974, 7487000, 7512243, 25243
4975, 7487500, 7516415, 28915
4984, 7492000, 7517034, 25034
4985, 7492500, 7517638, 25138
4986, 7493000, 7518243, 25243
4987, 7493500, 7522415, 28915
4996, 7498000, 7523034, 25034
4997, 7498500, 7523638, 25138
4998, 7499000, 7524243, 25243
4999, 7499500, 7528415, 28915
5008, 7504000, 7529034, 25034
5009, 7504500, 7529638, 25138
5010, 7505000, 7530243, 25243
5011, 7505500, 7534415, 28915
5021, 7510500, 7535638, 25138
5022, 7511000, 7536243, 25243
5023, 7511500, 7540415, 28915
5032, 7516000, 7541034, 25034
5033, 7516500, 7541638, 25138
5034, 7517000, 7542243, 25243
5035, 7517500, 7546415, 28915
5044, 7522000, 7547034, 25034
5045, 7522500, 7547638, 25138
5046, 7523000, 7548243, 25243
5047, 7523500, 7552415, 28915
5056, 7528000, 7553034, 25034
5057, 7528500, 7553638, 25138
5058, 7529000, 7554243, 25243
5059, 7529500, 7558415, 28915
5068, 7534000, 7559034, 25034
5069, 7534500, 7559638, 25138
5070, 7535000, 7560243, 25243
5071, 7535500, 7564415, 28915
5081, 7540500, 7565638, 25138
5082, 7541000, 7566243, 25243
5083, 7541500, 7570415, 28915
5092, 7546000, 7571034, 25034
5093, 7546500, 7571638, 25138
5094, 7547000, 7572243, 25243
5095, 7547500, 7576415, 28915
5104, 7552000, 7577034, 25034
5105, 7552500, 7577638, 25138
5106, 7553000, 7578243, 25243
5107, 7553500, 7582415, 28915
5116, 7558000, 7583034, 25034
5117, 7558500, 7583638, 25138
5118, 7559000, 7584243, 25243
5119, 7559500, 7588415, 28915
5128, 7564000, 7589034, 25034
5129, 7564500, 7589638, 25138
5130, 7565000, 7590243, 25243
5131, 7565500, 7594415, 28915
5141, 7570500, 7595638, 25138
5142, 7571000, 7596243, 25243
5143, 7571500, 7600415, 28915
5152, 7576000, 7601034, 25034
5153, 7576500, 7601638, 25138
5154, 7577000, 7602243, 25243
5155, 7577500, 7606415, 28915
5164, 7582000, 7607034, 25034
5165, 7582500, 7607638, 25138
5166, 7583000, 7608243, 25243
5167, 7583500, 7612415, 28915
5176, 7588000, 7613034, 25034
5177, 7588500, 7613638, 25138
5178, 7589000, 7614243, 25243
5179, 7589500, 7618415, 28915
5188, 7594000, 7619034, 25034
5189, 7594500, 7619638, 25138
5190, 7595000, 7620243, 25243
5191, 7595500, 7624415, 28915
5201, 7600500, 7625638, 25138
5202, 7601000, 7626243, 25243
5203, 7601500, 7630415, 28915
5212, 7606000, 7631034, 25034
5213, 7606500, 7631638, 25138
5214, 7607000, 7632243, 25243
5215, 7607500, 7636415, 28915
5224, 7612000, 7637034, 25034
5225, 7612500, 7637638, 25138
5226, 7613000, 7638243, 25243
5227, 7613500, 7642415, 28915
5236, 7618000, 7643034, 25034
5237, 7618500, 7643638, 25138
5238, 7619000, 7644243, 25243
5239, 7619500, 7648415, 28915
5248, 7624000, 7649034, 25034
5249, 7624500, 7649638, 25138
5250, 7625000, 7650243, 25243
5251, 7625500, 7654415, 28915
5261, 7630500, 7655638, 25138
5262, 7631000, 7656243, 25243
5263, 7631500, 7660415, 28915
5272, 7636000, 7661034, 25034
5273, 7636500, 7661638, 25138
5274, 7637000, 7662243, 25243
5275, 7637500, 7666415, 28915
5284, 7642000, 7667034, 25034
5285, 7642500, 7667638, 25138
5286, 7643000, 7668243, 25243
5287, 7643500, 7672415, 28915
5296, 7648000, 7673034, 25034
5297, 7648500, 7673638, 25138
5298, 7649000, 7674243, 25243
5299, 7649500, 7678415, 28915
5308, 7654000, 7679034, 25034
5309, 7654500, 7679638, 25138
5310, 7655000, 7680243, 25243
5311, 7655500, 7684415, 28915
5321, 7660500, 7685638, 25138
5322, 7661000, 7686243, 25243
5323, 7661500, 7690415, 28915
5332, 7666000, 7691034, 25034
5333, 7666500, 7691638, 25138
5334, 7667000, 7692243, 25243
5335, 7667500, 7696415, 28915
5344, 7672000, 7697034, 25034
5345, 7672500, 7697638, 25138
5346, 7673000, 7698243, 25243
5347, 7673500, 7702415, 28915
5356, 7678000, 7703034, 25034
5357, 7678500, 7703638, 25138
5358, 7679000, 7704243, 25243
5359, 7679500, 7708415, 28915
5368, 7684000, 7709034, 25034
5369, 7684500, 7709638, 25138
5370, 7685000, 7710243, 25243
5371, 7685500, 7714415, 28915
5381, 7690500, 7715638, 25138
5382, 7691000, 7716243, 25243
5383, 7691500, 7720415, 28915
5392, 7696000, 7721034, 25034
5393, 7696500, 7721638, 25138
5394, 7697000, 7722243, 25243
5395, 7697500, 7726415, 28915
5404, 7702000, 7727034, 25034
5405, 7702500, 7727638, 25138
5406, 7703000, 7728243, 25243
5407, 7703500, 7732415, 28915
5416, 7708000, 7733034, 25034
5417, 7708500, 7733638, 25138
5418, 7709000, 7734243, 25243
5419, 7709500, 7738415, 28915
5428, 7714000, 7739034, 25034
5429, 7714500, 7739638, 25138
5430, 7715000, 7740243, 25243
5431, 7715500, 7744415, 28915
5441, 7720500, 7745638, 25138
5442, 7721000, 7746243, 25243
5443, 7721500, 7750415, 28915
5452, 7726000, 7751034, 25034
5453, 7726500, 7751638, 25138
5454, 7727000, 7752243, 25243
5455, 7727500, 7756415, 28915
5464, 7732000, 7757034, 25034
5465, 7732500, 7757638, 25138
5466, 7733000, 7758243, 25243
5467, 7733500, 7762415, 28915
5476, 7738000, 7763034, 25034
5477, 7738500, 7763638, 25138
5478, 7739000, 7764243, 25243
5479, 7739500, 7768415, 28915
5488, 7744000, 7769034, 25034
5489, 7744500, 7769638, 25138
5490, 7745000, 7770243, 25243
5491, 7745500, 7774415, 28915
5501, 7750500, 7775638, 25138
5502, 7751000, 7776243, 25243
5503, 7751500, 7780415, 28915
5512, 7756000, 7781034, 25034
5513, 7756500, 7781638, 25138
5514, 7757000, 7782243, 25243
5515, 7757500, 7786415, 28915
5524, 7762000, 7787034, 25034
5525, 7762500, 7787638, 25138
5526, 7763000, 7788243, 25243
5527, 7763500, 7792415, 28915
5536, 7768000, 7793034, 25034
5537, 7768500, 7793638, 25138
5538, 7769000, 7794243, 25243
5539, 7769500, 7798415, 28915
5548, 7774000, 7799034, 25034
5549, 7774500, 7799638, 25138
5550, 7775000, 7800243, 25243
5551, 7775500, 7804415, 28915
5561, 7780500, 7805638, 25138
5562, 7781000, 7806243, 25243
5563, 7781500, 7810415, 28915
5572, 7786000, 7811034, 25034
5573, 7786500, 7811638, 25138
5574, 7787000, 7812243, 25243
5575, 7787500, 7816415, 28915
5584, 7792000, 7817034, 25034
5585, 7792500, 7817638, 25138
5586, 7793000, 7818243, 25243
5587, 7793500, 7822415, 28915
5596, 7798000, 7823034, 25034
5597, 7798500, 7823638, 25138
5598, 7799000, 7824243, 25243
5599, 7799500, 7828415, 28915
5608, 7804000, 7829034, 25034
5609, 7804500, 7829638, 25138
5610, 7805000, 7830243, 25243
5611, 7805500, 7834415, 28915
5621, 7810500, 7835638, 25138
5622, 7811000, 7836243, 25243
5623, 7811500, 7840415, 28915
5632, 7816000, 7841034, 25034
5633, 7816500, 7841638, 25138
5634, 7817000, 7842243, 25243
5635, 7817500, 7846415, 28915
5644, 7822000, 7847034, 25034
5645, 7822500, 7847638, 25138
5646, 7823000, 7848243, 25243
5647, 7823500, 7852415, 28915
5656, 7828000, 7853034, 25034
5657, 7828500, 7853638, 25138
5658, 7829000, 7854243, 25243
5659, 7829500, 7858415, 28915
5668, 7834000, 7859034, 25034
5669, 7834500, 7859638, 25138
5670, 7835000, 7860243, 25243
5671, 7835500, 7864415, 28915
5681, 7840500, 7865638, 25138
5682, 7841000, 7866243, 25243
5683, 7841500, 7870415, 28915
5692, 7846000, 7871034, 25034
5693, 7846500, 7871638, 25138
5694, 7847000, 7872243, 25243
5695, 7847500, 7876415, 28915
5704, 7852000, 7877034, 25034
5705, 7852500, 7877638, 25138
5706, 7853000, 7878243, 25243
5707, 7853500, 7882415, 28915
5716, 7858000, 7883034, 25034
5717, 7858500, 7883638, 25138
5718, 7859000, 7884243, 25243
5719, 7859500, 7888415, 28915
5728, 7864000, 7889034, 25034
5729, 7864500, 7889638, 25138
5730, 7865000, 7890243, 25243
5731, 7865500, 7894415, 28915
5741, 7870500, 7895638, 25138
5742, 7871000, 7896243, 25243
5743, 7871500, 7900415, 28915
5752, 7876000, 7901034, 25034
5753, 7876500, 7901638, 25138
5754, 7877000, 7902243, 25243
5755, 7877500, 7906415, 28915
5764, 7882000, 7907034, 25034
5765, 7882500, 7907638, 25138
5766, 7883000, 7908243, 25243
5767, 7883500, 7912415, 28915
5776, 7888000, 7913034, 25034
5777, 7888500, 7913638, 25138
5778, 7889000, 7914243, 25243
5779, 7889500, 7918415, 28915
5788, 7894000, 7919034, 25034
5789, 7894500, 7919638, 25138
5790, 7895000, 7920243, 25243
5791, 7895500, 7924415, 28915
5801, 7900500, 7925638, 25138
5802, 7901000, 7926243, 25243
5803, 7901500, 7930415, 28915
5812, 7906000, 7931034, 25034
5813, 7906500, 7931638, 25138
5814, 7907000, 7932243, 25243
5815, 7907500, 7936415, 28915
5824, 7912000, 7937034, 25034
5825, 7912500, 7937638, 25138
5826, 7913000, 7938243, 25243
5827, 7913500, 7942415, 28915
5836, 7918000, 7943034, 25034
5837, 7918500, 7943638, 25138
5838, 7919000, 7944243, 25243
5839, 7919500, 7948415, 28915
5848, 7924000, 7949034, 25034
5849, 7924500, 7949638, 25138
5850, 7925000, 7950243, 25243
5851, 7925500, 7954415, 28915
5861, 7930500, 7955638, 25138
5862, 7931000, 7956243, 25243
5863, 7931500, 7960415, 28915
5872, 7936000, 7961034, 25034
5873, 7936500, 7961638, 25138
5874, 7937000, 7962243, 25243
5875, 7937500, 7966415, 28915
5884, 7942000, 7967034, 25034
5885, 7942500, 7967638, 25138
5886, 7943000, 7968243, 25243
5887, 7943500, 7972415, 28915
5896, 7948000, 7973034, 25034
5897, 7948500, 7973638, 25138
5898, 7949000, 7974243, 25243
5899, 7949500, 7978415, 28915
5908, 7954000, 7979034, 25034
5909, 7954500, 7979638, 25138
5910, 7955000, 7980243, 25243
5911, 7955500, 7984415, 28915
5921, 7960500, 7985638, 25138
5922, 7961000, 7986243, 25243
5923, 7961500, 7990415, 28915
5932, 7966000, 7991034, 25034
5933, 7966500, 7991638, 25138
5934, 7967000, 7992243, 25243
5935, 7967500, 7996415, 28915
5944, 7972000, 7997034, 25034
5945, 7972500, 7997638, 25138
5946, 7973000, 7998243, 25243
5947, 7973500, 8002415, 28915
5956, 7978000, 8003034, 25034
5957, 7978500, 8003638, 25138
5958, 7979000, 8004243, 25243
5959, 7979500, 8008415, 28915
5968, 7984000, 8009034, 25034
5969, 7984500, 8009638, 25138
5970, 7985000, 8010243, 25243
5971, 7985500, 8014415, 28915
5981, 7990500, 8015638, 25138
5982, 7991000, 8016243, 25243
5983, 7991500, 8020415, 28915
5992, 7996000, 8021034, 25034
5993, 7996500, 8021638, 25138
5994, 7997000, 8022243, 25243
5995, 7997500, 8026415, 28915
6004, 8002000, 8027034, 25034
6005, 8002500, 8027638, 25138
6006, 8003000, 8028243, 25243
6007, 8003500, 8032415, 28915
6016, 8008000, 8033034, 25034
6017, 8008500, 8033638, 25138
6018, 8009000, 8034243, 25243
6019, 8009500, 8038415, 28915
6028, 8014000, 8039034, 25034
6029, 8014500, 8039638, 25138
6030, 8015000, 8040243, 25243
6031, 8015500, 8044415, 28915
6041, 8020500, 8045638, 25138
6042, 8021000, 8046243, 25243
6043, 8021500, 8050415, 28915
6052, 8026000, 8051034, 25034
6053, 8026500, 8051638, 25138
6054, 8027000, 8052243, 25243
6055, 8027500, 8056415, 28915
6064, 8032000, 8057034, 25034
6065, 8032500, 8057638, 25138
6066, 8033000, 8058243, 25243
6067, 8033500, 8062415, 28915
6076, 8038000, 8063034, 25034
6077, 8038500, 8063638, 25138
6078, 8039000, 8064243, 25243
6079, 8039500, 8068415, 28915
6088, 8044000, 8069034, 25034
6089, 8044500, 8069638, 25138
6090, 8045000, 8070243, 25243
6091, 8045500, 8074415, 28915
6101, 8050500, 8075638, 25138
6102, 8051000, 8076243, 25243
6103, 8051500, 8080415, 28915
6112, 8056000, 8081034, 25034
6113, 8056500, 8081638, 25138
6114, 8057000, 8082243, 25243
6115, 8057500, 8086415, 28915
6124, 8062000, 8087034, 25034
6125, 8062500, 8087638, 25138
6126, 8063000, 8088243, 25243
6127, 8063500, 8092415, 28915
6136, 8068000, 8093034, 25034
6137, 8068500, 8093638, 25138
6138, 8069000, 8094243, 25243
6139, 8069500, 8098415, 28915
6148, 8074000, 8099034, 25034
6149, 8074500, 8099638, 25138
6150, 8075000, 8100243, 25243
6151, 8075500, 8104415, 28915
6161, 8080500, 8105638, 25138
6162, 8081000, 8106243, 25243
6163, 8081500, 8110415, 28915
6172, 8086000, 8111034, 25034
6173, 8086500, 8111638, 25138
6174, 8087000, 8112243, 25243
6175, 8087500, 8116415, 28915
6184, 8092000, 8117034, 25034
6185, 8092500, 8117638, 25138
6186, 8093000, 8118243, 25243
6187, 8093500, 8122415, 28915
6196, 8098000, 8123034, 25034
6197, 8098500, 8123638, 25138
6198, 8099000, 8124243, 25243
6199, 8099500, 8128415, 28915
6208, 8104000, 8129034, 25034
6209, 8104500, 8129638, 25138
6210, 8105000, 8130243, 25243
6211, 8105500, 8134415, 28915
6221, 8110500, 8135638, 25138
6222, 8111000, 8136243, 25243
6223, 8111500, 8140415, 28915
6232, 8116000, 8141034, 25034
6233, 8116500, 8141638, 25138
6234, 8117000, 8142243, 25243
6235, 8117500, 8146415, 28915
6244, 8122000, 8147034, 25034
6245, 8122500, 8147638, 25138
6246, 8123000, 8148243, 25243
6247, 8123500, 8152415, 28915
6256, 8128000, 8153034, 25034
6257, 8128500, 8153638, 25138
6258, 8129000, 8154243, 25243
6259, 8129500, 8158415, 28915
6268, 8134000, 8159034, 25034
6269, 8134500, 8159638, 25138
6270, 8135000, 8160243, 25243
6271, 8135500, 8164415, 28915
6281, 8140500, 8165638, 25138
6282, 8141000, 8166243, 25243
6283, 8141500, 8170415, 28915
6292, 8146000, 8171034, 25034
6293, 8146500, 8171638, 25138
6294, 8147000, 8172243, 25243
6295, 8147500, 8176415, 28915
6304, 8152000, 8177034, 25034
6305, 8152500, 8177638, 25138
6306, 8153000, 8178243, 25243
6307, 8153500, 8182415, 28915
6316, 8158000, 8183034, 25034
6317, 8158500, 8183638, 25138
6318, 8159000, 8184243, 25243
6319, 8159500, 8188415, 28915
6328, 8164000, 8189034, 25034
6329, 8164500, 8189638, 25138
6330, 8165000, 8190243, 25243
6331, 8165500, 8194415, 28915
6341, 8170500, 8195638, 25138
6342, 8171000, 8196243, 25243
6343, 8171500, 8200415, 28915
6352, 8176000, 8201034, 25034
6353, 8176500, 8201638, 25138
6354, 8177000, 8202243, 25243
6355, 8177500, 8206415, 28915
6364, 8182000, 8207034, 25034
6365, 8182500, 8207638, 25138
6366, 8183000, 8208243, 25243
6367, 8183500, 8212415, 28915
6376, 8188000, 8213034, 25034
6377, 8188500, 8213638, 25138
6378, 8189000, 8214243, 25243
6379, 8189500, 8218415, 28915
6388, 8194000, 8219034, 25034
6389, 8194500, 8219638, 25138
6390, 8195000, 8220243, 25243
6391, 8195500, 8224415, 28915
6401, 8200500, 8225638, 25138
6402, 8201000, 8226243, 25243
6403, 8201500, 8230415, 28915
6412, 8206000, 8231034, 25034
6413, 8206500, 8231638, 25138
6414, 8207000, 8232243, 25243
6415, 8207500, 8236415, 28915
6424, 8212000, 8237034, 25034
6425, 8212500, 8237638, 25138
6426, 8213000, 8238243, 25243
6427, 8213500, 8242415, 28915
6436, 8218000, 8243034, 25034
6437, 8218500, 8243638, 25138
6438, 8219000, 8244243, 25243
6439, 8219500, 8248415, 28915
6448, 8224000, 8249034, 25034
6449, 8224500, 8249638, 25138
6450, 8225000, 8250243, 25243
6451, 8225500, 8254415, 28915
6461, 8230500, 8255638, 25138
6462, 8231000, 8256243, 25243
6463, 8231500, 8260415, 28915
6472, 8236000, 8261034, 25034
6473, 8236500, 8261638, 25138
6474, 8237000, 8262243, 25243
6475, 8237500, 8266415, 28915
6484, 8242000, 8267034, 25034
6485, 8242500, 8267638, 25138
6486, 8243000, 8268243, 25243
6487, 8243500, 8272415, 28915
6496, 8248000, 8273034, 25034
6497, 8248500, 8273638, 25138
6498, 8249000, 8274243, 25243
6499, 8249500, 8278415, 28915
6508, 8254000, 8279034, 25034
6509, 8254500, 8279638, 25138
6510, 8255000, 8280243, 25243
6511, 8255500, 8284415, 28915
6521, 8260500, 8285638, 25138
6522, 8261000, 8286243, 25243
6523, 8261500, 8290415, 28915
6532, 8266000, 8291034, 25034
6533, 8266500, 8291638, 25138
6534, 8267000, 8292243, 25243
6535, 8267500, 8296415, 28915
6544, 8272000, 8297034, 25034
6545, 8272500, 8297638, 25138
6546, 8273000, 8298243, 25243
6547, 8273500, 8302415, 28915
6556, 8278000, 8303034, 25034
6557, 8278500, 8303638, 25138
6558, 8279000, 8304243, 25243
6559, 8279500, 8308415, 28915
6568, 8284000, 8309034, 25034
6569, 8284500, 8309638, 25138
6570, 8285000, 8310243, 25243
6571, 8285500, 8314415, 28915
6581, 8290500, 8315638, 25138
6582, 8291000, 8316243, 25243
6583, 8291500, 8320415, 28915
6592, 8296000, 8321034, 25034
6593, 8296500, 8321638, 25138
6594, 8297000, 8322243, 25243
6595, 8297500, 8326415, 28915
6604, 8302000, 8327034, 25034
6605, 8302500, 8327638, 25138
6606, 8303000, 8328243, 25243
6607, 8303500, 8332415, 28915
6616, 8308000, 8333034, 25034
6617, 8308500, 8333638, 25138
6618, 8309000, 8334243, 25243
6619, 8309500, 8338415, 28915
6628, 8314000, 8339034, 25034
6629, 8314500, 8339638, 25138
6630, 8315000, 8340243, 25243
6631, 8315500, 8344415, 28915
6641, 8320500, 8345638, 25138
6642, 8321000, 8346243, 25243
6643, 8321500, 8350415, 28915
6652, 8326000, 8351034, 25034
6653, 8326500, 8351638, 25138
6654, 8327000, 8352243, 25243
6655, 8327500, 8356415, 28915
6664, 8332000, 8357034, 25034
6665, 8332500, 8357638, 25138
6666, 8333000, 8358243, 25243
6667, 8333500, 8362415, 28915
6676, 8338000, 8363034, 25034
6677, 8338500, 8363638, 25138
6678, 8339000, 8364243, 25243
6679, 8339500, 8368415, 28915
6688, 8344000, 8369034, 25034
6689, 8344500, 8369638, 25138
6690, 8345000, 8370243, 25243
6691, 8345500, 8374415, 28915
6701, 8350500, 8375638, 25138
6702, 8351000, 8376243, 25243
6703, 8351500, 8380415, 28915
6712, 8356000, 8381034, 25034
6713, 8356500, 8381638, 25138
6714, 8357000, 8382243, 25243
6715, 8357500, 8386415, 28915
6724, 8362000, 8387034, 25034
6725, 8362500, 8387638, 25138
6726, 8363000, 8388243, 25243
6727, 8363500, 8392415, 28915
6736, 8368000, 8393034, 25034
6737, 8368500, 8393638, 25138
6738, 8369000, 8394243, 25243
6739, 8369500, 8398415, 28915
6748, 8374000, 8399034, 25034
6749, 8374500, 8399638, 25138
6750, 8375000, 8400243, 25243
6751, 8375500, 8404415, 28915
6761, 8380500, 8405638, 25138
6762, 8381000, 8406243, 25243
6763, 8381500, 8410415, 28915
6772, 8386000, 8411034, 25034
6773, 8386500, 8411638, 25138
6774, 8387000, 8412243, 25243
6775, 8387500, 8416415, 28915
6784, 8392000, 8417034, 25034
6785, 8392500, 8417638, 25138
6786, 8393000, 8418243, 25243
6787, 8393500, 8422415, 28915
6796, 8398000, 8423034, 25034
6797, 8398500, 8423638, 25138
6798, 8399000, 8424243, 25243
6799, 8399500, 8428415, 28915
6808, 8404000, 8429034, 25034
6809, 8404500, 8429638, 25138
6810, 8405000, 8430243, 25243
6811, 8405500, 8434415, 28915
6821, 8410500, 8435638, 25138
6822, 8411000, 8436243, 25243
6823, 8411500, 8440415, 28915
6832, 8416000, 8441034, 25034
6833, 8416500, 8441638, 25138
6834, 8417000, 8442243, 25243
6835, 8417500, 8446415, 28915
6844, 8422000, 8447034, 25034
6845, 8422500, 8447638, 25138
6846, 8423000, 8448243, 25243
6847, 8423500, 8452415, 28915
6856, 8428000, 8453034, 25034
6857, 8428500, 8453638, 25138
6858, 8429000, 8454243, 25243
6859, 8429500, 8458415, 28915
6868, 8434000, 8459034, 25034
6869, 8434500, 8459638, 25138
6870, 8435000, 8460243, 25243
6871, 8435500, 8464415, 28915
6881, 8440500, 8465638, 25138
6882, 8441000, 8466243, 25243
6883, 8441500, 8470415, 28915
6892, 8446000, 8471034, 25034
6893, 8446500, 8471638, 25138
6894, 8447000, 8472243, 25243
6895, 8447500, 8476415, 28915
6904, 8452000, 8477034, 25034
6905, 8452500, 8477638, 25138
6906, 8453000, 8478243, 25243
6907, 8453500, 8482415, 28915
6916, 8458000, 8483034, 25034
6917, 8458500, 8483638, 25138
6918, 8459000, 8484243, 25243
6919, 8459500, 8488415, 28915
6928, 8464000, 8489034, 25034
6929, 8464500, 8489638, 25138
6930, 8465000, 8490243, 25243
6931, 8465500, 8494415, 28915
6941, 8470500, 8495638, 25138
6942, 8471000, 8496243, 25243
6943, 8471500, 8500415, 28915
6952, 8476000, 8501034, 25034
6953, 8476500, 8501638, 25138
6954, 8477000, 8502243, 25243
6955, 8477500, 8506415, 28915
6964, 8482000, 8507034, 25034
6965, 8482500, 8507638, 25138
6966, 8483000, 8508243, 25243
6967, 8483500, 8512415, 28915
6976, 8488000, 8513034, 25034
6977, 8488500, 8513638, 25138
6978, 8489000, 8514243, 25243
6979, 8489500, 8518415, 28915
6988, 8494000, 8519034, 25034
6989, 8494500, 8519638, 25138
6990, 8495000, 8520243, 25243
6991, 8495500, 8524415, 28915
7001, 8500500, 8525638, 25138
7002, 8501000, 8526243, 25243
7003, 8501500, 8530415, 28915
7012, 8506000, 8531034, 25034
7013, 8506500, 8531638, 25138
7014, 8507000, 8532243, 25243
7015, 8507500, 8536415, 28915
7024, 8512000, 8537034, 25034
7025, 8512500, 8537638, 25138
7026, 8513000, 8538243, 25243
7027, 8513500, 8542415, 28915
7036, 8518000, 8543034, 25034
7037, 8518500, 8543638, 25138
7038, 8519000, 8544243, 25243
7039, 8519500, 8548415, 28915
7048, 8524000, 8549034, 25034
7049, 8524500, 8549638, 25138
7050, 8525000, 8550243, 25243
7051, 8525500, 8554415, 28915
7061, 8530500, 8555638, 25138
7062, 8531000, 8556243, 25243
7063, 8531500, 8560415, 28915
7072, 8536000, 8561034, 25034
7073, 8536500, 8561638, 25138
7074, 8537000, 8562243, 25243
7075, 8537500, 8566415, 28915
7084, 8542000, 8567034, 25034
7085, 8542500, 8567638, 25138
7086, 8543000, 8568243, 25243
7087, 8543500, 8572415, 28915
7096, 8548000, 8573034, 25034
7097, 8548500, 8573638, 25138
7098, 8549000, 8574243, 25243
7099, 8549500, 8578415, 28915
7108, 8554000, 8579034, 25034
7109, 8554500, 8579638, 25138
7110, 8555000, 8580243, 25243
7111, 8555500, 8584415, 28915
7121, 8560500, 8585638, 25138
7122, 8561000, 8586243, 25243
7123, 8561500, 8590415, 28915
7132, 8566000, 8591034, 25034
7133, 8566500, 8591638, 25138
7134, 8567000, 8592243, 25243
7135, 8567500, 8596415, 28915
7144, 8572000, 8597034, 25034
7145, 8572500, 8597638, 25138
7146, 8573000, 8598243, 25243
7147, 8573500, 8602415, 28915
7156, 8578000, 8603034, 25034
7157, 8578500, 8603638, 25138
7158, 8579000, 8604243, 25243
7159, 8579500, 8608415, 28915
7168, 8584000, 8609034, 25034
7169, 8584500, 8609638, 25138
7170, 8585000, 8610243, 25243
7171, 8585500, 8614415, 28915
7181, 8590500, 8615638, 25138
7182, 8591000, 8616243, 25243
7183, 8591500, 8620415, 28915
7192, 8596000, 8621034, 25034
7193, 8596500, 8621638, 25138
7194, 8597000, 8622243, 25243
7195, 8597500, 8626415, 28915
7204, 8602000, 8627034, 25034
7205, 8602500, 8627638, 25138
7206, 8603000, 8628243, 25243
7207, 8603500, 8632415, 28915
7216, 8608000, 8633034, 25034
7217, 8608500, 8633638, 25138
7218, 8609000, 8634243, 25243
7219, 8609500, 8638415, 28915
7228, 8614000, 8639034, 25034
7229, 8614500, 8639638, 25138
7230, 8615000, 8640243, 25243
7231, 8615500, 8644415, 28915
7241, 8620500, 8645638, 25138
7242, 8621000, 8646243, 25243
7243, 8621500, 8650415, 28915
7252, 8626000, 8651034, 25034
7253, 8626500, 8651638, 25138
7254, 8627000, 8652243, 25243
7255, 8627500, 8656415, 28915
7264, 8632000, 8657034, 25034
7265, 8632500, 8657638, 25138
7266, 8633000, 8658243, 25243
7267, 8633500, 8662415, 28915
7276, 8638000, 8663034, 25034
7277, 8638500, 8663638, 25138
7278, 8639000, 8664243, 25243
7279, 8639500, 8668415, 28915
7288, 8644000, 8669034, 25034
7289, 8644500, 8669638, 25138
7290, 8645000, 8670243, 25243
7291, 8645500, 8674415, 28915
7301, 8650500, 8675638, 25138
7302, 8651000, 8676243, 25243
7303, 8651500, 8680415, 28915
7312, 8656000, 8681034, 25034
7313, 8656500, 8681638, 25138
7314, 8657000, 8682243, 25243
7315, 8657500, 8686415, 28915
7324, 8662000, 8687034, 25034
7325, 8662500, 8687638, 25138
7326, 8663000, 8688243, 25243
7327, 8663500, 8692415, 28915
7336, 8668000, 8693034, 25034
7337, 8668500, 8693638, 25138
7338, 8669000, 8694243, 25243
7339, 8669500, 8698415, 28915
7348, 8674000, 8699034, 25034
7349, 8674500, 8699638, 25138
7350, 8675000, 8700243, 25243
7351, 8675500, 8704415, 28915
7361, 8680500, 8705638, 25138
7362, 8681000, 8706243, 25243
7363, 8681500, 8710415, 28915
7372, 8686000, 8711034, 25034
7373, 8686500, 8711638, 25138
7374, 8687000, 8712243, 25243
7375, 8687500, 8716415, 28915
7384, 8692000, 8717034, 25034
7385, 8692500, 8717638, 25138
7386, 8693000, 8718243, 25243
7387, 8693500, 8722415, 28915
7396, 8698000, 8723034, 25034
7397, 8698500, 8723638, 25138
7398, 8699000, 8724243, 25243
7399, 8699500, 8728415, 28915
7408, 8704000, 8729034, 25034
7409, 8704500, 8729638, 25138
7410, 8705000, 8730243, 25243
7411, 8705500, 8734415, 28915
7421, 8710500, 8735638, 25138
7422, 8711000, 8736243, 25243
7423, 8711500, 8740415, 28915
7432, 8716000, 8741034, 25034
7433, 8716500, 8741638, 25138
7434, 8717000, 8742243, 25243
7435, 8717500, 8746415, 28915
7444, 8722000, 8747034, 25034
7445, 8722500, 8747638, 25138
7446, 8723000, 8748243, 25243
7447, 8723500, 8752415, 28915
7456, 8728000, 8753034, 25034
7457, 8728500, 8753638, 25138
7458, 8729000, 8754243, 25243
7459, 8729500, 8758415, 28915
7468, 8734000, 8759034, 25034
7469, 8734500, 8759638, 25138
7470, 8735000, 8760243, 25243
7471, 8735500, 8764415, 28915
7481, 8740500, 8765638, 25138
7482, 8741000, 8766243, 25243
7483, 8741500, 8770415, 28915
7492, 8746000, 8771034, 25034
7493, 8746500, 8771638, 25138
7494, 8747000, 8772243, 25243
7495, 8747500, 8776415, 28915
7504, 8752000, 8777034, 25034
7505, 8752500, 8777638, 25138
7506, 8753000, 8778243, 25243
7507, 8753500, 8782415, 28915
7516, 8758000, 8783034, 25034
7517, 8758500, 8783638, 25138
7518, 8759000, 8784243, 25243
7519, 8759500, 8788415, 28915
7528, 8764000, 8789034, 25034
7529, 8764500, 8789638, 25138
7530, 8765000, 8790243, 25243
7531, 8765500, 8794415, 28915
7541, 8770500, 8795638, 25138
7542, 8771000, 8796243, 25243
7543, 8771500, 8800415, 28915
7552, 8776000, 8801034, 25034
7553, 8776500, 8801638, 25138
7554, 8777000, 8802243, 25243
7555, 8777500, 8806415, 28915
7564, 8782000, 8807034, 25034
7565, 8782500, 8807638, 25138
7566, 8783000, 8808243, 25243
7567, 8783500, 8812415, 28915
7576, 8788000, 8813034, 25034
7577, 8788500, 8813638, 25138
7578, 8789000, 8814243, 25243
7579, 8789500, 8818415, 28915
7588, 8794000, 8819034, 25034
7589, 8794500, 8819638, 25138
7590, 8795000, 8820243, 25243
7591, 8795500, 8824415, 28915
7601, 8800500, 8825638, 25138
7602, 8801000, 8826243, 25243
7603, 8801500, 8830415, 28915
7612, 8806000, 8831034, 25034
7613, 8806500, 8831638, 25138
7614, 8807000, 8832243, 25243
7615, 8807500, 8836415, 28915
7624, 8812000, 8837034, 25034
7625, 8812500, 8837638, 25138
7626, 8813000, 8838243, 25243
7627, 8813500, 8842415, 28915
7636, 8818000, 8843034, 25034
7637, 8818500, 8843638, 25138
7638, 8819000, 8844243, 25243
7639, 8819500, 8848415, 28915
7648, 8824000, 8849034, 25034
7649, 8824500, 8849638, 25138
7650, 8825000, 8850243, 25243
7651, 8825500, 8854415, 28915
7661, 8830500, 8855638, 25138
7662, 8831000, 8856243, 25243
7663, 8831500, 8860415, 28915
7672, 8836000, 8861034, 25034
7673, 8836500, 8861638, 25138
7674, 8837000, 8862243, 25243
7675, 8837500, 8866415, 28915
7684, 8842000, 8867034, 25034
7685, 8842500, 8867638, 25138
7686, 8843000, 8868243, 25243
7687, 8843500, 8872415, 28915
7696, 8848000, 8873034, 25034
7697, 8848500, 8873638, 25138
7698, 8849000, 8874243, 25243
7699, 8849500, 8878415, 28915
7708, 8854000, 8879034, 25034
7709, 8854500, 8879638, 25138
7710, 8855000, 8880243, 25243
7711, 8855500, 8884415, 28915
7721, 8860500, 8885638, 25138
7722, 8861000, 8886243, 25243
7723, 8861500, 8890415, 28915
7732, 8866000, 8891034, 25034
7733, 8866500, 8891638, 25138
7734, 8867000, 8892243, 25243
7735, 8867500, 8896415, 28915
7744, 8872000, 8897034, 25034
7745, 8872500, 8897638, 25138
7746, 8873000, 8898243, 25243
7747, 8873500, 8902415, 28915
7756, 8878000, 8903034, 25034
7757, 8878500, 8903638, 25138
7758, 8879000, 8904243, 25243
7759, 8879500, 8908415, 28915
7768, 8884000, 8909034, 25034
7769, 8884500, 8909638, 25138
7770, 8885000, 8910243, 25243
7771, 8885500, 8914415, 28915
7781, 8890500, 8915638, 25138
7782, 8891000, 8916243, 25243
7783, 8891500, 8920415, 28915
7792, 8896000, 8921034, 25034
7793, 8896500, 8921638, 25138
7794, 8897000, 8922243, 25243
7795, 8897500, 8926415, 28915
7804, 8902000, 8927034, 25034
7805, 8902500, 8927638, 25138
7806, 8903000, 8928243, 25243
7807, 8903500, 8932415, 28915
7816, 8908000, 8933034, 25034
7817, 8908500, 8933638, 25138
7818, 8909000, 8934243, 25243
7819, 8909500, 8938415, 28915
7828, 8914000, 8939034, 25034
7829, 8914500, 8939638, 25138
7830, 8915000, 8940243, 25243
7831, 8915500, 8944415, 28915
7841, 8920500, 8945638, 25138
7842, 8921000, 8946243, 25243
7843, 8921500, 8950415, 28915
7852, 8926000, 8951034, 25034
7853, 8926500, 8951638, 25138
7854, 8927000, 8952243, 25243
7855, 8927500, 8956415, 28915
7864, 8932000, 8957034, 25034
7865, 8932500, 8957638, 25138
7866, 8933000, 8958243, 25243
7867, 8933500, 8962415, 28915
7876, 8938000, 8963034, 25034
7877, 8938500, 8963638, 25138
7878, 8939000, 8964243, 25243
7879, 8939500, 8968415, 28915
7888, 8944000, 8969034, 25034
7889, 8944500, 8969638, 25138
7890, 8945000, 8970243, 25243
7891, 8945500, 8974415, 28915
7901, 8950500, 8975638, 25138
7902, 8951000, 8976243, 25243
7903, 8951500, 8980415, 28915
7912, 8956000, 8981034, 25034
7913, 8956500, 8981638, 25138
7914, 8957000, 8982243, 25243
7915, 8957500, 8986415, 28915
7924, 8962000, 8987034, 25034
7925, 8962500, 8987638, 25138
7926, 8963000, 8988243, 25243
7927, 8963500, 8992415, 28915
7936, 8968000, 8993034, 25034
7937, 8968500, 8993638, 25138
7938, 8969000, 8994243, 25243
7939, 8969500, 8998415, 28915
7948, 8974000, 8999034, 25034
7949, 8974500, 8999638, 25138
7950, 8975000, 9000289, 25289
7951, 8975500, 9004415, 28915
7961, 8980500, 9005638, 25138
7962, 8981000, 9006243, 25243
7963, 8981500, 9010415, 28915
7972, 8986000, 9011034, 25034
7973, 8986500, 9011638, 25138
7974, 8987000, 9012243, 25243
7975, 8987500, 9016415, 28915
7984, 8992000, 9017034, 25034
7985, 8992500, 9017638, 25138
7986, 8993000, 9018243, 25243
7987, 8993500, 9022415, 28915
7996, 8998000, 9023034, 25034
7997, 8998500, 9023638, 25138
7998, 8999000, 9024243, 25243
7999, 8999500, 9028415, 28915
8008, 9004000, 9029034, 25034
8009, 9004500, 9029638, 25138
8010, 9005000, 9030243, 25243
8011, 9005500, 9034415, 28915
8021, 9010500, 9035638, 25138
8022, 9011000, 9036243, 25243
8023, 9011500, 9040415, 28915
8032, 9016000, 9041034, 25034
8033, 9016500, 9041638, 25138
8034, 9017000, 9042243, 25243
8035, 9017500, 9046415, 28915
8044, 9022000, 9047034, 25034
8045, 9022500, 9047638, 25138
8046, 9023000, 9048243, 25243
8047, 9023500, 9052415, 28915
8056, 9028000, 9053034, 25034
8057, 9028500, 9053638, 25138
8058, 9029000, 9054243, 25243
8059, 9029500, 9058415, 28915
8068, 9034000, 9059034, 25034
8069, 9034500, 9059638, 25138
8070, 9035000, 9060243, 25243
8071, 9035500, 9064415, 28915
8081, 9040500, 9065638, 25138
8082, 9041000, 9066243, 25243
8083, 9041500, 9070415, 28915
8092, 9046000, 9071034, 25034
8093, 9046500, 9071638, 25138
8094, 9047000, 9072243, 25243
8095, 9047500, 9076415, 28915
8104, 9052000, 9077034, 25034
8105, 9052500, 9077638, 25138
8106, 9053000, 9078243, 25243
8107, 9053500, 9082415, 28915
8116, 9058000, 9083034, 25034
8117, 9058500, 9083638, 25138
8118, 9059000, 9084243, 25243
8119, 9059500, 9088415, 28915
8128, 9064000, 9089034, 25034
8129, 9064500, 9089638, 25138
8130, 9065000, 9090243, 25243
8131, 9065500, 9094415, 28915
8141, 9070500, 9095638, 25138
8142, 9071000, 9096243, 25243
8143, 9071500, 9100415, 28915
8152, 9076000, 9101034, 25034
8153, 9076500, 9101638, 25138
8154, 9077000, 9102243, 25243
8155, 9077500, 9106415, 28915
8164, 9082000, 9107034, 25034
8165, 9082500, 9107638, 25138
8166, 9083000, 9108243, 25243
8167, 9083500, 9112415, 28915
8176, 9088000, 9113034, 25034
8177, 9088500, 9113638, 25138
8178, 9089000, 9114243, 25243
8179, 9089500, 9118415, 28915
8188, 9094000, 9119034, 25034
8189, 9094500, 9119638, 25138
8190, 9095000, 9120243, 25243
8191, 9095500, 9124415, 28915
8201, 9100500, 9125638, 25138
8202, 9101000, 9126243, 25243
8203, 9101500, 9130415, 28915
8212, 9106000, 9131034, 25034
8213, 9106500, 9131638, 25138
8214, 9107000, 9132243, 25243
8215, 9107500, 9136415, 28915
8224, 9112000, 9137034, 25034
8225, 9112500, 9137638, 25138
8226, 9113000, 9138243, 25243
8227, 9113500, 9142415, 28915
8236, 9118000, 9143034, 25034
8237, 9118500, 9143638, 25138
8238, 9119000, 9144243, 25243
8239, 9119500, 9148415, 28915
8248, 9124000, 9149034, 25034
8249, 9124500, 9149638, 25138
8250, 9125000, 9150243, 25243
8251, 9125500, 9154415, 28915
8261, 9130500, 9155638, 25138
8262, 9131000, 9156243, 25243
8263, 9131500, 9160415, 28915
8272, 9136000, 9161034, 25034
8273, 9136500, 9161638, 25138
8274, 9137000, 9162243, 25243
8275, 9137500, 9166415, 28915
8284, 9142000, 9167034, 25034
8285, 9142500, 9167638, 25138
8286, 9143000, 9168243, 25243
8287, 9143500, 9172415, 28915
8296, 9148000, 9173034, 25034
8297, 9148500, 9173638, 25138
8298, 9149000, 9174243, 25243
8299, 9149500, 9178415, 28915
8308, 9154000, 9179034, 25034
8309, 9154500, 9179638, 25138
8310, 9155000, 9180243, 25243
8311, 9155500, 9184415, 28915
8321, 9160500, 9185638, 25138
8322, 9161000, 9186243, 25243
8323, 9161500, 9190415, 28915
8332, 9166000, 9191034, 25034
8333, 9166500, 9191638, 25138
8334, 9167000, 9192243, 25243
8335, 9167500, 9196415, 28915
8344, 9172000, 9197034, 25034
8345, 9172500, 9197638, 25138
8346, 9173000, 9198243, 25243
8347, 9173500, 9202415, 28915
8356, 9178000, 9203034, 25034
8357, 9178500, 9203638, 25138
8358, 9179000, 9204243, 25243
8359, 9179500, 9208415, 28915
8368, 9184000, 9209034, 25034
8369, 9184500, 9209638, 25138
8370, 9185000, 9210243, 25243
8371, 9185500, 9214415, 28915
8381, 9190500, 9215638, 25138
8382, 9191000, 9216243, 25243
8383, 9191500, 9220415, 28915
8392, 9196000, 9221034, 25034
8393, 9196500, 9221638, 25138
8394, 9197000, 9222243, 25243
8395, 9197500, 9226415, 28915
8404, 9202000, 9227034, 25034
8405, 9202500, 9227638, 25138
8406, 9203000, 9228243, 25243
8407, 9203500, 9232415, 28915
8416, 9208000, 9233034, 25034
8417, 9208500, 9233638, 25138
8418, 9209000, 9234243, 25243
8419, 9209500, 9238415, 28915
8428, 9214000, 9239034, 25034
8429, 9214500, 9239638, 25138
8430, 9215000, 9240243, 25243
8431, 9215500, 9244415, 28915
8441, 9220500, 9245638, 25138
8442, 9221000, 9246243, 25243
8443, 9221500, 9250415, 28915
8452, 9226000, 9251034, 25034
8453, 9226500, 9251638, 25138
8454, 9227000, 9252243, 25243
8455, 9227500, 9256415, 28915
8464, 9232000, 9257034, 25034
8465, 9232500, 9257638, 25138
8466, 9233000, 9258243, 25243
8467, 9233500, 9262415, 28915
8476, 9238000, 9263034, 25034
8477, 9238500, 9263638, 25138
8478, 9239000, 9264243, 25243
8479, 9239500, 9268415, 28915
8488, 9244000, 9269034, 25034
8489, 9244500, 9269638, 25138
8490, 9245000, 9270243, 25243
8491, 9245500, 9274415, 28915
8501, 9250500, 9275638, 25138
8502, 9251000, 9276243, 25243
8503, 9251500, 9280415, 28915
8512, 9256000, 9281034, 25034
8513, 9256500, 9281638, 25138
8514, 9257000, 9282243, 25243
8515, 9257500, 9286415, 28915
8524, 9262000, 9287034, 25034
8525, 9262500, 9287638, 25138
8526, 9263000, 9288243, 25243
8527, 9263500, 9292415, 28915
8536, 9268000, 9293034, 25034
8537, 9268500, 9293638, 25138
8538, 9269000, 9294243, 25243
8539, 9269500, 9298415, 28915
8548, 9274000, 9299034, 25034
8549, 9274500, 9299638, 25138
8550, 9275000, 9300243, 25243
8551, 9275500, 9304415, 28915
8561, 9280500, 9305638, 25138
8562, 9281000, 9306243, 25243
8563, 9281500, 9310415, 28915
8572, 9286000, 9311034, 25034
8573, 9286500, 9311638, 25138
8574, 9287000, 9312243, 25243
8575, 9287500, 9316415, 28915
8584, 9292000, 9317034, 25034
8585, 9292500, 9317638, 25138
8586, 9293000, 9318243, 25243
8587, 9293500, 9322415, 28915
8596, 9298000, 9323034, 25034
8597, 9298500, 9323638, 25138
8598, 9299000, 9324243, 25243
8599, 9299500, 9328415, 28915
8608, 9304000, 9329034, 25034
8609, 9304500, 9329638, 25138
8610, 9305000, 9330243, 25243
8611, 9305500, 9334415, 28915
8621, 9310500, 9335638, 25138
8622, 9311000, 9336243, 25243
8623, 9311500, 9340415, 28915
8632, 9316000, 9341034, 25034
8633, 9316500, 9341638, 25138
8634, 9317000, 9342243, 25243
8635, 9317500, 9346415, 28915
8644, 9322000, 9347034, 25034
8645, 9322500, 9347638, 25138
8646, 9323000, 9348243, 25243
8647, 9323500, 9352415, 28915
8656, 9328000, 9353034, 25034
8657, 9328500, 9353638, 25138
8658, 9329000, 9354243, 25243
8659, 9329500, 9358415, 28915
8668, 9334000, 9359034, 25034
8669, 9334500, 9359638, 25138
8670, 9335000, 9360243, 25243
8671, 9335500, 9364415, 28915
8681, 9340500, 9365638, 25138
8682, 9341000, 9366243, 25243
8683, 9341500, 9370415, 28915
8692, 9346000, 9371034, 25034
8693, 9346500, 9371638, 25138
8694, 9347000, 9372243, 25243
8695, 9347500, 9376415, 28915
8704, 9352000, 9377034, 25034
8705, 9352500, 9377638, 25138
8706, 9353000, 9378243, 25243
8707, 9353500, 9382415, 28915
8716, 9358000, 9383034, 25034
8717, 9358500, 9383638, 25138
8718, 9359000, 9384243, 25243
8719, 9359500, 9388415, 28915
8728, 9364000, 9389034, 25034
8729, 9364500, 9389638, 25138
8730, 9365000, 9390243, 25243
8731, 9365500, 9394415, 28915
8741, 9370500, 9395638, 25138
8742, 9371000, 9396243, 25243
8743, 9371500, 9400415, 28915
8752, 9376000, 9401034, 25034
8753, 9376500, 9401638, 25138
8754, 9377000, 9402243, 25243
8755, 9377500, 9406415, 28915
8764, 9382000, 9407034, 25034
8765, 9382500, 9407638, 25138
8766, 9383000, 9408243, 25243
8767, 9383500, 9412415, 28915
8776, 9388000, 9413034, 25034
8777, 9388500, 9413638, 25138
8778, 9389000, 9414243, 25243
8779, 9389500, 9418415, 28915
8788, 9394000, 9419034, 25034
8789, 9394500, 9419638, 25138
8790, 9395000, 9420243, 25243
8791, 9395500, 9424415, 28915
8801, 9400500, 9425638, 25138
8802, 9401000, 9426243, 25243
8803, 9401500, 9430415, 28915
8812, 9406000, 9431034, 25034
8813, 9406500, 9431638, 25138
8814, 9407000, 9432243, 25243
8815, 9407500, 9436415, 28915
8824, 9412000, 9437034, 25034
8825, 9412500, 9437638, 25138
8826, 9413000, 9438243, 25243
8827, 9413500, 9442415, 28915
8836, 9418000, 9443034, 25034
8837, 9418500, 9443638, 25138
8838, 9419000, 9444243, 25243
8839, 9419500, 9448415, 28915
8848, 9424000, 9449034, 25034
8849, 9424500, 9449638, 25138
8850, 9425000, 9450243, 25243
8851, 9425500, 9454415, 28915
8861, 9430500, 9455638, 25138
8862, 9431000, 9456243, 25243
8863, 9431500, 9460415, 28915
8872, 9436000, 9461034, 25034
8873, 9436500, 9461638, 25138
8874, 9437000, 9462243, 25243
8875, 9437500, 9466415, 28915
8884, 9442000, 9467034, 25034
8885, 9442500, 9467638, 25138
8886, 9443000, 9468243, 25243
8887, 9443500, 9472415, 28915
8896, 9448000, 9473034, 25034
8897, 9448500, 9473638, 25138
8898, 9449000, 9474243, 25243
8899, 9449500, 9478415, 28915
8908, 9454000, 9479034, 25034
8909, 9454500, 9479638, 25138
8910, 9455000, 9480243, 25243
8911, 9455500, 9484415, 28915
8921, 9460500, 9485638, 25138
8922, 9461000, 9486243, 25243
8923, 9461500, 9490415, 28915
8932, 9466000, 9491034, 25034
8933, 9466500, 9491638, 25138
8934, 9467000, 9492243, 25243
8935, 9467500, 9496415, 28915
8944, 9472000, 9497034, 25034
8945, 9472500, 9497638, 25138
8946, 9473000, 9498243, 25243
8947, 9473500, 9502415, 28915
8956, 9478000, 9503034, 25034
8957, 9478500, 9503638, 25138
8958, 9479000, 9504243, 25243
8959, 9479500, 9508415, 28915
8968, 9484000, 9509034, 25034
8969, 9484500, 9509638, 25138
8970, 9485000, 9510243, 25243
8971, 9485500, 9514415, 28915
8981, 9490500, 9515638, 25138
8982, 9491000, 9516243, 25243
8983, 9491500, 9520415, 28915
8992, 9496000, 9521034, 25034
8993, 9496500, 9521638, 25138
8994, 9497000, 9522243, 25243
8995, 9497500, 9526415, 28915
9004, 9502000, 9527034, 25034
9005, 9502500, 9527638, 25138
9006, 9503000, 9528243, 25243
9007, 9503500, 9532415, 28915
9016, 9508000, 9533034, 25034
9017, 9508500, 9533638, 25138
9018, 9509000, 9534243, 25243
9019, 9509500, 9538415, 28915
9028, 9514000, 9539034, 25034
9029, 9514500, 9539638, 25138
9030, 9515000, 9540243, 25243
9031, 9515500, 9544415, 28915
9041, 9520500, 9545638, 25138
9042, 9521000, 9546243, 25243
9043, 9521500, 9550415, 28915
9052, 9526000, 9551034, 25034
9053, 9526500, 9551638, 25138
9054, 9527000, 9552243, 25243
9055, 9527500, 9556415, 28915
9064, 9532000, 9557034, 25034
9065, 9532500, 9557638, 25138
9066, 9533000, 9558243, 25243
9067, 9533500, 9562415, 28915
9076, 9538000, 9563034, 25034
9077, 9538500, 9563638, 25138
9078, 9539000, 9564243, 25243
9079, 9539500, 9568415, 28915
9088, 9544000, 9569034, 25034
9089, 9544500, 9569638, 25138
9090, 9545000, 9570243, 25243
9091, 9545500, 9574415, 28915
9101, 9550500, 9575638, 25138
9102, 9551000, 9576243, 25243
9103, 9551500, 9580415, 28915
9112, 9556000, 9581034, 25034
9113, 9556500, 9581638, 25138
9114, 9557000, 9582243, 25243
9115, 9557500, 9586415, 28915
9124, 9562000, 9587034, 25034
9125, 9562500, 9587638, 25138
9126, 9563000, 9588243, 25243
9127, 9563500, 9592415, 28915
9136, 9568000, 9593034, 25034
9137, 9568500, 9593638, 25138
9138, 9569000, 9594243, 25243
9139, 9569500, 9598415, 28915
9148, 9574000, 9599034, 25034
9149, 9574500, 9599638, 25138
9150, 9575000, 9600243, 25243
9151, 9575500, 9604415, 28915
9161, 9580500, 9605638, 25138
9162, 9581000, 9606243, 25243
9163, 9581500, 9610415, 28915
9172, 9586000, 9611034, 25034
9173, 9586500, 9611638, 25138
9174, 9587000, 9612243, 25243
9175, 9587500, 9616415, 28915
9184, 9592000, 9617034, 25034
9185, 9592500, 9617638, 25138
9186, 9593000, 9618243, 25243
9187, 9593500, 9622415, 28915
9196, 9598000, 9623034, 25034
9197, 9598500, 9623638, 25138
9198, 9599000, 9624243, 25243
9199, 9599500, 9628415, 28915
9208, 9604000, 9629034, 25034
9209, 9604500, 9629638, 25138
9210, 9605000, 9630243, 25243
9211, 9605500, 9634415, 28915
9221, 9610500, 9635638, 25138
9222, 9611000, 9636243, 25243
9223, 9611500, 9640415, 28915
9232, 9616000, 9641034, 25034
9233, 9616500, 9641638, 25138
9234, 9617000, 9642243, 25243
9235, 9617500, 9646415, 28915
9244, 9622000, 9647034, 25034
9245, 9622500, 9647638, 25138
9246, 9623000, 9648243, 25243
9247, 9623500, 9652415, 28915
9256, 9628000, 9653034, 25034
9257, 9628500, 9653638, 25138
9258, 9629000, 9654243, 25243
9259, 9629500, 9658415, 28915
9268, 9634000, 9659034, 25034
9269, 9634500, 9659638, 25138
9270, 9635000, 9660243, 25243
9271, 9635500, 9664415, 28915
9281, 9640500, 9665638, 25138
9282, 9641000, 9666243, 25243
9283, 9641500, 9670415, 28915
9292, 9646000, 9671034, 25034
9293, 9646500, 9671638, 25138
9294, 9647000, 9672243, 25243
9295, 9647500, 9676415, 28915
9304, 9652000, 9677034, 25034
9305, 9652500, 9677638, 25138
9306, 9653000, 9678243, 25243
9307, 9653500, 9682415, 28915
9316, 9658000, 9683034, 25034
9317, 9658500, 9683638, 25138
9318, 9659000, 9684243, 25243
9319, 9659500, 9688415, 28915
9328, 9664000, 9689034, 25034
9329, 9664500, 9689638, 25138
9330, 9665000, 9690243, 25243
9331, 9665500, 9694415, 28915
9341, 9670500, 9695638, 25138
9342, 9671000, 9696243, 25243
9343, 9671500, 9700415, 28915
9352, 9676000, 9701034, 25034
9353, 9676500, 9701638, 25138
9354, 9677000, 9702243, 25243
9355, 9677500, 9706415, 28915
9364, 9682000, 9707034, 25034
9365, 9682500, 9707638, 25138
9366, 9683000, 9708243, 25243
9367, 9683500, 9712415, 28915
9376, 9688000, 9713034, 25034
9377, 9688500, 9713638, 25138
9378, 9689000, 9714243, 25243
9379, 9689500, 9718415, 28915
9388, 9694000, 9719034, 25034
9389, 9694500, 9719638, 25138
9390, 9695000, 9720243, 25243
9391, 9695500, 9724415, 28915
9401, 9700500, 9725638, 25138
9402, 9701000, 9726243, 25243
9403, 9701500, 9730415, 28915
9412, 9706000, 9731034, 25034
9413, 9706500, 9731638, 25138
9414, 9707000, 9732243, 25243
9415, 9707500, 9736415, 28915
9424, 9712000, 9737034, 25034
9425, 9712500, 9737638, 25138
9426, 9713000, 9738243, 25243
9427, 9713500, 9742415, 28915
9436, 9718000, 9743034, 25034
9437, 9718500, 9743638, 25138
9438, 9719000, 9744243, 25243
9439, 9719500, 9748415, 28915
9448, 9724000, 9749034, 25034
9449, 9724500, 9749638, 25138
9450, 9725000, 9750243, 25243
9451, 9725500, 9754415, 28915
9461, 9730500, 9755638, 25138
9462, 9731000, 9756243, 25243
9463, 9731500, 9760415, 28915
9472, 9736000, 9761034, 25034
9473, 9736500, 9761638, 25138
9474, 9737000, 9762243, 25243
9475, 9737500, 9766415, 28915
9484, 9742000, 9767034, 25034
9485, 9742500, 9767638, 25138
9486, 9743000, 9768243, 25243
9487, 9743500, 9772415, 28915
9496, 9748000, 9773034, 25034
9497, 9748500, 9773638, 25138
9498, 9749000, 9774243, 25243
9499, 9749500, 9778415, 28915
9508, 9754000, 9779034, 25034
9509, 9754500, 9779638, 25138
9510, 9755000, 9780243, 25243
9511, 9755500, 9784415, 28915
9521, 9760500, 9785638, 25138
9522, 9761000, 9786243, 25243
9523, 9761500, 9790415, 28915
9532, 9766000, 9791034, 25034
9533, 9766500, 9791638, 25138
9534, 9767000, 9792243, 25243
9535, 9767500, 9796415, 28915
9544, 9772000, 9797034, 25034
9545, 9772500, 9797638, 25138
9546, 9773000, 9798243, 25243
9547, 9773500, 9802415, 28915
9556, 9778000, 9803034, 25034
9557, 9778500, 9803638, 25138
9558, 9779000, 9804243, 25243
9559, 9779500, 9808415, 28915
9568, 9784000, 9809034, 25034
9569, 9784500, 9809638, 25138
9570, 9785000, 9810243, 25243
9571, 9785500, 9814415, 28915
9581, 9790500, 9815638, 25138
9582, 9791000, 9816243, 25243
9583, 9791500, 9820415, 28915
9592, 9796000, 9821034, 25034
9593, 9796500, 9821638, 25138
9594, 9797000, 9822243, 25243
9595, 9797500, 9826415, 28915
9604, 9802000, 9827034, 25034
9605, 9802500, 9827638, 25138
9606, 9803000, 9828243, 25243
9607, 9803500, 9832415, 28915
9616, 9808000, 9833034, 25034
9617, 9808500, 9833638, 25138
9618, 9809000, 9834243, 25243
9619, 9809500, 9838415, 28915
9628, 9814000, 9839034, 25034
9629, 9814500, 9839638, 25138
9630, 9815000, 9840243, 25243
9631, 9815500, 9844415, 28915
9641, 9820500, 9845638, 25138
9642, 9821000, 9846243, 25243
9643, 9821500, 9850415, 28915
9652, 9826000, 9851034, 25034
9653, 9826500, 9851638, 25138
9654, 9827000, 9852243, 25243
9655, 9827500, 9856415, 28915
9664, 9832000, 9857034, 25034
9665, 9832500, 9857638, 25138
9666, 9833000, 9858243, 25243
9667, 9833500, 9862415, 28915
9676, 9838000, 9863034, 25034
9677, 9838500, 9863638, 25138
9678, 9839000, 9864243, 25243
9679, 9839500, 9868415, 28915
9688, 9844000, 9869034, 25034
9689, 9844500, 9869638, 25138
9690, 9845000, 9870243, 25243
9691, 9845500, 9874415, 28915
9701, 9850500, 9875638, 25138
9702, 9851000, 9876243, 25243
9703, 9851500, 9880415, 28915
9712, 9856000, 9881034, 25034
9713, 9856500, 9881638, 25138
9714, 9857000, 9882243, 25243
9715, 9857500, 9886415, 28915
9724, 9862000, 9887034, 25034
9725, 9862500, 9887638, 25138
9726, 9863000, 9888243, 25243
9727, 9863500, 9892415, 28915
9736, 9868000, 9893034, 25034
9737, 9868500, 9893638, 25138
9738, 9869000, 9894243, 25243
9739, 9869500, 9898415, 28915
9748, 9874000, 9899034, 25034
9749, 9874500, 9899638, 25138
9750, 9875000, 9900243, 25243
9751, 9875500, 9904415, 28915
9761, 9880500, 9905638, 25138
9762, 9881000, 9906243, 25243
9763, 9881500, 9910415, 28915
9772, 9886000, 9911034, 25034
9773, 9886500, 9911638, 25138
9774, 9887000, 9912243, 25243
9775, 9887500, 9916415, 28915
9784, 9892000, 9917034, 25034
9785, 9892500, 9917638, 25138
9786, 9893000, 9918243, 25243
9787, 9893500, 9922415, 28915
9796, 9898000, 9923034, 25034
9797, 9898500, 9923638, 25138
9798, 9899000, 9924243, 25243
9799, 9899500, 9928415, 28915
9808, 9904000, 9929034, 25034
9809, 9904500, 9929638, 25138
9810, 9905000, 9930243, 25243
9811, 9905500, 9934415, 28915
9821, 9910500, 9935638, 25138
9822, 9911000, 9936243, 25243
9823, 9911500, 9940415, 28915
9832, 9916000, 9941034, 25034
9833, 9916500, 9941638, 25138
9834, 9917000, 9942243, 25243
9835, 9917500, 9946415, 28915
9844, 9922000, 9947034, 25034
9845, 9922500, 9947638, 25138
9846, 9923000, 9948243, 25243
9847, 9923500, 9952415, 28915
9856, 9928000, 9953034, 25034
9857, 9928500, 9953638, 25138
9858, 9929000, 9954243, 25243
9859, 9929500, 9958415, 28915
9868, 9934000, 9959034, 25034
9869, 9934500, 9959638, 25138
9870, 9935000, 9960243, 25243
9871, 9935500, 9964415, 28915
9881, 9940500, 9965638, 25138
9882, 9941000, 9966243, 25243
9883, 9941500, 9970415, 28915
9892, 9946000, 9971034, 25034
9893, 9946500, 9971638, 25138
9894, 9947000, 9972243, 25243
9895, 9947500, 9976415, 28915
9904, 9952000, 9977034, 25034
9905, 9952500, 9977638, 25138
9906, 9953000, 9978243, 25243
9907, 9953500, 9982415, 28915
9916, 9958000, 9983034, 25034
9917, 9958500, 9983638, 25138
9918, 9959000, 9984243, 25243
9919, 9959500, 9988415, 28915
9928, 9964000, 9989034, 25034
9929, 9964500, 9989638, 25138
9930, 9965000, 9990243, 25243
9931, 9965500, 9994415, 28915
9941, 9970500, 9995638, 25138
9942, 9971000, 9996243, 25243
9943, 9971500, 10000488, 28988
9952, 9976000, 10001107, 25107
9953, 9976500, 10001711, 25211
9954, 9977000, 10002316, 25316
9955, 9977500, 10006415, 28915
9964, 9982000, 10007034, 25034
9965, 9982500, 10007638, 25138
9966, 9983000, 10008243, 25243
9967, 9983500, 10012415, 28915
9976, 9988000, 10013034, 25034
9977, 9988500, 10013638, 25138
9978, 9989000, 10014243, 25243
9979, 9989500, 10018415, 28915
9988, 9994000, 10019034, 25034
9989, 9994500, 10019638, 25138
9990, 9995000, 10020243, 25243
9991, 9995500, 10024415, 28915
